2  1113.98  -7.59  119.21  
   -0.03  -0.07  -1.00  
   -0.58  -0.81  0.08  
   -0.81  0.58  -0.02  

3  1068.88  5.36  2.23  
   -0.17  0.00  -0.98  
   -0.01  -1.00  0.00  
   -0.98  0.01  0.17  

2  1113.98  2.23  119.21  
   0.03  0.11  -0.99  
   -0.37  -0.92  -0.11  
   -0.93  0.37  0.02  

3  1067.99  5.80  2.68  
   -0.18  0.01  -0.98  
   -0.02  -1.00  -0.00  
   -0.98  0.02  0.18  

2  1108.17  -9.82  110.73  
   -0.36  -0.02  -0.93  
   -0.37  -0.91  0.16  
   -0.86  0.41  0.32  

3  1067.99  5.80  3.57  
   -0.18  0.01  -0.98  
   -0.02  -1.00  -0.00  
   -0.98  0.02  0.18  

2  1108.62  -16.52  121.89  
   -0.25  -0.19  -0.95  
   -0.61  -0.73  0.31  
   -0.75  0.66  0.06  

3  1067.10  5.80  4.02  
   -0.18  0.00  -0.98  
   -0.02  -1.00  -0.00  
   -0.98  0.02  0.18  

2  1112.64  -1.34  124.12  
   0.04  -0.00  -1.00  
   -0.39  -0.92  -0.01  
   -0.92  0.39  -0.04  

3  1067.99  5.36  3.57  
   -0.18  0.00  -0.98  
   -0.02  -1.00  -0.00  
   -0.98  0.02  0.18  

2  1067.99  10.27  -82.15  
   -0.50  0.05  -0.87  
   -0.17  -0.98  0.04  
   -0.85  0.17  0.50  

3  1067.54  6.70  1.79  
   -0.21  0.00  -0.98  
   -0.00  -1.00  -0.00  
   -0.98  -0.00  0.21  

2  1070.67  15.63  -75.90  
   -0.36  0.03  -0.93  
   0.09  -0.99  -0.06  
   -0.93  -0.11  0.35  

3  1067.10  7.14  1.79  
   -0.21  0.00  -0.98  
   -0.00  -1.00  -0.00  
   -0.98  -0.00  0.21  

2  1063.08  8.93  -85.28  
   -0.62  0.02  -0.78  
   -0.16  -0.98  0.11  
   -0.77  0.20  0.61  

3  1066.20  7.59  2.68  
   -0.21  0.00  -0.98  
   0.00  -1.00  -0.00  
   -0.98  -0.00  0.21  

2  1062.19  -9.38  -78.13  
   -0.62  -0.11  -0.78  
   -0.43  -0.78  0.46  
   -0.65  0.62  0.43  

3  1066.20  7.59  2.68  
   -0.21  0.00  -0.98  
   0.00  -1.00  -0.01  
   -0.98  -0.00  0.21  

2  1072.46  8.93  -70.99  
   -0.26  -0.07  -0.96  
   0.07  -1.00  0.05  
   -0.96  -0.05  0.26  

3  1067.10  7.14  2.23  
   -0.21  0.01  -0.98  
   0.00  -1.00  -0.01  
   -0.98  -0.00  0.21  

2  892.97  -29.91  -156.72  
   0.29  0.65  0.70  
   -0.92  -0.01  0.40  
   0.26  -0.76  0.59  

3  1072.01  4.46  6.70  
   -0.17  -0.01  -0.99  
   -0.00  -1.00  0.01  
   -0.99  0.01  0.17  

2  884.93  -15.63  -152.25  
   0.01  0.53  0.85  
   -0.99  -0.10  0.07  
   0.12  -0.84  0.53  

3  1071.56  4.46  7.14  
   -0.17  -0.01  -0.99  
   -0.00  -1.00  0.01  
   -0.99  0.00  0.17  

2  901.01  -28.57  -157.16  
   0.33  0.82  0.47  
   -0.87  0.06  0.49  
   0.37  -0.57  0.73  

3  1072.01  4.91  6.25  
   -0.17  -0.01  -0.99  
   -0.00  -1.00  0.01  
   -0.99  0.00  0.17  

2  889.84  -11.16  -157.61  
   -0.06  0.70  0.71  
   -0.99  -0.12  0.03  
   0.11  -0.70  0.70  

3  1072.01  4.46  6.25  
   -0.17  -0.01  -0.99  
   -0.00  -1.00  0.01  
   -0.99  0.00  0.17  

2  884.93  -12.95  -151.80  
   -0.02  0.57  0.82  
   -0.99  -0.14  0.07  
   0.16  -0.81  0.56  

3  1072.46  4.91  7.14  
   -0.17  -0.01  -0.99  
   -0.00  -1.00  0.01  
   -0.99  0.00  0.17  

2  942.53  -27.24  54.47  
   -0.06  0.18  0.98  
   -0.83  -0.55  0.05  
   0.55  -0.81  0.18  

3  1185.86  1.79  0.00  
   0.00  0.01  -1.00  
   0.00  -1.00  -0.01  
   -1.00  -0.00  -0.00  

2  942.98  -17.86  56.70  
   -0.24  0.05  0.97  
   -0.72  -0.68  -0.15  
   0.65  -0.73  0.20  

3  1185.42  1.79  -0.45  
   0.00  0.01  -1.00  
   0.00  -1.00  -0.01  
   -1.00  -0.00  -0.01  

2  943.42  -31.25  54.92  
   -0.01  0.18  0.98  
   -0.76  -0.64  0.11  
   0.65  -0.74  0.15  

3  1184.97  2.23  0.00  
   0.00  0.01  -1.00  
   0.00  -1.00  -0.01  
   -1.00  -0.01  -0.00  

2  948.33  -34.83  44.65  
   -0.00  0.50  0.87  
   -0.85  -0.46  0.26  
   0.52  -0.74  0.43  

3  1184.52  2.68  0.45  
   0.00  0.01  -1.00  
   0.01  -1.00  -0.01  
   -1.00  -0.01  -0.00  

2  947.44  -17.41  35.72  
   -0.38  0.42  0.83  
   -0.83  -0.56  -0.10  
   0.42  -0.72  0.55  

3  1184.08  3.57  0.89  
   0.00  0.01  -1.00  
   0.01  -1.00  -0.01  
   -1.00  -0.01  -0.00  

2  1060.85  7.14  -99.12  
   -0.63  0.11  -0.77  
   -0.57  -0.74  0.37  
   -0.52  0.67  0.53  

3  1072.90  3.13  -0.45  
   -0.18  -0.01  -0.98  
   0.01  -1.00  0.01  
   -0.98  -0.01  0.18  

2  1068.88  18.75  -95.55  
   -0.41  0.09  -0.91  
   -0.42  -0.90  0.10  
   -0.81  0.43  0.40  

3  1072.90  2.68  0.00  
   -0.18  -0.01  -0.98  
   0.00  -1.00  0.01  
   -0.98  -0.00  0.18  

2  1059.51  16.52  -104.48  
   -0.62  0.20  -0.76  
   -0.53  -0.82  0.23  
   -0.57  0.54  0.61  

3  1072.01  2.68  0.00  
   -0.18  -0.01  -0.98  
   0.01  -1.00  0.01  
   -0.98  -0.00  0.18  

2  1057.72  6.25  -98.23  
   -0.67  0.10  -0.74  
   -0.60  -0.66  0.45  
   -0.44  0.74  0.50  

3  1071.12  2.23  0.45  
   -0.18  -0.01  -0.98  
   0.00  -1.00  0.01  
   -0.98  -0.00  0.18  

2  1068.88  10.72  -88.40  
   -0.31  -0.14  -0.94  
   -0.51  -0.81  0.29  
   -0.80  0.57  0.18  

3  1071.56  1.34  0.45  
   -0.18  -0.01  -0.98  
   0.00  -1.00  0.01  
   -0.98  0.00  0.18  

2  1033.16  143.77  -75.46  
   -0.42  -0.20  -0.89  
   0.11  -0.98  0.18  
   -0.90  -0.02  0.43  

4  951.01  188.86  -91.08  
   0.83  0.45  0.33  
   -0.32  0.87  -0.38  
   -0.45  0.21  0.87  

2  1031.83  151.80  -74.56  
   -0.42  -0.14  -0.89  
   0.26  -0.97  0.03  
   -0.87  -0.22  0.45  

4  950.12  188.86  -90.64  
   0.83  0.44  0.34  
   -0.31  0.87  -0.38  
   -0.46  0.21  0.86  

2  1022.00  139.30  -83.49  
   -0.67  -0.29  -0.68  
   0.09  -0.94  0.32  
   -0.73  0.16  0.66  

4  949.23  189.31  -90.19  
   0.83  0.43  0.34  
   -0.30  0.87  -0.38  
   -0.47  0.22  0.86  

2  1031.38  133.05  -69.65  
   -0.35  -0.37  -0.86  
   -0.07  -0.90  0.42  
   -0.93  0.21  0.29  

4  950.57  188.42  -91.53  
   0.83  0.44  0.33  
   -0.31  0.87  -0.38  
   -0.46  0.21  0.86  

2  1038.08  150.91  -66.53  
   -0.21  -0.11  -0.97  
   0.26  -0.96  0.06  
   -0.94  -0.24  0.23  

4  951.46  187.97  -91.98  
   0.83  0.45  0.33  
   -0.32  0.87  -0.38  
   -0.45  0.21  0.87  

2  996.55  182.17  -114.30  
   -0.81  -0.21  -0.55  
   0.22  -0.98  0.05  
   -0.55  -0.08  0.83  

4  946.10  186.18  -90.64  
   0.81  0.48  0.34  
   -0.34  0.86  -0.38  
   -0.48  0.19  0.86  

2  1010.84  192.88  -100.46  
   -0.56  -0.09  -0.82  
   0.37  -0.92  -0.15  
   -0.74  -0.39  0.55  

4  948.33  186.63  -90.64  
   0.82  0.48  0.33  
   -0.35  0.86  -0.38  
   -0.46  0.19  0.87  

2  995.21  190.20  -113.41  
   -0.84  -0.24  -0.49  
   0.30  -0.95  -0.05  
   -0.45  -0.19  0.87  

4  946.55  187.97  -89.74  
   0.82  0.46  0.34  
   -0.33  0.87  -0.37  
   -0.47  0.19  0.86  

2  998.34  166.09  -113.41  
   -0.75  -0.41  -0.52  
   0.19  -0.89  0.42  
   -0.63  0.22  0.75  

4  947.44  185.74  -91.08  
   0.82  0.46  0.34  
   -0.34  0.86  -0.37  
   -0.47  0.19  0.86  

2  1013.07  181.27  -103.14  
   -0.42  -0.34  -0.84  
   0.38  -0.91  0.17  
   -0.82  -0.24  0.51  

4  947.89  186.63  -90.64  
   0.82  0.46  0.35  
   -0.33  0.87  -0.37  
   -0.47  0.19  0.86  

2  933.15  227.26  -87.96  
   -0.71  0.27  0.65  
   -0.70  -0.29  -0.65  
   0.01  -0.92  0.40  

4  965.30  178.15  -98.67  
   0.82  0.49  0.30  
   -0.36  0.85  -0.38  
   -0.44  0.20  0.87  

2  932.26  227.71  -83.49  
   -0.74  0.14  0.66  
   -0.65  -0.41  -0.64  
   0.18  -0.90  0.39  

4  966.19  179.93  -97.78  
   0.82  0.49  0.30  
   -0.36  0.85  -0.39  
   -0.44  0.21  0.87  

2  936.72  219.67  -95.55  
   -0.77  0.29  0.57  
   -0.61  -0.62  -0.49  
   0.21  -0.73  0.65  

4  966.19  178.59  -97.78  
   0.82  0.48  0.30  
   -0.35  0.85  -0.39  
   -0.45  0.21  0.87  

2  951.46  233.96  -93.32  
   -0.96  0.23  0.14  
   -0.25  -0.60  -0.76  
   -0.09  -0.76  0.64  

4  965.30  179.93  -97.33  
   0.83  0.47  0.30  
   -0.34  0.86  -0.39  
   -0.44  0.22  0.87  

2  930.03  227.26  -81.26  
   -0.74  0.02  0.67  
   -0.58  -0.53  -0.62  
   0.35  -0.85  0.40  

4  963.51  180.38  -96.89  
   0.82  0.47  0.31  
   -0.34  0.85  -0.39  
   -0.45  0.21  0.87  

2  864.84  109.84  -97.78  
   -0.38  0.45  0.81  
   -0.92  -0.22  -0.31  
   0.04  -0.87  0.50  

4  970.21  185.74  -95.10  
   0.84  0.46  0.30  
   -0.34  0.86  -0.38  
   -0.43  0.22  0.88  

2  862.16  110.28  -91.08  
   -0.44  0.33  0.84  
   -0.89  -0.32  -0.34  
   0.16  -0.89  0.43  

4  969.76  186.18  -95.10  
   0.83  0.46  0.30  
   -0.34  0.86  -0.38  
   -0.43  0.22  0.87  

2  870.64  93.76  -106.71  
   -0.13  0.69  0.71  
   -0.97  -0.24  0.06  
   0.21  -0.68  0.70  

4  969.76  185.29  -95.10  
   0.83  0.46  0.30  
   -0.34  0.86  -0.38  
   -0.43  0.21  0.88  

2  880.02  112.51  -110.28  
   -0.47  0.76  0.44  
   -0.88  -0.35  -0.32  
   -0.09  -0.54  0.84  

4  970.21  185.29  -95.10  
   0.83  0.46  0.30  
   -0.34  0.86  -0.38  
   -0.43  0.21  0.88  

2  863.95  115.19  -94.21  
   -0.50  0.35  0.79  
   -0.85  -0.35  -0.39  
   0.15  -0.87  0.47  

4  969.76  186.18  -94.65  
   0.83  0.46  0.30  
   -0.34  0.86  -0.38  
   -0.44  0.21  0.87  

2  842.07  116.53  55.81  
   -0.14  -0.40  0.90  
   -0.76  -0.54  -0.36  
   0.63  -0.74  -0.23  

4  992.53  171.45  -110.28  
   0.83  0.51  0.24  
   -0.41  0.84  -0.35  
   -0.38  0.19  0.90  

2  843.86  121.89  56.70  
   -0.18  -0.49  0.85  
   -0.72  -0.53  -0.45  
   0.67  -0.69  -0.26  

4  992.09  171.90  -110.28  
   0.83  0.51  0.24  
   -0.41  0.84  -0.35  
   -0.38  0.19  0.90  

2  841.18  104.03  49.11  
   0.04  -0.16  0.99  
   -0.71  -0.70  -0.09  
   0.70  -0.70  -0.14  

4  992.53  171.90  -110.28  
   0.83  0.51  0.24  
   -0.41  0.84  -0.35  
   -0.38  0.19  0.90  

2  844.75  132.61  37.06  
   -0.42  -0.36  0.83  
   -0.55  -0.63  -0.55  
   0.73  -0.68  0.07  

4  992.53  171.45  -110.73  
   0.82  0.51  0.24  
   -0.42  0.84  -0.35  
   -0.38  0.19  0.90  

2  845.64  124.57  57.15  
   -0.16  -0.52  0.84  
   -0.64  -0.60  -0.49  
   0.75  -0.61  -0.24  

4  992.53  171.45  -110.73  
   0.82  0.51  0.24  
   -0.42  0.84  -0.35  
   -0.38  0.19  0.90  

2  1073.35  299.14  214.31  
   -0.92  0.34  -0.21  
   -0.01  -0.56  -0.83  
   -0.40  -0.76  0.51  

5  1012.18  261.19  204.04  
   -0.40  0.74  0.55  
   -0.16  0.53  -0.83  
   -0.90  -0.41  -0.10  

2  1062.19  301.82  220.12  
   -1.00  -0.02  0.08  
   -0.06  -0.50  -0.87  
   0.05  -0.87  0.49  

5  1011.73  261.64  205.83  
   -0.40  0.74  0.54  
   -0.16  0.53  -0.83  
   -0.90  -0.42  -0.09  

2  1076.47  285.30  203.15  
   -0.94  0.22  -0.26  
   -0.06  -0.86  -0.51  
   -0.33  -0.47  0.82  

5  1011.73  261.64  206.28  
   -0.40  0.74  0.54  
   -0.16  0.53  -0.84  
   -0.90  -0.42  -0.09  

2  1071.56  304.95  229.05  
   -0.99  -0.01  -0.12  
   0.12  -0.35  -0.93  
   -0.03  -0.94  0.35  

5  1011.73  261.19  206.72  
   -0.40  0.74  0.54  
   -0.16  0.53  -0.84  
   -0.90  -0.42  -0.09  

2  1067.10  305.40  228.15  
   -0.99  -0.15  -0.00  
   0.06  -0.38  -0.92  
   0.14  -0.91  0.39  

5  1011.73  261.64  206.72  
   -0.40  0.74  0.54  
   -0.16  0.52  -0.84  
   -0.90  -0.42  -0.09  

2  1018.43  220.56  284.41  
   -0.29  0.65  0.70  
   0.89  -0.09  0.45  
   0.36  0.75  -0.55  

5  1029.15  283.96  190.65  
   -0.41  0.80  0.44  
   -0.21  0.39  -0.90  
   -0.89  -0.46  0.01  

2  1022.45  224.14  291.11  
   -0.09  0.77  0.63  
   0.93  -0.16  0.33  
   0.35  0.62  -0.70  

5  1028.70  283.52  191.10  
   -0.42  0.79  0.44  
   -0.21  0.39  -0.90  
   -0.88  -0.47  -0.00  

2  1017.98  210.74  278.16  
   -0.51  0.58  0.64  
   0.78  -0.01  0.63  
   0.37  0.81  -0.44  

5  1028.70  283.07  191.54  
   -0.42  0.79  0.44  
   -0.21  0.39  -0.90  
   -0.88  -0.47  0.00  

2  1022.45  225.47  291.55  
   0.02  0.76  0.65  
   0.93  -0.25  0.27  
   0.37  0.60  -0.71  

5  1028.25  283.52  191.54  
   -0.42  0.80  0.43  
   -0.21  0.38  -0.90  
   -0.88  -0.47  0.00  

2  1022.90  215.21  284.41  
   -0.40  0.72  0.57  
   0.83  0.02  0.55  
   0.39  0.70  -0.60  

5  1029.15  283.07  191.10  
   -0.42  0.79  0.44  
   -0.20  0.38  -0.90  
   -0.88  -0.47  0.00  

2  1296.14  133.05  312.99  
   -0.71  0.46  -0.54  
   -0.69  -0.60  0.40  
   -0.14  0.65  0.74  

6  1270.25  195.11  333.08  
   0.88  -0.11  -0.46  
   -0.31  0.60  -0.74  
   0.36  0.79  0.49  

2  1291.68  130.82  317.00  
   -0.83  0.37  -0.43  
   -0.55  -0.69  0.47  
   -0.12  0.63  0.77  

6  1269.36  196.45  333.97  
   0.88  -0.12  -0.45  
   -0.30  0.59  -0.75  
   0.35  0.80  0.48  

2  1293.91  122.34  324.59  
   -0.81  0.35  -0.47  
   -0.58  -0.42  0.70  
   0.05  0.84  0.54  

6  1269.80  196.01  333.97  
   0.89  -0.12  -0.45  
   -0.30  0.59  -0.75  
   0.35  0.80  0.49  

2  1297.04  138.41  311.65  
   -0.80  0.26  -0.54  
   -0.48  -0.82  0.31  
   -0.36  0.51  0.78  

6  1269.36  195.56  333.52  
   0.89  -0.12  -0.45  
   -0.30  0.58  -0.75  
   0.35  0.80  0.48  

2  1290.34  125.91  320.58  
   -0.89  0.23  -0.39  
   -0.44  -0.63  0.64  
   -0.10  0.74  0.67  

6  1269.80  196.45  333.97  
   0.89  -0.12  -0.44  
   -0.30  0.58  -0.76  
   0.35  0.81  0.48  

2  1299.72  208.95  392.01  
   0.71  -0.12  -0.69  
   -0.69  -0.30  -0.66  
   -0.12  0.95  -0.30  

6  1265.78  197.35  335.31  
   0.89  -0.14  -0.44  
   -0.32  0.51  -0.80  
   0.33  0.85  0.40  

2  1294.36  220.12  383.98  
   0.67  0.46  -0.59  
   -0.44  -0.40  -0.81  
   -0.60  0.80  -0.07  

6  1264.44  198.69  337.10  
   0.89  -0.15  -0.43  
   -0.31  0.50  -0.81  
   0.33  0.85  0.40  

2  1300.61  204.94  393.35  
   0.62  -0.16  -0.77  
   -0.77  -0.35  -0.54  
   -0.18  0.92  -0.34  

6  1264.00  198.24  336.20  
   0.89  -0.14  -0.43  
   -0.31  0.49  -0.81  
   0.33  0.86  0.39  

2  1298.38  204.94  400.50  
   0.66  -0.39  -0.64  
   -0.75  -0.41  -0.52  
   -0.06  0.83  -0.56  

6  1264.44  197.35  335.31  
   0.89  -0.14  -0.43  
   -0.32  0.49  -0.81  
   0.33  0.86  0.39  

2  1296.14  216.54  388.44  
   0.59  0.51  -0.63  
   -0.33  -0.55  -0.76  
   -0.73  0.66  -0.16  

6  1264.44  198.24  336.65  
   0.89  -0.15  -0.44  
   -0.32  0.49  -0.81  
   0.33  0.86  0.38  

2  1067.10  -17.86  -83.49  
   0.35  -0.36  -0.87  
   0.75  0.66  0.04  
   0.56  -0.66  0.50  

3  1067.10  4.46  3.57  
   -0.20  0.01  -0.98  
   -0.01  -1.00  -0.01  
   -0.98  0.01  0.20  

2  1066.65  -7.59  -80.81  
   0.11  -0.46  -0.88  
   0.76  0.61  -0.22  
   0.64  -0.65  0.41  

3  1068.88  4.46  2.68  
   -0.21  0.01  -0.98  
   -0.01  -1.00  -0.00  
   -0.98  0.01  0.21  

2  1067.10  -24.56  -86.17  
   0.41  -0.27  -0.87  
   0.67  0.74  0.09  
   0.62  -0.62  0.48  

3  1069.33  4.46  2.68  
   -0.21  0.01  -0.98  
   -0.01  -1.00  -0.00  
   -0.98  0.01  0.21  

2  1064.87  -27.24  -87.06  
   0.54  -0.24  -0.81  
   0.57  0.81  0.15  
   0.61  -0.54  0.57  

3  1068.44  3.57  3.13  
   -0.20  0.01  -0.98  
   -0.02  -1.00  -0.00  
   -0.98  0.01  0.20  

2  1065.31  -30.36  -88.40  
   0.61  -0.16  -0.78  
   0.49  0.85  0.21  
   0.63  -0.51  0.59  

3  1071.12  3.57  1.34  
   -0.20  0.00  -0.98  
   -0.02  -1.00  0.00  
   -0.98  0.02  0.20  

2  1032.27  -137.52  -46.88  
   0.01  -0.51  -0.86  
   0.88  0.42  -0.24  
   0.48  -0.75  0.45  

7  948.78  -186.63  -65.63  
   0.74  -0.60  0.31  
   0.39  0.76  0.52  
   -0.54  -0.26  0.80  

2  1034.50  -144.21  -41.97  
   0.01  -0.35  -0.93  
   0.85  0.49  -0.17  
   0.52  -0.79  0.31  

7  948.33  -187.08  -66.08  
   0.74  -0.59  0.31  
   0.39  0.76  0.51  
   -0.55  -0.26  0.80  

2  1026.91  -137.52  -52.24  
   0.13  -0.64  -0.76  
   0.81  0.51  -0.29  
   0.57  -0.58  0.58  

7  947.89  -186.18  -66.08  
   0.74  -0.59  0.32  
   0.39  0.77  0.51  
   -0.55  -0.26  0.79  

2  1033.61  -157.61  -50.01  
   0.35  -0.30  -0.89  
   0.89  0.41  0.21  
   0.30  -0.86  0.41  

7  947.89  -186.63  -66.08  
   0.74  -0.59  0.32  
   0.38  0.77  0.52  
   -0.55  -0.26  0.79  

2  1033.16  -142.88  -45.54  
   0.00  -0.36  -0.93  
   0.89  0.43  -0.16  
   0.46  -0.83  0.32  

7  947.89  -186.63  -66.08  
   0.74  -0.59  0.32  
   0.38  0.77  0.52  
   -0.55  -0.26  0.79  

2  1006.38  -186.18  -82.60  
   0.48  -0.65  -0.58  
   0.87  0.46  0.21  
   0.13  -0.61  0.79  

7  943.87  -184.84  -65.63  
   0.73  -0.58  0.36  
   0.36  0.78  0.52  
   -0.58  -0.25  0.78  

2  1010.84  -179.49  -78.13  
   0.29  -0.65  -0.70  
   0.90  0.44  -0.03  
   0.33  -0.62  0.71  

7  944.76  -185.74  -65.63  
   0.73  -0.58  0.35  
   0.36  0.77  0.52  
   -0.57  -0.25  0.78  

2  999.68  -167.43  -84.83  
   0.34  -0.84  -0.41  
   0.86  0.46  -0.22  
   0.37  -0.28  0.88  

7  944.76  -184.84  -66.53  
   0.73  -0.58  0.36  
   0.36  0.77  0.52  
   -0.58  -0.25  0.78  

2  1009.05  -191.99  -84.39  
   0.53  -0.63  -0.57  
   0.85  0.40  0.34  
   0.01  -0.66  0.75  

7  945.21  -184.84  -66.53  
   0.73  -0.59  0.35  
   0.37  0.77  0.52  
   -0.57  -0.25  0.78  

2  1012.18  -188.42  -76.80  
   0.42  -0.61  -0.67  
   0.90  0.36  0.24  
   0.09  -0.71  0.70  

7  946.10  -186.18  -64.74  
   0.74  -0.59  0.33  
   0.38  0.77  0.52  
   -0.56  -0.26  0.79  

2  926.90  -240.21  -27.68  
   -0.13  -0.89  0.44  
   -0.14  0.46  0.88  
   -0.98  0.05  -0.19  

7  952.35  -182.17  -68.76  
   0.74  -0.57  0.34  
   0.36  0.78  0.52  
   -0.57  -0.26  0.78  

2  929.58  -241.10  -38.40  
   0.18  -0.89  0.42  
   -0.02  0.43  0.90  
   -0.98  -0.17  0.06  

7  952.35  -182.61  -68.76  
   0.74  -0.57  0.35  
   0.36  0.78  0.52  
   -0.57  -0.26  0.78  

2  917.08  -228.60  -36.61  
   -0.12  -0.67  0.73  
   0.21  0.70  0.68  
   -0.97  0.23  0.06  

7  952.80  -182.17  -68.31  
   0.74  -0.57  0.35  
   0.34  0.78  0.53  
   -0.57  -0.27  0.77  

2  918.86  -235.74  -27.24  
   -0.18  -0.73  0.66  
   -0.13  0.68  0.72  
   -0.98  0.05  -0.22  

7  951.90  -182.61  -68.31  
   0.74  -0.57  0.35  
   0.34  0.78  0.53  
   -0.57  -0.27  0.77  

2  930.03  -241.10  -39.29  
   0.30  -0.84  0.44  
   -0.07  0.44  0.89  
   -0.95  -0.30  0.07  

7  952.35  -183.51  -67.42  
   0.74  -0.57  0.35  
   0.35  0.78  0.52  
   -0.57  -0.27  0.78  

2  872.43  -89.30  -80.81  
   0.43  -0.00  0.90  
   0.36  0.92  -0.17  
   -0.83  0.40  0.40  

7  968.87  -187.97  -70.54  
   0.73  -0.61  0.30  
   0.41  0.75  0.52  
   -0.54  -0.26  0.80  

2  869.75  -113.41  -75.90  
   0.27  -0.18  0.95  
   -0.30  0.92  0.26  
   -0.92  -0.35  0.19  

7  968.42  -189.31  -69.21  
   0.73  -0.61  0.31  
   0.41  0.75  0.52  
   -0.55  -0.26  0.80  

2  877.79  -101.35  -90.64  
   0.64  -0.07  0.76  
   0.07  1.00  0.03  
   -0.76  0.03  0.64  

7  967.98  -190.20  -68.76  
   0.73  -0.61  0.31  
   0.40  0.75  0.52  
   -0.55  -0.26  0.79  

2  873.77  -83.94  -73.22  
   0.37  0.33  0.87  
   0.08  0.92  -0.39  
   -0.92  0.22  0.32  

7  968.87  -190.20  -68.76  
   0.73  -0.61  0.31  
   0.40  0.75  0.53  
   -0.55  -0.26  0.79  

2  868.41  -109.84  -74.12  
   0.19  -0.04  0.98  
   -0.36  0.93  0.10  
   -0.91  -0.38  0.16  

7  968.87  -189.76  -68.76  
   0.73  -0.61  0.31  
   0.40  0.75  0.52  
   -0.55  -0.26  0.79  

2  833.59  -88.40  66.08  
   -0.24  0.14  0.96  
   0.45  0.89  -0.02  
   -0.86  0.43  -0.28  

7  985.84  -195.11  -73.22  
   0.72  -0.63  0.27  
   0.42  0.72  0.55  
   -0.55  -0.29  0.79  

2  837.16  -108.94  51.35  
   -0.07  -0.41  0.91  
   0.04  0.91  0.42  
   -1.00  0.07  -0.05  

7  985.39  -194.22  -73.67  
   0.72  -0.64  0.28  
   0.42  0.72  0.56  
   -0.56  -0.28  0.78  

2  832.25  -84.39  65.19  
   -0.20  0.21  0.96  
   0.47  0.88  -0.10  
   -0.86  0.43  -0.28  

7  984.05  -194.67  -73.22  
   0.71  -0.64  0.29  
   0.41  0.72  0.56  
   -0.57  -0.28  0.78  

2  834.93  -100.46  78.13  
   -0.58  0.00  0.82  
   0.32  0.92  0.22  
   -0.75  0.39  -0.53  

7  983.16  -193.77  -74.56  
   0.70  -0.65  0.30  
   0.42  0.71  0.56  
   -0.57  -0.27  0.77  

2  832.25  -86.62  61.61  
   -0.12  0.09  0.99  
   0.37  0.93  -0.04  
   -0.92  0.37  -0.14  

7  983.16  -193.77  -74.12  
   0.70  -0.65  0.30  
   0.42  0.71  0.56  
   -0.58  -0.27  0.77  

2  1065.31  -293.34  279.05  
   -0.81  -0.56  0.14  
   0.12  0.07  0.99  
   -0.57  0.82  0.01  

8  1018.88  -243.33  255.39  
   -0.53  -0.45  0.72  
   0.22  0.74  0.63  
   -0.82  0.49  -0.29  

2  1074.69  -292.45  269.23  
   -0.69  -0.72  -0.05  
   0.15  -0.21  0.96  
   -0.70  0.66  0.26  

8  1019.77  -243.33  254.94  
   -0.53  -0.46  0.71  
   0.22  0.74  0.64  
   -0.82  0.50  -0.29  

2  1049.68  -285.30  287.98  
   -0.79  -0.31  0.52  
   0.46  0.25  0.85  
   -0.40  0.92  -0.05  

8  1019.32  -243.78  255.39  
   -0.53  -0.46  0.72  
   0.23  0.74  0.64  
   -0.82  0.50  -0.28  

2  1051.02  -281.73  302.27  
   -0.86  -0.03  0.50  
   0.42  0.51  0.75  
   -0.28  0.86  -0.43  

8  1018.88  -243.33  256.73  
   -0.53  -0.45  0.72  
   0.22  0.74  0.63  
   -0.82  0.49  -0.29  

2  1070.22  -293.34  277.27  
   -0.74  -0.67  0.06  
   0.05  0.03  1.00  
   -0.67  0.74  0.01  

8  1019.32  -243.33  255.84  
   -0.52  -0.45  0.72  
   0.22  0.74  0.63  
   -0.82  0.49  -0.29  

2  1048.79  -201.36  305.84  
   0.49  0.65  0.58  
   0.70  0.10  -0.71  
   -0.52  0.76  -0.40  

8  1032.72  -278.61  233.51  
   -0.46  -0.55  0.70  
   0.30  0.65  0.70  
   -0.84  0.53  -0.14  

2  1064.87  -194.22  304.95  
   0.71  0.66  0.26  
   0.47  -0.16  -0.87  
   -0.53  0.74  -0.42  

8  1032.27  -277.27  233.06  
   -0.44  -0.53  0.73  
   0.30  0.68  0.67  
   -0.85  0.51  -0.13  

2  1047.90  -205.38  309.41  
   0.17  0.74  0.65  
   0.76  0.32  -0.56  
   -0.62  0.59  -0.51  

8  1034.50  -279.95  235.74  
   -0.48  -0.53  0.70  
   0.32  0.64  0.70  
   -0.82  0.56  -0.14  

2  1070.67  -194.67  306.73  
   0.68  0.71  0.19  
   0.51  -0.27  -0.81  
   -0.52  0.65  -0.55  

8  1034.50  -277.27  229.94  
   -0.43  -0.52  0.73  
   0.30  0.68  0.67  
   -0.85  0.51  -0.14  

2  1058.61  -196.45  300.04  
   0.56  0.68  0.47  
   0.59  0.08  -0.80  
   -0.58  0.73  -0.36  

8  1034.50  -278.61  232.17  
   -0.45  -0.52  0.72  
   0.31  0.66  0.68  
   -0.84  0.53  -0.13  

2  1313.56  -141.98  324.15  
   0.76  -0.57  -0.31  
   0.22  0.68  -0.70  
   0.61  0.47  0.64  

9  1284.98  -213.87  327.27  
   0.95  -0.11  -0.30  
   0.23  0.88  0.42  
   0.22  -0.47  0.86  

2  1317.13  -146.89  320.58  
   0.70  -0.58  -0.41  
   0.32  0.77  -0.56  
   0.64  0.26  0.72  

9  1285.43  -214.31  327.27  
   0.95  -0.11  -0.30  
   0.23  0.87  0.43  
   0.21  -0.48  0.85  

2  1305.07  -133.95  344.69  
   0.58  -0.81  -0.09  
   0.14  0.21  -0.97  
   0.80  0.55  0.23  

9  1285.43  -214.76  326.83  
   0.95  -0.11  -0.30  
   0.23  0.87  0.43  
   0.22  -0.48  0.85  

2  1309.99  -146.45  313.88  
   0.87  -0.47  -0.14  
   0.28  0.72  -0.64  
   0.40  0.52  0.76  

9  1285.43  -214.31  327.72  
   0.95  -0.11  -0.30  
   0.24  0.87  0.43  
   0.22  -0.48  0.85  

2  1317.13  -156.27  311.20  
   0.84  -0.41  -0.36  
   0.25  0.88  -0.41  
   0.48  0.25  0.84  

9  1286.32  -214.76  327.72  
   0.95  -0.10  -0.30  
   0.23  0.87  0.44  
   0.22  -0.49  0.85  

2  1303.73  -250.48  333.08  
   0.77  -0.63  -0.09  
   0.28  0.21  0.94  
   -0.57  -0.75  0.34  

9  1281.86  -207.62  324.59  
   0.94  -0.13  -0.30  
   0.25  0.87  0.42  
   0.21  -0.47  0.86  

2  1310.43  -246.91  336.20  
   0.86  -0.47  -0.21  
   0.33  0.20  0.92  
   -0.39  -0.86  0.33  

9  1282.30  -208.51  325.04  
   0.95  -0.12  -0.30  
   0.25  0.87  0.43  
   0.21  -0.48  0.85  

2  1306.86  -246.01  330.84  
   0.86  -0.49  -0.16  
   0.37  0.37  0.85  
   -0.36  -0.79  0.50  

9  1282.30  -208.95  325.04  
   0.95  -0.12  -0.30  
   0.25  0.87  0.44  
   0.21  -0.49  0.85  

2  1301.06  -254.05  343.79  
   0.93  -0.36  0.00  
   0.06  0.18  0.98  
   -0.35  -0.92  0.19  

9  1282.30  -210.29  325.49  
   0.95  -0.11  -0.30  
   0.24  0.86  0.45  
   0.21  -0.50  0.84  

2  1308.20  -251.37  341.56  
   0.95  -0.25  -0.17  
   0.23  0.23  0.95  
   -0.19  -0.94  0.28  

9  1282.75  -209.40  326.38  
   0.95  -0.11  -0.30  
   0.24  0.86  0.45  
   0.21  -0.50  0.84  

