2  856.36  -38.40  578.20  
   0.56  -0.83  -0.01  
   0.83  0.56  0.00  
   0.01  -0.01  1.00  

3  1242.57  -20.98  16.52  
   -0.36  -0.01  -0.93  
   0.02  -1.00  0.01  
   -0.93  -0.01  0.36  

4  1176.93  138.86  -74.56  
   0.83  -0.41  0.37  
   0.52  0.82  -0.25  
   -0.20  0.40  0.89  

5  1377.85  250.92  12.50  
   -0.98  0.15  0.16  
   -0.14  0.14  -0.98  
   -0.17  -0.98  -0.12  

6  1480.99  36.17  -24.11  
   0.16  0.92  -0.35  
   -0.99  0.13  -0.09  
   -0.04  0.36  0.93  

7  1162.65  -161.63  -93.32  
   0.81  0.40  0.43  
   -0.49  0.86  0.13  
   -0.32  -0.32  0.89  

8  1323.83  -288.43  -18.31  
   -0.94  -0.23  0.25  
   0.27  -0.06  0.96  
   -0.21  0.97  0.11  

9  1414.46  -75.90  -56.26  
   -0.09  -0.99  -0.11  
   0.99  -0.09  0.04  
   -0.05  -0.11  0.99  

2  855.91  -38.40  577.75  
   0.56  -0.83  -0.01  
   0.83  0.56  0.00  
   0.01  -0.01  1.00  

4  1176.93  138.41  -74.56  
   0.83  -0.41  0.37  
   0.52  0.82  -0.25  
   -0.20  0.40  0.89  

5  1378.30  251.82  12.95  
   -0.97  0.15  0.16  
   -0.14  0.14  -0.98  
   -0.17  -0.98  -0.12  

3  1243.01  -21.43  16.52  
   -0.36  -0.01  -0.93  
   0.02  -1.00  0.01  
   -0.93  -0.01  0.36  

6  1480.99  36.61  -22.32  
   0.16  0.92  -0.35  
   -0.99  0.13  -0.09  
   -0.04  0.36  0.93  

8  1323.83  -288.43  -17.86  
   -0.94  -0.23  0.25  
   0.27  -0.05  0.96  
   -0.21  0.97  0.11  

9  1414.46  -75.46  -56.70  
   -0.09  -0.99  -0.11  
   0.99  -0.09  0.05  
   -0.06  -0.11  0.99  

7  1162.65  -161.63  -93.32  
   0.81  0.40  0.44  
   -0.49  0.86  0.13  
   -0.32  -0.32  0.89  

2  855.91  -38.84  577.75  
   0.56  -0.83  -0.01  
   0.83  0.56  0.00  
   0.01  -0.01  1.00  

3  1243.01  -21.43  16.52  
   -0.36  -0.01  -0.93  
   0.02  -1.00  0.01  
   -0.93  -0.01  0.36  

4  1176.93  138.41  -75.01  
   0.83  -0.41  0.37  
   0.52  0.82  -0.25  
   -0.20  0.40  0.89  

5  1378.30  251.82  12.95  
   -0.97  0.15  0.16  
   -0.14  0.14  -0.98  
   -0.17  -0.98  -0.12  

6  1480.54  36.17  -22.32  
   0.16  0.92  -0.35  
   -0.99  0.13  -0.09  
   -0.04  0.36  0.93  

8  1324.27  -288.88  -17.86  
   -0.94  -0.23  0.26  
   0.27  -0.05  0.96  
   -0.21  0.97  0.11  

7  1163.09  -161.63  -93.32  
   0.81  0.40  0.44  
   -0.49  0.86  0.13  
   -0.32  -0.32  0.89  

9  1414.46  -75.46  -56.70  
   -0.09  -0.99  -0.11  
   0.99  -0.09  0.05  
   -0.06  -0.11  0.99  

4  1176.93  138.41  -74.56  
   0.83  -0.41  0.37  
   0.52  0.82  -0.25  
   -0.20  0.40  0.89  

2  855.91  -38.84  577.75  
   0.56  -0.83  -0.01  
   0.83  0.56  0.00  
   0.01  -0.01  1.00  

3  1243.01  -21.88  16.07  
   -0.36  -0.01  -0.93  
   0.02  -1.00  0.01  
   -0.93  -0.01  0.36  

5  1378.74  251.82  13.39  
   -0.97  0.15  0.17  
   -0.14  0.14  -0.98  
   -0.17  -0.98  -0.12  

8  1324.27  -289.32  -17.86  
   -0.94  -0.23  0.26  
   0.27  -0.05  0.96  
   -0.21  0.97  0.11  

7  1163.09  -161.63  -93.32  
   0.81  0.40  0.44  
   -0.49  0.86  0.13  
   -0.32  -0.32  0.89  

6  1480.99  36.17  -21.43  
   0.16  0.92  -0.35  
   -0.99  0.13  -0.09  
   -0.04  0.36  0.93  

9  1414.91  -75.46  -56.26  
   -0.09  -0.99  -0.11  
   0.99  -0.09  0.05  
   -0.06  -0.11  0.99  

4  1176.93  137.96  -74.56  
   0.83  -0.41  0.37  
   0.52  0.82  -0.25  
   -0.20  0.40  0.89  

2  855.91  -38.84  577.75  
   0.56  -0.83  -0.01  
   0.83  0.56  0.00  
   0.01  -0.01  1.00  

3  1243.01  -21.88  16.52  
   -0.36  -0.02  -0.93  
   0.02  -1.00  0.01  
   -0.93  -0.01  0.36  

5  1378.30  251.37  13.39  
   -0.97  0.15  0.17  
   -0.14  0.14  -0.98  
   -0.17  -0.98  -0.12  

6  1480.99  36.17  -21.88  
   0.16  0.92  -0.35  
   -0.99  0.13  -0.09  
   -0.04  0.36  0.93  

7  1163.09  -161.63  -93.32  
   0.81  0.40  0.44  
   -0.49  0.86  0.13  
   -0.32  -0.32  0.89  

8  1324.27  -289.32  -17.86  
   -0.94  -0.23  0.26  
   0.27  -0.05  0.96  
   -0.21  0.97  0.11  

9  1414.91  -75.46  -55.81  
   -0.09  -0.99  -0.11  
   0.99  -0.09  0.05  
   -0.06  -0.11  0.99  

2  855.91  -38.84  577.75  
   0.56  -0.83  -0.01  
   0.83  0.56  0.00  
   0.01  -0.01  1.00  

5  1377.85  251.82  13.39  
   -0.97  0.15  0.17  
   -0.15  0.14  -0.98  
   -0.17  -0.98  -0.12  

3  1243.01  -21.88  16.52  
   -0.36  -0.02  -0.93  
   0.02  -1.00  0.01  
   -0.93  -0.01  0.36  

4  1176.93  138.41  -74.56  
   0.83  -0.41  0.37  
   0.52  0.82  -0.25  
   -0.20  0.40  0.89  

6  1480.99  36.61  -21.43  
   0.16  0.92  -0.35  
   -0.99  0.13  -0.09  
   -0.04  0.36  0.93  

7  1163.09  -161.63  -93.32  
   0.81  0.40  0.43  
   -0.49  0.86  0.13  
   -0.32  -0.32  0.89  

9  1414.91  -75.46  -56.26  
   -0.09  -0.99  -0.11  
   0.99  -0.09  0.05  
   -0.06  -0.11  0.99  

8  1323.83  -289.32  -17.41  
   -0.94  -0.23  0.26  
   0.27  -0.05  0.96  
   -0.21  0.97  0.11  

2  855.91  -38.84  577.75  
   0.56  -0.83  -0.01  
   0.83  0.56  0.00  
   0.01  -0.01  1.00  

4  1176.93  137.96  -74.56  
   0.83  -0.41  0.37  
   0.52  0.82  -0.25  
   -0.20  0.40  0.90  

3  1243.01  -21.88  16.07  
   -0.36  -0.02  -0.93  
   0.02  -1.00  0.01  
   -0.93  -0.01  0.36  

5  1378.30  251.82  14.29  
   -0.97  0.15  0.17  
   -0.15  0.14  -0.98  
   -0.17  -0.98  -0.12  

6  1480.54  36.17  -21.88  
   0.16  0.92  -0.35  
   -0.99  0.13  -0.09  
   -0.04  0.36  0.93  

9  1415.36  -76.35  -56.26  
   -0.08  -0.99  -0.11  
   0.99  -0.09  0.05  
   -0.06  -0.11  0.99  

8  1323.83  -289.32  -17.86  
   -0.94  -0.23  0.26  
   0.27  -0.05  0.96  
   -0.21  0.97  0.11  

7  1163.09  -161.18  -92.87  
   0.81  0.40  0.43  
   -0.49  0.86  0.13  
   -0.32  -0.32  0.89  

2  855.91  -38.40  578.20  
   0.56  -0.83  -0.01  
   0.83  0.56  0.00  
   0.01  -0.01  1.00  

3  1243.01  -21.88  16.52  
   -0.36  -0.02  -0.93  
   0.02  -1.00  0.01  
   -0.93  -0.01  0.36  

4  1176.93  137.96  -74.56  
   0.83  -0.41  0.37  
   0.52  0.82  -0.25  
   -0.20  0.40  0.90  

5  1377.40  252.71  14.29  
   -0.97  0.15  0.17  
   -0.15  0.14  -0.98  
   -0.17  -0.98  -0.12  

7  1162.65  -161.63  -92.42  
   0.81  0.40  0.43  
   -0.49  0.86  0.13  
   -0.32  -0.32  0.89  

9  1414.91  -75.90  -56.26  
   -0.08  -0.99  -0.11  
   0.99  -0.09  0.05  
   -0.06  -0.10  0.99  

8  1323.83  -289.32  -17.41  
   -0.94  -0.23  0.26  
   0.27  -0.05  0.96  
   -0.21  0.97  0.11  

6  1480.54  36.61  -21.88  
   0.16  0.92  -0.35  
   -0.99  0.13  -0.09  
   -0.04  0.36  0.93  

2  855.91  -38.40  577.75  
   0.56  -0.83  -0.01  
   0.83  0.56  0.00  
   0.01  -0.01  1.00  

3  1243.01  -21.88  16.97  
   -0.36  -0.02  -0.93  
   0.02  -1.00  0.01  
   -0.93  -0.01  0.36  

4  1176.49  137.96  -74.56  
   0.83  -0.41  0.37  
   0.52  0.82  -0.25  
   -0.20  0.40  0.90  

5  1377.40  252.71  14.73  
   -0.97  0.15  0.17  
   -0.15  0.14  -0.98  
   -0.18  -0.98  -0.12  

7  1162.65  -161.63  -92.87  
   0.81  0.40  0.43  
   -0.49  0.86  0.13  
   -0.32  -0.32  0.89  

8  1323.38  -288.88  -16.97  
   -0.94  -0.23  0.26  
   0.27  -0.04  0.96  
   -0.21  0.97  0.10  

6  1480.10  36.61  -20.98  
   0.16  0.92  -0.35  
   -0.99  0.13  -0.09  
   -0.04  0.36  0.93  

9  1414.91  -76.35  -56.70  
   -0.08  -0.99  -0.11  
   0.99  -0.09  0.06  
   -0.07  -0.10  0.99  

2  856.36  -38.40  578.20  
   0.56  -0.83  -0.01  
   0.83  0.56  0.00  
   0.01  -0.01  1.00  

3  1242.57  -21.88  16.52  
   -0.36  -0.02  -0.93  
   0.02  -1.00  0.01  
   -0.93  -0.01  0.36  

4  1176.93  138.41  -74.56  
   0.83  -0.41  0.37  
   0.52  0.82  -0.25  
   -0.20  0.40  0.90  

6  1480.10  36.61  -20.98  
   0.16  0.92  -0.35  
   -0.99  0.13  -0.10  
   -0.04  0.36  0.93  

5  1377.40  253.60  15.63  
   -0.97  0.16  0.17  
   -0.15  0.15  -0.98  
   -0.18  -0.98  -0.12  

8  1323.83  -288.88  -16.97  
   -0.94  -0.23  0.26  
   0.27  -0.04  0.96  
   -0.21  0.97  0.10  

7  1162.65  -161.63  -92.87  
   0.81  0.40  0.43  
   -0.49  0.86  0.13  
   -0.32  -0.32  0.89  

9  1414.91  -76.35  -57.60  
   -0.08  -0.99  -0.11  
   0.99  -0.09  0.06  
   -0.07  -0.10  0.99  

2  855.91  -38.40  577.75  
   0.56  -0.83  -0.01  
   0.83  0.56  0.00  
   0.01  -0.01  1.00  

4  1176.93  138.41  -74.12  
   0.83  -0.42  0.37  
   0.52  0.82  -0.25  
   -0.20  0.40  0.90  

3  1242.57  -21.88  16.07  
   -0.36  -0.02  -0.93  
   0.02  -1.00  0.01  
   -0.93  -0.01  0.36  

5  1375.17  253.16  23.66  
   -0.97  0.15  0.18  
   -0.15  0.21  -0.97  
   -0.19  -0.97  -0.18  

6  1480.99  41.08  -31.70  
   0.17  0.92  -0.35  
   -0.98  0.12  -0.17  
   -0.12  0.37  0.92  

7  1162.65  -162.07  -92.87  
   0.81  0.40  0.43  
   -0.50  0.86  0.14  
   -0.32  -0.32  0.89  

8  1321.59  -288.88  -6.25  
   -0.94  -0.22  0.28  
   0.27  0.04  0.96  
   -0.22  0.98  0.02  

9  1416.25  -84.39  -70.99  
   -0.06  -0.99  -0.08  
   0.98  -0.07  0.16  
   -0.16  -0.07  0.98  

2  855.91  -38.40  577.75  
   0.56  -0.83  -0.01  
   0.83  0.56  0.00  
   0.01  -0.01  1.00  

3  1242.57  -21.88  16.52  
   -0.36  -0.02  -0.93  
   0.02  -1.00  0.01  
   -0.93  -0.01  0.36  

4  1176.93  137.96  -74.12  
   0.83  -0.42  0.37  
   0.52  0.82  -0.25  
   -0.20  0.40  0.90  

6  1484.11  48.67  -44.65  
   0.20  0.92  -0.35  
   -0.96  0.11  -0.27  
   -0.21  0.39  0.90  

5  1375.17  253.60  32.15  
   -0.97  0.15  0.20  
   -0.15  0.28  -0.95  
   -0.19  -0.95  -0.25  

7  1162.65  -162.07  -92.42  
   0.81  0.40  0.43  
   -0.50  0.86  0.14  
   -0.31  -0.33  0.89  

8  1320.25  -290.66  -3.13  
   -0.94  -0.20  0.29  
   0.28  0.10  0.95  
   -0.22  0.97  -0.04  

9  1417.59  -91.53  -86.62  
   -0.04  -1.00  -0.05  
   0.96  -0.05  0.26  
   -0.26  -0.04  0.96  

2  855.91  -38.40  577.75  
   0.56  -0.83  -0.01  
   0.83  0.56  0.00  
   0.01  -0.01  1.00  

3  1242.12  -21.88  16.97  
   -0.36  -0.02  -0.93  
   0.02  -1.00  0.01  
   -0.93  -0.01  0.36  

4  1176.49  138.41  -73.67  
   0.83  -0.42  0.37  
   0.52  0.82  -0.25  
   -0.20  0.40  0.90  

5  1372.49  251.82  39.74  
   -0.97  0.12  0.22  
   -0.16  0.36  -0.92  
   -0.19  -0.92  -0.33  

8  1317.13  -290.21  6.70  
   -0.93  -0.18  0.31  
   0.28  0.19  0.94  
   -0.23  0.97  -0.13  

7  1162.20  -162.07  -91.98  
   0.81  0.40  0.43  
   -0.50  0.85  0.14  
   -0.31  -0.33  0.89  

9  1419.82  -105.37  -102.69  
   -0.01  -1.00  -0.01  
   0.92  -0.01  0.39  
   -0.39  -0.01  0.92  

6  1487.69  62.06  -60.72  
   0.24  0.91  -0.35  
   -0.92  0.09  -0.38  
   -0.32  0.41  0.86  

2  855.91  -38.84  577.75  
   0.56  -0.83  -0.01  
   0.83  0.56  0.00  
   0.01  -0.01  1.00  

3  1242.12  -22.32  16.52  
   -0.36  -0.02  -0.93  
   0.02  -1.00  0.01  
   -0.93  -0.01  0.36  

6  1488.58  84.83  -85.28  
   0.28  0.90  -0.34  
   -0.84  0.05  -0.54  
   -0.47  0.44  0.77  

5  1370.71  249.14  51.35  
   -0.97  0.09  0.24  
   -0.17  0.49  -0.86  
   -0.19  -0.87  -0.46  

4  1176.49  138.41  -73.22  
   0.83  -0.42  0.37  
   0.53  0.81  -0.25  
   -0.19  0.40  0.89  

7  1161.31  -163.41  -91.08  
   0.80  0.41  0.43  
   -0.51  0.85  0.14  
   -0.31  -0.34  0.89  

9  1422.05  -133.05  -129.03  
   0.04  -1.00  0.05  
   0.83  0.06  0.56  
   -0.56  0.02  0.83  

8  1317.13  -285.75  21.88  
   -0.93  -0.15  0.33  
   0.27  0.31  0.91  
   -0.24  0.94  -0.25  

2  855.91  -38.40  577.75  
   0.56  -0.83  -0.01  
   0.83  0.56  0.00  
   0.01  -0.01  1.00  

3  1241.67  -23.22  17.41  
   -0.36  -0.02  -0.93  
   0.02  -1.00  0.01  
   -0.93  -0.01  0.36  

4  1175.15  138.41  -72.78  
   0.82  -0.44  0.37  
   0.54  0.80  -0.25  
   -0.19  0.41  0.89  

5  1368.03  247.35  62.95  
   -0.96  0.05  0.26  
   -0.18  0.59  -0.78  
   -0.20  -0.80  -0.56  

6  1488.13  110.73  -100.01  
   0.30  0.90  -0.31  
   -0.74  0.01  -0.68  
   -0.61  0.43  0.67  

7  1161.31  -164.31  -91.08  
   0.80  0.41  0.43  
   -0.51  0.84  0.15  
   -0.31  -0.34  0.89  

9  1422.95  -158.95  -143.32  
   0.07  -0.99  0.08  
   0.72  0.10  0.68  
   -0.69  0.01  0.73  

8  1315.34  -283.96  32.15  
   -0.93  -0.12  0.35  
   0.27  0.41  0.87  
   -0.25  0.90  -0.35  

2  855.91  -38.40  577.75  
   0.56  -0.83  -0.01  
   0.83  0.56  0.00  
   0.01  -0.01  1.00  

4  1175.15  138.41  -72.78  
   0.81  -0.44  0.38  
   0.55  0.80  -0.25  
   -0.19  0.41  0.89  

3  1241.67  -22.77  17.41  
   -0.36  -0.02  -0.93  
   0.02  -1.00  0.01  
   -0.93  -0.01  0.36  

5  1362.67  245.12  74.12  
   -0.96  0.02  0.28  
   -0.20  0.68  -0.70  
   -0.20  -0.73  -0.65  

6  1483.22  138.41  -110.73  
   0.29  0.92  -0.28  
   -0.62  -0.04  -0.78  
   -0.73  0.40  0.56  

7  1161.31  -164.75  -91.08  
   0.80  0.41  0.44  
   -0.52  0.84  0.15  
   -0.30  -0.35  0.89  

9  1420.27  -190.65  -156.72  
   0.08  -0.99  0.12  
   0.61  0.14  0.78  
   -0.79  0.01  0.61  

8  1313.11  -282.62  40.18  
   -0.93  -0.09  0.36  
   0.28  0.47  0.83  
   -0.25  0.88  -0.41  

2  855.91  -38.40  577.75  
   0.56  -0.83  -0.01  
   0.83  0.56  0.00  
   0.01  -0.01  1.00  

3  1241.67  -23.22  17.41  
   -0.36  -0.02  -0.93  
   0.02  -1.00  0.01  
   -0.93  -0.01  0.36  

4  1173.81  139.30  -72.33  
   0.81  -0.45  0.38  
   0.56  0.79  -0.25  
   -0.18  0.41  0.89  

5  1361.78  241.55  83.94  
   -0.96  -0.03  0.29  
   -0.21  0.76  -0.62  
   -0.20  -0.65  -0.73  

8  1312.66  -279.50  47.33  
   -0.92  -0.05  0.38  
   0.29  0.54  0.79  
   -0.24  0.84  -0.49  

6  1473.40  166.54  -121.44  
   0.26  0.94  -0.21  
   -0.48  -0.06  -0.87  
   -0.84  0.33  0.44  

7  1162.20  -165.20  -90.19  
   0.80  0.41  0.44  
   -0.52  0.84  0.16  
   -0.30  -0.36  0.89  

9  1413.12  -216.54  -163.86  
   0.06  -0.98  0.17  
   0.48  0.18  0.86  
   -0.87  0.02  0.49  

4  1173.36  140.20  -71.88  
   0.81  -0.46  0.38  
   0.56  0.79  -0.25  
   -0.18  0.42  0.89  

2  855.91  -38.40  577.75  
   0.56  -0.83  -0.01  
   0.83  0.56  0.00  
   0.01  -0.01  1.00  

3  1241.67  -22.77  17.41  
   -0.36  -0.02  -0.93  
   0.02  -1.00  0.01  
   -0.93  -0.01  0.36  

5  1360.88  234.85  92.87  
   -0.96  -0.10  0.28  
   -0.23  0.83  -0.50  
   -0.18  -0.54  -0.82  

9  1405.09  -245.57  -168.77  
   0.05  -0.98  0.19  
   0.37  0.20  0.91  
   -0.93  0.02  0.37  

8  1309.99  -280.84  51.35  
   -0.92  -0.00  0.39  
   0.31  0.60  0.74  
   -0.24  0.80  -0.55  

7  1161.75  -166.09  -89.74  
   0.80  0.41  0.44  
   -0.52  0.83  0.16  
   -0.30  -0.36  0.88  

6  1460.90  196.01  -127.69  
   0.21  0.97  -0.15  
   -0.34  -0.08  -0.94  
   -0.92  0.25  0.31  

2  855.91  -38.40  577.75  
   0.56  -0.83  -0.01  
   0.83  0.56  0.00  
   0.01  -0.01  1.00  

4  1172.91  140.20  -70.10  
   0.80  -0.47  0.38  
   0.57  0.78  -0.25  
   -0.18  0.42  0.89  

3  1241.67  -22.77  17.41  
   -0.36  -0.02  -0.93  
   0.01  -1.00  0.01  
   -0.93  -0.01  0.36  

5  1358.21  231.28  100.01  
   -0.95  -0.16  0.27  
   -0.26  0.88  -0.40  
   -0.18  -0.45  -0.87  

6  1444.38  225.92  -130.37  
   0.15  0.99  -0.07  
   -0.21  -0.04  -0.98  
   -0.97  0.16  0.20  

7  1161.31  -166.99  -88.40  
   0.79  0.42  0.44  
   -0.53  0.83  0.17  
   -0.29  -0.37  0.88  

8  1307.75  -278.61  58.49  
   -0.91  0.03  0.41  
   0.33  0.65  0.69  
   -0.24  0.76  -0.60  

9  1394.82  -273.69  -167.43  
   0.04  -0.97  0.25  
   0.25  0.25  0.93  
   -0.97  0.03  0.25  

2  855.91  -38.40  577.75  
   0.56  -0.83  -0.01  
   0.83  0.56  0.00  
   0.01  -0.01  1.00  

3  1241.67  -23.22  17.86  
   -0.36  -0.02  -0.93  
   0.01  -1.00  0.01  
   -0.93  -0.01  0.36  

4  1171.58  140.20  -70.10  
   0.80  -0.47  0.38  
   0.58  0.78  -0.25  
   -0.18  0.42  0.89  

6  1431.88  246.01  -131.71  
   0.11  0.99  -0.03  
   -0.13  -0.02  -0.99  
   -0.99  0.11  0.13  

5  1355.97  228.15  101.35  
   -0.94  -0.22  0.27  
   -0.30  0.89  -0.33  
   -0.17  -0.39  -0.91  

7  1160.86  -167.43  -87.51  
   0.79  0.42  0.44  
   -0.54  0.83  0.17  
   -0.29  -0.37  0.88  

9  1389.01  -293.79  -165.20  
   0.02  -0.96  0.27  
   0.16  0.27  0.95  
   -0.99  0.02  0.16  

8  1306.86  -278.61  62.06  
   -0.91  0.07  0.41  
   0.34  0.68  0.64  
   -0.24  0.73  -0.64  

2  855.91  -38.40  577.75  
   0.56  -0.83  -0.01  
   0.83  0.56  0.00  
   0.01  -0.01  1.00  

3  1241.23  -23.22  17.86  
   -0.36  -0.02  -0.93  
   0.01  -1.00  0.01  
   -0.93  -0.01  0.36  

4  1169.79  139.75  -70.10  
   0.79  -0.48  0.38  
   0.59  0.77  -0.24  
   -0.18  0.42  0.89  

5  1351.51  230.39  106.26  
   -0.93  -0.26  0.27  
   -0.33  0.90  -0.27  
   -0.17  -0.34  -0.92  

6  1422.95  262.09  -128.59  
   0.08  1.00  0.00  
   -0.07  0.01  -1.00  
   -0.99  0.08  0.07  

7  1159.97  -168.32  -87.51  
   0.79  0.42  0.44  
   -0.54  0.82  0.18  
   -0.29  -0.38  0.88  

8  1305.07  -280.39  65.19  
   -0.90  0.08  0.42  
   0.36  0.70  0.62  
   -0.24  0.71  -0.66  

9  1384.55  -304.95  -162.97  
   0.02  -0.96  0.29  
   0.11  0.29  0.95  
   -0.99  0.02  0.12  

2  855.91  -38.84  577.75  
   0.56  -0.83  -0.01  
   0.83  0.56  0.00  
   0.01  -0.01  1.00  

4  1168.45  140.20  -69.65  
   0.78  -0.48  0.39  
   0.59  0.77  -0.24  
   -0.18  0.42  0.89  

3  1240.78  -23.66  17.86  
   -0.36  -0.02  -0.93  
   0.01  -1.00  0.01  
   -0.93  -0.00  0.36  

5  1349.28  232.17  107.60  
   -0.92  -0.30  0.27  
   -0.36  0.90  -0.23  
   -0.17  -0.31  -0.94  

6  1417.14  275.48  -125.91  
   0.07  1.00  0.03  
   -0.03  0.03  -1.00  
   -1.00  0.07  0.03  

7  1159.52  -168.77  -86.17  
   0.79  0.42  0.44  
   -0.54  0.82  0.18  
   -0.29  -0.38  0.88  

8  1302.84  -279.50  68.76  
   -0.90  0.10  0.43  
   0.37  0.71  0.60  
   -0.25  0.70  -0.67  

9  1382.32  -312.99  -160.29  
   0.02  -0.95  0.31  
   0.08  0.31  0.95  
   -1.00  0.01  0.08  

2  855.91  -38.84  577.75  
   0.56  -0.83  -0.01  
   0.83  0.56  0.00  
   0.01  -0.01  1.00  

3  1240.33  -23.66  17.41  
   -0.36  -0.02  -0.93  
   0.01  -1.00  0.01  
   -0.93  -0.00  0.36  

5  1347.49  233.06  110.28  
   -0.91  -0.33  0.27  
   -0.38  0.90  -0.20  
   -0.18  -0.28  -0.94  

4  1167.11  140.20  -69.21  
   0.78  -0.49  0.39  
   0.60  0.76  -0.24  
   -0.18  0.42  0.89  

6  1412.23  287.09  -123.23  
   0.06  1.00  0.05  
   0.01  0.05  -1.00  
   -1.00  0.06  -0.01  

7  1159.07  -169.66  -85.72  
   0.79  0.43  0.44  
   -0.54  0.82  0.18  
   -0.29  -0.38  0.88  

9  1377.40  -326.83  -155.38  
   0.01  -0.94  0.33  
   0.03  0.33  0.94  
   -1.00  0.00  0.03  

8  1301.95  -279.95  73.22  
   -0.89  0.12  0.45  
   0.38  0.73  0.57  
   -0.26  0.68  -0.69  

2  855.91  -38.40  577.75  
   0.56  -0.83  -0.01  
   0.83  0.56  0.00  
   0.01  -0.01  1.00  

3  1240.33  -23.66  17.86  
   -0.36  -0.01  -0.93  
   0.01  -1.00  0.01  
   -0.93  -0.00  0.36  

7  1158.63  -169.66  -86.17  
   0.79  0.43  0.45  
   -0.54  0.82  0.17  
   -0.29  -0.38  0.88  

6  1409.10  294.23  -120.55  
   0.06  1.00  0.07  
   0.04  0.07  -1.00  
   -1.00  0.06  -0.03  

5  1345.26  233.06  111.17  
   -0.90  -0.35  0.26  
   -0.40  0.90  -0.18  
   -0.18  -0.26  -0.95  

4  1167.11  141.09  -68.31  
   0.78  -0.49  0.39  
   0.60  0.76  -0.24  
   -0.18  0.42  0.89  

8  1299.72  -278.16  75.90  
   -0.88  0.13  0.45  
   0.39  0.74  0.54  
   -0.27  0.66  -0.71  

9  1374.28  -335.31  -150.02  
   0.00  -0.94  0.34  
   -0.01  0.34  0.94  
   -1.00  -0.01  -0.01  

2  855.91  -38.40  577.75  
   0.56  -0.83  -0.01  
   0.83  0.56  0.00  
   0.01  -0.01  1.00  

4  1166.66  140.64  -68.31  
   0.77  -0.50  0.40  
   0.61  0.76  -0.23  
   -0.18  0.42  0.89  

3  1240.33  -23.22  17.41  
   -0.36  -0.01  -0.93  
   0.01  -1.00  0.01  
   -0.93  -0.00  0.36  

5  1343.02  234.85  113.41  
   -0.89  -0.36  0.27  
   -0.41  0.90  -0.16  
   -0.18  -0.26  -0.95  

8  1297.93  -279.50  79.03  
   -0.87  0.14  0.47  
   0.40  0.75  0.52  
   -0.28  0.65  -0.71  

6  1407.77  300.04  -116.53  
   0.06  0.99  0.08  
   0.05  0.08  -1.00  
   -1.00  0.06  -0.05  

9  1372.05  -340.67  -144.66  
   0.01  -0.94  0.35  
   -0.03  0.35  0.94  
   -1.00  -0.02  -0.03  

7  1158.63  -169.66  -85.28  
   0.78  0.43  0.45  
   -0.55  0.82  0.17  
   -0.30  -0.38  0.88  

2  855.91  -38.40  577.75  
   0.56  -0.83  -0.01  
   0.83  0.56  0.00  
   0.01  -0.01  1.00  

4  1166.66  140.64  -68.31  
   0.77  -0.50  0.40  
   0.61  0.76  -0.23  
   -0.18  0.42  0.89  

3  1240.78  -24.11  16.97  
   -0.36  -0.01  -0.93  
   0.00  -1.00  0.01  
   -0.93  0.00  0.36  

5  1343.47  234.85  115.64  
   -0.89  -0.37  0.28  
   -0.42  0.90  -0.15  
   -0.19  -0.25  -0.95  

7  1158.63  -170.56  -85.28  
   0.78  0.43  0.45  
   -0.55  0.82  0.17  
   -0.30  -0.38  0.88  

6  1407.32  303.61  -113.85  
   0.06  0.99  0.09  
   0.07  0.08  -0.99  
   -1.00  0.07  -0.06  

8  1295.25  -281.29  80.37  
   -0.87  0.14  0.48  
   0.41  0.75  0.51  
   -0.28  0.64  -0.71  

9  1370.71  -347.36  -139.75  
   0.02  -0.93  0.36  
   -0.05  0.36  0.93  
   -1.00  -0.03  -0.04  

2  855.91  -38.40  577.75  
   0.56  -0.83  -0.01  
   0.83  0.56  0.00  
   0.01  -0.01  1.00  

4  1166.66  140.64  -68.31  
   0.77  -0.50  0.40  
   0.61  0.76  -0.23  
   -0.18  0.42  0.89  

3  1240.78  -24.11  17.41  
   -0.36  -0.01  -0.93  
   0.00  -1.00  0.01  
   -0.93  0.00  0.36  

5  1343.02  235.74  116.09  
   -0.89  -0.37  0.28  
   -0.42  0.89  -0.15  
   -0.20  -0.25  -0.95  

6  1407.32  304.50  -112.51  
   0.07  0.99  0.09  
   0.07  0.08  -0.99  
   -0.99  0.08  -0.06  

7  1158.18  -170.56  -85.28  
   0.78  0.43  0.45  
   -0.55  0.82  0.17  
   -0.30  -0.38  0.87  

8  1294.36  -280.84  82.15  
   -0.86  0.15  0.48  
   0.41  0.75  0.51  
   -0.29  0.64  -0.71  

9  1370.26  -348.26  -137.96  
   0.02  -0.93  0.36  
   -0.06  0.36  0.93  
   -1.00  -0.04  -0.04  

2  855.91  -38.84  577.75  
   0.56  -0.83  -0.01  
   0.83  0.56  0.00  
   0.01  -0.01  1.00  

4  1166.22  140.64  -68.31  
   0.77  -0.50  0.40  
   0.61  0.76  -0.23  
   -0.19  0.42  0.89  

3  1240.78  -24.56  16.52  
   -0.36  -0.01  -0.93  
   0.00  -1.00  0.01  
   -0.93  0.00  0.36  

6  1414.02  296.47  -115.64  
   0.11  0.99  0.07  
   0.01  0.07  -1.00  
   -0.99  0.11  0.00  

5  1341.24  239.76  113.85  
   -0.88  -0.35  0.31  
   -0.42  0.88  -0.20  
   -0.20  -0.31  -0.93  

7  1157.29  -171.00  -84.83  
   0.78  0.43  0.45  
   -0.55  0.82  0.17  
   -0.30  -0.38  0.87  

8  1293.91  -283.96  80.37  
   -0.86  0.14  0.49  
   0.42  0.74  0.52  
   -0.29  0.65  -0.70  

9  1372.05  -343.79  -143.32  
   0.03  -0.93  0.35  
   -0.02  0.35  0.93  
   -1.00  -0.04  -0.00  

2  855.91  -38.40  577.75  
   0.56  -0.83  -0.01  
   0.83  0.56  0.00  
   0.01  -0.01  1.00  

3  1240.33  -24.56  16.97  
   -0.36  -0.01  -0.93  
   0.00  -1.00  0.01  
   -0.93  0.00  0.36  

4  1165.77  140.64  -69.21  
   0.77  -0.50  0.40  
   0.61  0.76  -0.23  
   -0.19  0.43  0.89  

5  1336.33  249.14  109.39  
   -0.88  -0.30  0.36  
   -0.42  0.85  -0.31  
   -0.21  -0.42  -0.88  

7  1157.29  -171.00  -85.72  
   0.78  0.43  0.46  
   -0.55  0.82  0.17  
   -0.30  -0.38  0.87  

8  1290.79  -288.88  73.22  
   -0.86  0.10  0.50  
   0.42  0.69  0.59  
   -0.28  0.72  -0.63  

6  1426.07  275.03  -117.87  
   0.19  0.98  0.04  
   -0.14  0.07  -0.99  
   -0.97  0.19  0.15  

9  1381.87  -324.15  -152.70  
   0.08  -0.95  0.31  
   0.11  0.32  0.94  
   -0.99  -0.04  0.13  

2  855.91  -38.40  577.75  
   0.56  -0.83  -0.01  
   0.83  0.56  0.00  
   0.01  -0.01  1.00  

4  1164.88  140.20  -68.76  
   0.77  -0.49  0.41  
   0.61  0.76  -0.24  
   -0.19  0.43  0.88  

3  1239.89  -25.45  16.52  
   -0.36  -0.01  -0.93  
   -0.00  -1.00  0.01  
   -0.93  0.01  0.36  

6  1442.14  241.99  -119.21  
   0.25  0.97  0.00  
   -0.28  0.08  -0.96  
   -0.93  0.24  0.29  

5  1336.33  254.50  101.80  
   -0.90  -0.22  0.38  
   -0.39  0.81  -0.44  
   -0.22  -0.54  -0.81  

7  1156.39  -170.56  -85.72  
   0.78  0.43  0.46  
   -0.55  0.82  0.17  
   -0.30  -0.39  0.87  

9  1392.58  -290.66  -158.06  
   0.12  -0.96  0.25  
   0.28  0.27  0.92  
   -0.95  -0.05  0.30  

8  1289.89  -294.23  65.19  
   -0.87  0.05  0.50  
   0.41  0.63  0.66  
   -0.28  0.78  -0.56  

2  855.91  -38.40  577.75  
   0.56  -0.83  -0.01  
   0.83  0.56  0.00  
   0.01  -0.01  1.00  

4  1165.32  139.75  -70.10  
   0.77  -0.48  0.41  
   0.60  0.76  -0.24  
   -0.20  0.44  0.88  

3  1240.33  -25.00  16.52  
   -0.36  -0.01  -0.93  
   -0.00  -1.00  0.01  
   -0.93  0.00  0.36  

6  1457.77  210.74  -115.19  
   0.31  0.95  -0.07  
   -0.44  0.08  -0.90  
   -0.84  0.31  0.44  

5  1338.11  260.75  92.87  
   -0.91  -0.15  0.40  
   -0.36  0.75  -0.55  
   -0.22  -0.64  -0.74  

7  1155.50  -169.66  -87.06  
   0.78  0.42  0.46  
   -0.55  0.82  0.17  
   -0.31  -0.39  0.87  

9  1403.75  -250.48  -155.38  
   0.14  -0.97  0.18  
   0.44  0.22  0.87  
   -0.89  -0.05  0.46  

8  1292.13  -295.13  56.26  
   -0.88  -0.01  0.48  
   0.39  0.57  0.72  
   -0.28  0.82  -0.50  

2  855.91  -38.40  577.75  
   0.56  -0.83  -0.01  
   0.83  0.56  0.00  
   0.01  -0.01  1.00  

3  1240.33  -25.00  16.07  
   -0.37  -0.01  -0.93  
   0.00  -1.00  0.01  
   -0.93  0.00  0.37  

4  1165.32  139.30  -70.10  
   0.78  -0.47  0.41  
   0.59  0.77  -0.25  
   -0.20  0.44  0.88  

5  1343.02  266.55  77.24  
   -0.92  -0.07  0.40  
   -0.34  0.66  -0.67  
   -0.22  -0.75  -0.63  

6  1471.61  173.24  -105.82  
   0.35  0.92  -0.16  
   -0.60  0.09  -0.79  
   -0.72  0.37  0.59  

8  1295.70  -300.04  46.43  
   -0.88  -0.06  0.46  
   0.38  0.49  0.78  
   -0.28  0.87  -0.42  

9  1412.68  -212.97  -147.34  
   0.15  -0.98  0.09  
   0.61  0.17  0.78  
   -0.78  -0.06  0.62  

7  1155.06  -169.66  -87.06  
   0.78  0.42  0.46  
   -0.54  0.82  0.17  
   -0.31  -0.38  0.87  

2  855.91  -38.84  577.75  
   0.56  -0.83  -0.01  
   0.83  0.56  0.00  
   0.01  -0.01  1.00  

4  1167.11  138.41  -71.88  
   0.79  -0.45  0.41  
   0.58  0.77  -0.26  
   -0.20  0.44  0.88  

3  1239.89  -25.00  15.18  
   -0.37  -0.01  -0.93  
   0.00  -1.00  0.01  
   -0.93  0.00  0.37  

5  1345.70  274.59  53.13  
   -0.92  -0.01  0.39  
   -0.33  0.53  -0.78  
   -0.20  -0.85  -0.49  

6  1484.11  140.64  -91.98  
   0.37  0.90  -0.24  
   -0.76  0.15  -0.63  
   -0.52  0.41  0.74  

7  1154.61  -169.22  -88.85  
   0.78  0.42  0.46  
   -0.54  0.83  0.16  
   -0.32  -0.38  0.87  

8  1299.72  -299.59  31.25  
   -0.90  -0.11  0.43  
   0.36  0.39  0.85  
   -0.26  0.91  -0.31  

9  1420.71  -170.56  -132.16  
   0.14  -0.99  0.00  
   0.77  0.11  0.63  
   -0.63  -0.09  0.77  

2  855.91  -38.84  577.75  
   0.56  -0.83  -0.01  
   0.83  0.56  0.00  
   0.01  -0.01  1.00  

3  1239.89  -25.00  15.18  
   -0.37  -0.01  -0.93  
   0.00  -1.00  0.01  
   -0.93  0.00  0.37  

4  1168.45  138.41  -72.78  
   0.80  -0.44  0.41  
   0.57  0.78  -0.26  
   -0.20  0.44  0.87  

5  1348.38  282.18  34.38  
   -0.93  0.04  0.38  
   -0.34  0.36  -0.87  
   -0.17  -0.93  -0.32  

6  1485.90  116.09  -70.99  
   0.36  0.88  -0.30  
   -0.87  0.21  -0.44  
   -0.32  0.42  0.85  

7  1155.06  -167.88  -90.64  
   0.78  0.41  0.46  
   -0.53  0.83  0.15  
   -0.32  -0.37  0.87  

8  1301.50  -304.06  13.84  
   -0.90  -0.14  0.40  
   0.35  0.28  0.89  
   -0.24  0.95  -0.21  

9  1425.62  -143.77  -119.66  
   0.12  -0.99  -0.06  
   0.88  0.08  0.47  
   -0.46  -0.11  0.88  

2  855.91  -38.84  577.75  
   0.56  -0.83  -0.01  
   0.83  0.56  0.00  
   0.01  -0.01  1.00  

4  1169.79  137.07  -73.22  
   0.80  -0.43  0.41  
   0.56  0.79  -0.27  
   -0.21  0.44  0.87  

3  1240.78  -24.56  15.18  
   -0.36  -0.01  -0.93  
   0.00  -1.00  0.01  
   -0.93  -0.00  0.36  

6  1485.45  101.35  -47.77  
   0.33  0.88  -0.35  
   -0.94  0.27  -0.21  
   -0.09  0.40  0.91  

8  1304.63  -305.84  -3.57  
   -0.90  -0.17  0.39  
   0.37  0.16  0.92  
   -0.22  0.97  -0.08  

5  1350.62  290.66  7.14  
   -0.93  0.07  0.37  
   -0.36  0.18  -0.92  
   -0.13  -0.98  -0.14  

7  1156.39  -166.99  -91.98  
   0.79  0.41  0.46  
   -0.52  0.84  0.15  
   -0.33  -0.36  0.88  

9  1428.30  -127.25  -100.01  
   0.12  -0.98  -0.13  
   0.95  0.08  0.30  
   -0.28  -0.16  0.95  

2  855.91  -38.40  577.75  
   0.56  -0.83  -0.01  
   0.83  0.56  0.00  
   0.01  -0.01  1.00  

3  1241.23  -23.66  14.73  
   -0.36  -0.01  -0.93  
   0.01  -1.00  0.01  
   -0.93  -0.00  0.36  

4  1170.68  137.07  -74.56  
   0.80  -0.43  0.41  
   0.55  0.79  -0.26  
   -0.21  0.44  0.87  

5  1349.72  290.66  -19.20  
   -0.93  0.11  0.36  
   -0.36  -0.01  -0.93  
   -0.10  -0.99  0.05  

6  1481.88  94.65  -20.09  
   0.30  0.86  -0.41  
   -0.95  0.32  -0.01  
   0.12  0.39  0.91  

8  1302.39  -309.41  -22.77  
   -0.90  -0.20  0.39  
   0.40  0.01  0.92  
   -0.19  0.98  0.07  

7  1157.73  -166.09  -91.98  
   0.79  0.41  0.46  
   -0.52  0.84  0.15  
   -0.32  -0.35  0.88  

9  1430.98  -116.09  -71.88  
   0.10  -0.97  -0.20  
   0.99  0.08  0.11  
   -0.10  -0.21  0.97  

2  855.91  -38.84  577.75  
   0.56  -0.83  -0.01  
   0.83  0.56  0.00  
   0.01  -0.01  1.00  

3  1241.23  -23.66  15.18  
   -0.36  -0.01  -0.93  
   0.01  -1.00  0.01  
   -0.93  -0.00  0.36  

4  1170.68  135.28  -76.35  
   0.81  -0.42  0.42  
   0.55  0.80  -0.26  
   -0.23  0.43  0.87  

5  1350.62  288.43  -29.47  
   -0.93  0.15  0.34  
   -0.36  -0.13  -0.92  
   -0.10  -0.98  0.18  

7  1158.63  -164.75  -91.98  
   0.80  0.40  0.45  
   -0.51  0.85  0.15  
   -0.32  -0.35  0.88  

6  1479.20  91.08  1.79  
   0.25  0.86  -0.44  
   -0.93  0.34  0.12  
   0.25  0.37  0.89  

8  1302.84  -311.20  -37.50  
   -0.90  -0.22  0.39  
   0.42  -0.12  0.90  
   -0.16  0.97  0.20  

9  1428.75  -112.96  -53.58  
   0.07  -0.97  -0.23  
   0.99  0.08  -0.06  
   0.07  -0.23  0.97  

2  855.91  -38.84  577.75  
   0.56  -0.83  -0.01  
   0.83  0.56  0.00  
   0.01  -0.01  1.00  

4  1171.13  133.05  -80.37  
   0.81  -0.41  0.42  
   0.53  0.81  -0.24  
   -0.25  0.42  0.87  

3  1241.23  -23.66  15.63  
   -0.36  -0.01  -0.93  
   0.00  -1.00  0.01  
   -0.93  -0.00  0.36  

5  1351.95  285.30  -42.86  
   -0.92  0.20  0.32  
   -0.37  -0.23  -0.90  
   -0.11  -0.95  0.29  

8  1303.29  -312.09  -62.06  
   -0.89  -0.26  0.37  
   0.44  -0.30  0.85  
   -0.11  0.92  0.38  

7  1159.52  -164.31  -92.42  
   0.80  0.40  0.45  
   -0.51  0.85  0.15  
   -0.32  -0.35  0.88  

6  1471.17  90.19  25.45  
   0.20  0.87  -0.44  
   -0.91  0.34  0.26  
   0.37  0.35  0.86  

9  1420.71  -109.84  -24.56  
   0.02  -0.96  -0.28  
   0.97  0.08  -0.24  
   0.25  -0.27  0.93  

2  855.91  -38.40  577.75  
   0.56  -0.83  -0.01  
   0.83  0.56  0.00  
   0.01  -0.01  1.00  

4  1172.91  128.59  -84.39  
   0.81  -0.39  0.43  
   0.52  0.82  -0.23  
   -0.26  0.41  0.88  

3  1240.33  -25.90  15.63  
   -0.36  -0.02  -0.93  
   0.00  -1.00  0.02  
   -0.93  0.01  0.36  

5  1350.17  283.07  -46.43  
   -0.91  0.26  0.31  
   -0.39  -0.31  -0.87  
   -0.13  -0.91  0.38  

6  1464.47  94.65  46.43  
   0.16  0.88  -0.45  
   -0.87  0.34  0.36  
   0.46  0.34  0.82  

8  1299.72  -315.66  -71.88  
   -0.88  -0.32  0.36  
   0.47  -0.39  0.79  
   -0.11  0.87  0.49  

7  1158.63  -164.31  -92.87  
   0.80  0.40  0.45  
   -0.51  0.85  0.15  
   -0.32  -0.35  0.88  

9  1416.69  -120.10  -5.80  
   -0.01  -0.94  -0.34  
   0.93  0.12  -0.34  
   0.36  -0.32  0.87  

2  855.91  -38.84  577.75  
   0.56  -0.83  -0.01  
   0.83  0.56  0.00  
   0.01  -0.01  1.00  

3  1239.89  -26.79  16.07  
   -0.36  -0.03  -0.93  
   0.00  -1.00  0.03  
   -0.93  0.01  0.36  

6  1457.77  108.94  67.42  
   0.13  0.88  -0.46  
   -0.83  0.35  0.43  
   0.54  0.32  0.78  

5  1346.60  285.75  -51.79  
   -0.89  0.32  0.32  
   -0.42  -0.35  -0.83  
   -0.16  -0.88  0.45  

4  1173.36  125.46  -89.30  
   0.81  -0.39  0.43  
   0.51  0.83  -0.21  
   -0.28  0.39  0.88  

7  1158.18  -164.31  -93.76  
   0.80  0.40  0.45  
   -0.51  0.85  0.15  
   -0.32  -0.35  0.88  

8  1298.38  -312.09  -76.80  
   -0.86  -0.38  0.33  
   0.49  -0.46  0.74  
   -0.13  0.80  0.58  

9  1412.23  -128.59  20.98  
   -0.03  -0.92  -0.39  
   0.90  0.15  -0.42  
   0.44  -0.36  0.82  

2  855.91  -38.84  577.75  
   0.56  -0.83  -0.01  
   0.83  0.56  0.00  
   0.01  -0.01  1.00  

5  1346.15  285.75  -54.47  
   -0.88  0.36  0.31  
   -0.44  -0.38  -0.81  
   -0.17  -0.85  0.49  

4  1173.36  124.12  -91.53  
   0.82  -0.38  0.43  
   0.50  0.84  -0.20  
   -0.29  0.38  0.88  

3  1238.99  -27.24  15.63  
   -0.36  -0.03  -0.93  
   -0.00  -1.00  0.03  
   -0.93  0.01  0.36  

6  1452.41  110.73  75.90  
   0.10  0.89  -0.44  
   -0.81  0.34  0.49  
   0.58  0.31  0.75  

7  1158.63  -164.31  -96.44  
   0.81  0.38  0.45  
   -0.49  0.86  0.15  
   -0.33  -0.35  0.88  

8  1297.48  -314.32  -80.37  
   -0.84  -0.44  0.31  
   0.52  -0.51  0.69  
   -0.15  0.74  0.66  

9  1406.87  -140.20  43.76  
   -0.05  -0.91  -0.40  
   0.85  0.17  -0.50  
   0.53  -0.36  0.77  

2  855.91  -38.84  577.75  
   0.56  -0.83  -0.01  
   0.83  0.56  0.00  
   0.01  -0.01  1.00  

4  1174.70  121.89  -94.65  
   0.82  -0.38  0.43  
   0.49  0.85  -0.19  
   -0.30  0.36  0.88  

3  1238.55  -27.68  15.18  
   -0.36  -0.03  -0.93  
   -0.00  -1.00  0.03  
   -0.93  0.01  0.36  

5  1345.26  285.75  -56.70  
   -0.87  0.39  0.31  
   -0.47  -0.41  -0.78  
   -0.18  -0.82  0.54  

6  1448.84  120.55  83.49  
   0.09  0.90  -0.43  
   -0.78  0.33  0.53  
   0.62  0.29  0.73  

9  1403.30  -146.45  54.47  
   -0.05  -0.92  -0.40  
   0.83  0.18  -0.52  
   0.55  -0.36  0.75  

8  1295.70  -315.66  -81.26  
   -0.82  -0.49  0.29  
   0.55  -0.52  0.65  
   -0.17  0.70  0.70  

7  1159.07  -163.41  -98.23  
   0.81  0.38  0.45  
   -0.49  0.86  0.16  
   -0.33  -0.35  0.88  

5  1345.26  287.09  -58.04  
   -0.85  0.44  0.30  
   -0.49  -0.43  -0.76  
   -0.20  -0.79  0.58  

2  855.91  -38.40  577.75  
   0.56  -0.83  -0.01  
   0.83  0.56  0.00  
   0.01  -0.01  1.00  

3  1238.10  -27.68  15.18  
   -0.36  -0.03  -0.93  
   -0.00  -1.00  0.03  
   -0.93  0.01  0.36  

4  1176.04  119.66  -97.78  
   0.83  -0.37  0.43  
   0.48  0.86  -0.18  
   -0.30  0.35  0.89  

6  1445.72  127.69  91.53  
   0.08  0.90  -0.43  
   -0.76  0.33  0.56  
   0.65  0.28  0.71  

7  1159.52  -162.97  -98.67  
   0.81  0.38  0.45  
   -0.49  0.86  0.15  
   -0.33  -0.35  0.88  

8  1290.79  -321.02  -80.37  
   -0.79  -0.53  0.29  
   0.58  -0.51  0.63  
   -0.19  0.67  0.72  

9  1399.73  -157.61  64.74  
   -0.03  -0.92  -0.40  
   0.81  0.21  -0.54  
   0.58  -0.34  0.74  

4  1176.93  117.87  -99.12  
   0.83  -0.37  0.42  
   0.47  0.86  -0.17  
   -0.30  0.34  0.89  

2  855.91  -38.84  577.75  
   0.56  -0.83  -0.01  
   0.83  0.56  0.00  
   0.01  -0.01  1.00  

3  1237.65  -27.68  15.18  
   -0.36  -0.03  -0.93  
   -0.00  -1.00  0.03  
   -0.93  0.01  0.36  

5  1343.02  289.77  -59.83  
   -0.83  0.47  0.30  
   -0.51  -0.44  -0.73  
   -0.21  -0.76  0.61  

6  1440.81  134.84  99.57  
   0.07  0.91  -0.42  
   -0.73  0.33  0.60  
   0.68  0.26  0.68  

8  1288.55  -323.25  -81.26  
   -0.76  -0.58  0.29  
   0.62  -0.51  0.59  
   -0.20  0.63  0.75  

9  1399.28  -172.79  75.46  
   -0.01  -0.92  -0.40  
   0.78  0.24  -0.58  
   0.62  -0.32  0.71  

7  1160.41  -161.63  -100.91  
   0.81  0.38  0.45  
   -0.49  0.86  0.15  
   -0.33  -0.34  0.88  

2  855.91  -38.84  577.75  
   0.56  -0.83  -0.01  
   0.83  0.56  0.00  
   0.01  -0.01  1.00  

3  1237.65  -27.24  15.18  
   -0.36  -0.03  -0.93  
   -0.00  -1.00  0.03  
   -0.93  0.01  0.36  

4  1176.93  117.43  -100.46  
   0.83  -0.37  0.42  
   0.47  0.87  -0.17  
   -0.31  0.34  0.89  

5  1339.90  293.34  -59.38  
   -0.82  0.49  0.30  
   -0.54  -0.44  -0.72  
   -0.22  -0.75  0.63  

6  1439.02  142.88  103.58  
   0.07  0.91  -0.42  
   -0.71  0.34  0.61  
   0.70  0.25  0.67  

8  1282.75  -329.51  -78.13  
   -0.73  -0.62  0.30  
   0.65  -0.49  0.58  
   -0.21  0.61  0.76  

9  1395.71  -184.84  84.39  
   0.02  -0.92  -0.40  
   0.76  0.27  -0.59  
   0.65  -0.29  0.70  

7  1160.86  -161.18  -101.35  
   0.81  0.38  0.45  
   -0.49  0.86  0.15  
   -0.33  -0.34  0.88  

5  1337.67  295.13  -59.38  
   -0.80  0.51  0.30  
   -0.55  -0.44  -0.71  
   -0.23  -0.74  0.63  

6  1436.79  145.55  107.16  
   0.07  0.91  -0.41  
   -0.71  0.34  0.62  
   0.70  0.25  0.66  

2  855.91  -38.40  577.75  
   0.56  -0.83  -0.01  
   0.83  0.56  0.00  
   0.01  -0.01  1.00  

3  1237.65  -28.13  15.18  
   -0.36  -0.03  -0.93  
   -0.00  -1.00  0.03  
   -0.93  0.01  0.36  

4  1177.38  117.43  -100.46  
   0.83  -0.37  0.42  
   0.47  0.87  -0.17  
   -0.31  0.34  0.89  

8  1280.07  -333.52  -75.90  
   -0.71  -0.64  0.30  
   0.67  -0.48  0.57  
   -0.22  0.60  0.77  

7  1160.86  -161.63  -100.91  
   0.81  0.38  0.45  
   -0.49  0.86  0.16  
   -0.32  -0.35  0.88  

9  1395.26  -193.77  88.85  
   0.04  -0.91  -0.41  
   0.75  0.29  -0.59  
   0.66  -0.28  0.70  

2  855.91  -38.84  577.75  
   0.56  -0.83  -0.01  
   0.83  0.56  0.00  
   0.01  -0.01  1.00  

5  1336.77  296.02  -59.38  
   -0.80  0.52  0.30  
   -0.56  -0.44  -0.71  
   -0.23  -0.73  0.64  

3  1237.21  -28.13  15.18  
   -0.36  -0.03  -0.93  
   -0.00  -1.00  0.03  
   -0.93  0.01  0.36  

4  1177.38  116.98  -100.46  
   0.83  -0.37  0.42  
   0.47  0.87  -0.17  
   -0.31  0.34  0.89  

6  1433.66  150.47  109.84  
   0.07  0.91  -0.41  
   -0.70  0.34  0.63  
   0.71  0.24  0.66  

8  1279.18  -333.97  -76.80  
   -0.70  -0.65  0.30  
   0.68  -0.47  0.56  
   -0.22  0.59  0.77  

9  1395.26  -197.79  91.53  
   0.05  -0.91  -0.41  
   0.74  0.31  -0.60  
   0.67  -0.27  0.69  

7  1160.86  -162.07  -101.35  
   0.81  0.38  0.45  
   -0.50  0.85  0.16  
   -0.32  -0.35  0.88  

2  855.91  -38.40  577.75  
   0.56  -0.83  -0.01  
   0.83  0.56  0.00  
   0.01  -0.01  1.00  

3  1237.21  -28.57  15.18  
   -0.36  -0.03  -0.93  
   -0.00  -1.00  0.03  
   -0.93  0.01  0.36  

4  1176.93  116.53  -100.46  
   0.83  -0.37  0.42  
   0.47  0.87  -0.17  
   -0.30  0.34  0.89  

6  1433.21  150.91  109.39  
   0.07  0.91  -0.40  
   -0.70  0.33  0.63  
   0.71  0.24  0.66  

5  1334.99  296.47  -58.94  
   -0.79  0.53  0.31  
   -0.56  -0.44  -0.70  
   -0.24  -0.73  0.64  

7  1160.86  -162.07  -101.35  
   0.81  0.39  0.45  
   -0.50  0.85  0.16  
   -0.32  -0.35  0.88  

8  1276.95  -336.20  -76.80  
   -0.69  -0.66  0.31  
   0.69  -0.46  0.55  
   -0.22  0.59  0.77  

9  1395.26  -201.36  92.42  
   0.06  -0.91  -0.42  
   0.74  0.32  -0.60  
   0.68  -0.27  0.69  

2  855.91  -38.40  577.75  
   0.56  -0.83  -0.01  
   0.83  0.56  0.00  
   0.01  -0.01  1.00  

4  1177.38  116.53  -100.91  
   0.83  -0.37  0.42  
   0.47  0.87  -0.17  
   -0.30  0.34  0.89  

3  1237.21  -28.13  14.73  
   -0.36  -0.03  -0.93  
   -0.00  -1.00  0.03  
   -0.93  0.01  0.36  

5  1333.65  297.81  -58.49  
   -0.79  0.53  0.31  
   -0.57  -0.43  -0.70  
   -0.24  -0.73  0.64  

7  1161.31  -162.07  -101.35  
   0.81  0.39  0.45  
   -0.50  0.85  0.16  
   -0.32  -0.35  0.88  

8  1275.16  -337.99  -77.24  
   -0.68  -0.67  0.31  
   0.70  -0.45  0.55  
   -0.22  0.59  0.78  

6  1432.77  151.80  110.28  
   0.07  0.91  -0.40  
   -0.70  0.33  0.63  
   0.71  0.24  0.66  

9  1394.37  -203.60  92.42  
   0.06  -0.91  -0.42  
   0.73  0.33  -0.60  
   0.68  -0.27  0.69  

2  855.91  -38.40  577.75  
   0.56  -0.83  -0.01  
   0.83  0.56  0.00  
   0.01  -0.01  1.00  

4  1176.93  116.09  -101.35  
   0.83  -0.37  0.42  
   0.47  0.87  -0.17  
   -0.30  0.34  0.89  

3  1237.21  -28.57  14.73  
   -0.36  -0.03  -0.93  
   -0.00  -1.00  0.03  
   -0.93  0.01  0.36  

6  1432.32  153.59  111.62  
   0.07  0.91  -0.40  
   -0.70  0.34  0.63  
   0.71  0.24  0.66  

5  1333.20  298.70  -57.15  
   -0.79  0.53  0.31  
   -0.57  -0.43  -0.70  
   -0.24  -0.73  0.64  

7  1160.41  -162.97  -101.35  
   0.81  0.39  0.45  
   -0.50  0.85  0.16  
   -0.32  -0.35  0.88  

9  1393.48  -205.83  92.87  
   0.07  -0.90  -0.42  
   0.73  0.33  -0.59  
   0.68  -0.27  0.68  

8  1274.27  -338.88  -76.35  
   -0.67  -0.67  0.31  
   0.71  -0.45  0.55  
   -0.23  0.59  0.78  

2  855.91  -38.84  577.75  
   0.56  -0.83  -0.01  
   0.83  0.56  0.00  
   0.01  -0.01  1.00  

4  1176.93  116.09  -100.91  
   0.83  -0.37  0.42  
   0.47  0.87  -0.17  
   -0.30  0.34  0.89  

3  1236.76  -28.57  14.73  
   -0.36  -0.03  -0.93  
   -0.00  -1.00  0.03  
   -0.93  0.01  0.36  

6  1435.00  151.80  111.17  
   0.09  0.91  -0.41  
   -0.72  0.35  0.60  
   0.69  0.24  0.68  

5  1333.20  299.14  -53.13  
   -0.78  0.53  0.32  
   -0.57  -0.41  -0.71  
   -0.25  -0.74  0.62  

7  1160.86  -162.97  -101.35  
   0.80  0.39  0.45  
   -0.50  0.85  0.16  
   -0.32  -0.36  0.88  

9  1394.82  -205.83  90.64  
   0.08  -0.90  -0.42  
   0.75  0.34  -0.57  
   0.66  -0.27  0.70  

8  1272.93  -340.67  -74.56  
   -0.67  -0.67  0.32  
   0.71  -0.44  0.55  
   -0.23  0.60  0.77  

2  855.91  -38.84  577.75  
   0.56  -0.83  -0.01  
   0.83  0.56  0.00  
   0.01  -0.01  1.00  

3  1237.21  -28.57  15.18  
   -0.36  -0.03  -0.93  
   -0.00  -1.00  0.03  
   -0.93  0.01  0.36  

4  1177.38  116.98  -100.46  
   0.83  -0.37  0.42  
   0.48  0.86  -0.17  
   -0.30  0.34  0.89  

5  1331.86  299.14  -38.40  
   -0.79  0.51  0.34  
   -0.55  -0.33  -0.77  
   -0.28  -0.80  0.54  

6  1440.36  141.54  105.82  
   0.14  0.90  -0.42  
   -0.78  0.36  0.52  
   0.61  0.25  0.75  

7  1160.41  -163.41  -100.91  
   0.80  0.39  0.45  
   -0.51  0.85  0.17  
   -0.31  -0.36  0.88  

8  1270.25  -342.90  -65.19  
   -0.68  -0.64  0.36  
   0.69  -0.39  0.61  
   -0.25  0.67  0.70  

9  1401.07  -194.67  78.13  
   0.12  -0.91  -0.39  
   0.80  0.32  -0.50  
   0.58  -0.25  0.77  

2  855.91  -38.84  577.75  
   0.56  -0.83  -0.01  
   0.83  0.56  0.00  
   0.01  -0.01  1.00  

4  1177.38  117.43  -98.67  
   0.83  -0.37  0.41  
   0.48  0.86  -0.18  
   -0.29  0.35  0.89  

3  1237.21  -28.57  15.63  
   -0.36  -0.02  -0.93  
   -0.00  -1.00  0.03  
   -0.93  0.01  0.36  

5  1334.10  300.48  -26.34  
   -0.80  0.49  0.36  
   -0.53  -0.27  -0.81  
   -0.30  -0.83  0.47  

6  1447.50  130.37  99.57  
   0.17  0.90  -0.40  
   -0.82  0.35  0.45  
   0.55  0.25  0.80  

7  1159.97  -163.41  -100.46  
   0.80  0.40  0.45  
   -0.51  0.84  0.17  
   -0.31  -0.36  0.88  

8  1270.25  -341.56  -55.36  
   -0.70  -0.59  0.39  
   0.66  -0.34  0.67  
   -0.26  0.73  0.63  

9  1404.64  -180.83  62.95  
   0.14  -0.93  -0.35  
   0.86  0.28  -0.42  
   0.49  -0.25  0.84  

2  855.91  -38.40  577.75  
   0.56  -0.83  -0.01  
   0.83  0.56  0.00  
   0.01  -0.01  1.00  

3  1237.21  -29.02  15.63  
   -0.36  -0.03  -0.93  
   -0.00  -1.00  0.03  
   -0.93  0.01  0.36  

4  1177.38  119.21  -97.33  
   0.83  -0.38  0.41  
   0.48  0.86  -0.19  
   -0.28  0.35  0.89  

5  1334.54  299.14  -18.31  
   -0.80  0.46  0.37  
   -0.51  -0.20  -0.84  
   -0.31  -0.86  0.40  

6  1453.31  124.12  89.30  
   0.21  0.89  -0.40  
   -0.85  0.36  0.37  
   0.48  0.27  0.84  

7  1159.52  -163.41  -100.01  
   0.80  0.40  0.45  
   -0.51  0.84  0.17  
   -0.31  -0.36  0.88  

8  1270.25  -339.77  -44.20  
   -0.72  -0.55  0.42  
   0.63  -0.28  0.72  
   -0.28  0.79  0.55  

9  1408.66  -172.34  45.54  
   0.16  -0.94  -0.31  
   0.91  0.26  -0.32  
   0.39  -0.23  0.89  

2  855.91  -38.84  577.75  
   0.56  -0.83  -0.01  
   0.83  0.56  0.00  
   0.01  -0.01  1.00  

3  1237.21  -28.57  16.07  
   -0.36  -0.03  -0.93  
   -0.00  -1.00  0.03  
   -0.93  0.01  0.36  

4  1178.27  119.21  -96.44  
   0.83  -0.38  0.40  
   0.48  0.85  -0.20  
   -0.27  0.36  0.89  

7  1159.07  -164.75  -99.57  
   0.80  0.40  0.45  
   -0.52  0.84  0.17  
   -0.31  -0.37  0.88  

5  1333.65  299.59  -4.91  
   -0.81  0.43  0.40  
   -0.49  -0.12  -0.86  
   -0.33  -0.89  0.31  

6  1461.34  116.53  77.69  
   0.25  0.89  -0.39  
   -0.89  0.37  0.28  
   0.39  0.28  0.88  

8  1270.69  -343.79  -38.84  
   -0.73  -0.51  0.45  
   0.62  -0.23  0.75  
   -0.28  0.83  0.48  

9  1410.89  -166.99  32.15  
   0.17  -0.95  -0.28  
   0.94  0.24  -0.25  
   0.31  -0.22  0.93  

2  855.91  -38.40  577.75  
   0.56  -0.83  -0.01  
   0.83  0.56  0.00  
   0.01  -0.01  1.00  

3  1237.21  -29.02  16.07  
   -0.36  -0.03  -0.93  
   0.00  -1.00  0.03  
   -0.93  0.01  0.36  

4  1178.72  120.55  -95.10  
   0.83  -0.38  0.40  
   0.49  0.85  -0.20  
   -0.26  0.36  0.89  

6  1464.02  116.98  69.65  
   0.28  0.88  -0.39  
   -0.91  0.37  0.19  
   0.31  0.30  0.90  

5  1331.86  300.48  6.25  
   -0.81  0.41  0.43  
   -0.48  -0.04  -0.88  
   -0.34  -0.91  0.23  

7  1159.07  -164.75  -99.12  
   0.80  0.40  0.45  
   -0.52  0.84  0.17  
   -0.31  -0.37  0.88  

8  1272.03  -341.11  -32.15  
   -0.75  -0.47  0.46  
   0.59  -0.18  0.78  
   -0.28  0.87  0.41  

9  1413.12  -158.95  17.41  
   0.17  -0.96  -0.24  
   0.96  0.22  -0.18  
   0.23  -0.20  0.95  

2  855.91  -38.84  577.75  
   0.56  -0.83  -0.01  
   0.83  0.56  0.00  
   0.01  -0.01  1.00  

3  1237.65  -29.02  16.52  
   -0.36  -0.03  -0.93  
   0.00  -1.00  0.03  
   -0.93  0.01  0.36  

6  1466.25  115.19  66.08  
   0.30  0.88  -0.38  
   -0.92  0.37  0.14  
   0.27  0.31  0.91  

5  1332.31  298.25  11.61  
   -0.81  0.40  0.43  
   -0.47  -0.01  -0.88  
   -0.35  -0.92  0.19  

4  1178.72  121.44  -93.76  
   0.83  -0.39  0.40  
   0.49  0.85  -0.21  
   -0.26  0.36  0.90  

7  1159.52  -164.75  -99.12  
   0.80  0.41  0.45  
   -0.52  0.84  0.17  
   -0.31  -0.37  0.88  

8  1272.03  -340.67  -28.57  
   -0.76  -0.44  0.47  
   0.58  -0.15  0.80  
   -0.28  0.88  0.37  

9  1412.68  -156.72  7.59  
   0.17  -0.96  -0.21  
   0.97  0.20  -0.13  
   0.17  -0.18  0.97  

2  855.91  -38.40  577.75  
   0.56  -0.83  -0.01  
   0.83  0.56  0.00  
   0.01  -0.01  1.00  

3  1237.65  -28.13  16.97  
   -0.36  -0.03  -0.93  
   0.00  -1.00  0.03  
   -0.93  0.01  0.36  

5  1330.52  300.48  17.41  
   -0.81  0.38  0.45  
   -0.46  0.04  -0.88  
   -0.35  -0.93  0.14  

4  1179.17  122.34  -92.42  
   0.83  -0.39  0.39  
   0.49  0.85  -0.21  
   -0.25  0.37  0.90  

6  1468.04  114.30  57.60  
   0.31  0.87  -0.37  
   -0.93  0.36  0.08  
   0.20  0.32  0.92  

7  1159.52  -164.75  -98.67  
   0.80  0.41  0.45  
   -0.52  0.84  0.17  
   -0.31  -0.37  0.88  

9  1413.12  -154.48  -4.02  
   0.17  -0.97  -0.19  
   0.98  0.19  -0.07  
   0.10  -0.17  0.98  

8  1273.37  -336.20  -21.43  
   -0.77  -0.41  0.48  
   0.57  -0.10  0.82  
   -0.29  0.91  0.31  

2  855.91  -38.40  577.75  
   0.56  -0.83  -0.01  
   0.83  0.56  0.00  
   0.01  -0.01  1.00  

3  1237.65  -28.13  16.97  
   -0.36  -0.03  -0.93  
   0.00  -1.00  0.03  
   -0.93  0.01  0.36  

5  1330.52  296.91  24.56  
   -0.82  0.35  0.45  
   -0.45  0.10  -0.89  
   -0.36  -0.93  0.08  

4  1178.72  123.23  -91.53  
   0.83  -0.39  0.39  
   0.49  0.84  -0.21  
   -0.25  0.37  0.90  

6  1471.17  109.84  46.88  
   0.32  0.87  -0.36  
   -0.94  0.35  0.01  
   0.14  0.33  0.93  

7  1159.07  -164.75  -98.67  
   0.80  0.41  0.45  
   -0.52  0.84  0.17  
   -0.31  -0.37  0.88  

8  1272.93  -338.44  -20.54  
   -0.78  -0.40  0.49  
   0.56  -0.08  0.82  
   -0.29  0.91  0.29  

9  1413.12  -154.04  -11.16  
   0.17  -0.97  -0.18  
   0.98  0.18  -0.04  
   0.07  -0.17  0.98  

2  856.36  -38.84  578.20  
   0.56  -0.83  -0.01  
   0.83  0.56  0.00  
   0.01  -0.01  1.00  

4  1178.27  123.68  -91.08  
   0.83  -0.39  0.39  
   0.50  0.84  -0.22  
   -0.24  0.37  0.90  

5  1333.20  292.00  28.57  
   -0.83  0.33  0.45  
   -0.43  0.14  -0.89  
   -0.35  -0.94  0.03  

6  1472.51  108.05  35.27  
   0.33  0.87  -0.36  
   -0.94  0.34  -0.06  
   0.07  0.35  0.93  

3  1237.65  -28.13  16.97  
   -0.36  -0.03  -0.93  
   0.00  -1.00  0.03  
   -0.93  0.01  0.36  

7  1159.07  -165.20  -98.67  
   0.80  0.41  0.45  
   -0.52  0.83  0.17  
   -0.30  -0.37  0.88  

9  1411.34  -151.80  -20.54  
   0.16  -0.97  -0.16  
   0.99  0.16  0.00  
   0.02  -0.15  0.99  

8  1273.37  -333.97  -16.07  
   -0.79  -0.37  0.49  
   0.55  -0.06  0.84  
   -0.28  0.93  0.25  

2  856.36  -38.84  578.20  
   0.56  -0.83  -0.01  
   0.83  0.56  0.00  
   0.01  -0.01  1.00  

4  1178.72  124.57  -90.19  
   0.83  -0.39  0.39  
   0.50  0.84  -0.22  
   -0.24  0.38  0.89  

3  1237.65  -28.13  17.86  
   -0.36  -0.03  -0.93  
   0.01  -1.00  0.03  
   -0.93  0.00  0.36  

6  1473.84  106.71  28.57  
   0.34  0.88  -0.35  
   -0.94  0.32  -0.12  
   0.01  0.36  0.93  

5  1333.65  292.89  37.50  
   -0.83  0.31  0.46  
   -0.42  0.19  -0.89  
   -0.36  -0.93  -0.03  

8  1275.16  -334.86  -13.39  
   -0.80  -0.35  0.50  
   0.54  -0.02  0.84  
   -0.28  0.94  0.20  

7  1159.07  -165.20  -98.23  
   0.79  0.41  0.45  
   -0.53  0.83  0.17  
   -0.30  -0.37  0.88  

9  1412.68  -151.80  -27.24  
   0.16  -0.98  -0.14  
   0.99  0.16  0.05  
   -0.03  -0.15  0.99  

2  855.91  -38.40  577.75  
   0.56  -0.83  -0.01  
   0.83  0.56  0.00  
   0.01  -0.01  1.00  

3  1237.65  -28.13  17.86  
   -0.36  -0.03  -0.93  
   0.01  -1.00  0.03  
   -0.93  0.00  0.36  

4  1178.72  125.02  -89.30  
   0.83  -0.39  0.39  
   0.50  0.84  -0.22  
   -0.24  0.38  0.89  

6  1475.63  105.37  21.43  
   0.34  0.88  -0.34  
   -0.94  0.30  -0.16  
   -0.04  0.37  0.93  

5  1335.43  287.98  41.52  
   -0.84  0.29  0.46  
   -0.40  0.23  -0.89  
   -0.36  -0.93  -0.08  

8  1276.50  -332.63  -8.04  
   -0.81  -0.33  0.49  
   0.52  0.01  0.86  
   -0.29  0.94  0.16  

7  1159.07  -165.20  -97.78  
   0.80  0.41  0.45  
   -0.53  0.83  0.17  
   -0.30  -0.37  0.88  

9  1412.68  -149.13  -34.38  
   0.15  -0.98  -0.13  
   0.99  0.14  0.08  
   -0.06  -0.14  0.99  

2  855.91  -38.40  577.75  
   0.56  -0.83  -0.01  
   0.83  0.56  0.00  
   0.01  -0.01  1.00  

5  1336.77  286.64  46.43  
   -0.85  0.28  0.45  
   -0.39  0.25  -0.88  
   -0.36  -0.93  -0.11  

3  1237.65  -28.13  17.41  
   -0.36  -0.03  -0.93  
   0.01  -1.00  0.03  
   -0.93  0.00  0.36  

4  1179.17  125.46  -88.40  
   0.83  -0.40  0.38  
   0.50  0.83  -0.23  
   -0.23  0.38  0.89  

6  1476.97  103.58  16.07  
   0.34  0.88  -0.34  
   -0.94  0.29  -0.21  
   -0.08  0.39  0.92  

8  1278.28  -330.84  -7.14  
   -0.81  -0.32  0.48  
   0.51  0.01  0.86  
   -0.28  0.95  0.15  

7  1158.63  -165.65  -97.33  
   0.79  0.41  0.45  
   -0.53  0.83  0.17  
   -0.30  -0.37  0.88  

9  1412.68  -146.00  -37.06  
   0.14  -0.98  -0.12  
   0.99  0.13  0.09  
   -0.08  -0.13  0.99  

2  855.91  -38.84  577.75  
   0.56  -0.83  -0.01  
   0.83  0.56  0.00  
   0.01  -0.01  1.00  

4  1179.17  126.36  -87.96  
   0.83  -0.40  0.38  
   0.50  0.83  -0.23  
   -0.23  0.39  0.89  

3  1237.65  -28.57  17.41  
   -0.35  -0.03  -0.93  
   0.01  -1.00  0.03  
   -0.93  0.00  0.35  

6  1477.42  102.24  13.39  
   0.34  0.87  -0.34  
   -0.93  0.27  -0.23  
   -0.11  0.40  0.91  

5  1336.77  285.30  48.67  
   -0.85  0.27  0.45  
   -0.38  0.27  -0.88  
   -0.36  -0.92  -0.12  

7  1159.07  -164.75  -97.33  
   0.79  0.41  0.45  
   -0.53  0.83  0.17  
   -0.30  -0.37  0.88  

8  1280.52  -329.51  -7.14  
   -0.82  -0.31  0.48  
   0.49  0.02  0.87  
   -0.28  0.95  0.14  

9  1412.68  -145.11  -40.18  
   0.13  -0.98  -0.11  
   0.99  0.12  0.11  
   -0.09  -0.13  0.99  

2  855.91  -38.84  577.75  
   0.56  -0.83  -0.01  
   0.83  0.56  0.00  
   0.01  -0.01  1.00  

3  1238.10  -28.13  17.41  
   -0.36  -0.03  -0.93  
   0.01  -1.00  0.03  
   -0.93  0.00  0.36  

4  1179.17  126.80  -87.06  
   0.83  -0.40  0.38  
   0.50  0.83  -0.23  
   -0.23  0.39  0.89  

5  1338.11  283.52  49.56  
   -0.85  0.26  0.45  
   -0.37  0.28  -0.88  
   -0.36  -0.92  -0.14  

6  1478.31  103.14  11.16  
   0.34  0.87  -0.35  
   -0.93  0.27  -0.25  
   -0.13  0.41  0.90  

7  1159.07  -165.20  -97.33  
   0.79  0.41  0.45  
   -0.53  0.83  0.17  
   -0.30  -0.37  0.88  

9  1413.12  -141.98  -43.76  
   0.12  -0.99  -0.11  
   0.99  0.11  0.13  
   -0.11  -0.12  0.99  

8  1281.86  -328.17  -4.91  
   -0.83  -0.30  0.47  
   0.48  0.04  0.87  
   -0.28  0.95  0.12  

2  855.91  -38.84  577.75  
   0.56  -0.83  -0.01  
   0.83  0.56  0.00  
   0.01  -0.01  1.00  

6  1478.31  103.58  8.48  
   0.34  0.87  -0.34  
   -0.93  0.26  -0.26  
   -0.14  0.41  0.90  

5  1338.56  282.62  50.45  
   -0.86  0.26  0.44  
   -0.37  0.29  -0.88  
   -0.36  -0.92  -0.15  

3  1238.10  -28.57  17.86  
   -0.35  -0.03  -0.93  
   0.01  -1.00  0.02  
   -0.93  0.00  0.35  

4  1179.17  126.80  -86.62  
   0.83  -0.40  0.38  
   0.50  0.83  -0.23  
   -0.22  0.39  0.89  

7  1159.07  -165.20  -96.89  
   0.80  0.41  0.45  
   -0.53  0.83  0.17  
   -0.30  -0.37  0.88  

8  1283.64  -327.27  -4.91  
   -0.83  -0.30  0.47  
   0.48  0.04  0.88  
   -0.28  0.95  0.11  

9  1413.12  -140.64  -43.76  
   0.12  -0.99  -0.11  
   0.99  0.10  0.13  
   -0.12  -0.12  0.99  

2  855.91  -38.84  577.75  
   0.56  -0.83  -0.01  
   0.83  0.56  0.00  
   0.01  -0.01  1.00  

5  1338.56  283.52  50.45  
   -0.86  0.26  0.44  
   -0.37  0.29  -0.88  
   -0.36  -0.92  -0.16  

3  1238.55  -28.13  17.41  
   -0.36  -0.02  -0.93  
   0.01  -1.00  0.02  
   -0.93  -0.00  0.36  

4  1178.72  127.25  -86.62  
   0.83  -0.40  0.38  
   0.51  0.83  -0.23  
   -0.22  0.39  0.89  

6  1478.31  103.58  8.04  
   0.34  0.87  -0.35  
   -0.93  0.26  -0.27  
   -0.14  0.41  0.90  

9  1413.12  -139.75  -44.20  
   0.11  -0.99  -0.11  
   0.99  0.10  0.13  
   -0.12  -0.12  0.99  

8  1284.09  -327.27  -4.91  
   -0.83  -0.30  0.47  
   0.48  0.04  0.88  
   -0.28  0.95  0.11  

7  1159.52  -165.20  -96.89  
   0.80  0.41  0.45  
   -0.53  0.83  0.17  
   -0.30  -0.37  0.88  

2  855.91  -38.84  577.75  
   0.56  -0.83  -0.01  
   0.83  0.56  0.00  
   0.01  -0.01  1.00  

3  1238.55  -27.68  17.86  
   -0.36  -0.02  -0.93  
   0.01  -1.00  0.02  
   -0.93  -0.00  0.36  

5  1338.11  284.41  50.01  
   -0.86  0.26  0.44  
   -0.37  0.29  -0.88  
   -0.36  -0.92  -0.16  

4  1178.72  127.69  -86.62  
   0.83  -0.40  0.38  
   0.51  0.83  -0.24  
   -0.22  0.39  0.89  

6  1478.31  103.58  7.14  
   0.34  0.87  -0.35  
   -0.93  0.26  -0.27  
   -0.15  0.41  0.90  

7  1159.52  -165.65  -96.89  
   0.80  0.41  0.45  
   -0.53  0.83  0.17  
   -0.30  -0.37  0.88  

8  1284.54  -326.83  -4.46  
   -0.83  -0.30  0.47  
   0.48  0.04  0.88  
   -0.28  0.95  0.11  

9  1413.12  -139.30  -44.65  
   0.11  -0.99  -0.11  
   0.99  0.10  0.13  
   -0.12  -0.12  0.99  

2  855.91  -38.84  577.75  
   0.56  -0.83  -0.01  
   0.83  0.56  0.00  
   0.01  -0.01  1.00  

6  1478.31  103.14  7.14  
   0.34  0.87  -0.35  
   -0.93  0.25  -0.27  
   -0.15  0.41  0.90  

3  1238.55  -27.68  17.41  
   -0.36  -0.02  -0.93  
   0.01  -1.00  0.02  
   -0.93  -0.00  0.36  

5  1338.11  283.96  50.90  
   -0.86  0.26  0.44  
   -0.37  0.30  -0.88  
   -0.36  -0.92  -0.16  

4  1179.17  127.25  -86.62  
   0.83  -0.40  0.38  
   0.51  0.83  -0.24  
   -0.22  0.39  0.89  

8  1285.43  -326.83  -4.02  
   -0.83  -0.30  0.46  
   0.48  0.04  0.88  
   -0.28  0.95  0.11  

7  1159.52  -165.65  -96.89  
   0.80  0.41  0.45  
   -0.53  0.83  0.17  
   -0.30  -0.37  0.88  

9  1413.12  -139.30  -44.65  
   0.11  -0.99  -0.11  
   0.99  0.09  0.13  
   -0.12  -0.12  0.99  

2  855.91  -38.84  577.75  
   0.56  -0.83  -0.01  
   0.83  0.56  0.00  
   0.01  -0.01  1.00  

3  1238.99  -27.24  17.41  
   -0.36  -0.02  -0.93  
   0.01  -1.00  0.02  
   -0.93  -0.00  0.36  

5  1339.01  283.52  50.45  
   -0.86  0.26  0.44  
   -0.37  0.29  -0.88  
   -0.36  -0.92  -0.16  

4  1178.72  127.25  -86.62  
   0.83  -0.40  0.38  
   0.51  0.83  -0.23  
   -0.22  0.39  0.89  

6  1477.86  103.14  7.14  
   0.34  0.87  -0.35  
   -0.93  0.25  -0.27  
   -0.15  0.41  0.90  

7  1159.52  -165.65  -95.99  
   0.80  0.41  0.45  
   -0.53  0.83  0.17  
   -0.30  -0.37  0.88  

8  1285.43  -325.93  -4.02  
   -0.83  -0.30  0.46  
   0.47  0.04  0.88  
   -0.28  0.95  0.11  

9  1413.12  -138.86  -44.65  
   0.11  -0.99  -0.11  
   0.99  0.09  0.13  
   -0.12  -0.12  0.99  

2  855.91  -38.84  577.75  
   0.56  -0.83  -0.01  
   0.83  0.56  0.00  
   0.01  -0.01  1.00  

4  1178.72  127.25  -86.62  
   0.83  -0.40  0.38  
   0.51  0.83  -0.23  
   -0.22  0.39  0.89  

3  1239.44  -27.24  17.41  
   -0.36  -0.02  -0.93  
   0.01  -1.00  0.02  
   -0.93  -0.00  0.36  

5  1339.45  282.62  50.90  
   -0.86  0.26  0.44  
   -0.36  0.29  -0.88  
   -0.36  -0.92  -0.16  

6  1478.31  101.80  7.59  
   0.33  0.87  -0.35  
   -0.93  0.25  -0.27  
   -0.15  0.42  0.90  

7  1159.52  -165.65  -96.44  
   0.80  0.41  0.45  
   -0.53  0.83  0.17  
   -0.30  -0.37  0.88  

8  1286.32  -325.49  -2.23  
   -0.84  -0.30  0.45  
   0.47  0.04  0.88  
   -0.29  0.95  0.11  

9  1413.57  -138.41  -43.76  
   0.10  -0.99  -0.11  
   0.99  0.09  0.13  
   -0.12  -0.12  0.98  

2  855.91  -38.84  577.75  
   0.56  -0.83  -0.01  
   0.83  0.56  0.00  
   0.01  -0.01  1.00  

3  1239.44  -27.68  17.41  
   -0.36  -0.02  -0.93  
   0.01  -1.00  0.02  
   -0.93  -0.00  0.36  

4  1178.72  127.69  -86.62  
   0.83  -0.40  0.38  
   0.51  0.83  -0.23  
   -0.22  0.39  0.89  

5  1342.13  278.61  51.79  
   -0.87  0.27  0.42  
   -0.34  0.29  -0.89  
   -0.36  -0.92  -0.16  

6  1477.86  98.23  7.59  
   0.33  0.88  -0.35  
   -0.93  0.24  -0.27  
   -0.15  0.42  0.90  

7  1159.52  -165.65  -95.55  
   0.80  0.41  0.45  
   -0.53  0.83  0.18  
   -0.30  -0.38  0.88  

8  1290.79  -320.58  0.00  
   -0.85  -0.31  0.43  
   0.44  0.04  0.90  
   -0.29  0.95  0.10  

9  1412.68  -130.82  -42.86  
   0.08  -0.99  -0.11  
   0.99  0.06  0.14  
   -0.14  -0.12  0.98  

2  855.91  -38.84  577.75  
   0.56  -0.83  -0.01  
   0.83  0.56  0.00  
   0.01  -0.01  1.00  

4  1178.72  127.25  -85.72  
   0.83  -0.40  0.38  
   0.51  0.83  -0.23  
   -0.22  0.39  0.89  

3  1239.44  -27.68  17.86  
   -0.36  -0.02  -0.93  
   0.01  -1.00  0.02  
   -0.93  -0.00  0.36  

5  1346.60  273.25  54.02  
   -0.88  0.27  0.40  
   -0.32  0.29  -0.90  
   -0.36  -0.92  -0.17  

6  1479.20  89.74  7.59  
   0.31  0.88  -0.36  
   -0.94  0.22  -0.26  
   -0.15  0.42  0.90  

7  1160.41  -166.54  -95.55  
   0.80  0.40  0.45  
   -0.52  0.83  0.18  
   -0.30  -0.37  0.88  

8  1294.36  -317.00  0.89  
   -0.86  -0.30  0.41  
   0.41  0.04  0.91  
   -0.29  0.95  0.09  

9  1412.68  -125.46  -44.20  
   0.05  -0.99  -0.11  
   0.99  0.04  0.15  
   -0.14  -0.12  0.98  

2  855.91  -38.40  577.75  
   0.56  -0.83  -0.01  
   0.83  0.56  0.00  
   0.01  -0.01  1.00  

6  1479.65  86.17  7.14  
   0.30  0.88  -0.36  
   -0.94  0.21  -0.26  
   -0.16  0.42  0.90  

5  1348.38  272.36  54.47  
   -0.88  0.27  0.39  
   -0.31  0.29  -0.90  
   -0.36  -0.92  -0.17  

4  1178.72  127.69  -86.62  
   0.83  -0.40  0.38  
   0.51  0.83  -0.23  
   -0.22  0.39  0.89  

3  1239.44  -27.24  17.86  
   -0.36  -0.02  -0.93  
   0.01  -1.00  0.02  
   -0.93  -0.00  0.36  

8  1296.14  -316.56  0.45  
   -0.87  -0.30  0.40  
   0.41  0.04  0.91  
   -0.29  0.95  0.09  

9  1412.68  -122.34  -45.09  
   0.04  -0.99  -0.11  
   0.99  0.03  0.15  
   -0.15  -0.12  0.98  

7  1159.97  -166.09  -95.55  
   0.80  0.40  0.45  
   -0.52  0.84  0.18  
   -0.30  -0.37  0.88  

2  855.91  -38.84  577.75  
   0.56  -0.83  -0.01  
   0.83  0.56  0.00  
   0.01  -0.01  1.00  

5  1348.83  271.02  54.92  
   -0.88  0.27  0.39  
   -0.31  0.29  -0.91  
   -0.36  -0.92  -0.18  

4  1179.17  127.69  -86.17  
   0.83  -0.40  0.38  
   0.50  0.83  -0.23  
   -0.22  0.39  0.90  

6  1479.20  85.28  7.14  
   0.30  0.88  -0.36  
   -0.94  0.21  -0.26  
   -0.16  0.42  0.89  

3  1239.44  -27.68  17.86  
   -0.36  -0.02  -0.93  
   0.01  -1.00  0.02  
   -0.93  -0.00  0.36  

8  1296.14  -315.66  0.89  
   -0.87  -0.30  0.40  
   0.41  0.04  0.91  
   -0.29  0.95  0.09  

7  1160.41  -166.54  -95.99  
   0.80  0.40  0.44  
   -0.52  0.84  0.17  
   -0.30  -0.37  0.88  

9  1412.68  -122.34  -45.09  
   0.04  -0.99  -0.11  
   0.99  0.03  0.15  
   -0.15  -0.12  0.98  

2  855.91  -38.84  577.75  
   0.56  -0.83  -0.01  
   0.83  0.56  0.00  
   0.01  -0.01  1.00  

3  1239.89  -27.68  17.41  
   -0.36  -0.02  -0.93  
   0.01  -1.00  0.02  
   -0.93  -0.00  0.36  

4  1179.17  127.69  -85.72  
   0.83  -0.40  0.38  
   0.50  0.83  -0.23  
   -0.22  0.39  0.90  

5  1349.28  271.02  55.36  
   -0.88  0.28  0.39  
   -0.30  0.29  -0.91  
   -0.36  -0.91  -0.18  

6  1479.65  84.39  7.14  
   0.30  0.89  -0.36  
   -0.94  0.21  -0.26  
   -0.16  0.42  0.89  

7  1160.41  -166.99  -95.99  
   0.80  0.41  0.44  
   -0.52  0.84  0.17  
   -0.30  -0.37  0.88  

8  1296.14  -315.66  0.89  
   -0.87  -0.30  0.40  
   0.40  0.04  0.91  
   -0.29  0.95  0.08  

9  1412.68  -121.89  -45.09  
   0.04  -0.99  -0.11  
   0.99  0.03  0.15  
   -0.15  -0.12  0.98  

2  855.91  -38.84  578.20  
   0.56  -0.83  -0.01  
   0.83  0.56  0.00  
   0.01  -0.01  1.00  

3  1239.89  -27.68  17.86  
   -0.36  -0.02  -0.93  
   0.01  -1.00  0.02  
   -0.93  -0.00  0.36  

4  1179.17  128.14  -85.28  
   0.84  -0.40  0.38  
   0.50  0.83  -0.23  
   -0.22  0.39  0.90  

5  1349.72  271.02  55.81  
   -0.88  0.28  0.39  
   -0.30  0.30  -0.91  
   -0.36  -0.91  -0.18  

6  1479.65  84.39  7.14  
   0.30  0.89  -0.36  
   -0.94  0.21  -0.26  
   -0.16  0.42  0.89  

8  1296.14  -315.66  0.89  
   -0.87  -0.30  0.40  
   0.40  0.04  0.91  
   -0.29  0.95  0.09  

7  1160.41  -166.09  -95.99  
   0.80  0.41  0.44  
   -0.52  0.84  0.17  
   -0.30  -0.37  0.88  

9  1412.68  -121.44  -45.09  
   0.04  -0.99  -0.11  
   0.99  0.03  0.15  
   -0.15  -0.12  0.98  

2  855.91  -38.84  578.20  
   0.56  -0.83  -0.01  
   0.83  0.56  0.00  
   0.01  -0.01  1.00  

3  1239.89  -27.24  17.86  
   -0.36  -0.02  -0.93  
   0.01  -1.00  0.02  
   -0.93  -0.00  0.36  

4  1179.17  128.14  -85.72  
   0.84  -0.40  0.38  
   0.50  0.83  -0.24  
   -0.22  0.39  0.90  

5  1349.28  271.91  55.81  
   -0.88  0.28  0.39  
   -0.30  0.30  -0.91  
   -0.36  -0.91  -0.18  

8  1295.70  -316.11  0.89  
   -0.87  -0.30  0.40  
   0.41  0.04  0.91  
   -0.29  0.95  0.08  

7  1160.41  -166.09  -95.99  
   0.80  0.41  0.44  
   -0.52  0.84  0.17  
   -0.30  -0.37  0.88  

6  1479.65  83.94  7.59  
   0.29  0.88  -0.36  
   -0.94  0.21  -0.27  
   -0.16  0.42  0.89  

9  1412.68  -121.44  -44.20  
   0.04  -0.99  -0.11  
   0.99  0.03  0.15  
   -0.15  -0.12  0.98  

3  1239.44  -27.68  17.86  
   -0.36  -0.02  -0.93  
   0.01  -1.00  0.02  
   -0.93  -0.00  0.36  

2  855.91  -38.84  577.75  
   0.56  -0.83  -0.01  
   0.83  0.56  0.00  
   0.01  -0.01  1.00  

4  1179.17  128.59  -85.28  
   0.84  -0.40  0.38  
   0.50  0.83  -0.24  
   -0.22  0.39  0.90  

5  1348.83  271.91  56.26  
   -0.88  0.28  0.39  
   -0.30  0.30  -0.90  
   -0.36  -0.91  -0.18  

6  1479.65  83.94  6.70  
   0.29  0.89  -0.36  
   -0.94  0.20  -0.27  
   -0.16  0.42  0.89  

8  1295.25  -316.11  0.89  
   -0.86  -0.30  0.40  
   0.41  0.04  0.91  
   -0.29  0.95  0.08  

7  1160.41  -165.65  -95.99  
   0.80  0.41  0.44  
   -0.52  0.84  0.17  
   -0.30  -0.37  0.88  

9  1412.68  -121.44  -44.20  
   0.04  -0.99  -0.11  
   0.99  0.03  0.15  
   -0.15  -0.12  0.98  

2  855.91  -38.84  577.75  
   0.56  -0.83  -0.01  
   0.83  0.56  0.00  
   0.01  -0.01  1.00  

3  1239.44  -27.68  17.41  
   -0.36  -0.03  -0.93  
   0.01  -1.00  0.02  
   -0.93  -0.00  0.36  

4  1179.17  128.59  -84.83  
   0.84  -0.40  0.37  
   0.50  0.83  -0.24  
   -0.22  0.39  0.90  

5  1348.83  272.36  56.26  
   -0.88  0.27  0.39  
   -0.30  0.30  -0.90  
   -0.36  -0.91  -0.18  

6  1479.20  83.94  7.14  
   0.29  0.89  -0.36  
   -0.94  0.20  -0.27  
   -0.16  0.42  0.89  

8  1295.70  -316.11  1.34  
   -0.86  -0.30  0.40  
   0.41  0.05  0.91  
   -0.30  0.95  0.08  

9  1413.12  -121.44  -43.76  
   0.05  -0.99  -0.11  
   0.99  0.03  0.15  
   -0.15  -0.12  0.98  

7  1160.41  -166.09  -95.99  
   0.80  0.41  0.44  
   -0.52  0.84  0.17  
   -0.30  -0.37  0.88  

2  855.91  -38.84  577.75  
   0.56  -0.83  -0.01  
   0.83  0.56  0.00  
   0.01  -0.01  1.00  

3  1239.44  -27.24  18.31  
   -0.35  -0.02  -0.93  
   0.01  -1.00  0.02  
   -0.94  -0.00  0.35  

4  1179.17  128.59  -84.39  
   0.84  -0.40  0.37  
   0.51  0.83  -0.24  
   -0.21  0.39  0.90  

5  1348.38  272.36  57.15  
   -0.88  0.27  0.39  
   -0.30  0.30  -0.90  
   -0.37  -0.91  -0.18  

6  1479.20  83.94  7.14  
   0.29  0.89  -0.36  
   -0.94  0.20  -0.27  
   -0.17  0.42  0.89  

7  1160.86  -165.65  -95.99  
   0.80  0.41  0.44  
   -0.52  0.84  0.17  
   -0.30  -0.37  0.88  

9  1412.68  -121.44  -43.76  
   0.05  -0.99  -0.11  
   0.99  0.03  0.15  
   -0.15  -0.12  0.98  

8  1295.70  -316.11  1.79  
   -0.86  -0.30  0.40  
   0.41  0.05  0.91  
   -0.30  0.95  0.08  

2  855.91  -38.40  577.75  
   0.56  -0.83  -0.01  
   0.83  0.56  0.00  
   0.01  -0.01  1.00  

4  1179.17  128.59  -84.39  
   0.84  -0.40  0.37  
   0.51  0.83  -0.24  
   -0.21  0.39  0.90  

3  1238.99  -27.24  17.86  
   -0.35  -0.02  -0.94  
   0.01  -1.00  0.02  
   -0.94  -0.00  0.35  

5  1348.38  272.80  57.60  
   -0.88  0.27  0.39  
   -0.30  0.30  -0.90  
   -0.37  -0.91  -0.18  

7  1160.86  -166.09  -96.44  
   0.80  0.41  0.44  
   -0.52  0.84  0.17  
   -0.30  -0.36  0.88  

8  1296.14  -314.77  2.68  
   -0.86  -0.30  0.40  
   0.40  0.05  0.91  
   -0.30  0.95  0.08  

6  1479.20  83.94  7.14  
   0.29  0.89  -0.36  
   -0.94  0.20  -0.27  
   -0.17  0.42  0.89  

9  1413.12  -121.89  -43.76  
   0.05  -0.99  -0.11  
   0.99  0.03  0.16  
   -0.15  -0.12  0.98  

2  855.91  -38.84  577.75  
   0.56  -0.83  -0.01  
   0.83  0.56  0.00  
   0.01  -0.01  1.00  

4  1179.17  128.59  -84.39  
   0.84  -0.40  0.37  
   0.51  0.83  -0.24  
   -0.21  0.39  0.90  

5  1348.38  272.80  57.60  
   -0.88  0.27  0.39  
   -0.30  0.30  -0.90  
   -0.36  -0.91  -0.18  

3  1239.44  -27.24  18.31  
   -0.35  -0.02  -0.94  
   0.01  -1.00  0.02  
   -0.94  -0.00  0.35  

6  1479.20  83.94  7.14  
   0.29  0.89  -0.36  
   -0.94  0.20  -0.27  
   -0.17  0.42  0.89  

7  1160.86  -166.09  -95.99  
   0.80  0.41  0.44  
   -0.52  0.84  0.17  
   -0.30  -0.36  0.88  

9  1413.12  -122.34  -43.76  
   0.05  -0.99  -0.11  
   0.99  0.03  0.16  
   -0.15  -0.12  0.98  

8  1295.70  -315.22  3.57  
   -0.86  -0.31  0.40  
   0.40  0.05  0.91  
   -0.30  0.95  0.08  

2  855.91  -38.84  577.75  
   0.56  -0.83  -0.01  
   0.83  0.56  0.00  
   0.01  -0.01  1.00  

3  1239.44  -27.68  17.86  
   -0.35  -0.02  -0.94  
   0.01  -1.00  0.02  
   -0.94  -0.00  0.35  

4  1179.61  129.03  -83.94  
   0.84  -0.41  0.37  
   0.51  0.83  -0.24  
   -0.21  0.39  0.90  

5  1348.38  272.80  58.04  
   -0.88  0.27  0.39  
   -0.30  0.30  -0.90  
   -0.36  -0.91  -0.19  

7  1161.31  -165.65  -95.99  
   0.80  0.41  0.44  
   -0.52  0.84  0.17  
   -0.30  -0.36  0.88  

6  1478.76  84.39  6.70  
   0.29  0.89  -0.36  
   -0.94  0.20  -0.28  
   -0.17  0.42  0.89  

8  1296.14  -314.32  4.02  
   -0.86  -0.31  0.40  
   0.40  0.05  0.91  
   -0.30  0.95  0.08  

9  1413.12  -122.34  -43.31  
   0.05  -0.99  -0.11  
   0.99  0.03  0.16  
   -0.16  -0.12  0.98  

2  855.91  -38.84  577.75  
   0.56  -0.83  -0.01  
   0.83  0.56  0.00  
   0.01  -0.01  1.00  

4  1179.61  129.03  -83.94  
   0.84  -0.41  0.37  
   0.51  0.83  -0.24  
   -0.21  0.39  0.90  

3  1239.89  -27.24  18.31  
   -0.35  -0.02  -0.94  
   0.01  -1.00  0.02  
   -0.94  -0.00  0.35  

6  1479.20  83.94  6.25  
   0.29  0.89  -0.36  
   -0.94  0.20  -0.28  
   -0.17  0.42  0.89  

5  1348.38  273.25  58.94  
   -0.88  0.27  0.39  
   -0.30  0.31  -0.90  
   -0.36  -0.91  -0.19  

8  1295.70  -314.77  4.46  
   -0.86  -0.31  0.40  
   0.40  0.05  0.91  
   -0.30  0.95  0.08  

7  1161.31  -165.65  -95.55  
   0.80  0.41  0.43  
   -0.52  0.84  0.17  
   -0.29  -0.36  0.88  

9  1412.68  -122.78  -43.31  
   0.05  -0.99  -0.11  
   0.99  0.03  0.16  
   -0.16  -0.12  0.98  

2  855.91  -38.84  577.75  
   0.56  -0.83  -0.01  
   0.83  0.56  0.00  
   0.01  -0.01  1.00  

4  1179.17  129.03  -83.94  
   0.83  -0.41  0.37  
   0.51  0.83  -0.24  
   -0.21  0.39  0.90  

3  1239.89  -27.68  18.31  
   -0.35  -0.02  -0.94  
   0.01  -1.00  0.02  
   -0.94  -0.00  0.35  

5  1347.94  272.80  58.94  
   -0.88  0.27  0.39  
   -0.30  0.31  -0.90  
   -0.36  -0.91  -0.19  

6  1478.76  83.94  6.25  
   0.29  0.89  -0.36  
   -0.94  0.20  -0.28  
   -0.17  0.42  0.89  

8  1295.70  -314.77  4.91  
   -0.86  -0.31  0.40  
   0.40  0.05  0.91  
   -0.30  0.95  0.08  

7  1160.86  -165.65  -95.55  
   0.80  0.41  0.43  
   -0.52  0.84  0.17  
   -0.29  -0.36  0.88  

9  1413.12  -122.78  -43.76  
   0.05  -0.99  -0.11  
   0.99  0.03  0.16  
   -0.16  -0.12  0.98  

4  1179.17  129.48  -83.49  
   0.83  -0.41  0.37  
   0.51  0.83  -0.24  
   -0.21  0.39  0.90  

2  856.36  -38.84  577.75  
   0.56  -0.83  -0.01  
   0.83  0.56  0.00  
   0.01  -0.01  1.00  

3  1239.89  -27.24  18.75  
   -0.35  -0.02  -0.94  
   0.01  -1.00  0.02  
   -0.94  -0.00  0.35  

5  1347.94  272.80  58.49  
   -0.88  0.27  0.39  
   -0.30  0.30  -0.90  
   -0.36  -0.91  -0.19  

6  1478.76  83.94  6.25  
   0.29  0.89  -0.36  
   -0.94  0.20  -0.28  
   -0.17  0.42  0.89  

7  1160.86  -166.09  -95.55  
   0.80  0.41  0.43  
   -0.52  0.84  0.17  
   -0.29  -0.36  0.88  

8  1295.70  -315.22  4.91  
   -0.86  -0.31  0.40  
   0.40  0.05  0.91  
   -0.30  0.95  0.08  

9  1413.12  -122.34  -43.31  
   0.05  -0.99  -0.11  
   0.99  0.03  0.16  
   -0.16  -0.12  0.98  

2  855.91  -38.84  577.75  
   0.56  -0.83  -0.01  
   0.83  0.56  0.00  
   0.01  -0.01  1.00  

3  1239.89  -27.24  18.75  
   -0.35  -0.02  -0.94  
   0.01  -1.00  0.02  
   -0.94  -0.00  0.35  

4  1179.61  129.48  -83.94  
   0.83  -0.41  0.37  
   0.51  0.83  -0.24  
   -0.21  0.39  0.90  

5  1348.38  272.80  58.49  
   -0.88  0.27  0.39  
   -0.30  0.30  -0.90  
   -0.36  -0.91  -0.19  

6  1478.76  83.49  6.25  
   0.29  0.89  -0.36  
   -0.94  0.20  -0.27  
   -0.17  0.42  0.89  

7  1161.31  -166.09  -95.55  
   0.80  0.41  0.43  
   -0.52  0.84  0.17  
   -0.29  -0.36  0.88  

8  1296.59  -314.32  4.46  
   -0.86  -0.31  0.40  
   0.40  0.05  0.91  
   -0.30  0.95  0.08  

9  1413.12  -121.89  -43.31  
   0.05  -0.99  -0.11  
   0.99  0.03  0.16  
   -0.16  -0.12  0.98  

2  855.91  -38.84  577.75  
   0.56  -0.83  -0.01  
   0.83  0.56  0.00  
   0.01  -0.01  1.00  

3  1239.89  -27.68  18.31  
   -0.35  -0.02  -0.94  
   0.01  -1.00  0.02  
   -0.94  -0.00  0.35  

4  1179.17  129.48  -83.49  
   0.83  -0.41  0.37  
   0.51  0.83  -0.24  
   -0.21  0.39  0.90  

5  1347.94  272.36  58.04  
   -0.88  0.27  0.39  
   -0.30  0.30  -0.90  
   -0.36  -0.91  -0.19  

8  1296.14  -314.77  4.46  
   -0.86  -0.31  0.40  
   0.40  0.05  0.91  
   -0.30  0.95  0.08  

7  1161.31  -166.09  -95.10  
   0.80  0.41  0.43  
   -0.52  0.84  0.17  
   -0.29  -0.36  0.88  

6  1478.76  83.49  6.25  
   0.29  0.89  -0.36  
   -0.94  0.20  -0.28  
   -0.17  0.42  0.89  

9  1413.12  -121.89  -42.42  
   0.05  -0.99  -0.11  
   0.99  0.03  0.16  
   -0.16  -0.12  0.98  

2  855.91  -38.84  577.75  
   0.56  -0.83  -0.01  
   0.83  0.56  0.00  
   0.01  -0.01  1.00  

3  1239.89  -27.68  18.31  
   -0.35  -0.02  -0.94  
   0.01  -1.00  0.02  
   -0.94  -0.00  0.35  

4  1179.17  129.48  -83.49  
   0.83  -0.41  0.37  
   0.51  0.83  -0.24  
   -0.21  0.39  0.90  

6  1479.20  83.49  5.80  
   0.29  0.89  -0.36  
   -0.94  0.20  -0.27  
   -0.17  0.42  0.89  

8  1296.59  -314.77  4.46  
   -0.86  -0.31  0.40  
   0.40  0.05  0.91  
   -0.30  0.95  0.08  

5  1348.83  272.36  58.04  
   -0.88  0.27  0.38  
   -0.30  0.30  -0.90  
   -0.36  -0.91  -0.19  

7  1161.75  -166.09  -95.10  
   0.80  0.41  0.43  
   -0.52  0.84  0.17  
   -0.29  -0.36  0.88  

9  1413.12  -121.89  -42.86  
   0.05  -0.99  -0.11  
   0.99  0.03  0.16  
   -0.16  -0.12  0.98  

