2  682.67  -32.59  568.37  
   0.95  -0.31  0.07  
   0.31  0.95  0.00  
   -0.07  0.02  1.00  

3  1124.69  -42.86  61.61  
   -0.43  -0.04  -0.90  
   -0.12  -0.99  0.10  
   -0.90  0.15  0.42  

4  1034.06  133.95  -29.47  
   0.87  -0.34  0.35  
   0.48  0.74  -0.48  
   -0.09  0.58  0.81  

6  1216.22  141.54  274.14  
   0.95  0.14  -0.28  
   -0.29  0.00  -0.96  
   -0.13  0.99  0.04  

5  998.34  175.02  227.26  
   -0.21  0.69  0.69  
   -0.09  0.69  -0.72  
   -0.97  -0.21  -0.08  

7  1011.73  -204.94  -25.90  
   0.89  -0.10  0.43  
   -0.20  0.78  0.60  
   -0.40  -0.62  0.67  

8  974.68  -226.37  233.51  
   -0.20  -0.50  0.84  
   0.04  0.85  0.52  
   -0.98  0.14  -0.15  

9  1210.42  -212.97  267.00  
   0.94  -0.22  -0.26  
   0.19  -0.30  0.93  
   -0.29  -0.93  -0.24  

3  1123.80  -42.86  61.61  
   -0.43  -0.04  -0.90  
   -0.12  -0.99  0.10  
   -0.89  0.15  0.42  

2  683.12  -32.59  567.93  
   0.95  -0.31  0.07  
   0.31  0.95  0.00  
   -0.07  0.02  1.00  

4  1033.61  133.95  -29.47  
   0.87  -0.34  0.35  
   0.48  0.74  -0.48  
   -0.09  0.58  0.81  

5  998.79  175.47  227.26  
   -0.21  0.70  0.68  
   -0.09  0.68  -0.72  
   -0.97  -0.21  -0.08  

6  1216.67  137.96  275.03  
   0.94  0.14  -0.30  
   -0.30  0.00  -0.95  
   -0.13  0.99  0.04  

8  977.35  -228.15  233.51  
   -0.21  -0.53  0.82  
   0.03  0.84  0.54  
   -0.98  0.14  -0.16  

7  1011.29  -204.94  -25.45  
   0.90  -0.11  0.43  
   -0.20  0.78  0.60  
   -0.40  -0.62  0.67  

9  1211.31  -203.15  265.66  
   0.92  -0.22  -0.32  
   0.24  -0.32  0.92  
   -0.30  -0.92  -0.24  

2  682.67  -32.59  568.37  
   0.95  -0.31  0.07  
   0.31  0.95  0.00  
   -0.07  0.02  1.00  

6  1217.12  133.95  275.48  
   0.94  0.14  -0.32  
   -0.32  0.00  -0.95  
   -0.13  0.99  0.04  

5  1001.02  176.36  227.26  
   -0.21  0.71  0.67  
   -0.08  0.67  -0.74  
   -0.97  -0.21  -0.08  

4  1033.61  133.95  -29.47  
   0.87  -0.34  0.35  
   0.48  0.74  -0.48  
   -0.10  0.58  0.81  

3  1123.35  -42.42  61.61  
   -0.43  -0.04  -0.90  
   -0.12  -0.99  0.10  
   -0.89  0.15  0.42  

8  978.69  -228.60  233.96  
   -0.21  -0.55  0.81  
   0.02  0.83  0.56  
   -0.98  0.14  -0.16  

9  1214.44  -194.22  263.43  
   0.91  -0.21  -0.36  
   0.28  -0.33  0.90  
   -0.31  -0.92  -0.24  

7  1011.29  -204.94  -25.90  
   0.89  -0.11  0.43  
   -0.19  0.78  0.60  
   -0.40  -0.62  0.67  

4  1033.16  133.95  -29.47  
   0.87  -0.34  0.35  
   0.47  0.74  -0.48  
   -0.10  0.58  0.81  

2  682.67  -32.59  568.37  
   0.95  -0.31  0.07  
   0.31  0.95  0.00  
   -0.07  0.02  1.00  

5  1000.57  175.91  227.26  
   -0.21  0.71  0.67  
   -0.08  0.67  -0.74  
   -0.97  -0.21  -0.08  

3  1123.80  -42.42  61.17  
   -0.43  -0.04  -0.90  
   -0.12  -0.99  0.10  
   -0.89  0.15  0.42  

6  1217.12  133.05  275.03  
   0.94  0.14  -0.33  
   -0.33  -0.00  -0.94  
   -0.13  0.99  0.04  

9  1214.44  -193.77  263.43  
   0.91  -0.21  -0.36  
   0.28  -0.33  0.90  
   -0.31  -0.92  -0.24  

8  979.14  -229.05  233.96  
   -0.21  -0.55  0.81  
   0.02  0.83  0.56  
   -0.98  0.14  -0.16  

7  1011.29  -204.49  -26.34  
   0.89  -0.11  0.43  
   -0.19  0.78  0.60  
   -0.40  -0.62  0.67  

3  1123.80  -42.42  61.17  
   -0.43  -0.04  -0.90  
   -0.12  -0.99  0.10  
   -0.89  0.15  0.42  

2  683.12  -32.59  567.93  
   0.95  -0.31  0.07  
   0.31  0.95  0.00  
   -0.07  0.02  1.00  

4  1032.72  133.95  -29.47  
   0.87  -0.34  0.35  
   0.47  0.74  -0.48  
   -0.10  0.58  0.80  

5  1001.46  175.91  227.26  
   -0.21  0.71  0.67  
   -0.08  0.67  -0.74  
   -0.97  -0.21  -0.08  

7  1011.29  -204.49  -26.34  
   0.89  -0.11  0.43  
   -0.19  0.78  0.60  
   -0.41  -0.62  0.67  

8  978.69  -229.05  233.51  
   -0.21  -0.54  0.81  
   0.02  0.83  0.56  
   -0.98  0.14  -0.16  

6  1217.56  133.05  275.03  
   0.93  0.14  -0.33  
   -0.33  -0.00  -0.94  
   -0.13  0.99  0.04  

9  1213.99  -195.11  263.43  
   0.91  -0.21  -0.36  
   0.28  -0.33  0.90  
   -0.31  -0.92  -0.24  

2  682.67  -32.59  568.37  
   0.95  -0.31  0.07  
   0.31  0.95  0.00  
   -0.07  0.02  1.00  

3  1123.80  -42.42  60.72  
   -0.43  -0.04  -0.90  
   -0.12  -0.99  0.10  
   -0.89  0.15  0.42  

4  1032.72  134.39  -29.47  
   0.87  -0.33  0.35  
   0.47  0.74  -0.48  
   -0.10  0.58  0.80  

5  1001.46  176.81  227.26  
   -0.21  0.72  0.66  
   -0.08  0.66  -0.75  
   -0.97  -0.21  -0.08  

6  1218.01  132.16  274.59  
   0.93  0.14  -0.33  
   -0.33  -0.00  -0.94  
   -0.13  0.99  0.04  

8  979.59  -230.39  234.40  
   -0.21  -0.55  0.80  
   0.02  0.82  0.57  
   -0.98  0.14  -0.16  

7  1011.29  -204.49  -26.34  
   0.89  -0.12  0.43  
   -0.19  0.78  0.60  
   -0.41  -0.62  0.67  

9  1214.44  -192.88  263.43  
   0.91  -0.21  -0.36  
   0.28  -0.33  0.90  
   -0.31  -0.92  -0.24  

2  682.67  -32.59  568.37  
   0.95  -0.31  0.07  
   0.31  0.95  0.00  
   -0.07  0.02  1.00  

4  1033.16  133.95  -29.47  
   0.88  -0.33  0.35  
   0.47  0.74  -0.48  
   -0.10  0.59  0.80  

3  1123.35  -42.42  61.17  
   -0.43  -0.04  -0.90  
   -0.12  -0.99  0.10  
   -0.89  0.15  0.42  

6  1218.46  129.03  275.48  
   0.93  0.14  -0.35  
   -0.35  -0.00  -0.94  
   -0.13  0.99  0.05  

5  1003.25  177.70  226.81  
   -0.21  0.73  0.64  
   -0.07  0.65  -0.76  
   -0.97  -0.21  -0.08  

7  1011.29  -204.49  -26.34  
   0.89  -0.12  0.43  
   -0.19  0.78  0.60  
   -0.41  -0.62  0.67  

8  983.16  -232.17  233.96  
   -0.22  -0.59  0.78  
   0.01  0.80  0.60  
   -0.98  0.14  -0.17  

9  1215.78  -181.72  261.64  
   0.89  -0.20  -0.42  
   0.34  -0.34  0.88  
   -0.32  -0.92  -0.24  

2  683.12  -32.59  567.93  
   0.95  -0.31  0.07  
   0.31  0.95  0.00  
   -0.07  0.02  1.00  

5  1004.59  179.04  227.26  
   -0.22  0.75  0.63  
   -0.07  0.63  -0.77  
   -0.97  -0.21  -0.08  

6  1218.01  124.12  276.37  
   0.92  0.13  -0.37  
   -0.38  -0.00  -0.93  
   -0.12  0.99  0.05  

3  1123.35  -41.97  61.17  
   -0.43  -0.04  -0.90  
   -0.12  -0.99  0.10  
   -0.89  0.15  0.42  

4  1032.72  134.39  -29.47  
   0.88  -0.33  0.35  
   0.47  0.74  -0.48  
   -0.10  0.59  0.80  

8  985.39  -234.40  234.40  
   -0.22  -0.62  0.76  
   0.00  0.77  0.63  
   -0.97  0.14  -0.17  

7  1011.73  -204.49  -26.34  
   0.89  -0.12  0.43  
   -0.18  0.78  0.60  
   -0.41  -0.62  0.67  

9  1216.22  -175.91  258.96  
   0.87  -0.19  -0.45  
   0.37  -0.35  0.86  
   -0.32  -0.92  -0.24  

2  682.67  -32.15  568.37  
   0.95  -0.31  0.07  
   0.31  0.95  0.00  
   -0.07  0.02  1.00  

4  1033.16  134.39  -29.02  
   0.88  -0.33  0.35  
   0.47  0.74  -0.48  
   -0.10  0.59  0.80  

5  1005.93  179.93  227.71  
   -0.22  0.76  0.61  
   -0.06  0.61  -0.79  
   -0.97  -0.21  -0.08  

3  1122.91  -41.97  61.17  
   -0.43  -0.04  -0.90  
   -0.12  -0.99  0.10  
   -0.89  0.15  0.42  

6  1218.46  119.66  278.16  
   0.91  0.13  -0.40  
   -0.40  -0.01  -0.92  
   -0.12  0.99  0.04  

7  1011.29  -204.04  -26.79  
   0.89  -0.12  0.43  
   -0.18  0.78  0.60  
   -0.41  -0.61  0.67  

8  987.62  -236.19  233.51  
   -0.23  -0.64  0.73  
   -0.00  0.75  0.66  
   -0.97  0.15  -0.18  

9  1216.22  -167.88  258.51  
   0.85  -0.18  -0.50  
   0.41  -0.36  0.84  
   -0.33  -0.91  -0.23  

2  683.12  -32.59  568.37  
   0.95  -0.31  0.07  
   0.31  0.95  0.00  
   -0.07  0.02  1.00  

4  1032.72  134.84  -28.57  
   0.88  -0.32  0.35  
   0.47  0.74  -0.49  
   -0.10  0.59  0.80  

3  1122.91  -41.52  60.72  
   -0.44  -0.03  -0.90  
   -0.12  -0.99  0.09  
   -0.89  0.15  0.43  

5  1007.72  180.83  228.15  
   -0.22  0.77  0.60  
   -0.06  0.60  -0.79  
   -0.97  -0.21  -0.08  

8  990.75  -238.42  234.40  
   -0.23  -0.67  0.71  
   -0.01  0.73  0.69  
   -0.97  0.15  -0.18  

6  1220.24  115.19  278.16  
   0.90  0.12  -0.42  
   -0.42  -0.01  -0.91  
   -0.11  0.99  0.04  

7  1011.29  -203.60  -27.24  
   0.89  -0.13  0.43  
   -0.18  0.78  0.60  
   -0.41  -0.61  0.67  

9  1215.78  -156.27  258.07  
   0.82  -0.16  -0.54  
   0.46  -0.37  0.81  
   -0.33  -0.91  -0.23  

2  683.12  -32.59  568.37  
   0.95  -0.31  0.07  
   0.31  0.95  0.00  
   -0.07  0.02  1.00  

5  1010.39  182.61  228.15  
   -0.22  0.79  0.58  
   -0.06  0.58  -0.81  
   -0.97  -0.21  -0.09  

4  1032.27  134.84  -29.02  
   0.88  -0.32  0.35  
   0.46  0.74  -0.49  
   -0.11  0.59  0.80  

3  1122.46  -41.52  60.72  
   -0.44  -0.03  -0.90  
   -0.12  -0.99  0.09  
   -0.89  0.15  0.43  

6  1219.80  109.39  280.39  
   0.88  0.11  -0.45  
   -0.46  -0.01  -0.89  
   -0.10  0.99  0.04  

9  1214.88  -144.66  254.94  
   0.79  -0.14  -0.60  
   0.51  -0.39  0.77  
   -0.34  -0.91  -0.24  

8  994.77  -241.10  233.51  
   -0.24  -0.70  0.67  
   -0.02  0.69  0.72  
   -0.97  0.16  -0.19  

7  1010.84  -203.60  -27.68  
   0.89  -0.13  0.43  
   -0.17  0.78  0.60  
   -0.42  -0.61  0.67  

2  683.12  -32.59  567.93  
   0.95  -0.31  0.07  
   0.31  0.95  0.00  
   -0.07  0.02  1.00  

4  1031.83  134.39  -29.02  
   0.88  -0.31  0.36  
   0.46  0.74  -0.49  
   -0.11  0.59  0.80  

6  1220.24  101.35  282.18  
   0.86  0.10  -0.49  
   -0.49  -0.01  -0.87  
   -0.09  0.99  0.04  

5  1014.86  183.06  227.71  
   -0.23  0.81  0.54  
   -0.05  0.55  -0.83  
   -0.97  -0.22  -0.09  

3  1122.02  -41.52  60.28  
   -0.44  -0.03  -0.90  
   -0.12  -0.99  0.09  
   -0.89  0.15  0.43  

8  997.45  -244.23  233.06  
   -0.25  -0.73  0.64  
   -0.03  0.66  0.75  
   -0.97  0.17  -0.19  

7  1009.95  -203.15  -27.68  
   0.89  -0.14  0.43  
   -0.17  0.78  0.60  
   -0.42  -0.61  0.67  

9  1213.99  -137.52  252.71  
   0.76  -0.13  -0.64  
   0.55  -0.40  0.73  
   -0.35  -0.91  -0.23  

3  1122.46  -41.52  60.28  
   -0.44  -0.03  -0.90  
   -0.12  -0.99  0.09  
   -0.89  0.15  0.43  

4  1031.83  135.28  -29.02  
   0.88  -0.31  0.36  
   0.46  0.74  -0.49  
   -0.11  0.59  0.80  

2  683.12  -32.59  568.37  
   0.95  -0.31  0.07  
   0.31  0.95  0.00  
   -0.07  0.02  1.00  

5  1016.64  184.84  228.60  
   -0.23  0.83  0.51  
   -0.04  0.52  -0.85  
   -0.97  -0.22  -0.09  

7  1009.50  -203.15  -27.68  
   0.89  -0.14  0.43  
   -0.17  0.78  0.60  
   -0.42  -0.61  0.68  

8  1000.57  -246.91  233.51  
   -0.26  -0.76  0.60  
   -0.04  0.63  0.78  
   -0.97  0.18  -0.19  

6  1219.35  90.64  285.30  
   0.84  0.08  -0.54  
   -0.54  -0.01  -0.84  
   -0.08  1.00  0.04  

9  1210.87  -128.59  250.03  
   0.72  -0.12  -0.68  
   0.59  -0.41  0.69  
   -0.37  -0.90  -0.23  

2  682.67  -32.59  568.37  
   0.95  -0.31  0.07  
   0.31  0.95  0.00  
   -0.07  0.02  1.00  

7  1009.50  -202.70  -28.13  
   0.89  -0.14  0.43  
   -0.17  0.78  0.60  
   -0.42  -0.60  0.68  

5  1020.66  187.52  229.49  
   -0.24  0.85  0.47  
   -0.03  0.48  -0.88  
   -0.97  -0.22  -0.08  

6  1218.46  80.81  288.88  
   0.80  0.07  -0.59  
   -0.59  0.00  -0.80  
   -0.05  1.00  0.04  

4  1032.27  135.28  -29.02  
   0.88  -0.31  0.36  
   0.46  0.74  -0.49  
   -0.11  0.59  0.80  

3  1122.02  -41.52  59.83  
   -0.44  -0.03  -0.90  
   -0.12  -0.99  0.09  
   -0.89  0.15  0.43  

8  1003.70  -248.25  233.51  
   -0.26  -0.78  0.57  
   -0.05  0.60  0.80  
   -0.96  0.18  -0.19  

9  1209.53  -121.00  248.69  
   0.69  -0.11  -0.71  
   0.62  -0.42  0.66  
   -0.37  -0.90  -0.22  

2  682.67  -32.59  568.37  
   0.95  -0.31  0.07  
   0.31  0.95  0.00  
   -0.07  0.02  1.00  

3  1122.02  -41.08  59.83  
   -0.44  -0.03  -0.90  
   -0.12  -0.99  0.09  
   -0.89  0.14  0.43  

6  1217.56  75.90  292.89  
   0.78  0.04  -0.62  
   -0.62  0.00  -0.78  
   -0.03  1.00  0.03  

4  1032.27  135.73  -28.57  
   0.88  -0.31  0.35  
   0.45  0.74  -0.49  
   -0.11  0.60  0.79  

5  1022.90  187.97  229.94  
   -0.24  0.86  0.45  
   -0.03  0.46  -0.89  
   -0.97  -0.22  -0.08  

7  1009.95  -202.26  -28.57  
   0.89  -0.14  0.43  
   -0.17  0.79  0.60  
   -0.42  -0.60  0.68  

8  1004.14  -248.69  233.06  
   -0.26  -0.79  0.56  
   -0.05  0.59  0.81  
   -0.96  0.18  -0.19  

9  1208.19  -118.32  247.80  
   0.68  -0.11  -0.73  
   0.63  -0.42  0.65  
   -0.37  -0.90  -0.21  

2  683.12  -32.59  568.37  
   0.95  -0.31  0.07  
   0.31  0.95  0.00  
   -0.07  0.02  1.00  

5  1024.24  187.52  229.94  
   -0.24  0.87  0.44  
   -0.03  0.45  -0.90  
   -0.97  -0.23  -0.09  

4  1032.27  136.18  -28.57  
   0.88  -0.31  0.35  
   0.45  0.74  -0.49  
   -0.11  0.60  0.79  

3  1122.02  -40.63  60.28  
   -0.44  -0.03  -0.90  
   -0.11  -0.99  0.09  
   -0.89  0.14  0.43  

6  1217.56  73.22  297.36  
   0.77  0.02  -0.63  
   -0.63  0.01  -0.77  
   -0.01  1.00  0.02  

7  1009.50  -201.81  -28.13  
   0.89  -0.14  0.43  
   -0.17  0.79  0.60  
   -0.42  -0.60  0.68  

9  1206.85  -116.53  245.57  
   0.66  -0.11  -0.74  
   0.65  -0.42  0.64  
   -0.38  -0.90  -0.21  

8  1005.93  -250.48  233.06  
   -0.26  -0.80  0.54  
   -0.05  0.57  0.82  
   -0.96  0.19  -0.19  

2  682.67  -32.59  568.37  
   0.95  -0.31  0.07  
   0.31  0.95  0.00  
   -0.07  0.02  1.00  

4  1031.83  136.18  -28.13  
   0.88  -0.31  0.35  
   0.45  0.74  -0.49  
   -0.11  0.60  0.79  

3  1121.12  -40.63  60.72  
   -0.44  -0.03  -0.90  
   -0.11  -0.99  0.09  
   -0.89  0.14  0.43  

7  1009.50  -201.36  -28.13  
   0.89  -0.14  0.43  
   -0.16  0.79  0.60  
   -0.42  -0.60  0.68  

6  1213.99  63.85  302.72  
   0.73  0.01  -0.68  
   -0.68  0.02  -0.73  
   0.01  1.00  0.02  

5  1028.70  190.20  230.39  
   -0.25  0.89  0.39  
   -0.02  0.40  -0.92  
   -0.97  -0.24  -0.08  

8  1010.84  -251.82  233.06  
   -0.27  -0.82  0.50  
   -0.06  0.53  0.85  
   -0.96  0.20  -0.19  

9  1204.17  -108.50  246.46  
   0.63  -0.09  -0.78  
   0.68  -0.43  0.60  
   -0.38  -0.90  -0.21  

3  1120.68  -40.18  60.72  
   -0.44  -0.03  -0.90  
   -0.11  -0.99  0.09  
   -0.89  0.14  0.43  

2  682.67  -32.59  568.37  
   0.95  -0.31  0.07  
   0.31  0.95  0.00  
   -0.07  0.02  1.00  

4  1031.83  137.07  -28.57  
   0.89  -0.30  0.35  
   0.45  0.74  -0.50  
   -0.11  0.60  0.79  

5  1034.95  193.33  229.49  
   -0.26  0.90  0.34  
   -0.02  0.35  -0.94  
   -0.97  -0.25  -0.07  

6  1212.65  52.69  303.16  
   0.68  0.00  -0.73  
   -0.73  0.04  -0.68  
   0.02  1.00  0.03  

8  1016.64  -253.60  233.06  
   -0.28  -0.85  0.45  
   -0.07  0.48  0.87  
   -0.96  0.22  -0.19  

7  1009.05  -201.36  -28.13  
   0.89  -0.14  0.43  
   -0.16  0.79  0.60  
   -0.42  -0.60  0.68  

9  1203.28  -101.80  245.12  
   0.59  -0.07  -0.80  
   0.71  -0.43  0.56  
   -0.38  -0.90  -0.20  

2  683.12  -32.59  568.37  
   0.95  -0.31  0.07  
   0.31  0.95  0.00  
   -0.07  0.02  1.00  

4  1032.27  137.07  -28.57  
   0.89  -0.30  0.35  
   0.45  0.74  -0.50  
   -0.12  0.60  0.79  

3  1120.23  -40.18  60.72  
   -0.44  -0.03  -0.90  
   -0.11  -0.99  0.09  
   -0.89  0.14  0.43  

5  1041.65  193.77  229.05  
   -0.27  0.92  0.28  
   -0.01  0.28  -0.96  
   -0.96  -0.26  -0.07  

6  1210.42  41.08  304.50  
   0.63  0.00  -0.78  
   -0.78  0.06  -0.62  
   0.04  1.00  0.04  

7  1009.05  -201.36  -28.13  
   0.89  -0.15  0.43  
   -0.16  0.79  0.60  
   -0.43  -0.60  0.68  

8  1021.11  -254.94  233.06  
   -0.29  -0.87  0.41  
   -0.08  0.45  0.89  
   -0.95  0.23  -0.20  

9  1202.38  -95.99  246.91  
   0.56  -0.05  -0.82  
   0.74  -0.43  0.53  
   -0.37  -0.90  -0.21  

2  683.12  -32.59  567.93  
   0.95  -0.31  0.07  
   0.31  0.95  0.00  
   -0.07  0.02  1.00  

4  1031.38  137.07  -29.02  
   0.89  -0.29  0.35  
   0.44  0.75  -0.50  
   -0.12  0.60  0.79  

3  1119.78  -39.74  60.72  
   -0.44  -0.02  -0.90  
   -0.11  -0.99  0.08  
   -0.89  0.14  0.44  

5  1044.77  194.67  229.05  
   -0.27  0.93  0.25  
   -0.00  0.26  -0.97  
   -0.96  -0.26  -0.07  

6  1208.63  34.83  306.29  
   0.59  0.00  -0.81  
   -0.80  0.07  -0.59  
   0.05  1.00  0.05  

8  1026.47  -258.07  231.28  
   -0.30  -0.88  0.37  
   -0.08  0.41  0.91  
   -0.95  0.24  -0.19  

9  1201.49  -89.30  249.14  
   0.54  -0.02  -0.84  
   0.76  -0.41  0.49  
   -0.36  -0.91  -0.21  

7  1008.16  -200.92  -28.13  
   0.89  -0.15  0.43  
   -0.15  0.79  0.60  
   -0.43  -0.60  0.68  

2  683.12  -32.59  568.37  
   0.95  -0.31  0.07  
   0.31  0.95  0.00  
   -0.07  0.02  1.00  

3  1119.34  -39.29  60.72  
   -0.44  -0.02  -0.90  
   -0.12  -0.99  0.08  
   -0.89  0.14  0.44  

4  1030.93  137.07  -29.02  
   0.89  -0.29  0.36  
   0.44  0.75  -0.50  
   -0.12  0.60  0.79  

5  1047.01  195.11  228.60  
   -0.27  0.94  0.22  
   -0.00  0.23  -0.97  
   -0.96  -0.27  -0.06  

6  1205.51  28.57  308.52  
   0.56  0.01  -0.83  
   -0.83  0.09  -0.56  
   0.07  1.00  0.06  

7  1008.16  -200.47  -28.13  
   0.89  -0.16  0.43  
   -0.15  0.79  0.60  
   -0.43  -0.60  0.68  

8  1030.49  -257.62  233.06  
   -0.31  -0.89  0.33  
   -0.08  0.38  0.92  
   -0.95  0.25  -0.19  

9  1201.49  -83.94  251.82  
   0.51  0.01  -0.86  
   0.79  -0.40  0.46  
   -0.34  -0.92  -0.21  

4  1030.49  137.52  -29.02  
   0.89  -0.29  0.36  
   0.44  0.75  -0.49  
   -0.13  0.60  0.79  

2  682.67  -32.15  568.37  
   0.95  -0.31  0.07  
   0.31  0.95  0.00  
   -0.07  0.02  1.00  

3  1119.34  -39.29  60.28  
   -0.44  -0.02  -0.90  
   -0.12  -0.99  0.08  
   -0.89  0.14  0.44  

5  1051.92  195.11  229.05  
   -0.28  0.94  0.19  
   0.01  0.20  -0.98  
   -0.96  -0.27  -0.06  

6  1204.17  23.66  309.86  
   0.52  0.02  -0.85  
   -0.85  0.12  -0.51  
   0.09  0.99  0.08  

7  1008.61  -200.47  -28.57  
   0.89  -0.17  0.43  
   -0.14  0.79  0.60  
   -0.43  -0.59  0.68  

8  1035.84  -258.96  232.17  
   -0.31  -0.90  0.30  
   -0.09  0.34  0.93  
   -0.95  0.27  -0.19  

9  1201.49  -79.47  251.82  
   0.48  0.03  -0.87  
   0.81  -0.39  0.44  
   -0.32  -0.92  -0.21  

2  683.12  -32.59  568.37  
   0.95  -0.31  0.07  
   0.31  0.95  0.00  
   -0.07  0.02  1.00  

3  1119.78  -39.29  60.28  
   -0.44  -0.02  -0.90  
   -0.12  -0.99  0.08  
   -0.89  0.14  0.44  

4  1030.04  137.52  -29.02  
   0.89  -0.28  0.36  
   0.44  0.75  -0.49  
   -0.13  0.60  0.79  

6  1202.38  16.97  308.97  
   0.48  0.05  -0.87  
   -0.87  0.13  -0.47  
   0.09  0.99  0.11  

5  1056.38  195.56  227.26  
   -0.29  0.94  0.15  
   0.01  0.16  -0.99  
   -0.96  -0.29  -0.06  

7  1008.61  -200.47  -28.57  
   0.89  -0.17  0.43  
   -0.14  0.79  0.60  
   -0.44  -0.59  0.68  

8  1040.31  -258.96  230.83  
   -0.32  -0.91  0.28  
   -0.09  0.32  0.94  
   -0.94  0.28  -0.18  

9  1201.94  -76.80  253.16  
   0.46  0.04  -0.89  
   0.83  -0.37  0.42  
   -0.31  -0.93  -0.20  

2  682.67  -32.59  568.37  
   0.95  -0.31  0.07  
   0.31  0.95  0.00  
   -0.07  0.02  1.00  

4  1030.04  137.52  -29.02  
   0.89  -0.28  0.36  
   0.44  0.75  -0.49  
   -0.13  0.59  0.79  

3  1119.78  -39.29  59.83  
   -0.45  -0.02  -0.89  
   -0.12  -0.99  0.08  
   -0.89  0.14  0.44  

5  1058.17  196.01  227.71  
   -0.30  0.95  0.13  
   0.01  0.14  -0.99  
   -0.96  -0.29  -0.05  

6  1201.94  15.63  306.73  
   0.47  0.07  -0.88  
   -0.88  0.13  -0.46  
   0.08  0.99  0.12  

7  1008.61  -200.47  -29.02  
   0.89  -0.18  0.43  
   -0.13  0.79  0.60  
   -0.44  -0.59  0.68  

9  1201.49  -74.56  254.05  
   0.45  0.04  -0.89  
   0.84  -0.35  0.40  
   -0.30  -0.93  -0.19  

8  1043.43  -259.85  229.94  
   -0.33  -0.91  0.26  
   -0.09  0.30  0.95  
   -0.94  0.29  -0.18  

2  683.12  -32.59  568.37  
   0.95  -0.31  0.07  
   0.31  0.95  0.00  
   -0.07  0.02  1.00  

6  1199.70  11.16  305.84  
   0.43  0.08  -0.90  
   -0.90  0.14  -0.42  
   0.09  0.99  0.13  

3  1119.78  -38.84  59.83  
   -0.45  -0.02  -0.89  
   -0.12  -0.99  0.08  
   -0.89  0.14  0.44  

4  1029.59  137.07  -29.02  
   0.89  -0.28  0.36  
   0.44  0.75  -0.49  
   -0.14  0.59  0.79  

5  1062.63  198.69  225.92  
   -0.30  0.95  0.10  
   0.01  0.11  -0.99  
   -0.95  -0.30  -0.04  

9  1201.94  -71.88  253.60  
   0.43  0.04  -0.90  
   0.86  -0.34  0.39  
   -0.29  -0.94  -0.18  

7  1009.05  -200.47  -29.47  
   0.89  -0.18  0.43  
   -0.13  0.79  0.60  
   -0.44  -0.59  0.68  

8  1047.01  -261.19  229.49  
   -0.34  -0.91  0.23  
   -0.09  0.28  0.96  
   -0.94  0.30  -0.17  

2  682.67  -32.59  568.37  
   0.95  -0.31  0.07  
   0.31  0.95  0.00  
   -0.07  0.02  1.00  

4  1029.59  137.07  -29.91  
   0.89  -0.27  0.36  
   0.43  0.76  -0.49  
   -0.14  0.59  0.79  

3  1119.78  -39.29  59.38  
   -0.45  -0.02  -0.89  
   -0.12  -0.99  0.08  
   -0.89  0.14  0.44  

5  1067.99  200.03  224.58  
   -0.31  0.95  0.06  
   0.01  0.07  -1.00  
   -0.95  -0.31  -0.03  

8  1051.02  -262.98  229.05  
   -0.35  -0.91  0.21  
   -0.08  0.26  0.96  
   -0.93  0.32  -0.17  

6  1197.02  6.25  304.50  
   0.38  0.10  -0.92  
   -0.92  0.14  -0.37  
   0.09  0.98  0.15  

7  1008.61  -200.47  -29.47  
   0.89  -0.18  0.43  
   -0.13  0.79  0.60  
   -0.45  -0.59  0.68  

9  1200.15  -70.10  253.16  
   0.42  0.05  -0.91  
   0.87  -0.33  0.38  
   -0.28  -0.94  -0.18  

2  683.12  -32.59  567.93  
   0.95  -0.31  0.07  
   0.31  0.95  0.00  
   -0.07  0.02  1.00  

3  1120.23  -38.84  59.83  
   -0.45  -0.02  -0.89  
   -0.12  -0.99  0.08  
   -0.89  0.14  0.44  

4  1030.04  137.07  -29.91  
   0.89  -0.27  0.37  
   0.43  0.76  -0.49  
   -0.14  0.59  0.79  

5  1068.88  199.58  223.69  
   -0.31  0.95  0.05  
   0.01  0.05  -1.00  
   -0.95  -0.31  -0.03  

8  1052.36  -262.98  228.15  
   -0.35  -0.91  0.20  
   -0.09  0.24  0.97  
   -0.93  0.32  -0.16  

7  1008.16  -200.47  -29.91  
   0.88  -0.18  0.43  
   -0.13  0.79  0.60  
   -0.45  -0.58  0.68  

6  1195.69  4.46  304.06  
   0.37  0.12  -0.92  
   -0.92  0.14  -0.35  
   0.09  0.98  0.16  

9  1197.92  -69.65  255.39  
   0.41  0.07  -0.91  
   0.87  -0.32  0.37  
   -0.26  -0.94  -0.20  

2  683.12  -32.59  568.37  
   0.95  -0.31  0.07  
   0.31  0.95  0.00  
   -0.07  0.02  1.00  

3  1119.78  -38.84  59.83  
   -0.45  -0.02  -0.89  
   -0.12  -0.99  0.08  
   -0.89  0.14  0.44  

4  1029.59  137.07  -29.91  
   0.89  -0.27  0.37  
   0.43  0.76  -0.49  
   -0.15  0.59  0.79  

6  1193.45  5.36  304.06  
   0.36  0.13  -0.92  
   -0.93  0.14  -0.34  
   0.09  0.98  0.17  

5  1068.88  199.58  223.24  
   -0.31  0.95  0.04  
   0.01  0.04  -1.00  
   -0.95  -0.31  -0.03  

8  1052.81  -263.43  228.15  
   -0.35  -0.92  0.19  
   -0.09  0.24  0.97  
   -0.93  0.32  -0.16  

7  1007.72  -200.47  -29.47  
   0.88  -0.18  0.43  
   -0.13  0.79  0.59  
   -0.45  -0.58  0.68  

9  1196.13  -68.31  256.73  
   0.42  0.09  -0.90  
   0.87  -0.32  0.37  
   -0.25  -0.94  -0.21  

3  1118.89  -38.84  59.83  
   -0.45  -0.02  -0.89  
   -0.12  -0.99  0.08  
   -0.89  0.14  0.44  

4  1029.59  137.07  -30.36  
   0.89  -0.27  0.37  
   0.43  0.76  -0.49  
   -0.15  0.59  0.79  

2  683.12  -32.59  568.37  
   0.95  -0.31  0.07  
   0.31  0.95  0.00  
   -0.07  0.02  1.00  

6  1190.77  4.46  303.61  
   0.35  0.14  -0.93  
   -0.93  0.14  -0.33  
   0.09  0.98  0.18  

5  1070.22  199.58  223.69  
   -0.31  0.95  0.02  
   0.02  0.03  -1.00  
   -0.95  -0.31  -0.02  

8  1053.70  -263.87  227.26  
   -0.35  -0.92  0.18  
   -0.09  0.22  0.97  
   -0.93  0.33  -0.16  

9  1194.35  -65.63  256.73  
   0.41  0.12  -0.90  
   0.88  -0.31  0.36  
   -0.24  -0.94  -0.23  

7  1006.82  -200.47  -29.91  
   0.88  -0.18  0.43  
   -0.13  0.80  0.59  
   -0.45  -0.58  0.68  

2  682.67  -32.59  568.37  
   0.95  -0.31  0.07  
   0.31  0.95  0.00  
   -0.07  0.02  1.00  

3  1118.89  -38.84  59.83  
   -0.45  -0.02  -0.89  
   -0.12  -0.99  0.08  
   -0.89  0.14  0.44  

4  1029.15  137.07  -29.91  
   0.89  -0.27  0.37  
   0.43  0.76  -0.49  
   -0.15  0.59  0.79  

7  1006.82  -200.47  -30.36  
   0.88  -0.18  0.43  
   -0.13  0.80  0.59  
   -0.45  -0.57  0.68  

6  1189.88  2.23  303.61  
   0.33  0.14  -0.93  
   -0.94  0.15  -0.31  
   0.09  0.98  0.18  

5  1072.46  200.47  223.24  
   -0.31  0.95  -0.00  
   0.02  0.00  -1.00  
   -0.95  -0.31  -0.02  

8  1055.04  -264.32  227.26  
   -0.36  -0.92  0.17  
   -0.09  0.21  0.97  
   -0.93  0.33  -0.16  

9  1193.45  -64.74  258.96  
   0.41  0.14  -0.90  
   0.88  -0.31  0.35  
   -0.23  -0.94  -0.26  

2  683.12  -32.59  567.93  
   0.95  -0.31  0.07  
   0.31  0.95  0.00  
   -0.07  0.02  1.00  

4  1029.15  136.62  -30.36  
   0.89  -0.26  0.37  
   0.43  0.76  -0.49  
   -0.15  0.59  0.79  

3  1118.44  -38.40  59.83  
   -0.45  -0.01  -0.90  
   -0.12  -0.99  0.07  
   -0.89  0.14  0.44  

5  1073.35  200.92  222.35  
   -0.32  0.95  -0.01  
   0.01  -0.00  -1.00  
   -0.95  -0.32  -0.01  

6  1189.43  1.34  303.16  
   0.32  0.15  -0.94  
   -0.94  0.15  -0.30  
   0.10  0.98  0.19  

7  1006.82  -200.47  -30.36  
   0.88  -0.18  0.43  
   -0.12  0.80  0.59  
   -0.45  -0.57  0.68  

9  1192.56  -64.74  259.41  
   0.41  0.16  -0.90  
   0.88  -0.32  0.34  
   -0.23  -0.94  -0.27  

8  1055.49  -263.87  227.71  
   -0.36  -0.92  0.16  
   -0.09  0.21  0.97  
   -0.93  0.33  -0.16  

2  683.12  -32.59  567.93  
   0.95  -0.31  0.07  
   0.31  0.95  0.00  
   -0.07  0.02  1.00  

3  1118.44  -38.84  60.28  
   -0.45  -0.01  -0.89  
   -0.12  -0.99  0.07  
   -0.89  0.14  0.44  

4  1029.15  136.62  -31.25  
   0.89  -0.26  0.37  
   0.43  0.76  -0.49  
   -0.15  0.59  0.79  

5  1073.35  200.47  221.90  
   -0.32  0.95  -0.01  
   0.01  -0.01  -1.00  
   -0.95  -0.32  -0.01  

6  1189.43  1.34  303.61  
   0.32  0.15  -0.94  
   -0.94  0.15  -0.30  
   0.10  0.98  0.19  

9  1191.67  -63.85  259.85  
   0.40  0.16  -0.90  
   0.88  -0.32  0.34  
   -0.23  -0.93  -0.27  

8  1055.49  -263.87  227.71  
   -0.35  -0.92  0.16  
   -0.09  0.21  0.97  
   -0.93  0.33  -0.16  

7  1006.82  -200.92  -29.91  
   0.88  -0.18  0.43  
   -0.12  0.80  0.59  
   -0.45  -0.57  0.68  

2  683.12  -32.59  568.37  
   0.95  -0.31  0.07  
   0.31  0.95  0.00  
   -0.07  0.02  1.00  

4  1028.70  136.18  -31.25  
   0.89  -0.26  0.37  
   0.43  0.76  -0.49  
   -0.16  0.59  0.79  

3  1117.55  -39.29  59.83  
   -0.45  -0.01  -0.89  
   -0.12  -0.99  0.07  
   -0.89  0.14  0.44  

6  1188.99  1.79  303.16  
   0.32  0.15  -0.94  
   -0.94  0.15  -0.30  
   0.10  0.98  0.19  

5  1073.35  200.47  222.35  
   -0.32  0.95  -0.01  
   0.01  -0.01  -1.00  
   -0.95  -0.32  -0.01  

7  1006.38  -201.36  -29.91  
   0.88  -0.18  0.43  
   -0.12  0.80  0.59  
   -0.45  -0.57  0.68  

8  1055.04  -263.87  228.15  
   -0.35  -0.92  0.16  
   -0.10  0.21  0.97  
   -0.93  0.33  -0.16  

9  1191.22  -63.85  259.41  
   0.40  0.16  -0.90  
   0.88  -0.32  0.34  
   -0.23  -0.93  -0.27  

2  683.12  -32.59  568.37  
   0.95  -0.31  0.07  
   0.31  0.95  0.00  
   -0.07  0.02  1.00  

3  1117.10  -39.29  59.83  
   -0.45  -0.01  -0.89  
   -0.12  -0.99  0.07  
   -0.88  0.14  0.44  

4  1028.25  136.18  -31.70  
   0.89  -0.26  0.37  
   0.43  0.76  -0.49  
   -0.16  0.59  0.79  

5  1073.35  200.47  221.90  
   -0.32  0.95  -0.01  
   0.01  -0.01  -1.00  
   -0.95  -0.32  -0.01  

7  1006.38  -201.81  -29.47  
   0.88  -0.18  0.43  
   -0.12  0.80  0.59  
   -0.45  -0.57  0.68  

8  1054.60  -263.87  228.60  
   -0.35  -0.92  0.16  
   -0.10  0.21  0.97  
   -0.93  0.33  -0.17  

6  1189.43  1.34  302.72  
   0.32  0.15  -0.94  
   -0.94  0.16  -0.30  
   0.10  0.98  0.19  

9  1190.77  -63.85  259.41  
   0.40  0.16  -0.90  
   0.88  -0.32  0.34  
   -0.23  -0.93  -0.28  

2  683.12  -32.59  567.93  
   0.95  -0.31  0.07  
   0.31  0.95  0.00  
   -0.07  0.02  1.00  

3  1116.66  -39.29  60.28  
   -0.45  -0.01  -0.89  
   -0.12  -0.99  0.08  
   -0.88  0.14  0.44  

4  1028.25  135.73  -31.25  
   0.89  -0.26  0.37  
   0.43  0.76  -0.49  
   -0.16  0.59  0.79  

5  1069.78  198.69  223.24  
   -0.32  0.95  0.02  
   0.02  0.02  -1.00  
   -0.95  -0.32  -0.02  

6  1189.43  0.89  304.06  
   0.33  0.14  -0.93  
   -0.94  0.15  -0.31  
   0.10  0.98  0.18  

7  1005.04  -201.36  -29.02  
   0.88  -0.18  0.43  
   -0.13  0.80  0.59  
   -0.45  -0.58  0.68  

8  1047.90  -261.64  231.28  
   -0.35  -0.92  0.20  
   -0.10  0.25  0.96  
   -0.93  0.31  -0.18  

9  1192.11  -65.63  260.30  
   0.41  0.13  -0.90  
   0.88  -0.33  0.35  
   -0.25  -0.94  -0.25  

3  1116.66  -39.74  60.28  
   -0.45  -0.01  -0.89  
   -0.12  -0.99  0.08  
   -0.88  0.14  0.44  

4  1027.36  135.73  -30.36  
   0.89  -0.27  0.37  
   0.43  0.76  -0.49  
   -0.15  0.59  0.79  

2  682.67  -32.59  568.37  
   0.95  -0.31  0.07  
   0.31  0.95  0.00  
   -0.07  0.02  1.00  

5  1062.63  196.45  225.92  
   -0.31  0.95  0.08  
   0.02  0.09  -1.00  
   -0.95  -0.31  -0.04  

6  1194.35  2.23  301.38  
   0.38  0.11  -0.92  
   -0.92  0.14  -0.37  
   0.09  0.98  0.16  

8  1042.09  -258.96  233.06  
   -0.34  -0.91  0.25  
   -0.10  0.30  0.95  
   -0.94  0.30  -0.19  

9  1195.69  -69.65  258.51  
   0.43  0.10  -0.89  
   0.86  -0.35  0.37  
   -0.28  -0.93  -0.24  

7  1004.59  -201.81  -28.57  
   0.88  -0.17  0.43  
   -0.13  0.79  0.59  
   -0.45  -0.58  0.68  

3  1117.10  -40.18  60.28  
   -0.45  -0.02  -0.89  
   -0.12  -0.99  0.08  
   -0.88  0.14  0.45  

2  682.67  -32.59  568.37  
   0.95  -0.31  0.07  
   0.31  0.95  0.00  
   -0.07  0.02  1.00  

4  1027.36  136.18  -29.91  
   0.89  -0.27  0.37  
   0.43  0.76  -0.49  
   -0.14  0.60  0.79  

6  1200.15  10.72  301.82  
   0.45  0.10  -0.89  
   -0.89  0.13  -0.43  
   0.08  0.99  0.14  

5  1057.72  195.11  227.26  
   -0.31  0.94  0.13  
   0.02  0.14  -0.99  
   -0.95  -0.30  -0.06  

7  1004.59  -201.81  -28.13  
   0.89  -0.17  0.43  
   -0.14  0.79  0.59  
   -0.44  -0.59  0.68  

9  1198.81  -76.35  256.28  
   0.48  0.07  -0.87  
   0.82  -0.40  0.42  
   -0.32  -0.91  -0.25  

8  1034.95  -257.18  233.96  
   -0.33  -0.89  0.31  
   -0.10  0.36  0.93  
   -0.94  0.28  -0.21  

2  683.12  -32.59  567.93  
   0.95  -0.31  0.07  
   0.31  0.95  0.00  
   -0.07  0.02  1.00  

4  1027.81  135.73  -29.47  
   0.89  -0.28  0.36  
   0.44  0.75  -0.49  
   -0.14  0.60  0.79  

3  1117.10  -40.63  60.28  
   -0.46  -0.02  -0.89  
   -0.12  -0.99  0.08  
   -0.88  0.14  0.45  

6  1205.06  19.65  300.93  
   0.51  0.07  -0.85  
   -0.85  0.12  -0.50  
   0.07  0.99  0.12  

5  1051.02  191.99  228.60  
   -0.30  0.94  0.18  
   0.01  0.19  -0.98  
   -0.95  -0.29  -0.07  

7  1004.59  -201.81  -27.68  
   0.89  -0.17  0.43  
   -0.14  0.79  0.60  
   -0.44  -0.59  0.68  

9  1202.38  -85.72  253.60  
   0.54  0.03  -0.84  
   0.77  -0.43  0.47  
   -0.34  -0.90  -0.26  

8  1027.81  -253.60  234.40  
   -0.32  -0.87  0.37  
   -0.09  0.42  0.90  
   -0.94  0.26  -0.22  

2  682.67  -32.59  568.37  
   0.95  -0.31  0.07  
   0.31  0.95  0.00  
   -0.07  0.02  1.00  

3  1117.10  -40.63  60.28  
   -0.46  -0.02  -0.89  
   -0.12  -0.99  0.08  
   -0.88  0.14  0.45  

4  1027.81  135.73  -29.02  
   0.89  -0.28  0.36  
   0.44  0.75  -0.49  
   -0.13  0.60  0.79  

5  1044.77  191.10  231.28  
   -0.29  0.93  0.24  
   0.01  0.26  -0.97  
   -0.96  -0.28  -0.08  

7  1004.14  -202.26  -27.24  
   0.89  -0.16  0.43  
   -0.15  0.79  0.60  
   -0.44  -0.60  0.67  

8  1019.77  -252.26  235.30  
   -0.32  -0.83  0.45  
   -0.08  0.50  0.86  
   -0.94  0.24  -0.23  

6  1211.31  29.91  299.14  
   0.59  0.06  -0.80  
   -0.80  0.10  -0.59  
   0.05  0.99  0.10  

9  1208.63  -96.44  251.37  
   0.60  -0.01  -0.80  
   0.71  -0.45  0.54  
   -0.36  -0.89  -0.26  

2  682.67  -32.59  568.37  
   0.95  -0.31  0.07  
   0.31  0.95  0.00  
   -0.07  0.02  1.00  

3  1117.55  -41.08  59.38  
   -0.47  -0.02  -0.88  
   -0.12  -0.99  0.09  
   -0.88  0.14  0.46  

4  1027.81  135.73  -29.02  
   0.89  -0.28  0.36  
   0.44  0.75  -0.49  
   -0.13  0.60  0.79  

5  1040.76  189.76  231.28  
   -0.28  0.92  0.28  
   0.01  0.29  -0.96  
   -0.96  -0.27  -0.09  

6  1215.78  40.63  299.14  
   0.64  0.05  -0.76  
   -0.76  0.08  -0.64  
   0.03  0.99  0.09  

7  1004.59  -202.26  -27.24  
   0.89  -0.16  0.43  
   -0.15  0.79  0.60  
   -0.44  -0.60  0.67  

8  1015.75  -247.80  236.19  
   -0.31  -0.81  0.50  
   -0.08  0.54  0.84  
   -0.95  0.22  -0.23  

9  1212.65  -105.37  251.37  
   0.65  -0.04  -0.76  
   0.66  -0.46  0.59  
   -0.37  -0.89  -0.27  

5  1036.29  185.74  231.28  
   -0.28  0.90  0.32  
   0.01  0.34  -0.94  
   -0.96  -0.26  -0.10  

4  1028.25  135.28  -29.02  
   0.89  -0.28  0.36  
   0.44  0.75  -0.49  
   -0.13  0.60  0.79  

2  683.12  -32.59  568.37  
   0.95  -0.31  0.07  
   0.31  0.95  0.00  
   -0.07  0.02  1.00  

3  1117.55  -40.63  59.38  
   -0.47  -0.02  -0.88  
   -0.12  -0.99  0.09  
   -0.88  0.14  0.46  

6  1218.46  52.24  300.48  
   0.70  0.04  -0.71  
   -0.71  0.07  -0.70  
   0.03  1.00  0.08  

7  1004.59  -202.26  -26.79  
   0.89  -0.16  0.43  
   -0.15  0.78  0.60  
   -0.44  -0.60  0.67  

9  1215.78  -114.30  251.82  
   0.69  -0.06  -0.72  
   0.61  -0.47  0.63  
   -0.38  -0.88  -0.29  

8  1009.05  -245.57  236.19  
   -0.30  -0.77  0.56  
   -0.06  0.60  0.80  
   -0.95  0.21  -0.23  

2  682.67  -32.59  568.37  
   0.95  -0.31  0.07  
   0.31  0.95  0.00  
   -0.07  0.02  1.00  

5  1030.49  183.51  232.17  
   -0.27  0.89  0.38  
   0.00  0.39  -0.92  
   -0.96  -0.25  -0.11  

4  1028.70  134.84  -28.57  
   0.89  -0.29  0.36  
   0.44  0.75  -0.49  
   -0.13  0.60  0.79  

3  1118.00  -41.08  59.83  
   -0.47  -0.02  -0.88  
   -0.12  -0.99  0.09  
   -0.88  0.14  0.46  

7  1005.04  -203.15  -26.34  
   0.89  -0.15  0.43  
   -0.16  0.78  0.60  
   -0.43  -0.60  0.67  

6  1223.37  65.19  297.81  
   0.77  0.04  -0.64  
   -0.64  0.06  -0.77  
   0.01  1.00  0.07  

8  1003.25  -241.10  236.64  
   -0.29  -0.73  0.61  
   -0.05  0.65  0.76  
   -0.95  0.19  -0.23  

9  1218.01  -130.82  252.71  
   0.75  -0.09  -0.66  
   0.54  -0.48  0.69  
   -0.38  -0.87  -0.31  

2  682.67  -32.59  568.37  
   0.95  -0.31  0.07  
   0.31  0.95  0.00  
   -0.07  0.02  1.00  

3  1118.00  -40.63  59.83  
   -0.46  -0.02  -0.89  
   -0.12  -0.99  0.09  
   -0.88  0.14  0.45  

6  1226.05  81.71  296.91  
   0.83  0.04  -0.56  
   -0.56  0.05  -0.83  
   -0.00  1.00  0.06  

5  1025.57  181.27  232.62  
   -0.26  0.87  0.43  
   -0.00  0.44  -0.90  
   -0.97  -0.23  -0.11  

4  1029.59  134.84  -28.13  
   0.89  -0.29  0.36  
   0.45  0.75  -0.49  
   -0.12  0.60  0.79  

7  1005.48  -203.60  -26.34  
   0.89  -0.15  0.43  
   -0.16  0.78  0.60  
   -0.43  -0.61  0.67  

8  997.45  -238.42  237.08  
   -0.28  -0.69  0.66  
   -0.03  0.70  0.72  
   -0.96  0.18  -0.22  

9  1219.35  -143.32  256.28  
   0.79  -0.12  -0.60  
   0.48  -0.49  0.73  
   -0.38  -0.86  -0.33  

2  682.67  -32.59  568.37  
   0.95  -0.31  0.07  
   0.31  0.95  0.00  
   -0.07  0.02  1.00  

4  1029.15  134.84  -27.68  
   0.89  -0.30  0.36  
   0.45  0.75  -0.49  
   -0.12  0.60  0.79  

5  1021.11  179.93  232.17  
   -0.26  0.84  0.47  
   -0.01  0.48  -0.88  
   -0.97  -0.23  -0.12  

3  1118.44  -40.63  60.28  
   -0.46  -0.03  -0.89  
   -0.12  -0.99  0.09  
   -0.88  0.14  0.45  

6  1227.39  99.57  293.79  
   0.88  0.06  -0.48  
   -0.48  0.04  -0.88  
   -0.03  1.00  0.06  

7  1006.38  -203.15  -26.34  
   0.89  -0.14  0.44  
   -0.17  0.78  0.60  
   -0.43  -0.61  0.67  

9  1220.69  -157.16  258.07  
   0.84  -0.15  -0.53  
   0.40  -0.49  0.78  
   -0.38  -0.86  -0.35  

8  993.43  -233.51  236.64  
   -0.27  -0.65  0.71  
   -0.01  0.74  0.67  
   -0.96  0.18  -0.21  

2  683.12  -32.59  568.37  
   0.95  -0.31  0.07  
   0.31  0.95  0.00  
   -0.07  0.02  1.00  

6  1226.94  118.32  290.21  
   0.92  0.07  -0.39  
   -0.39  0.03  -0.92  
   -0.06  1.00  0.06  

4  1028.70  135.28  -27.24  
   0.88  -0.30  0.36  
   0.46  0.74  -0.49  
   -0.12  0.60  0.79  

3  1118.89  -40.63  59.83  
   -0.45  -0.03  -0.89  
   -0.12  -0.99  0.09  
   -0.88  0.14  0.45  

5  1014.41  177.70  233.06  
   -0.26  0.80  0.54  
   -0.03  0.55  -0.83  
   -0.97  -0.23  -0.12  

9  1221.13  -178.15  259.41  
   0.88  -0.19  -0.44  
   0.31  -0.48  0.82  
   -0.37  -0.85  -0.36  

8  987.18  -230.83  236.19  
   -0.27  -0.59  0.76  
   0.01  0.79  0.62  
   -0.96  0.17  -0.20  

7  1006.38  -203.15  -25.90  
   0.89  -0.14  0.44  
   -0.17  0.78  0.60  
   -0.42  -0.61  0.67  

3  1118.44  -40.63  60.28  
   -0.45  -0.03  -0.89  
   -0.12  -0.99  0.09  
   -0.88  0.14  0.45  

2  683.12  -32.59  567.93  
   0.95  -0.31  0.07  
   0.31  0.95  0.00  
   -0.07  0.02  1.00  

4  1027.81  135.28  -27.24  
   0.88  -0.31  0.36  
   0.46  0.74  -0.49  
   -0.12  0.60  0.79  

5  1009.95  176.36  232.62  
   -0.25  0.77  0.58  
   -0.04  0.59  -0.80  
   -0.97  -0.23  -0.12  

6  1225.60  131.27  288.43  
   0.94  0.09  -0.32  
   -0.32  0.03  -0.95  
   -0.07  1.00  0.06  

9  1218.46  -196.01  262.09  
   0.90  -0.22  -0.36  
   0.23  -0.47  0.85  
   -0.36  -0.86  -0.37  

8  982.71  -228.15  236.64  
   -0.26  -0.55  0.80  
   0.03  0.82  0.57  
   -0.97  0.17  -0.20  

7  1005.93  -203.15  -25.45  
   0.89  -0.13  0.44  
   -0.18  0.78  0.60  
   -0.42  -0.62  0.67  

2  683.12  -32.59  568.37  
   0.95  -0.31  0.07  
   0.31  0.95  0.00  
   -0.07  0.02  1.00  

6  1224.26  143.77  285.75  
   0.96  0.10  -0.26  
   -0.27  0.04  -0.96  
   -0.08  0.99  0.06  

5  1006.38  175.47  233.06  
   -0.25  0.75  0.61  
   -0.05  0.62  -0.78  
   -0.97  -0.23  -0.11  

3  1118.44  -40.18  60.28  
   -0.45  -0.03  -0.89  
   -0.12  -0.99  0.09  
   -0.88  0.14  0.44  

4  1027.36  135.73  -27.24  
   0.88  -0.31  0.36  
   0.47  0.74  -0.49  
   -0.12  0.60  0.79  

7  1005.48  -203.15  -25.45  
   0.89  -0.13  0.44  
   -0.18  0.78  0.60  
   -0.42  -0.62  0.67  

8  979.59  -224.58  236.64  
   -0.25  -0.51  0.82  
   0.04  0.84  0.54  
   -0.97  0.17  -0.19  

9  1216.22  -211.19  264.77  
   0.92  -0.25  -0.29  
   0.16  -0.45  0.88  
   -0.35  -0.86  -0.37  

3  1118.44  -40.18  60.72  
   -0.45  -0.03  -0.89  
   -0.11  -0.99  0.09  
   -0.88  0.14  0.44  

2  682.67  -32.59  568.37  
   0.95  -0.31  0.07  
   0.31  0.95  0.00  
   -0.07  0.02  1.00  

4  1027.36  136.18  -27.24  
   0.88  -0.32  0.36  
   0.47  0.74  -0.49  
   -0.11  0.60  0.79  

5  1004.14  175.02  232.17  
   -0.24  0.72  0.65  
   -0.06  0.65  -0.76  
   -0.97  -0.23  -0.11  

6  1221.58  156.27  283.52  
   0.97  0.11  -0.20  
   -0.21  0.04  -0.98  
   -0.10  0.99  0.07  

7  1005.48  -203.15  -25.45  
   0.89  -0.12  0.44  
   -0.19  0.78  0.60  
   -0.42  -0.62  0.67  

8  976.46  -221.46  236.19  
   -0.24  -0.47  0.85  
   0.06  0.87  0.49  
   -0.97  0.17  -0.18  

9  1213.10  -228.60  265.66  
   0.94  -0.28  -0.20  
   0.07  -0.40  0.91  
   -0.34  -0.87  -0.36  

2  682.67  -32.59  568.37  
   0.95  -0.31  0.07  
   0.31  0.95  0.00  
   -0.07  0.02  1.00  

3  1118.44  -39.74  60.28  
   -0.45  -0.03  -0.89  
   -0.11  -0.99  0.09  
   -0.89  0.14  0.44  

4  1026.91  135.73  -26.79  
   0.87  -0.32  0.36  
   0.47  0.74  -0.49  
   -0.11  0.60  0.79  

5  1000.13  172.34  231.73  
   -0.24  0.69  0.68  
   -0.08  0.69  -0.72  
   -0.97  -0.23  -0.11  

6  1218.90  166.54  281.29  
   0.98  0.11  -0.14  
   -0.15  0.05  -0.99  
   -0.11  0.99  0.06  

8  973.34  -218.33  236.19  
   -0.23  -0.43  0.87  
   0.07  0.89  0.45  
   -0.97  0.16  -0.18  

7  1005.04  -202.70  -25.45  
   0.89  -0.12  0.44  
   -0.19  0.78  0.60  
   -0.42  -0.62  0.67  

9  1207.29  -245.12  267.44  
   0.95  -0.30  -0.12  
   -0.00  -0.37  0.93  
   -0.32  -0.88  -0.35  

2  683.12  -32.59  567.93  
   0.95  -0.31  0.07  
   0.31  0.95  0.00  
   -0.07  0.02  1.00  

3  1118.44  -39.74  60.28  
   -0.45  -0.03  -0.89  
   -0.11  -0.99  0.09  
   -0.89  0.14  0.44  

4  1026.47  136.18  -26.79  
   0.87  -0.33  0.37  
   0.48  0.73  -0.48  
   -0.11  0.60  0.80  

5  996.55  171.00  231.73  
   -0.24  0.65  0.72  
   -0.09  0.72  -0.69  
   -0.97  -0.23  -0.11  

6  1214.44  178.15  281.73  
   0.99  0.12  -0.08  
   -0.09  0.05  -0.99  
   -0.11  0.99  0.06  

7  1005.04  -202.70  -25.00  
   0.89  -0.11  0.44  
   -0.20  0.78  0.60  
   -0.41  -0.62  0.67  

8  972.00  -216.99  236.19  
   -0.23  -0.40  0.89  
   0.07  0.90  0.42  
   -0.97  0.16  -0.18  

9  1201.94  -258.07  270.12  
   0.95  -0.32  -0.05  
   -0.07  -0.35  0.93  
   -0.31  -0.88  -0.35  

3  1118.89  -40.18  59.83  
   -0.45  -0.03  -0.89  
   -0.11  -0.99  0.10  
   -0.89  0.14  0.44  

4  1026.02  136.18  -26.79  
   0.87  -0.33  0.37  
   0.48  0.73  -0.48  
   -0.11  0.59  0.80  

2  683.12  -32.59  567.93  
   0.95  -0.31  0.07  
   0.31  0.95  0.00  
   -0.07  0.02  1.00  

5  994.32  169.66  231.73  
   -0.23  0.62  0.75  
   -0.10  0.75  -0.65  
   -0.97  -0.22  -0.11  

6  1211.76  188.42  280.84  
   0.99  0.12  -0.03  
   -0.04  0.05  -1.00  
   -0.12  0.99  0.06  

9  1196.58  -268.34  271.91  
   0.94  -0.33  0.01  
   -0.13  -0.32  0.94  
   -0.31  -0.89  -0.35  

7  1005.04  -203.15  -25.45  
   0.89  -0.10  0.44  
   -0.20  0.78  0.59  
   -0.41  -0.62  0.67  

8  969.32  -214.76  237.08  
   -0.22  -0.35  0.91  
   0.08  0.92  0.37  
   -0.97  0.16  -0.17  

2  683.12  -32.59  567.93  
   0.95  -0.31  0.07  
   0.31  0.95  0.00  
   -0.07  0.02  1.00  

3  1118.89  -40.18  58.94  
   -0.45  -0.04  -0.89  
   -0.11  -0.99  0.10  
   -0.89  0.14  0.44  

4  1026.02  136.18  -26.34  
   0.87  -0.33  0.37  
   0.49  0.73  -0.48  
   -0.11  0.59  0.80  

6  1205.95  199.13  281.73  
   0.99  0.12  0.03  
   0.02  0.05  -1.00  
   -0.12  0.99  0.05  

5  990.75  167.43  232.17  
   -0.22  0.58  0.78  
   -0.11  0.78  -0.62  
   -0.97  -0.22  -0.11  

9  1190.33  -280.39  271.46  
   0.93  -0.35  0.07  
   -0.18  -0.30  0.94  
   -0.31  -0.89  -0.34  

8  967.53  -212.97  236.19  
   -0.22  -0.32  0.92  
   0.09  0.93  0.34  
   -0.97  0.16  -0.17  

7  1004.59  -203.15  -24.56  
   0.89  -0.10  0.44  
   -0.21  0.78  0.59  
   -0.40  -0.62  0.67  

2  683.12  -32.59  567.93  
   0.95  -0.31  0.07  
   0.31  0.95  0.00  
   -0.07  0.02  1.00  

6  1199.70  212.08  281.29  
   0.99  0.12  0.11  
   0.10  0.06  -0.99  
   -0.13  0.99  0.05  

4  1024.68  136.62  -26.79  
   0.86  -0.34  0.38  
   0.50  0.73  -0.47  
   -0.11  0.60  0.80  

5  988.96  165.20  232.17  
   -0.22  0.55  0.80  
   -0.12  0.80  -0.59  
   -0.97  -0.22  -0.11  

3  1119.78  -40.18  58.49  
   -0.44  -0.04  -0.90  
   -0.11  -0.99  0.10  
   -0.89  0.14  0.43  

7  1005.04  -203.15  -24.56  
   0.89  -0.09  0.44  
   -0.21  0.78  0.59  
   -0.40  -0.62  0.68  

9  1181.40  -296.47  270.12  
   0.92  -0.37  0.15  
   -0.26  -0.26  0.93  
   -0.30  -0.89  -0.33  

8  965.75  -210.29  237.08  
   -0.21  -0.28  0.94  
   0.10  0.95  0.30  
   -0.97  0.16  -0.17  

3  1119.78  -39.29  58.49  
   -0.44  -0.04  -0.90  
   -0.11  -0.99  0.09  
   -0.89  0.14  0.43  

4  1024.24  137.96  -26.34  
   0.86  -0.35  0.38  
   0.51  0.72  -0.47  
   -0.11  0.60  0.80  

2  683.12  -32.59  567.93  
   0.95  -0.31  0.07  
   0.31  0.95  0.00  
   -0.07  0.02  1.00  

5  986.73  164.75  233.06  
   -0.22  0.53  0.82  
   -0.12  0.82  -0.56  
   -0.97  -0.22  -0.11  

7  1005.48  -202.26  -24.11  
   0.89  -0.09  0.44  
   -0.21  0.78  0.58  
   -0.40  -0.62  0.68  

8  963.51  -207.62  236.64  
   -0.20  -0.23  0.95  
   0.12  0.96  0.26  
   -0.97  0.16  -0.17  

9  1171.13  -309.86  270.57  
   0.90  -0.38  0.23  
   -0.33  -0.21  0.92  
   -0.30  -0.90  -0.31  

6  1194.35  223.69  280.84  
   0.98  0.12  0.17  
   0.16  0.07  -0.98  
   -0.13  0.99  0.05  

2  683.12  -32.15  568.37  
   0.95  -0.31  0.07  
   0.31  0.95  0.00  
   -0.07  0.02  1.00  

6  1188.09  233.51  281.29  
   0.97  0.12  0.22  
   0.21  0.08  -0.97  
   -0.13  0.99  0.05  

4  1022.90  137.96  -25.45  
   0.85  -0.36  0.38  
   0.51  0.72  -0.47  
   -0.10  0.60  0.79  

3  1120.23  -38.84  58.49  
   -0.44  -0.04  -0.90  
   -0.11  -0.99  0.09  
   -0.89  0.14  0.43  

5  983.61  162.97  233.06  
   -0.21  0.49  0.84  
   -0.13  0.84  -0.52  
   -0.97  -0.22  -0.12  

7  1005.48  -201.81  -24.56  
   0.89  -0.08  0.44  
   -0.22  0.78  0.58  
   -0.40  -0.62  0.68  

9  1163.98  -317.90  271.46  
   0.88  -0.38  0.28  
   -0.37  -0.19  0.91  
   -0.29  -0.91  -0.30  

8  961.73  -204.94  236.64  
   -0.19  -0.19  0.96  
   0.12  0.97  0.22  
   -0.97  0.16  -0.16  

2  682.67  -32.59  568.37  
   0.95  -0.31  0.07  
   0.31  0.95  0.00  
   -0.07  0.02  1.00  

4  1021.56  137.96  -25.90  
   0.85  -0.37  0.39  
   0.52  0.71  -0.47  
   -0.10  0.60  0.79  

3  1120.23  -38.84  58.49  
   -0.44  -0.04  -0.90  
   -0.11  -0.99  0.09  
   -0.89  0.14  0.43  

5  981.37  161.18  233.06  
   -0.21  0.46  0.86  
   -0.14  0.86  -0.49  
   -0.97  -0.22  -0.12  

6  1182.29  242.89  279.50  
   0.95  0.12  0.28  
   0.27  0.09  -0.96  
   -0.14  0.99  0.05  

7  1004.59  -201.81  -24.56  
   0.89  -0.08  0.45  
   -0.22  0.78  0.58  
   -0.39  -0.62  0.68  

8  958.16  -201.81  236.19  
   -0.18  -0.15  0.97  
   0.13  0.98  0.17  
   -0.97  0.16  -0.16  

9  1154.61  -326.38  274.14  
   0.86  -0.37  0.34  
   -0.42  -0.17  0.89  
   -0.28  -0.91  -0.30  

2  683.12  -32.15  568.37  
   0.95  -0.31  0.07  
   0.31  0.95  0.00  
   -0.07  0.02  1.00  

3  1120.23  -38.84  58.04  
   -0.44  -0.04  -0.90  
   -0.11  -0.99  0.09  
   -0.89  0.14  0.43  

4  1020.22  137.96  -25.00  
   0.84  -0.38  0.39  
   0.53  0.71  -0.47  
   -0.10  0.60  0.79  

6  1176.49  250.03  279.50  
   0.94  0.12  0.32  
   0.31  0.09  -0.95  
   -0.15  0.99  0.05  

5  979.14  159.39  233.96  
   -0.21  0.43  0.88  
   -0.14  0.88  -0.46  
   -0.97  -0.22  -0.12  

7  1004.59  -201.36  -24.11  
   0.89  -0.07  0.45  
   -0.23  0.78  0.58  
   -0.39  -0.62  0.68  

8  956.37  -200.47  235.74  
   -0.17  -0.10  0.98  
   0.14  0.98  0.13  
   -0.97  0.16  -0.16  

9  1145.68  -334.42  275.93  
   0.84  -0.37  0.39  
   -0.47  -0.15  0.87  
   -0.26  -0.92  -0.30  

4  1019.32  137.96  -24.56  
   0.84  -0.38  0.39  
   0.54  0.70  -0.47  
   -0.10  0.60  0.79  

2  683.12  -32.15  568.37  
   0.95  -0.31  0.07  
   0.31  0.95  0.00  
   -0.07  0.02  1.00  

3  1120.68  -38.40  57.60  
   -0.44  -0.04  -0.90  
   -0.11  -0.99  0.09  
   -0.89  0.14  0.43  

5  978.25  157.61  234.40  
   -0.21  0.40  0.89  
   -0.15  0.89  -0.44  
   -0.97  -0.22  -0.13  

6  1170.68  256.73  278.61  
   0.93  0.13  0.36  
   0.35  0.09  -0.93  
   -0.15  0.99  0.04  

9  1139.43  -340.67  277.27  
   0.83  -0.36  0.43  
   -0.50  -0.14  0.85  
   -0.25  -0.92  -0.30  

8  955.03  -199.13  235.30  
   -0.17  -0.08  0.98  
   0.15  0.98  0.11  
   -0.97  0.16  -0.15  

7  1004.14  -200.92  -25.00  
   0.89  -0.07  0.45  
   -0.23  0.79  0.57  
   -0.39  -0.62  0.68  

2  683.12  -32.59  567.93  
   0.95  -0.31  0.07  
   0.31  0.95  0.00  
   -0.07  0.02  1.00  

3  1120.68  -37.95  57.60  
   -0.44  -0.03  -0.90  
   -0.11  -0.99  0.09  
   -0.89  0.13  0.43  

4  1018.88  138.41  -25.00  
   0.83  -0.39  0.40  
   0.55  0.69  -0.46  
   -0.09  0.60  0.79  

5  976.01  155.82  233.96  
   -0.20  0.36  0.91  
   -0.16  0.90  -0.40  
   -0.97  -0.22  -0.13  

6  1163.98  264.77  279.05  
   0.90  0.12  0.41  
   0.40  0.10  -0.91  
   -0.15  0.99  0.04  

7  1004.59  -200.92  -25.45  
   0.89  -0.06  0.45  
   -0.24  0.79  0.57  
   -0.39  -0.62  0.68  

9  1131.39  -348.26  278.61  
   0.80  -0.36  0.47  
   -0.54  -0.12  0.83  
   -0.24  -0.92  -0.30  

8  954.14  -197.35  234.40  
   -0.16  -0.06  0.98  
   0.16  0.98  0.08  
   -0.97  0.17  -0.15  

3  1122.02  -37.50  56.70  
   -0.44  -0.04  -0.90  
   -0.11  -0.99  0.09  
   -0.89  0.13  0.43  

2  682.67  -32.59  568.37  
   0.95  -0.31  0.07  
   0.31  0.95  0.00  
   -0.07  0.02  1.00  

4  1017.98  137.96  -25.45  
   0.82  -0.41  0.40  
   0.56  0.69  -0.46  
   -0.09  0.60  0.79  

5  974.23  154.04  233.51  
   -0.20  0.34  0.92  
   -0.16  0.91  -0.38  
   -0.97  -0.23  -0.13  

6  1158.63  270.57  278.61  
   0.89  0.12  0.44  
   0.43  0.10  -0.89  
   -0.15  0.99  0.04  

8  953.24  -197.79  233.51  
   -0.16  -0.04  0.99  
   0.17  0.98  0.07  
   -0.97  0.17  -0.15  

7  1004.59  -200.47  -25.90  
   0.89  -0.06  0.45  
   -0.24  0.79  0.57  
   -0.39  -0.62  0.68  

9  1123.80  -355.85  278.61  
   0.78  -0.37  0.51  
   -0.58  -0.12  0.80  
   -0.23  -0.92  -0.31  

2  682.67  -32.59  568.37  
   0.95  -0.31  0.07  
   0.31  0.95  0.00  
   -0.07  0.02  1.00  

4  1017.98  137.96  -25.45  
   0.82  -0.41  0.40  
   0.57  0.68  -0.46  
   -0.08  0.60  0.79  

3  1122.46  -37.50  56.70  
   -0.44  -0.04  -0.90  
   -0.11  -0.99  0.09  
   -0.89  0.13  0.43  

5  972.89  152.25  233.51  
   -0.20  0.32  0.93  
   -0.17  0.92  -0.36  
   -0.97  -0.22  -0.13  

6  1152.38  275.48  279.05  
   0.86  0.11  0.49  
   0.48  0.10  -0.87  
   -0.14  0.99  0.03  

7  1004.59  -200.03  -26.79  
   0.89  -0.05  0.46  
   -0.25  0.79  0.57  
   -0.39  -0.62  0.69  

8  953.24  -196.90  233.06  
   -0.16  -0.03  0.99  
   0.17  0.98  0.06  
   -0.97  0.18  -0.15  

9  1118.44  -360.76  280.39  
   0.75  -0.37  0.54  
   -0.62  -0.12  0.78  
   -0.22  -0.92  -0.32  

2  682.67  -32.59  568.37  
   0.95  -0.31  0.07  
   0.31  0.95  0.00  
   -0.07  0.02  1.00  

4  1015.75  137.52  -25.00  
   0.81  -0.43  0.40  
   0.58  0.67  -0.46  
   -0.07  0.61  0.79  

5  970.66  149.57  233.96  
   -0.20  0.28  0.94  
   -0.17  0.93  -0.32  
   -0.96  -0.22  -0.14  

3  1122.46  -37.06  56.26  
   -0.44  -0.03  -0.90  
   -0.11  -0.99  0.09  
   -0.89  0.13  0.43  

7  1004.59  -200.03  -27.24  
   0.89  -0.05  0.46  
   -0.25  0.79  0.57  
   -0.39  -0.62  0.69  

8  954.14  -196.90  232.62  
   -0.16  -0.03  0.99  
   0.17  0.98  0.05  
   -0.97  0.18  -0.15  

6  1140.32  286.20  283.07  
   0.83  0.11  0.55  
   0.54  0.08  -0.84  
   -0.14  0.99  0.01  

9  1115.76  -365.67  281.29  
   0.73  -0.38  0.57  
   -0.65  -0.12  0.75  
   -0.21  -0.92  -0.33  

2  683.12  -32.15  568.37  
   0.95  -0.31  0.07  
   0.31  0.95  0.00  
   -0.07  0.02  1.00  

3  1122.46  -36.61  55.81  
   -0.44  -0.03  -0.90  
   -0.11  -0.99  0.08  
   -0.89  0.13  0.43  

4  1014.41  136.62  -26.34  
   0.80  -0.43  0.41  
   0.59  0.67  -0.46  
   -0.07  0.61  0.79  

5  969.76  148.23  233.51  
   -0.20  0.26  0.94  
   -0.18  0.94  -0.30  
   -0.96  -0.23  -0.14  

6  1134.07  292.89  284.41  
   0.80  0.12  0.59  
   0.59  0.06  -0.81  
   -0.13  0.99  -0.02  

7  1004.59  -200.03  -27.68  
   0.89  -0.05  0.46  
   -0.25  0.79  0.57  
   -0.39  -0.62  0.69  

9  1111.75  -369.69  282.18  
   0.71  -0.38  0.59  
   -0.67  -0.12  0.73  
   -0.21  -0.92  -0.34  

8  954.58  -196.90  232.17  
   -0.16  -0.02  0.99  
   0.18  0.98  0.04  
   -0.97  0.18  -0.15  

3  1122.02  -37.50  54.92  
   -0.44  -0.02  -0.90  
   -0.11  -0.99  0.08  
   -0.89  0.13  0.44  

2  683.12  -32.59  568.37  
   0.95  -0.31  0.07  
   0.31  0.95  0.00  
   -0.07  0.02  1.00  

4  1011.73  135.28  -26.34  
   0.79  -0.44  0.41  
   0.60  0.66  -0.45  
   -0.07  0.61  0.79  

5  968.42  146.00  233.96  
   -0.20  0.24  0.95  
   -0.18  0.94  -0.28  
   -0.96  -0.23  -0.15  

6  1127.37  295.57  286.20  
   0.78  0.12  0.62  
   0.62  0.04  -0.78  
   -0.12  0.99  -0.04  

7  1004.59  -200.92  -28.57  
   0.89  -0.05  0.46  
   -0.25  0.79  0.57  
   -0.39  -0.62  0.69  

8  954.58  -197.35  232.17  
   -0.16  -0.01  0.99  
   0.18  0.98  0.04  
   -0.97  0.18  -0.15  

9  1108.62  -373.26  282.62  
   0.70  -0.39  0.60  
   -0.69  -0.13  0.72  
   -0.20  -0.91  -0.36  

2  682.67  -32.59  568.37  
   0.95  -0.31  0.07  
   0.31  0.95  0.00  
   -0.07  0.02  1.00  

4  1010.84  134.84  -25.90  
   0.79  -0.45  0.42  
   0.61  0.65  -0.45  
   -0.07  0.61  0.79  

3  1122.02  -37.50  54.47  
   -0.45  -0.02  -0.89  
   -0.11  -0.99  0.08  
   -0.89  0.14  0.44  

5  967.53  144.66  233.51  
   -0.20  0.23  0.95  
   -0.19  0.94  -0.27  
   -0.96  -0.23  -0.15  

6  1123.35  299.14  287.54  
   0.76  0.13  0.64  
   0.64  0.03  -0.77  
   -0.12  0.99  -0.06  

7  1005.04  -201.36  -29.02  
   0.89  -0.05  0.46  
   -0.25  0.78  0.57  
   -0.39  -0.62  0.68  

8  954.14  -197.79  231.73  
   -0.16  -0.01  0.99  
   0.18  0.98  0.04  
   -0.97  0.18  -0.16  

9  1107.73  -374.15  284.41  
   0.69  -0.39  0.61  
   -0.70  -0.14  0.71  
   -0.19  -0.91  -0.37  

2  682.67  -32.59  568.37  
   0.95  -0.31  0.07  
   0.31  0.95  0.00  
   -0.07  0.02  1.00  

5  966.64  144.66  233.51  
   -0.20  0.22  0.95  
   -0.19  0.95  -0.26  
   -0.96  -0.23  -0.15  

3  1121.57  -37.50  54.47  
   -0.45  -0.02  -0.89  
   -0.11  -0.99  0.08  
   -0.89  0.13  0.44  

4  1010.84  134.39  -26.34  
   0.79  -0.45  0.42  
   0.61  0.65  -0.45  
   -0.07  0.61  0.79  

6  1121.12  300.04  286.64  
   0.75  0.14  0.65  
   0.65  0.03  -0.76  
   -0.12  0.99  -0.06  

8  952.80  -196.90  230.83  
   -0.16  0.01  0.99  
   0.18  0.98  0.02  
   -0.97  0.18  -0.16  

7  1003.25  -202.26  -29.47  
   0.89  -0.04  0.46  
   -0.26  0.78  0.56  
   -0.38  -0.62  0.69  

9  1102.37  -378.17  284.41  
   0.67  -0.39  0.63  
   -0.72  -0.13  0.69  
   -0.19  -0.91  -0.37  

2  682.67  -32.59  568.37  
   0.95  -0.31  0.07  
   0.31  0.95  0.00  
   -0.07  0.02  1.00  

3  1121.12  -37.95  54.02  
   -0.45  -0.02  -0.89  
   -0.11  -0.99  0.08  
   -0.89  0.14  0.44  

4  1009.95  133.95  -27.24  
   0.79  -0.45  0.42  
   0.61  0.65  -0.45  
   -0.07  0.61  0.79  

8  950.57  -195.11  230.83  
   -0.15  0.04  0.99  
   0.18  0.98  -0.01  
   -0.97  0.18  -0.16  

7  1001.91  -202.70  -30.36  
   0.88  -0.03  0.46  
   -0.27  0.78  0.56  
   -0.38  -0.62  0.69  

6  1118.00  301.82  283.52  
   0.74  0.14  0.66  
   0.66  0.04  -0.75  
   -0.13  0.99  -0.07  

5  966.64  143.77  232.17  
   -0.20  0.21  0.96  
   -0.20  0.95  -0.25  
   -0.96  -0.24  -0.15  

9  1093.44  -380.40  285.30  
   0.65  -0.39  0.65  
   -0.74  -0.12  0.66  
   -0.18  -0.91  -0.37  

2  682.67  -32.15  568.37  
   0.95  -0.31  0.07  
   0.31  0.95  0.00  
   -0.07  0.02  1.00  

3  1120.68  -38.40  54.02  
   -0.45  -0.02  -0.89  
   -0.12  -0.99  0.08  
   -0.88  0.14  0.44  

4  1009.05  133.05  -28.13  
   0.79  -0.45  0.42  
   0.61  0.66  -0.44  
   -0.08  0.61  0.79  

5  966.19  144.21  231.73  
   -0.20  0.20  0.96  
   -0.20  0.95  -0.24  
   -0.96  -0.24  -0.15  

6  1117.10  304.06  281.29  
   0.73  0.15  0.66  
   0.67  0.04  -0.74  
   -0.14  0.99  -0.07  

8  950.12  -194.22  231.73  
   -0.16  0.06  0.99  
   0.19  0.98  -0.03  
   -0.97  0.18  -0.17  

9  1088.53  -383.98  286.64  
   0.62  -0.40  0.67  
   -0.76  -0.12  0.64  
   -0.18  -0.91  -0.38  

7  999.68  -202.70  -30.36  
   0.88  -0.02  0.47  
   -0.28  0.78  0.56  
   -0.38  -0.63  0.68  

2  682.67  -32.15  568.37  
   0.95  -0.31  0.07  
   0.31  0.95  0.00  
   -0.07  0.02  1.00  

3  1119.78  -39.29  53.58  
   -0.45  -0.03  -0.89  
   -0.12  -0.99  0.09  
   -0.88  0.15  0.45  

5  966.64  144.21  231.28  
   -0.21  0.20  0.96  
   -0.21  0.95  -0.24  
   -0.96  -0.25  -0.15  

4  1008.16  132.16  -28.57  
   0.79  -0.45  0.42  
   0.61  0.66  -0.44  
   -0.08  0.61  0.79  

7  998.79  -202.70  -29.91  
   0.88  -0.01  0.47  
   -0.28  0.78  0.56  
   -0.37  -0.63  0.68  

6  1116.66  305.40  278.16  
   0.73  0.16  0.67  
   0.67  0.05  -0.74  
   -0.15  0.99  -0.07  

8  950.12  -194.67  231.28  
   -0.16  0.06  0.98  
   0.19  0.98  -0.03  
   -0.97  0.18  -0.17  

9  1088.08  -384.42  285.30  
   0.62  -0.41  0.67  
   -0.76  -0.11  0.64  
   -0.18  -0.91  -0.38  

5  966.64  143.77  230.39  
   -0.20  0.19  0.96  
   -0.21  0.95  -0.23  
   -0.96  -0.25  -0.15  

2  683.12  -32.59  568.37  
   0.95  -0.31  0.07  
   0.31  0.95  0.00  
   -0.07  0.02  1.00  

4  1007.72  132.16  -29.47  
   0.79  -0.45  0.43  
   0.61  0.66  -0.44  
   -0.08  0.61  0.79  

3  1119.78  -39.29  53.13  
   -0.45  -0.03  -0.89  
   -0.12  -0.99  0.09  
   -0.88  0.15  0.44  

6  1114.43  307.63  276.37  
   0.72  0.16  0.68  
   0.68  0.06  -0.73  
   -0.15  0.99  -0.07  

9  1087.19  -386.66  284.41  
   0.61  -0.41  0.68  
   -0.77  -0.11  0.63  
   -0.19  -0.91  -0.38  

8  950.57  -194.67  231.28  
   -0.16  0.07  0.98  
   0.19  0.98  -0.04  
   -0.97  0.18  -0.17  

7  998.34  -202.70  -30.36  
   0.88  -0.01  0.47  
   -0.29  0.78  0.56  
   -0.37  -0.63  0.68  

2  682.67  -32.59  568.37  
   0.95  -0.31  0.07  
   0.31  0.95  0.00  
   -0.07  0.02  1.00  

4  1008.16  132.16  -29.47  
   0.79  -0.45  0.43  
   0.61  0.66  -0.44  
   -0.08  0.61  0.79  

3  1119.78  -39.29  53.13  
   -0.45  -0.03  -0.89  
   -0.12  -0.99  0.09  
   -0.88  0.15  0.44  

6  1113.53  307.63  275.93  
   0.71  0.16  0.68  
   0.68  0.06  -0.73  
   -0.16  0.99  -0.06  

5  966.64  144.21  230.39  
   -0.20  0.19  0.96  
   -0.21  0.95  -0.23  
   -0.96  -0.25  -0.15  

7  998.79  -202.26  -30.36  
   0.88  -0.01  0.47  
   -0.29  0.78  0.56  
   -0.38  -0.63  0.68  

9  1086.74  -387.10  284.41  
   0.61  -0.41  0.68  
   -0.77  -0.11  0.63  
   -0.19  -0.91  -0.38  

8  950.57  -194.67  231.28  
   -0.16  0.07  0.98  
   0.19  0.98  -0.04  
   -0.97  0.18  -0.17  

2  682.67  -32.59  568.37  
   0.95  -0.31  0.07  
   0.31  0.95  0.00  
   -0.07  0.02  1.00  

4  1007.72  131.71  -29.02  
   0.78  -0.45  0.43  
   0.61  0.66  -0.44  
   -0.08  0.61  0.79  

5  966.19  144.21  230.39  
   -0.20  0.18  0.96  
   -0.22  0.95  -0.22  
   -0.95  -0.25  -0.16  

6  1111.75  309.86  275.03  
   0.70  0.16  0.69  
   0.69  0.07  -0.72  
   -0.16  0.98  -0.06  

3  1119.78  -39.29  52.69  
   -0.45  -0.03  -0.89  
   -0.12  -0.99  0.09  
   -0.88  0.15  0.44  

8  949.67  -194.67  230.83  
   -0.16  0.08  0.98  
   0.19  0.98  -0.04  
   -0.97  0.18  -0.17  

7  998.34  -202.26  -30.81  
   0.88  -0.01  0.47  
   -0.29  0.78  0.56  
   -0.38  -0.63  0.68  

9  1085.85  -387.55  283.96  
   0.61  -0.41  0.68  
   -0.77  -0.10  0.63  
   -0.19  -0.90  -0.38  

2  682.67  -32.59  568.37  
   0.95  -0.31  0.07  
   0.31  0.95  0.00  
   -0.07  0.02  1.00  

4  1006.82  131.71  -29.47  
   0.79  -0.45  0.43  
   0.61  0.66  -0.44  
   -0.08  0.61  0.79  

3  1120.23  -39.29  52.69  
   -0.45  -0.03  -0.89  
   -0.12  -0.99  0.09  
   -0.88  0.15  0.44  

5  966.19  144.21  230.39  
   -0.20  0.18  0.96  
   -0.22  0.95  -0.22  
   -0.95  -0.25  -0.16  

6  1111.30  309.86  274.14  
   0.70  0.16  0.69  
   0.69  0.07  -0.72  
   -0.16  0.98  -0.06  

7  998.34  -202.26  -30.81  
   0.88  -0.01  0.48  
   -0.29  0.78  0.56  
   -0.38  -0.63  0.68  

9  1086.74  -387.55  283.07  
   0.61  -0.42  0.68  
   -0.77  -0.10  0.63  
   -0.19  -0.90  -0.38  

8  951.46  -195.56  230.83  
   -0.17  0.07  0.98  
   0.19  0.98  -0.04  
   -0.97  0.19  -0.18  

2  683.12  -32.59  567.93  
   0.95  -0.31  0.07  
   0.31  0.95  0.00  
   -0.07  0.02  1.00  

3  1120.23  -39.29  52.24  
   -0.45  -0.03  -0.89  
   -0.12  -0.99  0.09  
   -0.88  0.15  0.44  

4  1007.27  131.71  -29.47  
   0.79  -0.45  0.43  
   0.61  0.66  -0.44  
   -0.08  0.61  0.79  

5  966.19  143.77  229.94  
   -0.20  0.18  0.96  
   -0.22  0.95  -0.22  
   -0.95  -0.25  -0.15  

7  997.89  -202.26  -30.81  
   0.88  -0.01  0.47  
   -0.29  0.78  0.56  
   -0.38  -0.63  0.68  

6  1112.64  309.41  273.25  
   0.71  0.16  0.69  
   0.69  0.07  -0.72  
   -0.16  0.98  -0.06  

8  951.01  -195.56  230.83  
   -0.17  0.07  0.98  
   0.19  0.98  -0.04  
   -0.97  0.18  -0.18  

9  1086.74  -387.99  282.62  
   0.61  -0.41  0.68  
   -0.77  -0.11  0.63  
   -0.19  -0.90  -0.38  

2  683.12  -32.59  568.37  
   0.95  -0.31  0.07  
   0.31  0.95  0.00  
   -0.07  0.02  1.00  

5  966.19  143.77  229.49  
   -0.20  0.18  0.96  
   -0.22  0.95  -0.22  
   -0.95  -0.26  -0.15  

4  1007.27  130.82  -29.91  
   0.79  -0.44  0.43  
   0.61  0.66  -0.44  
   -0.08  0.61  0.79  

3  1120.68  -39.74  52.24  
   -0.45  -0.03  -0.89  
   -0.12  -0.99  0.09  
   -0.88  0.15  0.44  

6  1113.09  309.86  272.80  
   0.71  0.16  0.69  
   0.69  0.07  -0.72  
   -0.17  0.98  -0.06  

7  997.45  -202.70  -30.81  
   0.88  -0.01  0.48  
   -0.29  0.78  0.56  
   -0.38  -0.63  0.68  

9  1086.30  -387.99  283.52  
   0.61  -0.41  0.68  
   -0.77  -0.11  0.63  
   -0.19  -0.90  -0.38  

8  950.57  -196.01  230.83  
   -0.17  0.07  0.98  
   0.19  0.98  -0.04  
   -0.97  0.18  -0.18  

2  683.12  -32.59  568.37  
   0.95  -0.31  0.07  
   0.31  0.95  0.00  
   -0.07  0.02  1.00  

3  1120.23  -39.74  51.79  
   -0.45  -0.03  -0.89  
   -0.12  -0.99  0.09  
   -0.88  0.15  0.44  

4  1008.16  130.82  -30.36  
   0.79  -0.44  0.43  
   0.61  0.66  -0.44  
   -0.09  0.61  0.79  

5  966.64  144.66  229.05  
   -0.20  0.18  0.96  
   -0.22  0.95  -0.22  
   -0.95  -0.26  -0.15  

6  1113.53  309.41  271.91  
   0.71  0.16  0.68  
   0.68  0.07  -0.73  
   -0.17  0.98  -0.06  

8  950.12  -196.01  230.83  
   -0.17  0.08  0.98  
   0.19  0.98  -0.04  
   -0.97  0.18  -0.18  

7  997.89  -202.70  -30.81  
   0.88  -0.01  0.48  
   -0.29  0.78  0.56  
   -0.38  -0.63  0.68  

9  1086.30  -388.44  283.07  
   0.61  -0.41  0.68  
   -0.77  -0.11  0.63  
   -0.19  -0.90  -0.38  

2  683.12  -32.59  568.37  
   0.95  -0.31  0.07  
   0.31  0.95  0.00  
   -0.07  0.02  1.00  

3  1120.68  -40.18  51.79  
   -0.45  -0.03  -0.89  
   -0.12  -0.99  0.09  
   -0.88  0.15  0.44  

4  1007.72  130.82  -30.81  
   0.79  -0.44  0.43  
   0.61  0.66  -0.44  
   -0.09  0.61  0.79  

6  1113.98  309.86  271.91  
   0.71  0.15  0.68  
   0.68  0.08  -0.73  
   -0.17  0.98  -0.05  

7  998.34  -203.15  -30.81  
   0.88  -0.02  0.48  
   -0.29  0.78  0.56  
   -0.38  -0.63  0.68  

5  967.09  145.11  228.60  
   -0.20  0.18  0.96  
   -0.22  0.95  -0.23  
   -0.95  -0.26  -0.15  

8  951.46  -197.35  230.83  
   -0.16  0.07  0.98  
   0.20  0.98  -0.03  
   -0.97  0.19  -0.17  

9  1088.53  -387.99  283.07  
   0.61  -0.41  0.67  
   -0.77  -0.11  0.63  
   -0.19  -0.90  -0.38  

2  682.67  -32.59  568.37  
   0.95  -0.31  0.07  
   0.31  0.95  0.00  
   -0.07  0.02  1.00  

3  1120.68  -40.63  52.24  
   -0.45  -0.03  -0.89  
   -0.12  -0.99  0.09  
   -0.89  0.15  0.44  

4  1009.50  131.27  -30.36  
   0.79  -0.44  0.42  
   0.60  0.66  -0.44  
   -0.08  0.61  0.79  

5  967.53  146.45  228.60  
   -0.20  0.20  0.96  
   -0.22  0.94  -0.25  
   -0.96  -0.26  -0.14  

6  1118.44  308.07  272.80  
   0.73  0.15  0.66  
   0.66  0.08  -0.75  
   -0.16  0.99  -0.04  

7  999.23  -203.15  -30.81  
   0.88  -0.02  0.47  
   -0.28  0.78  0.56  
   -0.38  -0.63  0.68  

9  1095.67  -385.76  281.29  
   0.64  -0.42  0.65  
   -0.74  -0.12  0.66  
   -0.19  -0.90  -0.39  

8  951.90  -198.24  229.94  
   -0.17  0.04  0.98  
   0.19  0.98  -0.01  
   -0.97  0.19  -0.17  

3  1121.12  -39.74  53.13  
   -0.44  -0.03  -0.90  
   -0.12  -0.99  0.09  
   -0.89  0.15  0.44  

2  683.12  -32.59  567.93  
   0.95  -0.31  0.07  
   0.31  0.95  0.00  
   -0.07  0.02  1.00  

4  1011.73  132.61  -29.47  
   0.80  -0.43  0.41  
   0.59  0.67  -0.45  
   -0.08  0.60  0.79  

5  969.76  149.57  228.60  
   -0.20  0.25  0.95  
   -0.21  0.93  -0.29  
   -0.96  -0.25  -0.14  

7  999.68  -202.70  -30.36  
   0.88  -0.03  0.47  
   -0.28  0.78  0.56  
   -0.38  -0.63  0.68  

6  1133.18  298.25  275.48  
   0.79  0.14  0.60  
   0.60  0.07  -0.80  
   -0.15  0.99  -0.03  

8  954.58  -199.58  231.28  
   -0.18  -0.01  0.98  
   0.18  0.98  0.04  
   -0.97  0.19  -0.17  

9  1110.85  -375.05  280.39  
   0.70  -0.41  0.59  
   -0.69  -0.15  0.71  
   -0.20  -0.90  -0.39  

2  683.12  -32.59  568.37  
   0.95  -0.31  0.07  
   0.31  0.95  0.00  
   -0.07  0.02  1.00  

3  1121.12  -39.74  54.02  
   -0.44  -0.03  -0.90  
   -0.12  -0.99  0.09  
   -0.89  0.15  0.43  

4  1014.86  134.39  -29.47  
   0.81  -0.42  0.40  
   0.57  0.68  -0.46  
   -0.08  0.60  0.79  

7  1001.91  -202.26  -29.47  
   0.88  -0.04  0.46  
   -0.26  0.78  0.57  
   -0.38  -0.63  0.68  

6  1148.80  284.86  276.37  
   0.84  0.13  0.52  
   0.52  0.07  -0.85  
   -0.15  0.99  -0.01  

5  973.34  152.25  229.05  
   -0.20  0.30  0.93  
   -0.19  0.92  -0.34  
   -0.96  -0.25  -0.13  

8  957.26  -200.92  231.28  
   -0.18  -0.07  0.98  
   0.17  0.98  0.10  
   -0.97  0.18  -0.17  

9  1130.50  -357.63  281.29  
   0.77  -0.39  0.51  
   -0.61  -0.18  0.77  
   -0.21  -0.90  -0.37  

2  683.12  -32.59  568.37  
   0.95  -0.31  0.07  
   0.31  0.95  0.00  
   -0.07  0.02  1.00  

5  976.91  154.93  228.60  
   -0.21  0.36  0.91  
   -0.18  0.90  -0.39  
   -0.96  -0.24  -0.12  

4  1017.54  133.95  -29.02  
   0.82  -0.41  0.40  
   0.56  0.69  -0.46  
   -0.09  0.60  0.80  

3  1122.02  -39.74  54.47  
   -0.44  -0.03  -0.90  
   -0.12  -0.99  0.09  
   -0.89  0.15  0.43  

6  1165.32  267.44  275.93  
   0.90  0.14  0.42  
   0.41  0.05  -0.91  
   -0.15  0.99  -0.01  

9  1148.36  -343.79  275.03  
   0.83  -0.37  0.41  
   -0.51  -0.20  0.84  
   -0.23  -0.91  -0.35  

8  959.49  -204.04  231.28  
   -0.19  -0.12  0.97  
   0.16  0.98  0.15  
   -0.97  0.18  -0.16  

7  1004.14  -202.70  -29.91  
   0.88  -0.05  0.46  
   -0.26  0.77  0.58  
   -0.39  -0.63  0.67  

2  683.12  -32.59  567.93  
   0.95  -0.31  0.07  
   0.31  0.95  0.00  
   -0.07  0.02  1.00  

3  1122.91  -40.18  55.81  
   -0.44  -0.03  -0.90  
   -0.12  -0.99  0.09  
   -0.89  0.15  0.43  

4  1019.77  134.39  -28.57  
   0.83  -0.40  0.39  
   0.55  0.70  -0.46  
   -0.09  0.60  0.80  

5  981.37  158.95  228.60  
   -0.22  0.43  0.88  
   -0.16  0.87  -0.46  
   -0.96  -0.24  -0.12  

7  1005.48  -202.70  -29.91  
   0.88  -0.07  0.46  
   -0.25  0.77  0.58  
   -0.40  -0.63  0.67  

6  1185.42  242.89  275.03  
   0.95  0.14  0.28  
   0.27  0.05  -0.96  
   -0.15  0.99  0.01  

8  961.73  -208.06  230.39  
   -0.19  -0.18  0.96  
   0.14  0.97  0.21  
   -0.97  0.18  -0.16  

9  1168.45  -320.58  276.37  
   0.89  -0.35  0.28  
   -0.38  -0.25  0.89  
   -0.24  -0.90  -0.35  

2  683.12  -32.15  568.37  
   0.95  -0.31  0.07  
   0.31  0.95  0.00  
   -0.07  0.02  1.00  

4  1021.56  135.28  -28.57  
   0.84  -0.39  0.38  
   0.54  0.70  -0.46  
   -0.09  0.60  0.80  

3  1123.35  -39.74  55.81  
   -0.43  -0.03  -0.90  
   -0.12  -0.99  0.09  
   -0.89  0.14  0.42  

6  1195.69  224.58  278.16  
   0.98  0.13  0.16  
   0.16  0.04  -0.99  
   -0.14  0.99  0.02  

5  984.94  162.97  230.39  
   -0.22  0.49  0.84  
   -0.14  0.84  -0.52  
   -0.97  -0.23  -0.12  

7  1006.82  -202.26  -29.47  
   0.88  -0.08  0.46  
   -0.24  0.77  0.59  
   -0.40  -0.63  0.67  

8  964.85  -212.08  230.83  
   -0.20  -0.24  0.95  
   0.13  0.95  0.27  
   -0.97  0.18  -0.16  

9  1182.29  -298.25  275.48  
   0.94  -0.31  0.17  
   -0.26  -0.27  0.93  
   -0.24  -0.91  -0.33  

5  987.18  166.09  230.39  
   -0.23  0.52  0.82  
   -0.13  0.82  -0.55  
   -0.97  -0.23  -0.12  

2  683.12  -32.59  568.37  
   0.95  -0.31  0.07  
   0.31  0.95  0.00  
   -0.07  0.02  1.00  

3  1123.80  -39.29  56.26  
   -0.43  -0.03  -0.90  
   -0.12  -0.99  0.09  
   -0.89  0.14  0.42  

4  1022.00  136.18  -28.13  
   0.84  -0.38  0.38  
   0.54  0.70  -0.47  
   -0.09  0.60  0.80  

6  1205.51  206.72  279.05  
   0.99  0.13  0.06  
   0.05  0.03  -1.00  
   -0.13  0.99  0.03  

7  1007.72  -201.36  -30.36  
   0.89  -0.09  0.46  
   -0.23  0.78  0.59  
   -0.41  -0.62  0.67  

8  967.09  -214.31  231.28  
   -0.21  -0.28  0.94  
   0.12  0.94  0.31  
   -0.97  0.18  -0.16  

9  1194.79  -281.73  271.46  
   0.95  -0.29  0.07  
   -0.16  -0.29  0.95  
   -0.25  -0.91  -0.32  

3  1123.80  -39.29  56.26  
   -0.43  -0.03  -0.90  
   -0.11  -0.99  0.09  
   -0.89  0.14  0.42  

2  682.67  -32.15  568.37  
   0.95  -0.31  0.07  
   0.31  0.95  0.00  
   -0.07  0.02  1.00  

4  1022.00  137.07  -28.13  
   0.84  -0.37  0.38  
   0.53  0.71  -0.47  
   -0.10  0.60  0.79  

5  991.20  168.77  231.28  
   -0.24  0.57  0.79  
   -0.11  0.79  -0.61  
   -0.97  -0.23  -0.12  

8  969.76  -217.88  229.49  
   -0.22  -0.34  0.92  
   0.11  0.92  0.36  
   -0.97  0.18  -0.16  

9  1201.94  -263.43  267.89  
   0.96  -0.26  -0.02  
   -0.05  -0.27  0.96  
   -0.26  -0.93  -0.27  

6  1212.21  183.51  276.37  
   0.99  0.13  -0.07  
   -0.07  0.04  -1.00  
   -0.13  0.99  0.05  

7  1007.27  -201.36  -30.81  
   0.88  -0.10  0.46  
   -0.22  0.78  0.59  
   -0.41  -0.62  0.67  

2  682.67  -32.59  568.37  
   0.95  -0.31  0.07  
   0.31  0.95  0.00  
   -0.07  0.02  1.00  

4  1022.90  137.52  -27.68  
   0.85  -0.37  0.38  
   0.52  0.71  -0.47  
   -0.10  0.60  0.79  

3  1123.80  -38.40  57.15  
   -0.43  -0.03  -0.90  
   -0.11  -0.99  0.09  
   -0.90  0.14  0.42  

5  994.77  172.34  230.83  
   -0.24  0.61  0.75  
   -0.10  0.75  -0.65  
   -0.97  -0.23  -0.12  

8  970.66  -220.56  229.94  
   -0.22  -0.38  0.90  
   0.09  0.91  0.41  
   -0.97  0.17  -0.16  

6  1216.67  168.77  275.48  
   0.98  0.14  -0.15  
   -0.15  0.04  -0.99  
   -0.13  0.99  0.06  

7  1007.27  -200.92  -30.81  
   0.89  -0.10  0.45  
   -0.22  0.78  0.59  
   -0.41  -0.62  0.67  

9  1208.19  -243.78  268.78  
   0.97  -0.23  -0.12  
   0.05  -0.28  0.96  
   -0.26  -0.93  -0.26  

2  682.67  -32.59  568.37  
   0.95  -0.31  0.07  
   0.31  0.95  0.00  
   -0.07  0.02  1.00  

5  995.66  173.68  231.28  
   -0.24  0.64  0.73  
   -0.09  0.74  -0.67  
   -0.97  -0.23  -0.12  

6  1217.56  157.16  277.27  
   0.97  0.13  -0.21  
   -0.21  0.03  -0.98  
   -0.12  0.99  0.06  

4  1023.34  137.52  -27.24  
   0.85  -0.36  0.38  
   0.52  0.71  -0.48  
   -0.10  0.60  0.79  

3  1123.80  -38.40  57.15  
   -0.43  -0.03  -0.90  
   -0.11  -0.99  0.09  
   -0.90  0.14  0.42  

7  1007.72  -200.47  -30.36  
   0.89  -0.10  0.45  
   -0.21  0.78  0.59  
   -0.41  -0.62  0.67  

8  973.34  -221.01  229.94  
   -0.22  -0.42  0.88  
   0.08  0.89  0.44  
   -0.97  0.17  -0.16  

9  1211.31  -229.49  270.12  
   0.96  -0.21  -0.18  
   0.11  -0.28  0.95  
   -0.25  -0.94  -0.25  

2  683.12  -32.59  568.37  
   0.95  -0.31  0.07  
   0.31  0.95  0.00  
   -0.07  0.02  1.00  

3  1123.80  -37.95  57.60  
   -0.43  -0.03  -0.90  
   -0.11  -0.99  0.09  
   -0.90  0.14  0.42  

4  1024.68  137.52  -27.24  
   0.85  -0.36  0.38  
   0.51  0.71  -0.48  
   -0.10  0.60  0.79  

5  999.23  175.47  231.28  
   -0.24  0.67  0.70  
   -0.08  0.70  -0.71  
   -0.97  -0.23  -0.11  

6  1218.90  145.55  278.16  
   0.95  0.13  -0.26  
   -0.27  0.03  -0.96  
   -0.12  0.99  0.07  

9  1213.10  -219.67  270.12  
   0.95  -0.20  -0.22  
   0.17  -0.26  0.95  
   -0.25  -0.94  -0.22  

8  975.12  -222.35  230.39  
   -0.22  -0.45  0.86  
   0.07  0.88  0.48  
   -0.97  0.17  -0.16  

7  1008.16  -200.47  -30.81  
   0.89  -0.10  0.45  
   -0.21  0.78  0.59  
   -0.41  -0.62  0.67  

2  683.12  -32.59  568.37  
   0.95  -0.31  0.07  
   0.31  0.95  0.00  
   -0.07  0.02  1.00  

6  1220.24  137.52  277.71  
   0.94  0.13  -0.30  
   -0.31  0.03  -0.95  
   -0.12  0.99  0.07  

3  1123.35  -38.40  58.04  
   -0.43  -0.03  -0.90  
   -0.11  -0.99  0.09  
   -0.90  0.14  0.42  

5  1000.13  175.91  231.73  
   -0.24  0.70  0.67  
   -0.07  0.68  -0.73  
   -0.97  -0.23  -0.11  

4  1025.13  137.52  -27.24  
   0.86  -0.35  0.38  
   0.51  0.72  -0.48  
   -0.10  0.60  0.79  

7  1008.61  -200.47  -30.36  
   0.89  -0.11  0.45  
   -0.20  0.78  0.59  
   -0.41  -0.61  0.67  

9  1214.44  -209.85  270.57  
   0.95  -0.19  -0.26  
   0.21  -0.26  0.94  
   -0.24  -0.95  -0.20  

8  976.46  -224.58  230.39  
   -0.22  -0.48  0.85  
   0.06  0.86  0.50  
   -0.97  0.16  -0.16  

2  683.12  -32.59  568.37  
   0.95  -0.31  0.07  
   0.31  0.95  0.00  
   -0.07  0.02  1.00  

3  1123.35  -38.84  58.49  
   -0.42  -0.03  -0.90  
   -0.11  -0.99  0.09  
   -0.90  0.14  0.42  

4  1026.02  137.52  -27.24  
   0.86  -0.35  0.37  
   0.50  0.72  -0.48  
   -0.10  0.60  0.79  

5  1001.02  176.36  231.73  
   -0.24  0.70  0.67  
   -0.07  0.68  -0.73  
   -0.97  -0.22  -0.11  

6  1219.80  136.18  279.50  
   0.94  0.13  -0.31  
   -0.31  0.03  -0.95  
   -0.11  0.99  0.07  

8  978.25  -225.92  230.83  
   -0.22  -0.50  0.84  
   0.05  0.85  0.52  
   -0.97  0.16  -0.16  

9  1215.33  -204.49  270.12  
   0.94  -0.18  -0.29  
   0.24  -0.25  0.94  
   -0.24  -0.95  -0.19  

7  1009.05  -200.92  -30.36  
   0.89  -0.11  0.45  
   -0.20  0.78  0.59  
   -0.42  -0.61  0.67  

2  682.67  -32.15  568.37  
   0.95  -0.31  0.07  
   0.31  0.95  0.00  
   -0.07  0.02  1.00  

3  1123.35  -38.84  58.49  
   -0.42  -0.03  -0.91  
   -0.11  -0.99  0.08  
   -0.90  0.14  0.42  

4  1026.02  137.52  -26.79  
   0.86  -0.35  0.37  
   0.50  0.72  -0.48  
   -0.10  0.60  0.79  

5  1000.57  176.36  232.17  
   -0.24  0.70  0.67  
   -0.07  0.67  -0.74  
   -0.97  -0.22  -0.11  

6  1219.35  135.28  279.50  
   0.94  0.13  -0.31  
   -0.31  0.03  -0.95  
   -0.11  0.99  0.07  

7  1009.05  -200.92  -30.36  
   0.89  -0.11  0.45  
   -0.20  0.78  0.59  
   -0.42  -0.61  0.67  

8  978.25  -225.92  230.39  
   -0.22  -0.50  0.84  
   0.05  0.85  0.52  
   -0.97  0.16  -0.16  

9  1215.33  -204.94  269.23  
   0.94  -0.19  -0.29  
   0.24  -0.24  0.94  
   -0.24  -0.95  -0.18  

2  682.67  -32.59  568.37  
   0.95  -0.31  0.07  
   0.31  0.95  0.00  
   -0.07  0.02  1.00  

3  1122.91  -38.84  59.38  
   -0.42  -0.03  -0.91  
   -0.11  -0.99  0.08  
   -0.90  0.14  0.42  

6  1219.35  135.28  279.95  
   0.94  0.13  -0.31  
   -0.31  0.03  -0.95  
   -0.11  0.99  0.07  

4  1026.02  137.52  -26.79  
   0.86  -0.35  0.37  
   0.50  0.72  -0.48  
   -0.10  0.60  0.79  

5  1000.57  176.81  232.17  
   -0.24  0.70  0.67  
   -0.07  0.67  -0.74  
   -0.97  -0.22  -0.11  

7  1008.61  -200.92  -30.36  
   0.89  -0.11  0.45  
   -0.20  0.78  0.59  
   -0.41  -0.61  0.67  

8  976.46  -225.47  230.39  
   -0.22  -0.49  0.84  
   0.06  0.85  0.52  
   -0.97  0.16  -0.16  

9  1214.44  -205.83  269.23  
   0.94  -0.19  -0.28  
   0.24  -0.24  0.94  
   -0.24  -0.95  -0.18  

2  682.67  -32.59  568.37  
   0.95  -0.31  0.07  
   0.31  0.95  0.00  
   -0.07  0.02  1.00  

4  1026.47  137.52  -27.24  
   0.86  -0.35  0.37  
   0.50  0.72  -0.48  
   -0.10  0.60  0.79  

3  1122.46  -38.84  59.38  
   -0.42  -0.03  -0.91  
   -0.11  -0.99  0.08  
   -0.90  0.14  0.42  

7  1008.61  -200.47  -30.36  
   0.89  -0.11  0.45  
   -0.20  0.78  0.59  
   -0.41  -0.61  0.67  

6  1219.35  136.18  279.95  
   0.94  0.13  -0.30  
   -0.31  0.03  -0.95  
   -0.11  0.99  0.07  

5  1000.57  176.36  232.17  
   -0.24  0.70  0.67  
   -0.07  0.67  -0.74  
   -0.97  -0.22  -0.11  

8  976.46  -225.47  230.39  
   -0.22  -0.49  0.84  
   0.06  0.85  0.52  
   -0.97  0.16  -0.16  

9  1214.88  -206.28  269.68  
   0.94  -0.19  -0.28  
   0.23  -0.24  0.94  
   -0.24  -0.95  -0.18  

2  683.12  -32.59  568.37  
   0.95  -0.31  0.07  
   0.31  0.95  0.00  
   -0.07  0.02  1.00  

4  1026.47  137.96  -26.79  
   0.86  -0.35  0.37  
   0.50  0.72  -0.48  
   -0.10  0.60  0.79  

3  1122.46  -38.84  59.83  
   -0.42  -0.03  -0.91  
   -0.11  -0.99  0.08  
   -0.90  0.14  0.42  

6  1219.80  135.73  279.95  
   0.94  0.13  -0.30  
   -0.31  0.03  -0.95  
   -0.11  0.99  0.07  

5  1000.13  176.36  232.62  
   -0.24  0.70  0.67  
   -0.07  0.67  -0.74  
   -0.97  -0.22  -0.11  

8  976.46  -225.47  230.39  
   -0.22  -0.49  0.84  
   0.06  0.85  0.52  
   -0.97  0.16  -0.16  

9  1214.44  -205.83  269.23  
   0.94  -0.19  -0.28  
   0.23  -0.24  0.94  
   -0.24  -0.95  -0.18  

7  1008.61  -200.92  -30.36  
   0.89  -0.11  0.45  
   -0.20  0.78  0.59  
   -0.41  -0.61  0.67  

2  683.12  -32.59  568.37  
   0.95  -0.31  0.07  
   0.31  0.95  0.00  
   -0.07  0.02  1.00  

4  1026.47  137.07  -26.79  
   0.86  -0.35  0.37  
   0.50  0.72  -0.48  
   -0.10  0.60  0.79  

3  1122.46  -39.29  59.38  
   -0.42  -0.03  -0.90  
   -0.11  -0.99  0.08  
   -0.90  0.14  0.42  

6  1219.80  136.18  279.50  
   0.94  0.13  -0.30  
   -0.31  0.03  -0.95  
   -0.11  0.99  0.07  

7  1008.61  -200.92  -29.91  
   0.89  -0.11  0.45  
   -0.20  0.78  0.59  
   -0.41  -0.61  0.67  

5  1000.13  176.36  232.17  
   -0.24  0.70  0.67  
   -0.07  0.67  -0.73  
   -0.97  -0.22  -0.11  

8  976.46  -225.92  230.39  
   -0.22  -0.49  0.84  
   0.06  0.85  0.52  
   -0.97  0.16  -0.16  

9  1214.88  -206.28  268.78  
   0.94  -0.19  -0.28  
   0.23  -0.24  0.94  
   -0.25  -0.95  -0.18  

