3  1253.28  -4.91  28.57  
   -0.64  0.21  -0.74  
   -0.20  -0.97  -0.10  
   -0.74  0.09  0.67  

2  858.14  -36.17  575.52  
   0.68  -0.73  0.02  
   0.73  0.68  0.04  
   -0.04  -0.01  1.00  

4  1116.66  185.74  -15.63  
   0.59  -0.73  0.35  
   0.78  0.41  -0.47  
   0.20  0.55  0.81  

6  1148.36  370.58  507.21  
   0.43  -0.89  0.16  
   0.31  -0.02  -0.95  
   0.85  0.46  0.26  

7  1119.34  -189.76  -29.47  
   0.74  0.57  0.35  
   -0.66  0.52  0.54  
   0.13  -0.63  0.76  

8  1090.76  -281.73  233.51  
   -0.02  -0.59  0.81  
   0.28  0.77  0.57  
   -0.96  0.23  0.15  

9  1190.77  -345.58  498.72  
   0.38  0.92  -0.10  
   -0.09  0.14  0.98  
   0.92  -0.37  0.14  

5  1075.13  235.30  254.05  
   -0.00  0.05  1.00  
   -0.27  0.96  -0.05  
   -0.96  -0.27  0.01  

2  858.59  -36.17  575.52  
   0.68  -0.74  0.02  
   0.73  0.68  0.04  
   -0.04  -0.01  1.00  

3  1253.28  -4.91  29.02  
   -0.64  0.21  -0.74  
   -0.20  -0.97  -0.10  
   -0.74  0.09  0.66  

4  1117.10  185.74  -15.63  
   0.59  -0.73  0.35  
   0.78  0.41  -0.47  
   0.20  0.55  0.81  

5  1074.69  234.85  254.05  
   -0.00  0.06  1.00  
   -0.27  0.96  -0.06  
   -0.96  -0.27  0.01  

6  1147.46  370.14  507.65  
   0.43  -0.89  0.16  
   0.30  -0.02  -0.95  
   0.85  0.46  0.26  

8  1090.31  -281.73  233.96  
   -0.02  -0.59  0.81  
   0.28  0.77  0.57  
   -0.96  0.23  0.15  

9  1190.33  -345.13  499.62  
   0.38  0.92  -0.10  
   -0.09  0.14  0.99  
   0.92  -0.36  0.14  

7  1119.34  -189.76  -29.02  
   0.74  0.57  0.35  
   -0.66  0.52  0.54  
   0.13  -0.63  0.76  

2  858.59  -36.17  575.52  
   0.68  -0.74  0.02  
   0.73  0.68  0.04  
   -0.04  -0.01  1.00  

3  1253.28  -4.91  29.47  
   -0.64  0.21  -0.74  
   -0.20  -0.97  -0.10  
   -0.74  0.09  0.66  

4  1117.10  185.74  -15.63  
   0.59  -0.73  0.35  
   0.78  0.41  -0.47  
   0.20  0.55  0.81  

6  1147.02  370.14  507.21  
   0.43  -0.89  0.16  
   0.31  -0.02  -0.95  
   0.85  0.46  0.26  

5  1074.69  235.30  254.05  
   -0.00  0.06  1.00  
   -0.27  0.96  -0.06  
   -0.96  -0.27  0.01  

7  1119.78  -190.20  -29.02  
   0.74  0.57  0.35  
   -0.66  0.52  0.54  
   0.13  -0.63  0.76  

9  1190.33  -345.13  500.06  
   0.38  0.92  -0.10  
   -0.09  0.14  0.99  
   0.92  -0.36  0.14  

8  1089.87  -282.18  233.51  
   -0.02  -0.59  0.81  
   0.28  0.77  0.57  
   -0.96  0.23  0.15  

2  858.14  -36.17  575.52  
   0.68  -0.74  0.02  
   0.73  0.68  0.04  
   -0.04  -0.01  1.00  

4  1117.10  185.29  -15.63  
   0.59  -0.73  0.35  
   0.78  0.41  -0.47  
   0.20  0.55  0.81  

3  1253.28  -5.36  29.91  
   -0.64  0.21  -0.74  
   -0.20  -0.97  -0.10  
   -0.74  0.09  0.66  

5  1074.24  235.30  254.05  
   0.00  0.06  1.00  
   -0.27  0.96  -0.06  
   -0.96  -0.27  0.02  

6  1146.57  370.14  507.65  
   0.43  -0.89  0.16  
   0.31  -0.02  -0.95  
   0.85  0.45  0.26  

7  1120.23  -190.20  -28.57  
   0.74  0.57  0.35  
   -0.66  0.52  0.54  
   0.13  -0.63  0.76  

8  1089.87  -281.73  233.51  
   -0.02  -0.59  0.81  
   0.28  0.77  0.57  
   -0.96  0.23  0.15  

9  1189.88  -345.58  500.51  
   0.38  0.92  -0.10  
   -0.09  0.14  0.99  
   0.92  -0.36  0.14  

4  1117.55  185.29  -15.63  
   0.59  -0.73  0.35  
   0.78  0.41  -0.47  
   0.20  0.55  0.81  

2  857.70  -36.17  575.52  
   0.68  -0.73  0.02  
   0.73  0.68  0.04  
   -0.04  -0.01  1.00  

5  1073.79  235.30  253.60  
   0.00  0.06  1.00  
   -0.27  0.96  -0.06  
   -0.96  -0.27  0.02  

3  1252.84  -5.36  29.91  
   -0.64  0.21  -0.74  
   -0.20  -0.97  -0.10  
   -0.74  0.09  0.66  

6  1145.68  370.14  507.65  
   0.42  -0.89  0.16  
   0.31  -0.02  -0.95  
   0.85  0.45  0.26  

7  1120.23  -189.76  -28.57  
   0.74  0.57  0.35  
   -0.66  0.52  0.54  
   0.13  -0.63  0.76  

9  1188.99  -345.58  500.51  
   0.38  0.92  -0.10  
   -0.09  0.14  0.99  
   0.92  -0.36  0.14  

8  1089.87  -281.73  233.96  
   -0.01  -0.59  0.81  
   0.28  0.77  0.57  
   -0.96  0.23  0.15  

2  858.14  -36.17  575.52  
   0.68  -0.74  0.02  
   0.73  0.68  0.04  
   -0.04  -0.01  1.00  

4  1117.55  185.29  -15.63  
   0.59  -0.73  0.34  
   0.78  0.41  -0.47  
   0.20  0.55  0.81  

3  1252.84  -5.36  30.36  
   -0.64  0.21  -0.74  
   -0.20  -0.97  -0.10  
   -0.74  0.09  0.66  

5  1073.35  235.74  253.60  
   0.00  0.06  1.00  
   -0.27  0.96  -0.05  
   -0.96  -0.27  0.02  

6  1145.23  370.14  507.65  
   0.42  -0.89  0.16  
   0.31  -0.02  -0.95  
   0.85  0.45  0.26  

7  1120.68  -190.20  -28.13  
   0.74  0.58  0.35  
   -0.66  0.52  0.54  
   0.13  -0.63  0.76  

8  1089.87  -281.73  233.96  
   -0.01  -0.59  0.80  
   0.28  0.77  0.57  
   -0.96  0.23  0.15  

9  1188.99  -345.58  500.96  
   0.37  0.92  -0.10  
   -0.09  0.14  0.99  
   0.92  -0.36  0.14  

2  858.14  -36.17  575.52  
   0.68  -0.73  0.02  
   0.73  0.68  0.04  
   -0.04  -0.01  1.00  

5  1073.35  235.74  254.05  
   0.01  0.06  1.00  
   -0.27  0.96  -0.05  
   -0.96  -0.27  0.02  

4  1117.55  185.29  -15.63  
   0.59  -0.73  0.34  
   0.78  0.41  -0.47  
   0.20  0.54  0.81  

3  1253.28  -5.36  30.36  
   -0.64  0.21  -0.74  
   -0.21  -0.97  -0.10  
   -0.74  0.09  0.66  

6  1144.34  370.58  507.65  
   0.42  -0.89  0.16  
   0.31  -0.02  -0.95  
   0.85  0.45  0.26  

9  1188.54  -346.03  500.96  
   0.37  0.92  -0.10  
   -0.09  0.14  0.99  
   0.92  -0.36  0.14  

8  1089.42  -282.18  233.96  
   -0.01  -0.59  0.80  
   0.28  0.77  0.57  
   -0.96  0.23  0.15  

7  1120.23  -190.20  -28.13  
   0.74  0.58  0.35  
   -0.66  0.52  0.54  
   0.13  -0.63  0.76  

2  858.14  -36.17  575.52  
   0.68  -0.73  0.02  
   0.73  0.68  0.04  
   -0.04  -0.01  1.00  

3  1252.84  -5.80  30.81  
   -0.64  0.21  -0.74  
   -0.21  -0.97  -0.09  
   -0.74  0.09  0.66  

5  1073.35  235.74  254.05  
   0.01  0.06  1.00  
   -0.27  0.96  -0.06  
   -0.96  -0.27  0.02  

4  1118.00  184.84  -15.18  
   0.59  -0.73  0.34  
   0.78  0.41  -0.47  
   0.20  0.54  0.81  

6  1144.79  370.14  507.21  
   0.42  -0.89  0.16  
   0.31  -0.02  -0.95  
   0.85  0.45  0.26  

7  1120.68  -190.20  -28.13  
   0.74  0.58  0.35  
   -0.66  0.52  0.54  
   0.13  -0.63  0.76  

9  1188.09  -346.03  500.96  
   0.37  0.92  -0.10  
   -0.09  0.14  0.99  
   0.92  -0.36  0.14  

8  1089.42  -282.18  233.96  
   -0.01  -0.59  0.80  
   0.28  0.77  0.57  
   -0.96  0.23  0.16  

2  858.14  -36.17  575.52  
   0.68  -0.73  0.02  
   0.73  0.68  0.04  
   -0.04  -0.01  1.00  

3  1252.39  -5.80  31.25  
   -0.64  0.21  -0.74  
   -0.20  -0.97  -0.09  
   -0.74  0.09  0.66  

4  1118.00  185.29  -15.18  
   0.59  -0.73  0.34  
   0.78  0.41  -0.47  
   0.21  0.54  0.81  

6  1143.00  371.47  507.21  
   0.42  -0.90  0.12  
   0.29  0.00  -0.96  
   0.86  0.44  0.27  

7  1120.23  -190.65  -28.13  
   0.74  0.58  0.35  
   -0.66  0.52  0.55  
   0.14  -0.63  0.76  

5  1071.12  238.42  252.71  
   0.02  0.08  1.00  
   -0.28  0.96  -0.08  
   -0.96  -0.27  0.04  

8  1088.98  -282.62  233.51  
   -0.01  -0.59  0.80  
   0.28  0.77  0.57  
   -0.96  0.23  0.16  

9  1187.65  -346.03  500.96  
   0.37  0.92  -0.10  
   -0.09  0.14  0.99  
   0.92  -0.36  0.14  

3  1252.39  -5.80  31.25  
   -0.64  0.21  -0.74  
   -0.20  -0.97  -0.09  
   -0.74  0.09  0.66  

2  858.14  -35.72  575.07  
   0.68  -0.74  0.02  
   0.73  0.68  0.04  
   -0.04  -0.01  1.00  

4  1117.55  185.29  -15.18  
   0.59  -0.73  0.34  
   0.78  0.40  -0.47  
   0.21  0.55  0.81  

5  1069.33  239.32  250.92  
   0.02  0.10  0.99  
   -0.28  0.96  -0.09  
   -0.96  -0.27  0.05  

6  1140.77  369.69  507.65  
   0.41  -0.91  0.09  
   0.28  0.03  -0.96  
   0.87  0.42  0.26  

7  1120.23  -190.65  -28.13  
   0.74  0.58  0.35  
   -0.66  0.51  0.55  
   0.14  -0.63  0.76  

8  1086.30  -285.30  230.39  
   -0.00  -0.61  0.79  
   0.29  0.76  0.58  
   -0.96  0.23  0.17  

9  1183.18  -350.94  498.28  
   0.37  0.92  -0.11  
   -0.10  0.16  0.98  
   0.93  -0.35  0.15  

2  858.14  -36.17  575.07  
   0.68  -0.73  0.02  
   0.73  0.68  0.04  
   -0.04  -0.01  1.00  

4  1118.00  185.74  -14.73  
   0.58  -0.74  0.34  
   0.78  0.40  -0.48  
   0.22  0.54  0.81  

3  1251.50  -5.80  32.15  
   -0.64  0.21  -0.74  
   -0.20  -0.97  -0.10  
   -0.74  0.09  0.66  

5  1065.76  238.42  250.03  
   0.04  0.12  0.99  
   -0.28  0.96  -0.10  
   -0.96  -0.27  0.07  

6  1134.07  367.90  508.55  
   0.40  -0.91  0.07  
   0.27  0.04  -0.96  
   0.88  0.41  0.26  

8  1080.05  -288.43  226.37  
   0.02  -0.62  0.78  
   0.30  0.75  0.59  
   -0.95  0.23  0.20  

7  1119.78  -191.10  -28.13  
   0.74  0.58  0.34  
   -0.66  0.51  0.55  
   0.14  -0.63  0.76  

9  1173.36  -356.74  496.04  
   0.35  0.93  -0.13  
   -0.10  0.17  0.98  
   0.93  -0.33  0.15  

2  858.14  -36.17  575.52  
   0.68  -0.73  0.02  
   0.73  0.68  0.04  
   -0.04  -0.01  1.00  

4  1118.44  185.74  -14.73  
   0.58  -0.74  0.33  
   0.78  0.40  -0.48  
   0.22  0.54  0.81  

3  1251.05  -6.25  32.59  
   -0.64  0.20  -0.74  
   -0.20  -0.98  -0.09  
   -0.74  0.09  0.66  

8  1071.56  -293.34  220.56  
   0.05  -0.64  0.77  
   0.32  0.74  0.59  
   -0.95  0.22  0.24  

7  1118.44  -191.10  -29.02  
   0.73  0.59  0.34  
   -0.67  0.50  0.55  
   0.15  -0.63  0.76  

5  1060.40  239.32  246.91  
   0.06  0.13  0.99  
   -0.28  0.95  -0.10  
   -0.96  -0.27  0.09  

6  1126.03  367.46  508.10  
   0.38  -0.92  0.05  
   0.26  0.05  -0.97  
   0.89  0.38  0.26  

9  1156.84  -364.33  492.92  
   0.32  0.94  -0.13  
   -0.11  0.17  0.98  
   0.94  -0.30  0.16  

2  858.14  -36.17  575.07  
   0.68  -0.73  0.02  
   0.73  0.68  0.04  
   -0.04  -0.01  1.00  

4  1117.55  185.74  -16.52  
   0.58  -0.75  0.33  
   0.79  0.40  -0.47  
   0.22  0.53  0.82  

3  1250.60  -6.25  32.59  
   -0.64  0.20  -0.74  
   -0.20  -0.98  -0.09  
   -0.74  0.09  0.67  

5  1053.70  242.89  242.44  
   0.09  0.16  0.98  
   -0.29  0.95  -0.12  
   -0.95  -0.27  0.13  

6  1117.10  367.46  505.42  
   0.37  -0.93  0.02  
   0.24  0.08  -0.97  
   0.90  0.36  0.25  

7  1117.55  -190.65  -29.02  
   0.72  0.60  0.34  
   -0.67  0.50  0.55  
   0.16  -0.63  0.76  

8  1063.08  -297.36  215.65  
   0.08  -0.65  0.76  
   0.33  0.73  0.59  
   -0.94  0.20  0.27  

9  1141.66  -368.35  491.58  
   0.30  0.95  -0.14  
   -0.11  0.18  0.98  
   0.95  -0.27  0.15  

4  1117.55  184.40  -17.41  
   0.57  -0.76  0.32  
   0.79  0.40  -0.47  
   0.23  0.52  0.82  

5  1047.90  243.33  238.42  
   0.11  0.16  0.98  
   -0.29  0.95  -0.12  
   -0.95  -0.27  0.15  

2  858.14  -36.17  575.52  
   0.68  -0.74  0.02  
   0.73  0.68  0.04  
   -0.04  -0.01  1.00  

3  1250.16  -7.14  32.59  
   -0.64  0.20  -0.74  
   -0.20  -0.98  -0.09  
   -0.74  0.09  0.67  

6  1105.94  369.24  504.08  
   0.35  -0.94  0.00  
   0.24  0.08  -0.97  
   0.91  0.34  0.25  

7  1116.66  -191.10  -29.47  
   0.72  0.61  0.34  
   -0.68  0.49  0.55  
   0.16  -0.62  0.77  

9  1128.71  -371.92  488.90  
   0.27  0.95  -0.15  
   -0.11  0.18  0.98  
   0.96  -0.25  0.15  

8  1055.94  -299.14  212.53  
   0.11  -0.66  0.74  
   0.34  0.73  0.60  
   -0.94  0.18  0.30  

4  1116.21  184.84  -18.31  
   0.56  -0.77  0.32  
   0.80  0.39  -0.46  
   0.23  0.51  0.83  

2  858.59  -36.17  575.52  
   0.68  -0.74  0.02  
   0.73  0.68  0.04  
   -0.04  -0.01  1.00  

3  1249.71  -7.14  32.15  
   -0.65  0.20  -0.74  
   -0.20  -0.98  -0.09  
   -0.74  0.09  0.67  

5  1038.97  243.78  236.19  
   0.15  0.16  0.97  
   -0.30  0.95  -0.11  
   -0.94  -0.27  0.19  

6  1091.65  369.69  501.40  
   0.32  -0.95  -0.01  
   0.23  0.09  -0.97  
   0.92  0.31  0.25  

7  1115.76  -190.65  -30.81  
   0.71  0.61  0.34  
   -0.68  0.49  0.54  
   0.16  -0.62  0.77  

9  1115.32  -373.71  487.11  
   0.25  0.96  -0.15  
   -0.10  0.18  0.98  
   0.96  -0.23  0.14  

8  1048.79  -301.82  205.38  
   0.14  -0.67  0.73  
   0.34  0.72  0.60  
   -0.93  0.17  0.33  

2  858.14  -36.17  575.52  
   0.68  -0.73  0.02  
   0.73  0.68  0.04  
   -0.04  -0.01  1.00  

3  1248.82  -7.14  33.04  
   -0.65  0.20  -0.74  
   -0.20  -0.98  -0.09  
   -0.74  0.09  0.67  

4  1114.87  183.06  -20.09  
   0.55  -0.77  0.32  
   0.80  0.38  -0.46  
   0.23  0.50  0.83  

5  1030.49  242.44  230.83  
   0.18  0.16  0.97  
   -0.30  0.95  -0.10  
   -0.94  -0.27  0.21  

7  1114.43  -189.76  -31.25  
   0.71  0.62  0.34  
   -0.69  0.49  0.54  
   0.17  -0.61  0.77  

6  1077.81  370.14  499.17  
   0.30  -0.95  -0.01  
   0.23  0.09  -0.97  
   0.92  0.29  0.25  

9  1101.48  -375.05  483.54  
   0.23  0.96  -0.15  
   -0.10  0.18  0.98  
   0.97  -0.21  0.13  

8  1041.20  -303.61  200.47  
   0.16  -0.67  0.72  
   0.35  0.72  0.60  
   -0.92  0.15  0.35  

2  857.70  -36.17  575.52  
   0.68  -0.74  0.02  
   0.73  0.68  0.04  
   -0.04  -0.01  1.00  

5  1025.13  241.55  228.15  
   0.20  0.15  0.97  
   -0.29  0.95  -0.09  
   -0.93  -0.27  0.23  

3  1248.37  -6.70  32.15  
   -0.65  0.20  -0.73  
   -0.20  -0.98  -0.09  
   -0.73  0.09  0.67  

6  1066.20  371.03  496.49  
   0.29  -0.96  -0.01  
   0.24  0.08  -0.97  
   0.93  0.28  0.25  

4  1113.53  182.61  -20.98  
   0.54  -0.78  0.32  
   0.81  0.37  -0.45  
   0.24  0.50  0.83  

9  1089.87  -375.94  479.97  
   0.21  0.96  -0.16  
   -0.09  0.18  0.98  
   0.97  -0.19  0.13  

8  1035.40  -304.95  195.11  
   0.19  -0.68  0.71  
   0.35  0.72  0.60  
   -0.92  0.14  0.38  

7  1113.98  -188.86  -32.59  
   0.70  0.63  0.34  
   -0.69  0.48  0.53  
   0.17  -0.61  0.77  

2  857.70  -36.17  575.52  
   0.68  -0.74  0.02  
   0.73  0.68  0.04  
   -0.04  -0.01  1.00  

3  1247.03  -5.80  31.70  
   -0.65  0.20  -0.73  
   -0.20  -0.98  -0.09  
   -0.73  0.09  0.68  

4  1111.30  183.51  -21.43  
   0.52  -0.79  0.32  
   0.82  0.36  -0.45  
   0.24  0.50  0.83  

6  1054.60  370.14  494.26  
   0.27  -0.96  -0.01  
   0.24  0.07  -0.97  
   0.93  0.26  0.25  

5  1017.98  241.10  224.14  
   0.22  0.14  0.96  
   -0.29  0.95  -0.07  
   -0.93  -0.27  0.25  

7  1112.19  -187.97  -34.83  
   0.69  0.64  0.34  
   -0.70  0.48  0.52  
   0.17  -0.60  0.78  

8  1026.91  -303.61  189.76  
   0.22  -0.68  0.70  
   0.36  0.72  0.60  
   -0.91  0.12  0.40  

9  1074.69  -377.73  475.06  
   0.18  0.97  -0.15  
   -0.09  0.17  0.98  
   0.98  -0.17  0.12  

2  857.70  -36.17  575.52  
   0.68  -0.74  0.02  
   0.73  0.68  0.04  
   -0.04  -0.01  1.00  

3  1247.48  -5.36  30.81  
   -0.65  0.20  -0.73  
   -0.20  -0.97  -0.09  
   -0.73  0.09  0.68  

6  1047.90  368.80  492.92  
   0.26  -0.97  -0.00  
   0.24  0.07  -0.97  
   0.94  0.25  0.25  

5  1013.97  240.21  222.35  
   0.24  0.13  0.96  
   -0.29  0.95  -0.06  
   -0.93  -0.26  0.27  

4  1109.51  183.06  -22.32  
   0.52  -0.79  0.32  
   0.82  0.35  -0.44  
   0.24  0.49  0.84  

7  1111.30  -186.63  -36.17  
   0.68  0.64  0.34  
   -0.71  0.48  0.52  
   0.17  -0.60  0.79  

8  1020.66  -302.72  184.84  
   0.24  -0.67  0.70  
   0.36  0.73  0.58  
   -0.90  0.11  0.41  

9  1062.63  -378.62  471.49  
   0.16  0.98  -0.14  
   -0.10  0.16  0.98  
   0.98  -0.14  0.13  

2  857.70  -36.17  575.07  
   0.68  -0.74  0.02  
   0.73  0.68  0.04  
   -0.04  -0.01  1.00  

3  1246.58  -5.80  30.81  
   -0.66  0.20  -0.73  
   -0.20  -0.98  -0.09  
   -0.73  0.08  0.68  

4  1108.62  182.17  -23.66  
   0.51  -0.80  0.32  
   0.83  0.35  -0.44  
   0.24  0.49  0.84  

6  1038.52  367.46  490.24  
   0.25  -0.97  0.02  
   0.24  0.05  -0.97  
   0.94  0.25  0.24  

7  1110.41  -186.63  -37.50  
   0.67  0.65  0.35  
   -0.72  0.47  0.51  
   0.17  -0.59  0.79  

5  1007.72  237.53  217.88  
   0.26  0.12  0.96  
   -0.29  0.96  -0.04  
   -0.92  -0.26  0.28  

8  1014.86  -300.04  181.27  
   0.26  -0.66  0.71  
   0.36  0.74  0.57  
   -0.90  0.11  0.43  

9  1052.81  -379.96  468.36  
   0.15  0.98  -0.12  
   -0.11  0.14  0.98  
   0.98  -0.13  0.13  

2  858.14  -36.17  575.52  
   0.68  -0.74  0.02  
   0.73  0.68  0.04  
   -0.04  -0.01  1.00  

3  1245.69  -5.36  30.36  
   -0.66  0.21  -0.72  
   -0.20  -0.97  -0.09  
   -0.73  0.08  0.68  

4  1105.50  179.49  -26.34  
   0.49  -0.81  0.33  
   0.84  0.33  -0.42  
   0.23  0.48  0.84  

5  1000.13  234.40  212.08  
   0.28  0.11  0.95  
   -0.28  0.96  -0.02  
   -0.92  -0.26  0.30  

7  1108.62  -185.74  -38.40  
   0.67  0.66  0.35  
   -0.73  0.47  0.50  
   0.17  -0.59  0.79  

6  1022.90  367.01  483.99  
   0.23  -0.97  0.04  
   0.25  0.02  -0.97  
   0.94  0.24  0.25  

8  1008.61  -300.48  178.15  
   0.28  -0.65  0.71  
   0.36  0.76  0.55  
   -0.89  0.10  0.44  

9  1042.54  -380.40  464.79  
   0.13  0.98  -0.11  
   -0.12  0.13  0.98  
   0.98  -0.12  0.14  

2  858.14  -36.17  575.52  
   0.68  -0.74  0.02  
   0.73  0.68  0.04  
   -0.04  -0.01  1.00  

3  1245.24  -5.80  30.81  
   -0.66  0.21  -0.72  
   -0.20  -0.97  -0.10  
   -0.72  0.08  0.68  

4  1103.26  178.15  -28.13  
   0.47  -0.82  0.33  
   0.85  0.32  -0.41  
   0.23  0.48  0.85  

6  1007.72  366.12  477.74  
   0.20  -0.98  0.03  
   0.26  0.02  -0.97  
   0.94  0.20  0.26  

5  992.98  233.06  205.83  
   0.30  0.11  0.95  
   -0.28  0.96  -0.02  
   -0.91  -0.26  0.32  

7  1108.17  -185.74  -39.29  
   0.66  0.67  0.35  
   -0.73  0.47  0.49  
   0.16  -0.58  0.80  

9  1030.93  -380.85  461.66  
   0.11  0.99  -0.10  
   -0.13  0.11  0.99  
   0.99  -0.10  0.14  

8  1003.25  -297.36  174.58  
   0.30  -0.64  0.71  
   0.35  0.77  0.54  
   -0.89  0.09  0.45  

2  858.14  -36.17  575.52  
   0.68  -0.73  0.02  
   0.73  0.68  0.04  
   -0.04  -0.01  1.00  

3  1245.24  -6.25  29.91  
   -0.66  0.21  -0.72  
   -0.21  -0.97  -0.10  
   -0.72  0.08  0.69  

6  996.11  365.67  472.83  
   0.17  -0.99  -0.01  
   0.25  0.05  -0.97  
   0.95  0.16  0.26  

5  987.18  233.06  201.36  
   0.33  0.13  0.93  
   -0.28  0.96  -0.03  
   -0.90  -0.25  0.35  

4  1101.48  177.25  -29.47  
   0.45  -0.82  0.34  
   0.86  0.31  -0.41  
   0.23  0.48  0.85  

7  1107.73  -184.84  -41.08  
   0.65  0.67  0.36  
   -0.74  0.46  0.48  
   0.16  -0.58  0.80  

8  997.00  -296.47  169.66  
   0.32  -0.62  0.71  
   0.35  0.78  0.52  
   -0.88  0.08  0.47  

9  1018.88  -379.51  458.09  
   0.09  0.99  -0.09  
   -0.13  0.10  0.99  
   0.99  -0.07  0.14  

2  858.14  -36.17  575.52  
   0.68  -0.74  0.02  
   0.73  0.68  0.04  
   -0.04  -0.01  1.00  

3  1244.80  -6.25  29.47  
   -0.66  0.21  -0.72  
   -0.21  -0.97  -0.10  
   -0.72  0.08  0.69  

6  986.73  365.67  468.36  
   0.14  -0.99  -0.06  
   0.24  0.09  -0.97  
   0.96  0.12  0.25  

5  982.71  235.74  197.79  
   0.35  0.15  0.92  
   -0.28  0.96  -0.05  
   -0.89  -0.24  0.38  

4  1101.48  177.25  -29.91  
   0.45  -0.83  0.34  
   0.86  0.30  -0.41  
   0.23  0.47  0.85  

7  1106.83  -183.06  -42.86  
   0.64  0.68  0.36  
   -0.75  0.46  0.47  
   0.16  -0.57  0.81  

8  990.75  -293.34  165.20  
   0.35  -0.61  0.71  
   0.34  0.79  0.51  
   -0.87  0.06  0.49  

9  1003.70  -379.51  453.18  
   0.05  0.99  -0.08  
   -0.14  0.09  0.99  
   0.99  -0.04  0.14  

2  858.59  -36.17  575.52  
   0.68  -0.73  0.02  
   0.73  0.68  0.04  
   -0.04  -0.01  1.00  

5  980.03  234.40  194.22  
   0.37  0.16  0.92  
   -0.27  0.96  -0.06  
   -0.89  -0.23  0.40  

4  1100.14  177.25  -29.91  
   0.44  -0.83  0.34  
   0.87  0.29  -0.40  
   0.24  0.47  0.85  

3  1244.35  -6.25  29.47  
   -0.66  0.21  -0.72  
   -0.21  -0.97  -0.10  
   -0.72  0.08  0.69  

6  976.46  363.88  466.58  
   0.11  -0.99  -0.07  
   0.23  0.10  -0.97  
   0.97  0.09  0.24  

8  985.84  -291.55  159.84  
   0.38  -0.60  0.70  
   0.34  0.80  0.50  
   -0.86  0.05  0.50  

9  989.41  -381.74  446.93  
   0.02  1.00  -0.07  
   -0.15  0.07  0.99  
   0.99  -0.01  0.15  

7  1105.50  -182.61  -44.20  
   0.63  0.69  0.36  
   -0.76  0.45  0.46  
   0.15  -0.56  0.81  

2  858.59  -36.17  575.52  
   0.68  -0.74  0.02  
   0.73  0.68  0.04  
   -0.04  -0.01  1.00  

5  975.12  232.17  191.10  
   0.38  0.16  0.91  
   -0.26  0.96  -0.05  
   -0.89  -0.22  0.41  

4  1098.80  176.81  -30.36  
   0.42  -0.84  0.34  
   0.87  0.28  -0.40  
   0.24  0.46  0.85  

3  1243.91  -5.80  29.47  
   -0.66  0.21  -0.72  
   -0.20  -0.97  -0.10  
   -0.72  0.08  0.69  

6  965.75  361.21  463.90  
   0.08  -0.99  -0.09  
   0.22  0.11  -0.97  
   0.97  0.05  0.23  

9  976.01  -380.85  442.47  
   -0.01  1.00  -0.06  
   -0.16  0.06  0.99  
   0.99  0.02  0.16  

7  1105.94  -182.17  -45.99  
   0.62  0.70  0.36  
   -0.77  0.45  0.45  
   0.15  -0.55  0.82  

8  981.37  -289.32  154.93  
   0.40  -0.59  0.70  
   0.34  0.81  0.48  
   -0.85  0.04  0.52  

2  858.14  -35.72  575.52  
   0.68  -0.74  0.02  
   0.73  0.68  0.04  
   -0.04  -0.01  1.00  

5  971.10  230.83  188.86  
   0.39  0.15  0.91  
   -0.25  0.97  -0.05  
   -0.88  -0.21  0.42  

4  1097.91  176.81  -30.36  
   0.41  -0.85  0.34  
   0.88  0.27  -0.39  
   0.24  0.46  0.85  

3  1243.01  -5.80  29.47  
   -0.66  0.21  -0.72  
   -0.20  -0.97  -0.10  
   -0.72  0.08  0.69  

7  1104.16  -180.38  -46.43  
   0.61  0.71  0.36  
   -0.78  0.45  0.44  
   0.15  -0.55  0.82  

6  955.92  358.53  461.66  
   0.05  -0.99  -0.10  
   0.22  0.11  -0.97  
   0.97  0.03  0.22  

8  976.91  -287.54  151.80  
   0.42  -0.58  0.70  
   0.33  0.82  0.47  
   -0.84  0.04  0.53  

9  965.75  -381.74  437.11  
   -0.03  1.00  -0.06  
   -0.17  0.05  0.98  
   0.98  0.04  0.17  

2  858.59  -35.72  575.52  
   0.68  -0.74  0.02  
   0.73  0.68  0.04  
   -0.04  -0.01  1.00  

5  967.09  230.39  183.51  
   0.43  0.16  0.89  
   -0.25  0.97  -0.05  
   -0.87  -0.20  0.45  

4  1097.46  175.47  -32.15  
   0.40  -0.85  0.34  
   0.88  0.26  -0.39  
   0.24  0.46  0.85  

3  1242.12  -5.80  28.57  
   -0.67  0.21  -0.72  
   -0.20  -0.97  -0.10  
   -0.72  0.08  0.69  

6  946.55  356.74  458.54  
   0.03  -0.99  -0.11  
   0.22  0.12  -0.97  
   0.98  0.00  0.22  

7  1103.26  -179.93  -48.22  
   0.60  0.71  0.36  
   -0.79  0.44  0.43  
   0.14  -0.54  0.83  

8  974.68  -286.64  148.68  
   0.43  -0.57  0.70  
   0.33  0.82  0.47  
   -0.84  0.03  0.54  

9  959.05  -382.19  433.09  
   -0.05  1.00  -0.06  
   -0.18  0.05  0.98  
   0.98  0.06  0.18  

2  858.14  -35.72  575.07  
   0.68  -0.74  0.02  
   0.73  0.68  0.04  
   -0.04  -0.01  1.00  

5  963.51  228.60  179.93  
   0.45  0.16  0.88  
   -0.25  0.97  -0.05  
   -0.86  -0.20  0.47  

4  1096.12  174.58  -32.15  
   0.39  -0.85  0.35  
   0.89  0.25  -0.39  
   0.24  0.46  0.85  

3  1241.67  -6.25  28.13  
   -0.67  0.21  -0.71  
   -0.20  -0.97  -0.10  
   -0.72  0.08  0.69  

6  934.49  356.74  454.07  
   -0.01  -0.99  -0.13  
   0.22  0.13  -0.97  
   0.98  -0.04  0.21  

8  972.00  -285.30  146.45  
   0.44  -0.56  0.70  
   0.33  0.82  0.46  
   -0.83  0.03  0.55  

7  1102.37  -179.93  -48.67  
   0.59  0.72  0.37  
   -0.79  0.44  0.42  
   0.14  -0.54  0.83  

9  950.12  -384.87  428.63  
   -0.07  1.00  -0.05  
   -0.19  0.04  0.98  
   0.98  0.08  0.19  

2  858.59  -35.72  575.52  
   0.68  -0.74  0.02  
   0.73  0.68  0.04  
   -0.04  -0.01  1.00  

4  1093.89  173.68  -31.70  
   0.38  -0.86  0.35  
   0.89  0.24  -0.38  
   0.25  0.46  0.86  

3  1240.78  -5.80  28.13  
   -0.67  0.21  -0.71  
   -0.20  -0.97  -0.10  
   -0.72  0.07  0.69  

5  959.49  228.15  178.15  
   0.47  0.15  0.87  
   -0.25  0.97  -0.04  
   -0.85  -0.21  0.49  

6  924.67  357.63  448.27  
   -0.03  -0.99  -0.13  
   0.23  0.12  -0.97  
   0.97  -0.06  0.22  

7  1101.92  -179.49  -49.56  
   0.59  0.72  0.37  
   -0.80  0.44  0.41  
   0.14  -0.54  0.83  

8  970.21  -285.75  142.88  
   0.45  -0.56  0.69  
   0.33  0.83  0.46  
   -0.83  0.02  0.56  

9  942.08  -387.55  424.16  
   -0.10  0.99  -0.06  
   -0.20  0.04  0.98  
   0.98  0.11  0.19  

5  957.71  229.05  174.58  
   0.48  0.16  0.86  
   -0.26  0.96  -0.04  
   -0.84  -0.20  0.50  

2  858.59  -36.17  575.52  
   0.68  -0.74  0.02  
   0.73  0.68  0.04  
   -0.04  -0.01  1.00  

3  1240.78  -5.80  27.68  
   -0.67  0.21  -0.71  
   -0.20  -0.97  -0.10  
   -0.72  0.07  0.69  

4  1094.33  173.68  -32.15  
   0.37  -0.86  0.35  
   0.89  0.23  -0.38  
   0.25  0.46  0.85  

6  920.65  359.42  444.25  
   -0.05  -0.99  -0.16  
   0.23  0.14  -0.96  
   0.97  -0.08  0.22  

7  1101.03  -179.04  -50.90  
   0.58  0.73  0.37  
   -0.80  0.44  0.40  
   0.13  -0.53  0.84  

8  967.53  -286.64  138.86  
   0.47  -0.57  0.67  
   0.33  0.82  0.46  
   -0.82  0.01  0.58  

9  934.05  -388.89  419.25  
   -0.12  0.99  -0.09  
   -0.20  0.06  0.98  
   0.97  0.14  0.19  

2  858.14  -36.17  575.52  
   0.68  -0.73  0.02  
   0.73  0.68  0.04  
   -0.04  -0.01  1.00  

4  1093.44  172.79  -32.15  
   0.37  -0.86  0.35  
   0.89  0.23  -0.38  
   0.25  0.46  0.85  

6  913.51  359.87  439.79  
   -0.07  -0.98  -0.18  
   0.23  0.15  -0.96  
   0.97  -0.11  0.21  

5  956.37  228.60  172.34  
   0.49  0.17  0.86  
   -0.26  0.96  -0.04  
   -0.83  -0.20  0.52  

3  1240.33  -5.80  26.79  
   -0.67  0.21  -0.71  
   -0.20  -0.97  -0.10  
   -0.71  0.07  0.70  

7  1098.80  -177.70  -52.24  
   0.57  0.73  0.37  
   -0.81  0.43  0.39  
   0.13  -0.52  0.84  

8  963.51  -286.64  134.84  
   0.49  -0.57  0.66  
   0.33  0.82  0.46  
   -0.81  -0.00  0.59  

9  922.44  -390.23  413.89  
   -0.15  0.98  -0.10  
   -0.20  0.06  0.98  
   0.97  0.17  0.19  

2  858.14  -35.72  575.52  
   0.68  -0.74  0.02  
   0.73  0.68  0.04  
   -0.04  -0.01  1.00  

4  1092.99  171.45  -33.93  
   0.36  -0.86  0.35  
   0.90  0.22  -0.38  
   0.25  0.45  0.86  

5  952.80  227.71  167.43  
   0.50  0.17  0.85  
   -0.26  0.96  -0.04  
   -0.82  -0.20  0.53  

6  901.90  359.42  433.54  
   -0.12  -0.97  -0.20  
   0.23  0.17  -0.96  
   0.97  -0.16  0.20  

3  1238.99  -6.25  25.45  
   -0.67  0.21  -0.71  
   -0.20  -0.98  -0.10  
   -0.71  0.07  0.70  

7  1097.46  -177.25  -53.58  
   0.55  0.74  0.37  
   -0.82  0.42  0.38  
   0.12  -0.52  0.85  

8  959.94  -285.30  130.37  
   0.51  -0.56  0.65  
   0.33  0.83  0.46  
   -0.79  -0.02  0.61  

9  909.49  -392.46  405.41  
   -0.19  0.98  -0.11  
   -0.22  0.07  0.97  
   0.96  0.21  0.20  

3  1238.55  -6.70  25.45  
   -0.68  0.21  -0.71  
   -0.20  -0.98  -0.10  
   -0.71  0.07  0.70  

2  857.70  -36.17  575.52  
   0.68  -0.74  0.02  
   0.73  0.68  0.04  
   -0.04  -0.01  1.00  

4  1092.55  171.00  -34.83  
   0.35  -0.87  0.35  
   0.90  0.21  -0.37  
   0.25  0.45  0.86  

5  949.67  226.37  163.86  
   0.52  0.17  0.84  
   -0.26  0.97  -0.03  
   -0.81  -0.20  0.55  

6  889.40  359.87  425.50  
   -0.16  -0.96  -0.22  
   0.23  0.18  -0.95  
   0.96  -0.21  0.19  

7  1097.46  -176.81  -54.47  
   0.54  0.75  0.37  
   -0.83  0.42  0.36  
   0.12  -0.51  0.85  

8  958.60  -285.30  126.80  
   0.53  -0.56  0.64  
   0.33  0.83  0.45  
   -0.78  -0.03  0.62  

9  898.77  -396.03  397.37  
   -0.23  0.97  -0.13  
   -0.23  0.07  0.97  
   0.95  0.25  0.21  

2  857.70  -36.17  575.07  
   0.68  -0.73  0.02  
   0.73  0.68  0.04  
   -0.04  -0.01  1.00  

3  1238.10  -6.25  25.00  
   -0.68  0.21  -0.71  
   -0.20  -0.98  -0.10  
   -0.71  0.07  0.70  

4  1092.99  170.11  -34.83  
   0.34  -0.87  0.35  
   0.91  0.20  -0.37  
   0.25  0.44  0.86  

5  946.10  227.26  159.39  
   0.54  0.16  0.83  
   -0.26  0.96  -0.02  
   -0.80  -0.20  0.56  

6  877.79  363.44  416.57  
   -0.20  -0.95  -0.25  
   0.24  0.19  -0.95  
   0.95  -0.25  0.19  

8  957.26  -286.20  123.23  
   0.54  -0.56  0.63  
   0.33  0.83  0.45  
   -0.77  -0.04  0.64  

7  1097.01  -176.36  -54.92  
   0.54  0.75  0.37  
   -0.83  0.42  0.35  
   0.11  -0.50  0.86  

9  891.18  -400.94  388.89  
   -0.26  0.95  -0.15  
   -0.26  0.08  0.96  
   0.93  0.29  0.23  

2  857.70  -36.17  575.52  
   0.68  -0.74  0.02  
   0.73  0.68  0.04  
   -0.04  -0.01  1.00  

5  944.76  228.60  154.48  
   0.55  0.17  0.81  
   -0.27  0.96  -0.02  
   -0.79  -0.21  0.58  

4  1093.44  169.66  -34.83  
   0.34  -0.88  0.35  
   0.91  0.20  -0.37  
   0.26  0.44  0.86  

3  1238.10  -6.70  25.00  
   -0.68  0.20  -0.71  
   -0.19  -0.98  -0.10  
   -0.71  0.07  0.70  

6  868.86  366.56  408.09  
   -0.24  -0.93  -0.28  
   0.25  0.22  -0.94  
   0.94  -0.30  0.18  

7  1097.91  -175.91  -55.81  
   0.54  0.76  0.37  
   -0.84  0.43  0.34  
   0.10  -0.49  0.86  

8  956.37  -286.20  119.21  
   0.55  -0.56  0.62  
   0.34  0.83  0.44  
   -0.76  -0.03  0.65  

9  884.04  -407.19  379.07  
   -0.28  0.95  -0.16  
   -0.29  0.07  0.96  
   0.91  0.32  0.25  

2  857.70  -36.17  575.52  
   0.68  -0.73  0.02  
   0.73  0.68  0.04  
   -0.04  -0.01  1.00  

5  941.19  227.71  149.57  
   0.57  0.17  0.80  
   -0.27  0.96  -0.01  
   -0.78  -0.21  0.59  

4  1093.89  170.11  -35.27  
   0.33  -0.88  0.34  
   0.91  0.19  -0.37  
   0.26  0.43  0.86  

3  1237.21  -7.14  24.11  
   -0.68  0.20  -0.71  
   -0.19  -0.98  -0.09  
   -0.71  0.07  0.70  

8  955.48  -285.30  115.64  
   0.57  -0.55  0.61  
   0.34  0.83  0.43  
   -0.75  -0.03  0.66  

9  875.11  -412.55  368.35  
   -0.31  0.94  -0.16  
   -0.31  0.06  0.95  
   0.90  0.35  0.28  

6  857.25  367.90  399.60  
   -0.28  -0.91  -0.30  
   0.25  0.24  -0.94  
   0.93  -0.34  0.16  

7  1097.91  -175.02  -57.15  
   0.53  0.76  0.37  
   -0.84  0.43  0.33  
   0.09  -0.49  0.87  

4  1094.33  169.66  -35.72  
   0.32  -0.88  0.34  
   0.91  0.19  -0.37  
   0.26  0.43  0.87  

3  1236.76  -7.14  23.66  
   -0.68  0.20  -0.71  
   -0.19  -0.98  -0.09  
   -0.71  0.07  0.70  

2  858.14  -36.17  575.52  
   0.68  -0.74  0.02  
   0.73  0.68  0.04  
   -0.04  -0.01  1.00  

5  938.96  225.92  145.55  
   0.59  0.16  0.79  
   -0.27  0.96  0.00  
   -0.77  -0.22  0.61  

6  848.32  368.35  390.67  
   -0.32  -0.89  -0.32  
   0.26  0.24  -0.93  
   0.91  -0.38  0.15  

7  1097.46  -174.13  -58.04  
   0.53  0.76  0.37  
   -0.85  0.43  0.31  
   0.08  -0.48  0.87  

8  954.14  -285.30  112.07  
   0.58  -0.54  0.61  
   0.35  0.84  0.41  
   -0.74  -0.03  0.67  

9  867.97  -417.91  359.87  
   -0.34  0.93  -0.16  
   -0.33  0.04  0.94  
   0.88  0.37  0.29  

2  857.70  -36.17  575.07  
   0.68  -0.73  0.02  
   0.73  0.68  0.04  
   -0.04  -0.01  1.00  

3  1235.87  -7.59  23.22  
   -0.68  0.19  -0.71  
   -0.19  -0.98  -0.09  
   -0.71  0.07  0.70  

4  1095.23  169.22  -36.17  
   0.32  -0.89  0.33  
   0.91  0.19  -0.37  
   0.26  0.42  0.87  

5  937.17  225.92  140.64  
   0.60  0.15  0.78  
   -0.27  0.96  0.02  
   -0.75  -0.23  0.62  

8  951.01  -283.96  106.71  
   0.59  -0.53  0.61  
   0.35  0.85  0.40  
   -0.73  -0.02  0.69  

6  839.39  371.47  380.40  
   -0.36  -0.87  -0.34  
   0.27  0.25  -0.93  
   0.89  -0.43  0.14  

7  1097.91  -174.58  -59.38  
   0.52  0.77  0.37  
   -0.85  0.43  0.30  
   0.07  -0.47  0.88  

9  859.04  -421.03  349.15  
   -0.36  0.92  -0.16  
   -0.35  0.03  0.94  
   0.86  0.40  0.31  

2  857.70  -36.17  575.52  
   0.68  -0.73  0.02  
   0.73  0.68  0.04  
   -0.04  -0.01  1.00  

3  1235.42  -7.59  23.66  
   -0.68  0.19  -0.71  
   -0.18  -0.98  -0.09  
   -0.71  0.07  0.70  

4  1097.01  169.22  -36.61  
   0.31  -0.89  0.32  
   0.91  0.19  -0.36  
   0.26  0.41  0.87  

5  935.83  227.26  135.28  
   0.62  0.15  0.77  
   -0.28  0.96  0.03  
   -0.73  -0.23  0.64  

6  830.91  374.60  369.69  
   -0.40  -0.84  -0.36  
   0.28  0.27  -0.92  
   0.87  -0.47  0.12  

7  1098.80  -172.79  -59.83  
   0.52  0.77  0.37  
   -0.85  0.43  0.28  
   0.06  -0.47  0.88  

8  948.33  -284.41  99.57  
   0.61  -0.52  0.60  
   0.35  0.86  0.37  
   -0.71  -0.01  0.70  

9  851.00  -427.73  335.31  
   -0.40  0.90  -0.19  
   -0.37  0.04  0.93  
   0.84  0.44  0.32  

2  857.70  -36.17  575.52  
   0.68  -0.74  0.02  
   0.73  0.68  0.04  
   -0.04  -0.01  1.00  

4  1097.91  169.22  -36.61  
   0.30  -0.90  0.31  
   0.91  0.18  -0.36  
   0.26  0.40  0.88  

3  1235.87  -7.59  23.66  
   -0.68  0.19  -0.71  
   -0.18  -0.98  -0.09  
   -0.72  0.07  0.69  

5  934.49  228.60  130.82  
   0.64  0.16  0.75  
   -0.29  0.96  0.04  
   -0.72  -0.24  0.66  

6  824.21  378.62  359.87  
   -0.44  -0.81  -0.39  
   0.28  0.29  -0.91  
   0.85  -0.51  0.10  

8  949.23  -287.98  93.32  
   0.62  -0.52  0.59  
   0.37  0.85  0.36  
   -0.69  -0.01  0.72  

7  1099.69  -171.90  -60.72  
   0.52  0.77  0.37  
   -0.85  0.44  0.28  
   0.05  -0.46  0.89  

9  848.32  -438.89  320.58  
   -0.42  0.88  -0.23  
   -0.40  0.05  0.91  
   0.81  0.48  0.33  

2  858.14  -35.72  575.52  
   0.68  -0.74  0.02  
   0.73  0.68  0.04  
   -0.04  -0.01  1.00  

4  1099.24  169.22  -37.06  
   0.30  -0.90  0.31  
   0.92  0.18  -0.36  
   0.27  0.39  0.88  

3  1236.32  -7.59  23.66  
   -0.67  0.19  -0.72  
   -0.18  -0.98  -0.09  
   -0.72  0.07  0.69  

5  933.15  228.60  127.69  
   0.65  0.16  0.75  
   -0.29  0.96  0.05  
   -0.71  -0.25  0.66  

8  951.46  -291.55  88.85  
   0.62  -0.53  0.57  
   0.40  0.85  0.35  
   -0.67  0.01  0.74  

6  818.85  380.40  354.51  
   -0.48  -0.78  -0.40  
   0.29  0.30  -0.91  
   0.83  -0.55  0.08  

7  1100.58  -171.00  -62.51  
   0.52  0.77  0.37  
   -0.85  0.45  0.27  
   0.04  -0.45  0.89  

9  849.66  -447.82  310.75  
   -0.43  0.87  -0.26  
   -0.43  0.05  0.90  
   0.79  0.50  0.35  

3  1236.32  -6.70  24.56  
   -0.67  0.19  -0.72  
   -0.18  -0.98  -0.09  
   -0.72  0.07  0.69  

2  858.14  -36.17  575.07  
   0.68  -0.74  0.02  
   0.73  0.68  0.04  
   -0.04  -0.01  1.00  

4  1098.80  169.22  -36.61  
   0.29  -0.91  0.30  
   0.92  0.18  -0.36  
   0.27  0.38  0.88  

5  930.03  228.60  124.12  
   0.66  0.15  0.73  
   -0.29  0.96  0.06  
   -0.69  -0.25  0.68  

6  810.37  379.51  348.26  
   -0.51  -0.76  -0.40  
   0.29  0.29  -0.91  
   0.81  -0.58  0.07  

8  952.80  -292.45  84.39  
   0.63  -0.54  0.56  
   0.41  0.84  0.35  
   -0.66  0.01  0.75  

9  848.32  -453.18  302.27  
   -0.44  0.86  -0.27  
   -0.44  0.06  0.90  
   0.78  0.51  0.35  

7  1102.37  -169.66  -63.85  
   0.53  0.76  0.37  
   -0.85  0.47  0.26  
   0.03  -0.45  0.89  

2  858.14  -35.72  575.52  
   0.68  -0.74  0.02  
   0.73  0.68  0.04  
   -0.04  -0.01  1.00  

5  928.24  226.81  120.10  
   0.67  0.13  0.73  
   -0.29  0.95  0.09  
   -0.68  -0.27  0.68  

6  802.78  381.74  339.77  
   -0.53  -0.76  -0.38  
   0.29  0.25  -0.92  
   0.79  -0.60  0.09  

4  1099.69  170.56  -36.61  
   0.28  -0.91  0.30  
   0.92  0.17  -0.35  
   0.27  0.37  0.89  

3  1236.76  -6.70  24.11  
   -0.67  0.19  -0.72  
   -0.18  -0.98  -0.09  
   -0.72  0.06  0.69  

7  1104.16  -168.77  -64.74  
   0.54  0.76  0.36  
   -0.84  0.47  0.26  
   0.02  -0.44  0.90  

9  841.62  -451.40  294.23  
   -0.46  0.84  -0.28  
   -0.44  0.06  0.90  
   0.77  0.53  0.35  

8  950.57  -290.66  79.03  
   0.64  -0.53  0.55  
   0.41  0.85  0.34  
   -0.65  0.01  0.76  

2  858.14  -35.72  575.07  
   0.68  -0.74  0.02  
   0.73  0.68  0.04  
   -0.04  -0.01  1.00  

4  1100.58  171.00  -36.61  
   0.28  -0.91  0.29  
   0.92  0.17  -0.35  
   0.27  0.37  0.89  

3  1236.76  -5.80  24.11  
   -0.67  0.19  -0.72  
   -0.18  -0.98  -0.09  
   -0.72  0.06  0.69  

5  928.69  227.26  119.21  
   0.68  0.13  0.72  
   -0.29  0.95  0.11  
   -0.68  -0.28  0.68  

6  802.33  383.53  335.31  
   -0.54  -0.75  -0.37  
   0.30  0.24  -0.92  
   0.79  -0.61  0.10  

7  1104.60  -167.88  -65.19  
   0.54  0.76  0.36  
   -0.84  0.47  0.26  
   0.02  -0.44  0.90  

8  950.12  -289.77  76.35  
   0.65  -0.53  0.55  
   0.41  0.85  0.33  
   -0.64  0.01  0.77  

9  837.16  -450.95  289.32  
   -0.47  0.83  -0.29  
   -0.44  0.06  0.90  
   0.76  0.55  0.34  

2  858.14  -36.17  575.07  
   0.68  -0.73  0.02  
   0.73  0.68  0.04  
   -0.04  -0.01  1.00  

5  929.13  227.26  116.98  
   0.68  0.13  0.72  
   -0.30  0.95  0.11  
   -0.67  -0.29  0.68  

3  1236.76  -5.36  24.56  
   -0.67  0.19  -0.72  
   -0.18  -0.98  -0.09  
   -0.73  0.06  0.68  

4  1100.58  170.56  -37.06  
   0.28  -0.91  0.29  
   0.92  0.17  -0.34  
   0.26  0.37  0.89  

6  802.78  387.55  330.84  
   -0.55  -0.75  -0.38  
   0.31  0.24  -0.92  
   0.78  -0.62  0.10  

8  949.23  -291.55  73.22  
   0.66  -0.53  0.54  
   0.41  0.85  0.33  
   -0.63  0.01  0.78  

7  1105.05  -167.88  -65.19  
   0.54  0.76  0.36  
   -0.84  0.47  0.26  
   0.02  -0.44  0.90  

9  834.48  -454.97  282.62  
   -0.48  0.82  -0.31  
   -0.45  0.07  0.89  
   0.75  0.57  0.34  

2  858.14  -36.17  575.52  
   0.68  -0.73  0.02  
   0.73  0.68  0.04  
   -0.04  -0.01  1.00  

4  1101.92  169.66  -37.50  
   0.28  -0.91  0.29  
   0.92  0.18  -0.34  
   0.26  0.36  0.89  

3  1237.21  -5.36  24.56  
   -0.66  0.19  -0.72  
   -0.17  -0.98  -0.09  
   -0.73  0.06  0.68  

5  929.58  228.15  115.64  
   0.68  0.13  0.72  
   -0.31  0.94  0.11  
   -0.67  -0.30  0.68  

9  833.14  -457.65  277.71  
   -0.49  0.81  -0.32  
   -0.46  0.07  0.89  
   0.74  0.58  0.33  

8  949.23  -292.45  70.99  
   0.66  -0.53  0.53  
   0.42  0.85  0.32  
   -0.62  0.01  0.78  

7  1105.05  -167.43  -65.19  
   0.54  0.76  0.36  
   -0.84  0.47  0.26  
   0.02  -0.44  0.90  

6  801.89  389.33  327.27  
   -0.56  -0.74  -0.38  
   0.32  0.24  -0.92  
   0.77  -0.63  0.10  

2  858.14  -36.17  575.52  
   0.68  -0.73  0.02  
   0.73  0.68  0.04  
   -0.04  -0.01  1.00  

3  1237.21  -5.80  24.56  
   -0.66  0.19  -0.72  
   -0.17  -0.98  -0.09  
   -0.73  0.07  0.68  

4  1102.37  169.22  -37.50  
   0.28  -0.91  0.29  
   0.92  0.18  -0.34  
   0.26  0.36  0.89  

5  930.47  229.94  115.64  
   0.68  0.14  0.72  
   -0.31  0.94  0.11  
   -0.66  -0.30  0.69  

6  804.12  390.67  327.27  
   -0.56  -0.73  -0.40  
   0.32  0.25  -0.91  
   0.77  -0.63  0.09  

7  1105.05  -167.88  -65.19  
   0.54  0.76  0.36  
   -0.84  0.47  0.26  
   0.02  -0.44  0.90  

8  950.12  -292.89  70.99  
   0.66  -0.53  0.53  
   0.42  0.85  0.32  
   -0.62  0.01  0.78  

9  834.93  -457.65  279.50  
   -0.49  0.81  -0.33  
   -0.45  0.09  0.89  
   0.75  0.58  0.32  

2  857.70  -36.17  575.52  
   0.68  -0.73  0.02  
   0.73  0.68  0.04  
   -0.04  -0.01  1.00  

4  1102.37  169.66  -37.06  
   0.29  -0.91  0.29  
   0.92  0.18  -0.34  
   0.26  0.36  0.89  

3  1237.65  -5.36  25.00  
   -0.66  0.19  -0.73  
   -0.18  -0.98  -0.09  
   -0.73  0.07  0.68  

6  806.80  392.46  329.51  
   -0.55  -0.73  -0.40  
   0.32  0.26  -0.91  
   0.77  -0.63  0.09  

5  930.47  230.83  116.53  
   0.68  0.15  0.72  
   -0.31  0.94  0.10  
   -0.67  -0.30  0.68  

8  952.35  -294.68  73.22  
   0.65  -0.54  0.53  
   0.42  0.84  0.34  
   -0.63  0.00  0.78  

7  1105.94  -168.32  -65.19  
   0.54  0.76  0.36  
   -0.84  0.48  0.26  
   0.03  -0.44  0.90  

9  839.84  -458.09  283.96  
   -0.48  0.80  -0.35  
   -0.45  0.11  0.89  
   0.75  0.58  0.31  

2  858.14  -36.17  575.52  
   0.68  -0.74  0.02  
   0.73  0.68  0.04  
   -0.04  -0.01  1.00  

3  1237.65  -5.36  25.00  
   -0.66  0.19  -0.73  
   -0.18  -0.98  -0.09  
   -0.73  0.07  0.68  

4  1102.37  169.22  -37.50  
   0.29  -0.91  0.29  
   0.92  0.18  -0.35  
   0.26  0.36  0.89  

5  931.37  231.28  116.98  
   0.67  0.15  0.72  
   -0.31  0.94  0.10  
   -0.67  -0.29  0.68  

6  807.24  391.57  330.84  
   -0.55  -0.73  -0.40  
   0.32  0.26  -0.91  
   0.77  -0.63  0.09  

7  1106.39  -168.32  -64.74  
   0.55  0.76  0.36  
   -0.84  0.48  0.26  
   0.03  -0.45  0.90  

8  952.35  -295.13  73.22  
   0.65  -0.55  0.53  
   0.43  0.84  0.34  
   -0.63  0.00  0.78  

9  841.18  -458.99  284.41  
   -0.48  0.81  -0.35  
   -0.45  0.11  0.89  
   0.75  0.58  0.31  

2  857.70  -36.17  575.07  
   0.68  -0.74  0.02  
   0.73  0.68  0.04  
   -0.04  -0.01  1.00  

4  1103.26  169.22  -37.50  
   0.29  -0.91  0.28  
   0.92  0.18  -0.35  
   0.26  0.36  0.89  

3  1238.10  -5.80  25.45  
   -0.66  0.19  -0.73  
   -0.18  -0.98  -0.09  
   -0.73  0.07  0.68  

6  807.69  393.35  329.51  
   -0.55  -0.72  -0.41  
   0.32  0.27  -0.91  
   0.77  -0.64  0.08  

5  931.81  232.17  116.53  
   0.68  0.15  0.72  
   -0.32  0.94  0.10  
   -0.67  -0.29  0.69  

7  1106.83  -168.32  -65.19  
   0.55  0.76  0.36  
   -0.84  0.48  0.26  
   0.03  -0.44  0.90  

9  841.62  -460.33  283.07  
   -0.48  0.80  -0.36  
   -0.45  0.12  0.88  
   0.75  0.59  0.30  

8  953.69  -295.57  72.78  
   0.65  -0.55  0.52  
   0.43  0.84  0.34  
   -0.63  0.00  0.78  

2  858.14  -36.17  575.52  
   0.68  -0.73  0.02  
   0.73  0.68  0.04  
   -0.04  -0.01  1.00  

6  809.03  394.69  329.95  
   -0.55  -0.72  -0.42  
   0.32  0.27  -0.91  
   0.77  -0.63  0.08  

4  1103.71  169.22  -37.50  
   0.29  -0.91  0.28  
   0.92  0.19  -0.35  
   0.27  0.36  0.89  

3  1238.10  -5.80  25.90  
   -0.66  0.19  -0.73  
   -0.17  -0.98  -0.09  
   -0.73  0.07  0.68  

5  932.26  232.62  116.09  
   0.67  0.16  0.72  
   -0.32  0.94  0.09  
   -0.66  -0.29  0.69  

7  1107.28  -168.32  -65.19  
   0.55  0.75  0.36  
   -0.83  0.48  0.27  
   0.03  -0.44  0.90  

8  954.58  -296.91  72.78  
   0.65  -0.56  0.52  
   0.44  0.83  0.35  
   -0.62  0.00  0.78  

9  845.19  -461.66  283.52  
   -0.48  0.80  -0.37  
   -0.45  0.13  0.88  
   0.75  0.59  0.30  

3  1238.10  -6.25  26.34  
   -0.66  0.19  -0.73  
   -0.17  -0.98  -0.09  
   -0.73  0.07  0.68  

2  857.70  -35.72  575.07  
   0.68  -0.74  0.02  
   0.73  0.68  0.04  
   -0.04  -0.01  1.00  

4  1103.71  169.66  -37.06  
   0.29  -0.91  0.28  
   0.92  0.19  -0.35  
   0.27  0.36  0.89  

5  932.71  233.06  116.53  
   0.67  0.16  0.72  
   -0.32  0.94  0.09  
   -0.67  -0.29  0.69  

6  809.92  395.14  330.84  
   -0.55  -0.72  -0.42  
   0.32  0.28  -0.90  
   0.77  -0.63  0.08  

9  846.53  -464.34  283.52  
   -0.47  0.80  -0.37  
   -0.46  0.14  0.88  
   0.75  0.59  0.30  

8  955.92  -298.25  72.78  
   0.64  -0.56  0.52  
   0.44  0.83  0.35  
   -0.62  0.00  0.78  

7  1107.73  -167.88  -64.74  
   0.55  0.75  0.36  
   -0.83  0.49  0.27  
   0.03  -0.44  0.90  

2  857.70  -36.17  575.52  
   0.68  -0.73  0.02  
   0.73  0.68  0.04  
   -0.04  -0.01  1.00  

3  1238.55  -5.80  26.34  
   -0.66  0.19  -0.73  
   -0.17  -0.98  -0.09  
   -0.73  0.06  0.68  

5  932.71  233.51  116.53  
   0.67  0.16  0.72  
   -0.32  0.94  0.09  
   -0.66  -0.29  0.69  

4  1104.16  169.66  -37.06  
   0.29  -0.91  0.28  
   0.92  0.19  -0.35  
   0.27  0.36  0.89  

6  809.92  395.14  330.84  
   -0.55  -0.72  -0.42  
   0.32  0.28  -0.90  
   0.77  -0.63  0.08  

7  1108.62  -167.88  -64.74  
   0.56  0.75  0.36  
   -0.83  0.49  0.27  
   0.03  -0.44  0.90  

8  957.26  -299.14  71.44  
   0.64  -0.57  0.52  
   0.44  0.82  0.35  
   -0.62  0.01  0.78  

9  848.32  -465.68  282.18  
   -0.47  0.80  -0.37  
   -0.46  0.14  0.88  
   0.75  0.59  0.30  

2  857.70  -36.17  575.52  
   0.68  -0.73  0.02  
   0.73  0.68  0.04  
   -0.04  -0.01  1.00  

3  1238.99  -5.80  27.24  
   -0.66  0.19  -0.73  
   -0.17  -0.98  -0.10  
   -0.74  0.06  0.67  

4  1105.05  170.11  -36.61  
   0.29  -0.92  0.28  
   0.92  0.19  -0.35  
   0.27  0.36  0.89  

5  933.60  234.40  116.53  
   0.68  0.17  0.72  
   -0.32  0.94  0.08  
   -0.66  -0.29  0.69  

6  810.37  396.48  329.95  
   -0.55  -0.71  -0.43  
   0.32  0.29  -0.90  
   0.77  -0.64  0.07  

9  848.77  -467.92  279.95  
   -0.47  0.80  -0.38  
   -0.46  0.14  0.88  
   0.75  0.59  0.30  

8  957.71  -299.14  70.54  
   0.64  -0.57  0.51  
   0.45  0.82  0.35  
   -0.62  0.01  0.78  

7  1109.07  -167.88  -65.19  
   0.56  0.75  0.35  
   -0.83  0.49  0.27  
   0.03  -0.44  0.90  

2  857.70  -36.17  575.07  
   0.68  -0.73  0.02  
   0.73  0.68  0.04  
   -0.04  -0.01  1.00  

3  1238.99  -5.36  27.24  
   -0.65  0.19  -0.73  
   -0.17  -0.98  -0.10  
   -0.74  0.06  0.67  

4  1105.05  170.11  -36.17  
   0.29  -0.92  0.27  
   0.92  0.19  -0.35  
   0.27  0.36  0.89  

5  933.60  235.30  116.09  
   0.68  0.17  0.72  
   -0.33  0.94  0.08  
   -0.66  -0.29  0.69  

6  810.82  396.92  330.40  
   -0.55  -0.71  -0.43  
   0.32  0.29  -0.90  
   0.77  -0.64  0.07  

7  1109.96  -167.43  -65.19  
   0.56  0.75  0.35  
   -0.83  0.49  0.27  
   0.03  -0.44  0.90  

8  958.60  -299.59  70.54  
   0.64  -0.57  0.51  
   0.45  0.82  0.35  
   -0.62  0.01  0.78  

9  850.11  -467.92  279.95  
   -0.47  0.79  -0.38  
   -0.46  0.15  0.87  
   0.75  0.59  0.30  

2  858.14  -36.17  575.52  
   0.68  -0.73  0.02  
   0.73  0.68  0.04  
   -0.04  -0.01  1.00  

4  1105.50  169.66  -36.61  
   0.30  -0.92  0.27  
   0.92  0.19  -0.35  
   0.27  0.35  0.89  

3  1239.44  -5.36  27.68  
   -0.65  0.19  -0.73  
   -0.17  -0.98  -0.10  
   -0.74  0.06  0.67  

5  934.05  235.30  116.09  
   0.68  0.17  0.72  
   -0.33  0.94  0.08  
   -0.66  -0.29  0.69  

7  1109.96  -166.99  -65.19  
   0.56  0.75  0.35  
   -0.83  0.50  0.27  
   0.03  -0.44  0.90  

8  959.49  -300.04  70.99  
   0.64  -0.58  0.51  
   0.45  0.82  0.35  
   -0.62  0.00  0.78  

6  810.82  397.37  329.95  
   -0.55  -0.71  -0.43  
   0.32  0.30  -0.90  
   0.77  -0.64  0.06  

9  851.89  -468.36  281.29  
   -0.47  0.79  -0.39  
   -0.46  0.16  0.87  
   0.75  0.59  0.29  

3  1239.44  -5.36  28.13  
   -0.65  0.19  -0.73  
   -0.17  -0.98  -0.10  
   -0.74  0.06  0.67  

2  858.14  -36.17  575.52  
   0.68  -0.73  0.02  
   0.73  0.68  0.04  
   -0.04  -0.01  1.00  

4  1105.50  169.66  -36.17  
   0.30  -0.92  0.27  
   0.92  0.19  -0.35  
   0.27  0.35  0.90  

6  811.26  398.26  328.61  
   -0.56  -0.71  -0.44  
   0.32  0.30  -0.90  
   0.76  -0.64  0.06  

5  934.05  235.74  115.64  
   0.68  0.17  0.72  
   -0.33  0.94  0.08  
   -0.66  -0.29  0.69  

7  1110.41  -166.99  -65.19  
   0.56  0.75  0.35  
   -0.82  0.50  0.27  
   0.03  -0.44  0.90  

8  959.94  -300.93  70.54  
   0.64  -0.58  0.51  
   0.46  0.82  0.36  
   -0.62  0.00  0.78  

9  852.79  -469.26  280.84  
   -0.47  0.79  -0.40  
   -0.46  0.16  0.87  
   0.75  0.59  0.29  

2  857.70  -36.17  575.52  
   0.68  -0.73  0.02  
   0.73  0.68  0.04  
   -0.04  -0.01  1.00  

3  1240.33  -5.36  28.13  
   -0.65  0.19  -0.73  
   -0.17  -0.98  -0.10  
   -0.74  0.06  0.67  

5  934.05  235.74  115.19  
   0.68  0.18  0.71  
   -0.33  0.94  0.08  
   -0.66  -0.29  0.70  

4  1106.39  170.11  -35.72  
   0.30  -0.92  0.27  
   0.92  0.19  -0.35  
   0.27  0.35  0.90  

6  810.82  398.71  327.72  
   -0.56  -0.70  -0.44  
   0.33  0.30  -0.90  
   0.76  -0.64  0.06  

7  1110.85  -166.99  -65.63  
   0.57  0.75  0.35  
   -0.82  0.50  0.27  
   0.03  -0.44  0.90  

9  851.89  -469.26  279.95  
   -0.47  0.79  -0.40  
   -0.46  0.16  0.87  
   0.75  0.60  0.29  

8  959.94  -300.93  70.54  
   0.64  -0.58  0.51  
   0.46  0.82  0.35  
   -0.62  0.00  0.79  

2  858.14  -36.17  575.52  
   0.68  -0.73  0.02  
   0.73  0.68  0.04  
   -0.04  -0.01  1.00  

3  1240.33  -5.36  28.13  
   -0.65  0.19  -0.73  
   -0.17  -0.98  -0.10  
   -0.74  0.06  0.67  

4  1106.83  169.66  -35.72  
   0.30  -0.92  0.27  
   0.92  0.19  -0.35  
   0.27  0.35  0.90  

5  934.49  236.64  114.75  
   0.68  0.18  0.71  
   -0.33  0.94  0.08  
   -0.66  -0.29  0.70  

8  960.83  -301.38  70.10  
   0.64  -0.58  0.51  
   0.46  0.81  0.36  
   -0.62  0.01  0.79  

9  853.68  -470.15  279.95  
   -0.47  0.79  -0.40  
   -0.47  0.16  0.87  
   0.75  0.59  0.29  

6  811.71  399.60  328.61  
   -0.56  -0.70  -0.45  
   0.33  0.31  -0.89  
   0.76  -0.64  0.06  

7  1111.75  -166.54  -65.19  
   0.57  0.75  0.35  
   -0.82  0.50  0.27  
   0.03  -0.44  0.90  

2  858.14  -36.17  575.96  
   0.68  -0.73  0.02  
   0.73  0.68  0.04  
   -0.04  -0.01  1.00  

3  1240.78  -4.91  29.02  
   -0.65  0.19  -0.74  
   -0.17  -0.98  -0.10  
   -0.74  0.06  0.67  

4  1107.28  170.56  -35.72  
   0.30  -0.92  0.27  
   0.92  0.19  -0.35  
   0.27  0.35  0.90  

5  934.94  237.08  115.64  
   0.68  0.18  0.71  
   -0.33  0.94  0.07  
   -0.66  -0.29  0.70  

6  812.60  399.60  329.51  
   -0.56  -0.70  -0.45  
   0.32  0.31  -0.89  
   0.76  -0.64  0.05  

7  1111.75  -166.09  -64.74  
   0.57  0.74  0.35  
   -0.82  0.50  0.27  
   0.03  -0.44  0.90  

9  856.80  -471.04  281.29  
   -0.46  0.79  -0.40  
   -0.47  0.17  0.87  
   0.75  0.59  0.29  

8  962.17  -302.27  70.99  
   0.63  -0.59  0.51  
   0.46  0.81  0.36  
   -0.62  0.01  0.78  

2  858.14  -36.17  575.52  
   0.68  -0.74  0.02  
   0.73  0.68  0.04  
   -0.04  -0.01  1.00  

5  934.94  237.08  115.19  
   0.68  0.18  0.71  
   -0.33  0.94  0.07  
   -0.66  -0.29  0.70  

3  1240.78  -5.36  28.57  
   -0.65  0.19  -0.74  
   -0.17  -0.98  -0.10  
   -0.74  0.06  0.67  

4  1107.28  170.56  -35.72  
   0.30  -0.92  0.27  
   0.92  0.19  -0.35  
   0.27  0.35  0.90  

6  812.60  399.60  329.06  
   -0.56  -0.70  -0.45  
   0.33  0.31  -0.89  
   0.76  -0.64  0.05  

7  1112.19  -166.99  -64.74  
   0.57  0.74  0.35  
   -0.82  0.50  0.27  
   0.03  -0.44  0.90  

8  962.62  -302.72  70.99  
   0.63  -0.59  0.51  
   0.46  0.81  0.36  
   -0.62  0.01  0.78  

9  857.25  -471.49  281.29  
   -0.46  0.79  -0.40  
   -0.47  0.17  0.87  
   0.75  0.59  0.29  

2  858.14  -35.72  575.07  
   0.68  -0.74  0.02  
   0.73  0.68  0.04  
   -0.04  -0.01  1.00  

4  1107.73  170.56  -35.27  
   0.30  -0.92  0.26  
   0.91  0.19  -0.35  
   0.27  0.35  0.90  

5  935.38  237.08  115.64  
   0.68  0.19  0.71  
   -0.33  0.94  0.07  
   -0.66  -0.29  0.70  

3  1240.78  -4.91  29.02  
   -0.65  0.19  -0.74  
   -0.17  -0.98  -0.10  
   -0.74  0.06  0.67  

6  813.94  400.05  329.51  
   -0.56  -0.70  -0.45  
   0.33  0.32  -0.89  
   0.77  -0.64  0.05  

7  1113.09  -167.43  -64.74  
   0.57  0.74  0.35  
   -0.82  0.50  0.27  
   0.03  -0.44  0.90  

9  861.27  -470.59  287.09  
   -0.46  0.79  -0.40  
   -0.46  0.17  0.87  
   0.76  0.58  0.29  

8  963.51  -302.72  73.22  
   0.63  -0.59  0.51  
   0.46  0.81  0.37  
   -0.63  0.01  0.78  

3  1241.23  -5.36  29.91  
   -0.65  0.19  -0.74  
   -0.17  -0.98  -0.10  
   -0.74  0.06  0.67  

4  1108.17  170.56  -34.83  
   0.30  -0.92  0.26  
   0.91  0.20  -0.36  
   0.27  0.35  0.90  

2  858.14  -36.17  575.07  
   0.68  -0.74  0.02  
   0.73  0.68  0.04  
   -0.04  -0.01  1.00  

5  937.62  238.42  118.32  
   0.67  0.19  0.72  
   -0.33  0.94  0.06  
   -0.67  -0.28  0.69  

6  821.98  399.60  336.65  
   -0.54  -0.71  -0.46  
   0.32  0.33  -0.89  
   0.78  -0.63  0.05  

7  1113.09  -168.32  -63.40  
   0.58  0.74  0.35  
   -0.82  0.50  0.28  
   0.03  -0.44  0.90  

8  966.64  -304.06  79.92  
   0.61  -0.60  0.52  
   0.46  0.80  0.38  
   -0.65  0.00  0.76  

9  871.54  -469.26  298.70  
   -0.43  0.82  -0.39  
   -0.45  0.17  0.87  
   0.78  0.55  0.30  

2  857.70  -36.17  575.52  
   0.68  -0.74  0.02  
   0.73  0.68  0.04  
   -0.04  -0.01  1.00  

3  1242.12  -4.91  30.36  
   -0.64  0.19  -0.74  
   -0.18  -0.98  -0.10  
   -0.74  0.06  0.67  

4  1109.07  171.45  -33.04  
   0.32  -0.91  0.26  
   0.91  0.21  -0.37  
   0.28  0.35  0.89  

5  942.53  238.42  128.59  
   0.64  0.21  0.74  
   -0.33  0.94  0.02  
   -0.70  -0.26  0.67  

6  838.05  395.14  355.40  
   -0.49  -0.73  -0.46  
   0.31  0.35  -0.88  
   0.81  -0.58  0.05  

8  975.12  -307.18  94.21  
   0.57  -0.62  0.53  
   0.46  0.78  0.42  
   -0.68  -0.00  0.73  

9  892.97  -467.02  321.92  
   -0.38  0.84  -0.39  
   -0.44  0.21  0.87  
   0.81  0.51  0.29  

7  1113.98  -171.00  -59.38  
   0.59  0.73  0.35  
   -0.81  0.51  0.30  
   0.04  -0.45  0.89  

2  857.70  -35.72  575.52  
   0.68  -0.73  0.02  
   0.73  0.68  0.04  
   -0.04  -0.01  1.00  

3  1243.91  -6.25  32.15  
   -0.65  0.20  -0.74  
   -0.18  -0.98  -0.10  
   -0.74  0.07  0.67  

4  1109.51  170.11  -32.15  
   0.34  -0.90  0.27  
   0.90  0.22  -0.38  
   0.28  0.37  0.89  

6  858.14  391.12  376.39  
   -0.43  -0.77  -0.47  
   0.29  0.37  -0.88  
   0.85  -0.52  0.06  

5  948.33  238.87  139.75  
   0.60  0.22  0.77  
   -0.33  0.95  -0.02  
   -0.73  -0.24  0.64  

7  1114.43  -175.02  -56.70  
   0.60  0.72  0.35  
   -0.80  0.51  0.32  
   0.05  -0.47  0.88  

9  918.86  -465.68  345.58  
   -0.32  0.87  -0.38  
   -0.42  0.23  0.88  
   0.85  0.44  0.29  

8  983.61  -312.09  107.16  
   0.53  -0.65  0.55  
   0.45  0.76  0.46  
   -0.72  0.00  0.69  

2  857.70  -36.17  575.52  
   0.68  -0.73  0.02  
   0.73  0.68  0.04  
   -0.04  -0.01  1.00  

4  1110.85  171.00  -31.25  
   0.36  -0.89  0.27  
   0.89  0.24  -0.39  
   0.28  0.38  0.88  

5  957.71  239.32  150.91  
   0.56  0.24  0.79  
   -0.33  0.94  -0.06  
   -0.76  -0.22  0.61  

3  1245.24  -7.59  33.04  
   -0.65  0.20  -0.73  
   -0.19  -0.98  -0.10  
   -0.74  0.08  0.67  

6  880.91  387.55  396.48  
   -0.38  -0.79  -0.48  
   0.28  0.39  -0.88  
   0.88  -0.46  0.08  

7  1114.87  -178.59  -53.58  
   0.60  0.72  0.35  
   -0.79  0.51  0.33  
   0.06  -0.48  0.88  

8  992.98  -313.43  122.34  
   0.48  -0.67  0.57  
   0.44  0.74  0.50  
   -0.76  0.01  0.65  

9  942.53  -461.66  368.80  
   -0.26  0.89  -0.37  
   -0.40  0.24  0.88  
   0.88  0.38  0.29  

2  858.14  -36.17  575.52  
   0.68  -0.73  0.02  
   0.73  0.68  0.04  
   -0.04  -0.01  1.00  

5  967.53  239.76  166.54  
   0.51  0.26  0.82  
   -0.31  0.94  -0.11  
   -0.80  -0.20  0.56  

4  1111.75  173.68  -28.57  
   0.40  -0.87  0.27  
   0.87  0.27  -0.40  
   0.28  0.40  0.87  

3  1245.69  -8.48  33.49  
   -0.65  0.20  -0.73  
   -0.20  -0.98  -0.10  
   -0.73  0.08  0.67  

6  910.38  380.85  421.48  
   -0.30  -0.83  -0.46  
   0.26  0.39  -0.88  
   0.92  -0.39  0.10  

8  1005.93  -314.77  142.43  
   0.42  -0.71  0.57  
   0.42  0.71  0.57  
   -0.81  0.01  0.59  

9  976.91  -447.38  401.39  
   -0.19  0.91  -0.36  
   -0.35  0.28  0.90  
   0.92  0.29  0.26  

7  1115.32  -182.61  -49.11  
   0.62  0.70  0.35  
   -0.78  0.51  0.36  
   0.07  -0.49  0.87  

3  1247.03  -8.93  34.38  
   -0.65  0.21  -0.73  
   -0.20  -0.97  -0.10  
   -0.73  0.08  0.68  

2  858.14  -36.17  575.07  
   0.68  -0.73  0.02  
   0.73  0.68  0.04  
   -0.04  -0.01  1.00  

4  1113.09  175.47  -26.79  
   0.44  -0.86  0.27  
   0.86  0.30  -0.42  
   0.28  0.42  0.87  

5  982.27  241.99  181.72  
   0.44  0.29  0.85  
   -0.29  0.94  -0.17  
   -0.85  -0.17  0.50  

6  945.21  370.58  447.82  
   -0.22  -0.86  -0.46  
   0.22  0.41  -0.88  
   0.95  -0.30  0.10  

7  1115.76  -186.63  -46.88  
   0.64  0.69  0.35  
   -0.77  0.52  0.38  
   0.08  -0.51  0.85  

9  1015.75  -427.73  431.75  
   -0.11  0.92  -0.38  
   -0.28  0.34  0.90  
   0.95  0.20  0.22  

8  1022.45  -315.66  161.18  
   0.34  -0.75  0.56  
   0.39  0.66  0.64  
   -0.85  0.00  0.52  

2  857.70  -36.17  575.52  
   0.68  -0.73  0.02  
   0.73  0.68  0.04  
   -0.04  -0.01  1.00  

5  995.66  248.25  195.11  
   0.38  0.35  0.85  
   -0.29  0.92  -0.25  
   -0.88  -0.15  0.46  

3  1247.48  -8.93  34.38  
   -0.65  0.21  -0.73  
   -0.20  -0.97  -0.10  
   -0.73  0.08  0.68  

4  1114.87  176.81  -24.56  
   0.46  -0.84  0.27  
   0.84  0.32  -0.43  
   0.27  0.43  0.86  

6  981.37  367.46  467.47  
   -0.13  -0.88  -0.46  
   0.19  0.43  -0.88  
   0.97  -0.21  0.11  

7  1117.55  -189.31  -42.86  
   0.66  0.66  0.35  
   -0.74  0.53  0.41  
   0.08  -0.53  0.84  

8  1043.88  -317.90  179.04  
   0.26  -0.81  0.53  
   0.37  0.59  0.72  
   -0.89  0.01  0.45  

9  1059.06  -408.98  454.97  
   -0.03  0.90  -0.42  
   -0.22  0.41  0.89  
   0.98  0.12  0.18  

2  858.14  -36.17  575.52  
   0.68  -0.73  0.02  
   0.73  0.68  0.04  
   -0.04  -0.01  1.00  

5  1012.63  252.71  206.72  
   0.31  0.44  0.84  
   -0.29  0.89  -0.36  
   -0.91  -0.13  0.40  

4  1115.76  179.49  -23.66  
   0.49  -0.83  0.27  
   0.83  0.35  -0.43  
   0.26  0.44  0.86  

3  1247.92  -8.48  34.38  
   -0.65  0.21  -0.73  
   -0.21  -0.97  -0.10  
   -0.73  0.08  0.68  

6  1023.79  363.44  484.88  
   -0.04  -0.87  -0.49  
   0.16  0.47  -0.86  
   0.99  -0.12  0.12  

8  1069.78  -317.45  194.67  
   0.17  -0.85  0.51  
   0.35  0.53  0.77  
   -0.92  0.05  0.39  

9  1106.83  -397.82  473.27  
   0.05  0.89  -0.45  
   -0.18  0.45  0.88  
   0.98  0.04  0.18  

7  1122.02  -190.65  -40.18  
   0.69  0.63  0.35  
   -0.72  0.54  0.44  
   0.08  -0.56  0.83  

2  858.14  -36.17  575.52  
   0.68  -0.73  0.02  
   0.73  0.68  0.04  
   -0.04  -0.01  1.00  

3  1248.82  -8.04  33.93  
   -0.65  0.22  -0.73  
   -0.21  -0.97  -0.10  
   -0.73  0.08  0.68  

4  1118.00  179.93  -23.66  
   0.51  -0.82  0.27  
   0.82  0.37  -0.44  
   0.26  0.44  0.86  

6  1050.58  361.21  493.81  
   0.01  -0.86  -0.50  
   0.15  0.50  -0.85  
   0.99  -0.07  0.13  

5  1027.81  258.51  214.76  
   0.25  0.51  0.82  
   -0.29  0.85  -0.44  
   -0.92  -0.13  0.36  

7  1123.80  -191.10  -38.40  
   0.71  0.61  0.35  
   -0.70  0.55  0.45  
   0.08  -0.56  0.82  

8  1086.30  -313.88  204.49  
   0.10  -0.86  0.50  
   0.34  0.50  0.79  
   -0.94  0.09  0.34  

9  1137.20  -387.10  483.10  
   0.10  0.89  -0.45  
   -0.16  0.46  0.87  
   0.98  -0.02  0.19  

2  858.59  -36.17  575.52  
   0.68  -0.73  0.02  
   0.73  0.68  0.04  
   -0.04  -0.01  1.00  

3  1249.71  -8.04  33.93  
   -0.65  0.22  -0.73  
   -0.21  -0.97  -0.11  
   -0.73  0.08  0.68  

4  1119.78  179.93  -22.77  
   0.52  -0.81  0.27  
   0.81  0.38  -0.45  
   0.26  0.45  0.85  

5  1038.97  258.96  222.35  
   0.21  0.54  0.81  
   -0.29  0.83  -0.48  
   -0.93  -0.13  0.33  

8  1096.12  -312.54  209.40  
   0.06  -0.86  0.51  
   0.32  0.50  0.80  
   -0.94  0.12  0.31  

7  1124.69  -191.10  -37.06  
   0.72  0.60  0.35  
   -0.69  0.56  0.46  
   0.08  -0.57  0.82  

6  1071.12  360.31  503.19  
   0.05  -0.87  -0.49  
   0.14  0.49  -0.86  
   0.99  -0.02  0.15  

9  1159.97  -378.62  486.22  
   0.15  0.88  -0.44  
   -0.15  0.46  0.87  
   0.98  -0.07  0.20  

2  857.70  -36.17  575.52  
   0.68  -0.73  0.02  
   0.73  0.68  0.04  
   -0.04  -0.01  1.00  

4  1120.68  180.38  -21.88  
   0.54  -0.80  0.27  
   0.80  0.39  -0.45  
   0.26  0.46  0.85  

3  1250.16  -8.04  33.49  
   -0.65  0.22  -0.73  
   -0.21  -0.97  -0.11  
   -0.73  0.08  0.68  

6  1091.21  360.76  506.31  
   0.10  -0.88  -0.47  
   0.15  0.48  -0.86  
   0.98  0.01  0.17  

5  1048.79  261.64  228.15  
   0.17  0.54  0.82  
   -0.29  0.83  -0.49  
   -0.94  -0.15  0.29  

7  1125.14  -192.43  -36.61  
   0.72  0.60  0.34  
   -0.69  0.56  0.47  
   0.09  -0.57  0.82  

8  1101.92  -304.95  216.99  
   0.03  -0.84  0.54  
   0.30  0.52  0.80  
   -0.95  0.14  0.27  

9  1172.91  -371.03  490.69  
   0.19  0.90  -0.40  
   -0.14  0.42  0.90  
   0.97  -0.11  0.20  

2  857.70  -35.72  575.52  
   0.68  -0.74  0.02  
   0.73  0.68  0.04  
   -0.04  -0.01  1.00  

3  1250.16  -8.04  34.83  
   -0.65  0.22  -0.73  
   -0.21  -0.97  -0.11  
   -0.73  0.08  0.67  

4  1121.12  181.27  -21.43  
   0.55  -0.79  0.27  
   0.80  0.39  -0.46  
   0.26  0.46  0.85  

5  1058.61  257.18  235.74  
   0.12  0.50  0.85  
   -0.28  0.84  -0.46  
   -0.95  -0.19  0.24  

6  1110.41  364.78  507.21  
   0.16  -0.91  -0.38  
   0.17  0.41  -0.90  
   0.97  0.08  0.22  

8  1105.50  -293.79  228.15  
   -0.00  -0.80  0.60  
   0.27  0.58  0.77  
   -0.96  0.16  0.22  

7  1124.25  -192.43  -36.17  
   0.72  0.60  0.33  
   -0.68  0.56  0.47  
   0.10  -0.57  0.82  

9  1184.97  -354.96  499.62  
   0.23  0.92  -0.32  
   -0.12  0.35  0.93  
   0.97  -0.17  0.19  

2  857.70  -36.17  575.52  
   0.68  -0.74  0.02  
   0.73  0.68  0.04  
   -0.04  -0.01  1.00  

4  1121.12  182.17  -19.65  
   0.55  -0.79  0.27  
   0.79  0.40  -0.47  
   0.26  0.47  0.84  

3  1250.60  -7.14  35.27  
   -0.65  0.22  -0.73  
   -0.21  -0.97  -0.10  
   -0.73  0.09  0.67  

5  1067.54  253.16  243.33  
   0.06  0.46  0.89  
   -0.27  0.86  -0.43  
   -0.96  -0.21  0.18  

6  1131.39  358.53  512.12  
   0.22  -0.92  -0.32  
   0.17  0.36  -0.92  
   0.96  0.14  0.24  

7  1124.25  -192.43  -34.83  
   0.72  0.61  0.32  
   -0.68  0.56  0.48  
   0.11  -0.56  0.82  

8  1109.07  -282.62  237.08  
   -0.05  -0.72  0.69  
   0.24  0.66  0.71  
   -0.97  0.20  0.14  

9  1198.36  -347.36  501.85  
   0.29  0.94  -0.20  
   -0.12  0.24  0.96  
   0.95  -0.25  0.18  

2  858.14  -36.17  575.07  
   0.68  -0.73  0.02  
   0.73  0.68  0.04  
   -0.04  -0.01  1.00  

3  1250.60  -7.14  35.72  
   -0.64  0.22  -0.73  
   -0.21  -0.97  -0.10  
   -0.74  0.09  0.67  

4  1120.68  182.61  -17.86  
   0.56  -0.79  0.26  
   0.78  0.40  -0.47  
   0.27  0.47  0.84  

5  1078.71  250.03  250.03  
   0.00  0.45  0.89  
   -0.25  0.87  -0.43  
   -0.97  -0.22  0.12  

6  1151.93  351.83  517.03  
   0.26  -0.91  -0.32  
   0.16  0.37  -0.92  
   0.95  0.19  0.24  

7  1123.35  -192.43  -33.49  
   0.72  0.62  0.31  
   -0.68  0.56  0.48  
   0.12  -0.56  0.82  

8  1118.00  -275.03  243.33  
   -0.10  -0.69  0.71  
   0.21  0.69  0.70  
   -0.97  0.22  0.08  

9  1219.80  -331.74  504.53  
   0.34  0.93  -0.16  
   -0.10  0.20  0.97  
   0.93  -0.32  0.16  

2  858.14  -36.17  575.52  
   0.68  -0.73  0.02  
   0.73  0.68  0.04  
   -0.04  -0.01  1.00  

4  1120.68  183.06  -16.52  
   0.56  -0.78  0.26  
   0.78  0.41  -0.47  
   0.27  0.47  0.84  

3  1250.60  -7.14  35.72  
   -0.64  0.22  -0.73  
   -0.21  -0.97  -0.10  
   -0.74  0.09  0.67  

7  1123.80  -192.88  -34.38  
   0.73  0.61  0.31  
   -0.68  0.57  0.47  
   0.11  -0.55  0.83  

5  1087.19  248.25  255.84  
   -0.04  0.45  0.89  
   -0.24  0.86  -0.44  
   -0.97  -0.23  0.08  

6  1174.70  345.58  521.05  
   0.32  -0.90  -0.31  
   0.14  0.36  -0.92  
   0.94  0.25  0.24  

8  1130.94  -271.91  246.46  
   -0.15  -0.69  0.71  
   0.20  0.68  0.70  
   -0.97  0.25  0.03  

9  1242.57  -318.34  507.21  
   0.39  0.91  -0.16  
   -0.07  0.20  0.98  
   0.92  -0.36  0.14  

2  858.14  -36.17  575.52  
   0.68  -0.73  0.02  
   0.73  0.68  0.04  
   -0.04  -0.01  1.00  

3  1250.60  -6.70  36.17  
   -0.64  0.22  -0.74  
   -0.21  -0.97  -0.11  
   -0.74  0.09  0.67  

6  1185.42  342.90  521.94  
   0.41  -0.90  -0.13  
   0.15  0.21  -0.97  
   0.90  0.38  0.22  

4  1120.23  183.51  -15.18  
   0.57  -0.78  0.25  
   0.78  0.41  -0.48  
   0.27  0.47  0.84  

5  1088.98  244.67  263.43  
   -0.08  0.38  0.92  
   -0.23  0.89  -0.39  
   -0.97  -0.24  0.02  

7  1123.80  -192.88  -34.38  
   0.73  0.61  0.30  
   -0.67  0.58  0.46  
   0.11  -0.54  0.83  

9  1261.76  -312.54  501.85  
   0.44  0.89  -0.14  
   -0.06  0.18  0.98  
   0.90  -0.42  0.13  

8  1138.54  -267.00  247.35  
   -0.20  -0.67  0.72  
   0.18  0.69  0.70  
   -0.96  0.27  -0.01  

2  858.14  -36.17  575.52  
   0.68  -0.73  0.02  
   0.73  0.68  0.04  
   -0.04  -0.01  1.00  

5  1089.42  240.21  265.66  
   -0.10  0.37  0.92  
   -0.21  0.90  -0.39  
   -0.97  -0.23  -0.01  

3  1250.60  -6.25  37.06  
   -0.64  0.22  -0.74  
   -0.21  -0.97  -0.11  
   -0.74  0.08  0.67  

4  1119.34  183.51  -15.18  
   0.57  -0.78  0.25  
   0.78  0.41  -0.47  
   0.27  0.47  0.84  

6  1190.33  335.76  522.83  
   0.46  -0.89  -0.06  
   0.14  0.14  -0.98  
   0.88  0.44  0.19  

9  1264.89  -301.82  502.29  
   0.46  0.88  -0.11  
   -0.04  0.14  0.99  
   0.89  -0.45  0.10  

7  1123.35  -192.43  -35.72  
   0.73  0.61  0.30  
   -0.67  0.58  0.45  
   0.10  -0.54  0.84  

8  1137.64  -262.53  250.03  
   -0.21  -0.64  0.74  
   0.17  0.72  0.67  
   -0.96  0.26  -0.04  

2  858.14  -36.17  575.52  
   0.68  -0.73  0.02  
   0.73  0.68  0.04  
   -0.04  -0.01  1.00  

3  1249.71  -5.80  37.06  
   -0.64  0.22  -0.74  
   -0.21  -0.97  -0.11  
   -0.74  0.08  0.67  

4  1118.00  184.40  -14.29  
   0.56  -0.79  0.25  
   0.78  0.41  -0.47  
   0.27  0.46  0.85  

5  1090.76  238.87  267.89  
   -0.13  0.40  0.91  
   -0.19  0.89  -0.41  
   -0.97  -0.22  -0.04  

6  1192.56  332.18  526.85  
   0.47  -0.88  -0.06  
   0.12  0.13  -0.98  
   0.87  0.46  0.17  

9  1257.75  -292.89  506.76  
   0.45  0.88  -0.11  
   -0.01  0.13  0.99  
   0.89  -0.45  0.07  

8  1132.73  -258.07  252.26  
   -0.20  -0.64  0.74  
   0.15  0.73  0.67  
   -0.97  0.24  -0.05  

7  1121.57  -192.43  -37.50  
   0.73  0.62  0.29  
   -0.68  0.59  0.44  
   0.10  -0.52  0.85  

2  858.14  -36.17  575.52  
   0.68  -0.73  0.02  
   0.73  0.68  0.04  
   -0.04  -0.01  1.00  

4  1118.89  185.29  -14.29  
   0.57  -0.79  0.24  
   0.78  0.42  -0.46  
   0.26  0.45  0.86  

3  1249.26  -5.36  37.50  
   -0.64  0.21  -0.74  
   -0.20  -0.97  -0.10  
   -0.74  0.08  0.67  

5  1095.23  241.55  268.78  
   -0.14  0.43  0.89  
   -0.18  0.87  -0.45  
   -0.97  -0.22  -0.05  

6  1204.61  318.79  525.96  
   0.48  -0.87  -0.12  
   0.07  0.18  -0.98  
   0.87  0.47  0.15  

9  1250.60  -289.32  508.55  
   0.44  0.89  -0.11  
   0.00  0.12  0.99  
   0.90  -0.44  0.05  

7  1120.68  -191.54  -38.40  
   0.73  0.62  0.29  
   -0.68  0.59  0.43  
   0.10  -0.51  0.86  

8  1130.94  -257.18  252.71  
   -0.19  -0.65  0.74  
   0.14  0.73  0.67  
   -0.97  0.23  -0.05  

3  1248.82  -5.80  38.40  
   -0.64  0.21  -0.74  
   -0.20  -0.97  -0.10  
   -0.74  0.08  0.67  

4  1119.34  185.74  -15.18  
   0.57  -0.78  0.24  
   0.78  0.43  -0.45  
   0.25  0.44  0.86  

2  858.14  -36.17  575.52  
   0.68  -0.73  0.02  
   0.73  0.68  0.04  
   -0.04  -0.01  1.00  

5  1098.80  253.16  266.10  
   -0.14  0.57  0.81  
   -0.17  0.79  -0.59  
   -0.98  -0.22  -0.01  

7  1121.57  -191.99  -37.95  
   0.73  0.62  0.29  
   -0.68  0.60  0.42  
   0.09  -0.51  0.86  

8  1130.50  -258.07  252.71  
   -0.19  -0.67  0.72  
   0.14  0.71  0.70  
   -0.97  0.23  -0.05  

9  1247.03  -287.09  512.12  
   0.43  0.89  -0.14  
   0.01  0.15  0.99  
   0.90  -0.43  0.05  

6  1221.58  298.70  525.96  
   0.49  -0.80  -0.34  
   -0.08  0.35  -0.93  
   0.87  0.49  0.11  

2  858.14  -36.17  575.52  
   0.68  -0.73  0.02  
   0.73  0.68  0.04  
   -0.04  -0.01  1.00  

3  1248.82  -5.36  38.40  
   -0.64  0.21  -0.74  
   -0.20  -0.97  -0.10  
   -0.74  0.08  0.67  

4  1120.23  185.29  -16.97  
   0.58  -0.78  0.24  
   0.78  0.45  -0.43  
   0.23  0.43  0.87  

5  1100.14  251.37  265.66  
   -0.13  0.64  0.76  
   -0.14  0.75  -0.65  
   -0.98  -0.19  -0.01  

6  1217.12  282.62  529.98  
   0.49  -0.82  -0.30  
   -0.12  0.28  -0.95  
   0.86  0.51  0.04  

7  1121.12  -192.43  -37.95  
   0.72  0.62  0.29  
   -0.68  0.60  0.42  
   0.09  -0.51  0.86  

8  1128.71  -257.62  254.05  
   -0.20  -0.66  0.73  
   0.14  0.71  0.69  
   -0.97  0.23  -0.05  

9  1245.69  -287.98  512.12  
   0.44  0.89  -0.13  
   0.02  0.14  0.99  
   0.90  -0.43  0.05  

2  858.14  -36.17  575.52  
   0.68  -0.73  0.02  
   0.73  0.68  0.04  
   -0.04  -0.01  1.00  

3  1248.82  -5.80  38.40  
   -0.64  0.21  -0.74  
   -0.20  -0.97  -0.10  
   -0.74  0.08  0.67  

4  1120.68  184.84  -17.41  
   0.58  -0.78  0.23  
   0.78  0.45  -0.43  
   0.23  0.43  0.87  

6  1218.46  284.41  527.30  
   0.49  -0.80  -0.34  
   -0.14  0.31  -0.94  
   0.86  0.50  0.04  

7  1120.68  -193.77  -37.50  
   0.72  0.62  0.29  
   -0.68  0.59  0.43  
   0.09  -0.51  0.86  

5  1099.24  254.94  262.98  
   -0.13  0.64  0.75  
   -0.15  0.74  -0.66  
   -0.98  -0.20  0.00  

8  1128.27  -258.51  254.94  
   -0.20  -0.65  0.73  
   0.14  0.72  0.68  
   -0.97  0.23  -0.05  

9  1247.03  -289.32  513.90  
   0.44  0.88  -0.17  
   0.03  0.17  0.98  
   0.90  -0.44  0.05  

2  858.14  -36.17  575.52  
   0.68  -0.73  0.02  
   0.73  0.68  0.04  
   -0.04  -0.01  1.00  

3  1249.26  -5.80  37.95  
   -0.64  0.21  -0.74  
   -0.20  -0.97  -0.10  
   -0.74  0.09  0.67  

4  1120.68  184.40  -17.41  
   0.58  -0.78  0.23  
   0.78  0.45  -0.43  
   0.23  0.43  0.87  

5  1098.35  254.05  263.87  
   -0.13  0.65  0.75  
   -0.15  0.74  -0.66  
   -0.98  -0.20  0.00  

6  1218.46  281.73  528.19  
   0.48  -0.80  -0.35  
   -0.14  0.32  -0.94  
   0.86  0.50  0.04  

8  1127.82  -258.96  254.94  
   -0.20  -0.65  0.73  
   0.14  0.72  0.68  
   -0.97  0.23  -0.05  

7  1120.68  -193.77  -36.61  
   0.72  0.62  0.30  
   -0.68  0.59  0.43  
   0.09  -0.51  0.85  

9  1245.69  -288.88  513.46  
   0.45  0.88  -0.17  
   0.03  0.17  0.98  
   0.89  -0.44  0.05  

2  858.14  -36.17  575.52  
   0.68  -0.74  0.02  
   0.73  0.68  0.04  
   -0.04  -0.01  1.00  

4  1123.80  182.17  -18.75  
   0.57  -0.79  0.22  
   0.79  0.45  -0.42  
   0.23  0.42  0.88  

3  1249.71  -7.14  38.40  
   -0.64  0.21  -0.74  
   -0.20  -0.97  -0.10  
   -0.74  0.09  0.67  

6  1217.12  282.18  527.74  
   0.48  -0.81  -0.34  
   -0.14  0.31  -0.94  
   0.86  0.50  0.03  

5  1097.01  254.50  262.53  
   -0.12  0.64  0.76  
   -0.16  0.75  -0.65  
   -0.98  -0.20  0.01  

7  1124.25  -195.11  -37.50  
   0.71  0.63  0.30  
   -0.70  0.58  0.42  
   0.09  -0.51  0.86  

8  1126.48  -258.96  255.39  
   -0.19  -0.65  0.74  
   0.14  0.73  0.67  
   -0.97  0.23  -0.05  

9  1243.01  -290.66  514.35  
   0.44  0.89  -0.11  
   0.02  0.11  0.99  
   0.90  -0.44  0.03  

4  1126.48  182.17  -19.65  
   0.57  -0.80  0.21  
   0.79  0.45  -0.42  
   0.24  0.41  0.88  

2  858.14  -36.17  575.52  
   0.68  -0.74  0.02  
   0.73  0.68  0.04  
   -0.04  -0.01  1.00  

5  1097.01  254.50  262.53  
   -0.11  0.63  0.77  
   -0.16  0.75  -0.64  
   -0.98  -0.19  0.02  

3  1252.39  -7.14  40.18  
   -0.64  0.21  -0.74  
   -0.20  -0.97  -0.10  
   -0.74  0.08  0.66  

6  1216.67  281.73  527.74  
   0.48  -0.81  -0.33  
   -0.15  0.30  -0.94  
   0.86  0.51  0.03  

8  1127.82  -259.85  253.60  
   -0.17  -0.67  0.73  
   0.14  0.71  0.69  
   -0.98  0.22  -0.03  

9  1242.12  -290.21  514.35  
   0.44  0.89  -0.09  
   0.03  0.09  1.00  
   0.90  -0.44  0.01  

7  1128.27  -194.22  -38.84  
   0.71  0.64  0.30  
   -0.70  0.59  0.41  
   0.09  -0.50  0.86  

2  857.70  -36.17  575.07  
   0.68  -0.73  0.02  
   0.73  0.68  0.04  
   -0.04  -0.01  1.00  

4  1130.05  183.95  -18.31  
   0.56  -0.80  0.20  
   0.79  0.45  -0.42  
   0.25  0.39  0.88  

3  1254.62  -6.70  41.97  
   -0.63  0.21  -0.74  
   -0.20  -0.97  -0.11  
   -0.75  0.08  0.66  

5  1097.01  256.28  262.98  
   -0.11  0.63  0.77  
   -0.16  0.75  -0.64  
   -0.98  -0.19  0.02  

6  1215.78  280.39  529.08  
   0.48  -0.81  -0.33  
   -0.15  0.29  -0.94  
   0.86  0.51  0.02  

7  1131.39  -192.43  -39.29  
   0.71  0.64  0.29  
   -0.70  0.59  0.40  
   0.09  -0.49  0.87  

8  1129.16  -261.19  252.71  
   -0.17  -0.67  0.72  
   0.14  0.71  0.69  
   -0.98  0.22  -0.03  

9  1243.46  -288.88  514.80  
   0.43  0.90  -0.10  
   0.03  0.10  0.99  
   0.90  -0.43  0.01  

2  858.14  -36.17  575.52  
   0.68  -0.73  0.02  
   0.73  0.68  0.04  
   -0.04  -0.01  1.00  

6  1215.78  280.39  529.98  
   0.48  -0.81  -0.33  
   -0.16  0.29  -0.94  
   0.86  0.51  0.02  

5  1097.01  256.28  262.53  
   -0.11  0.63  0.76  
   -0.16  0.75  -0.64  
   -0.98  -0.19  0.02  

4  1129.61  184.40  -18.31  
   0.56  -0.80  0.20  
   0.79  0.45  -0.42  
   0.25  0.40  0.88  

3  1254.62  -6.25  42.42  
   -0.63  0.21  -0.75  
   -0.19  -0.97  -0.11  
   -0.75  0.08  0.66  

7  1131.39  -192.88  -39.74  
   0.71  0.64  0.29  
   -0.70  0.59  0.40  
   0.09  -0.49  0.87  

8  1128.71  -260.75  253.16  
   -0.17  -0.67  0.72  
   0.14  0.71  0.69  
   -0.98  0.22  -0.02  

9  1243.01  -288.88  514.80  
   0.43  0.90  -0.10  
   0.03  0.09  0.99  
   0.90  -0.43  0.01  

2  858.59  -36.17  575.52  
   0.68  -0.73  0.02  
   0.73  0.68  0.04  
   -0.04  -0.01  1.00  

3  1254.17  -6.70  42.42  
   -0.63  0.21  -0.75  
   -0.19  -0.98  -0.11  
   -0.75  0.08  0.66  

4  1128.71  183.95  -18.31  
   0.56  -0.80  0.20  
   0.79  0.45  -0.42  
   0.25  0.40  0.88  

5  1096.57  256.28  263.43  
   -0.11  0.63  0.77  
   -0.16  0.75  -0.64  
   -0.98  -0.19  0.02  

8  1127.82  -262.09  253.16  
   -0.17  -0.67  0.73  
   0.14  0.71  0.69  
   -0.98  0.22  -0.03  

6  1215.33  280.39  529.53  
   0.48  -0.81  -0.33  
   -0.16  0.29  -0.94  
   0.86  0.51  0.02  

7  1130.50  -193.33  -38.84  
   0.71  0.64  0.29  
   -0.70  0.59  0.41  
   0.09  -0.49  0.87  

9  1243.01  -288.88  514.80  
   0.43  0.90  -0.09  
   0.03  0.09  1.00  
   0.90  -0.43  0.01  

2  858.14  -36.17  575.52  
   0.68  -0.74  0.02  
   0.73  0.68  0.04  
   -0.04  -0.01  1.00  

4  1128.71  183.95  -18.75  
   0.56  -0.80  0.20  
   0.79  0.45  -0.42  
   0.25  0.40  0.88  

5  1096.57  255.84  262.98  
   -0.11  0.63  0.77  
   -0.16  0.75  -0.64  
   -0.98  -0.19  0.02  

3  1254.17  -7.14  42.86  
   -0.63  0.21  -0.75  
   -0.19  -0.98  -0.11  
   -0.75  0.08  0.66  

6  1215.33  280.39  529.53  
   0.48  -0.81  -0.33  
   -0.16  0.30  -0.94  
   0.86  0.51  0.02  

9  1242.12  -289.32  515.24  
   0.43  0.90  -0.09  
   0.03  0.08  1.00  
   0.90  -0.44  0.00  

7  1130.05  -193.77  -38.84  
   0.71  0.64  0.29  
   -0.70  0.59  0.41  
   0.09  -0.49  0.87  

8  1126.93  -261.64  254.05  
   -0.17  -0.66  0.73  
   0.14  0.72  0.68  
   -0.98  0.22  -0.03  

3  1254.62  -7.59  43.31  
   -0.63  0.21  -0.75  
   -0.19  -0.98  -0.10  
   -0.75  0.08  0.66  

2  858.59  -36.17  575.52  
   0.68  -0.74  0.02  
   0.73  0.68  0.04  
   -0.04  -0.01  1.00  

4  1128.71  183.51  -18.75  
   0.57  -0.80  0.20  
   0.79  0.45  -0.42  
   0.25  0.40  0.88  

5  1096.57  256.28  262.98  
   -0.11  0.63  0.77  
   -0.16  0.75  -0.64  
   -0.98  -0.19  0.02  

6  1214.88  280.84  529.53  
   0.48  -0.81  -0.34  
   -0.16  0.30  -0.94  
   0.86  0.50  0.02  

7  1130.05  -193.77  -38.40  
   0.71  0.64  0.29  
   -0.70  0.59  0.41  
   0.09  -0.49  0.87  

8  1126.48  -261.64  254.94  
   -0.17  -0.66  0.73  
   0.14  0.72  0.68  
   -0.98  0.22  -0.03  

9  1241.67  -288.88  515.24  
   0.44  0.89  -0.08  
   0.04  0.08  1.00  
   0.90  -0.44  0.00  

2  858.14  -36.17  575.52  
   0.68  -0.73  0.02  
   0.73  0.68  0.04  
   -0.04  -0.01  1.00  

3  1254.17  -8.04  43.31  
   -0.63  0.20  -0.75  
   -0.19  -0.98  -0.10  
   -0.75  0.08  0.66  

4  1128.71  183.51  -18.75  
   0.57  -0.80  0.20  
   0.79  0.45  -0.42  
   0.25  0.40  0.88  

5  1097.01  256.28  262.53  
   -0.11  0.63  0.77  
   -0.16  0.75  -0.64  
   -0.98  -0.19  0.02  

6  1215.33  280.84  529.98  
   0.48  -0.81  -0.34  
   -0.16  0.30  -0.94  
   0.86  0.50  0.02  

7  1129.61  -194.22  -38.40  
   0.71  0.64  0.29  
   -0.70  0.59  0.41  
   0.10  -0.49  0.87  

9  1241.23  -289.32  516.14  
   0.44  0.89  -0.08  
   0.04  0.08  1.00  
   0.90  -0.44  -0.00  

8  1126.48  -261.64  254.94  
   -0.17  -0.66  0.73  
   0.14  0.72  0.68  
   -0.98  0.22  -0.03  

2  858.14  -36.17  575.52  
   0.68  -0.73  0.02  
   0.73  0.68  0.04  
   -0.04  -0.01  1.00  

4  1129.16  183.51  -18.75  
   0.57  -0.80  0.20  
   0.78  0.45  -0.42  
   0.25  0.39  0.88  

3  1254.17  -8.04  43.31  
   -0.63  0.20  -0.75  
   -0.19  -0.98  -0.10  
   -0.75  0.08  0.66  

5  1097.01  256.28  262.98  
   -0.11  0.63  0.77  
   -0.16  0.75  -0.64  
   -0.98  -0.19  0.02  

8  1126.03  -261.19  255.39  
   -0.17  -0.66  0.73  
   0.14  0.72  0.68  
   -0.98  0.22  -0.03  

7  1129.61  -194.22  -37.95  
   0.71  0.64  0.29  
   -0.70  0.59  0.41  
   0.10  -0.49  0.87  

9  1241.67  -289.32  516.14  
   0.44  0.89  -0.08  
   0.04  0.08  1.00  
   0.90  -0.44  -0.00  

6  1215.33  281.29  529.98  
   0.48  -0.81  -0.33  
   -0.16  0.30  -0.94  
   0.86  0.50  0.02  

2  858.14  -36.17  575.96  
   0.68  -0.73  0.02  
   0.73  0.68  0.04  
   -0.04  -0.01  1.00  

3  1254.17  -8.04  43.76  
   -0.63  0.20  -0.75  
   -0.19  -0.98  -0.10  
   -0.75  0.08  0.65  

4  1129.16  183.06  -19.20  
   0.57  -0.80  0.20  
   0.78  0.45  -0.42  
   0.25  0.39  0.88  

5  1096.57  255.84  262.53  
   -0.10  0.63  0.77  
   -0.16  0.75  -0.64  
   -0.98  -0.19  0.03  

6  1214.44  281.73  530.42  
   0.48  -0.81  -0.33  
   -0.16  0.29  -0.94  
   0.86  0.51  0.01  

7  1130.05  -194.22  -37.95  
   0.71  0.64  0.28  
   -0.70  0.59  0.41  
   0.10  -0.49  0.87  

8  1126.03  -261.64  255.39  
   -0.17  -0.66  0.73  
   0.14  0.72  0.68  
   -0.98  0.22  -0.03  

9  1241.67  -288.88  516.58  
   0.44  0.89  -0.08  
   0.04  0.07  1.00  
   0.90  -0.44  -0.00  

4  1129.61  183.51  -18.75  
   0.57  -0.80  0.19  
   0.78  0.45  -0.42  
   0.25  0.39  0.88  

2  858.14  -36.17  575.07  
   0.68  -0.73  0.02  
   0.73  0.68  0.04  
   -0.04  -0.01  1.00  

3  1253.73  -8.04  44.20  
   -0.63  0.20  -0.75  
   -0.19  -0.98  -0.10  
   -0.75  0.08  0.65  

5  1097.01  255.84  262.98  
   -0.10  0.63  0.77  
   -0.16  0.75  -0.64  
   -0.98  -0.19  0.03  

6  1213.99  281.73  530.87  
   0.48  -0.81  -0.33  
   -0.16  0.29  -0.94  
   0.86  0.51  0.01  

8  1126.03  -261.64  254.94  
   -0.17  -0.66  0.73  
   0.14  0.72  0.68  
   -0.98  0.22  -0.03  

7  1130.05  -194.22  -37.95  
   0.71  0.64  0.28  
   -0.70  0.59  0.41  
   0.10  -0.49  0.87  

9  1241.67  -289.32  516.58  
   0.44  0.89  -0.08  
   0.04  0.07  1.00  
   0.90  -0.44  -0.00  

2  858.14  -36.17  575.07  
   0.68  -0.73  0.02  
   0.73  0.68  0.04  
   -0.04  -0.01  1.00  

4  1129.61  183.51  -18.31  
   0.57  -0.80  0.19  
   0.78  0.45  -0.42  
   0.25  0.39  0.88  

3  1253.73  -8.04  44.65  
   -0.63  0.20  -0.75  
   -0.19  -0.98  -0.10  
   -0.75  0.08  0.65  

6  1214.44  281.29  530.87  
   0.48  -0.81  -0.33  
   -0.16  0.29  -0.94  
   0.86  0.51  0.01  

5  1097.01  255.84  262.98  
   -0.10  0.63  0.77  
   -0.16  0.75  -0.64  
   -0.98  -0.19  0.03  

7  1130.50  -193.77  -37.95  
   0.71  0.65  0.28  
   -0.70  0.59  0.41  
   0.10  -0.49  0.87  

8  1126.03  -261.64  255.39  
   -0.17  -0.66  0.73  
   0.14  0.72  0.68  
   -0.98  0.22  -0.03  

9  1241.67  -289.32  517.03  
   0.44  0.89  -0.08  
   0.04  0.07  1.00  
   0.90  -0.44  -0.00  

