2 	  32.73	  -6.80	  22.94
	  0.505	  0.859	 -0.080
	 -0.863	  0.505	 -0.017
	  0.026	  0.078	  0.996

3 	  48.16	  -0.79	   1.67
	  0.370	  0.216	  0.903
	 -0.024	  0.974	 -0.224
	 -0.929	  0.061	  0.365

4 	  41.66	   5.64	  -4.78
	  0.318	  0.948	 -0.018
	 -0.898	  0.307	  0.314
	  0.303	 -0.084	  0.949

5 	  39.13	   8.31	   6.47
	  0.013	  0.208	  0.978
	 -0.077	 -0.975	  0.208
	  0.997	 -0.078	  0.003

6 	  43.86	  11.29	  17.72
	  0.253	  0.019	  0.967
	 -0.641	  0.752	  0.153
	 -0.725	 -0.659	  0.202

7 	  42.12	  -7.95	  -5.06
	  0.437	 -0.890	  0.127
	  0.886	  0.403	 -0.228
	  0.151	  0.212	  0.965

8 	  40.13	 -10.20	   6.75
	  0.243	 -0.234	  0.941
	  0.288	 -0.909	 -0.300
	  0.926	  0.344	 -0.154

9 	  45.35	 -12.08	  17.30
	  0.169	  0.067	  0.983
	  0.583	  0.797	 -0.154
	 -0.795	  0.599	  0.096

2 	  32.73	  -6.80	  22.96
	  0.504	  0.859	 -0.080
	 -0.863	  0.505	 -0.017
	  0.025	  0.078	  0.996

3 	  48.15	  -0.79	   1.69
	  0.370	  0.217	  0.903
	 -0.024	  0.974	 -0.225
	 -0.928	  0.061	  0.366

4 	  41.62	   5.62	  -4.80
	  0.317	  0.948	 -0.019
	 -0.898	  0.306	  0.316
	  0.305	 -0.083	  0.948

5 	  39.09	   8.31	   6.47
	  0.013	  0.208	  0.978
	 -0.075	 -0.975	  0.209
	  0.997	 -0.076	  0.003

6 	  43.84	  11.32	  17.74
	  0.253	  0.020	  0.967
	 -0.642	  0.751	  0.153
	 -0.723	 -0.660	  0.203

7 	  42.12	  -7.93	  -5.06
	  0.436	 -0.890	  0.128
	  0.887	  0.402	 -0.229
	  0.152	  0.214	  0.965

8 	  40.13	 -10.20	   6.75
	  0.243	 -0.234	  0.941
	  0.288	 -0.909	 -0.300
	  0.926	  0.344	 -0.154

9 	  45.33	 -12.09	  17.31
	  0.169	  0.066	  0.983
	  0.585	  0.796	 -0.154
	 -0.793	  0.601	  0.096

2 	  32.73	  -6.80	  22.96
	  0.505	  0.859	 -0.080
	 -0.863	  0.505	 -0.017
	  0.026	  0.078	  0.996

3 	  48.15	  -0.81	   1.67
	  0.372	  0.217	  0.902
	 -0.024	  0.974	 -0.225
	 -0.928	  0.062	  0.367

4 	  41.61	   5.62	  -4.78
	  0.316	  0.948	 -0.018
	 -0.898	  0.305	  0.316
	  0.305	 -0.084	  0.948

5 	  39.08	   8.30	   6.47
	  0.013	  0.208	  0.978
	 -0.074	 -0.975	  0.209
	  0.997	 -0.075	  0.003

6 	  43.84	  11.32	  17.72
	  0.254	  0.020	  0.967
	 -0.643	  0.750	  0.153
	 -0.723	 -0.661	  0.203

7 	  42.10	  -7.93	  -5.04
	  0.436	 -0.891	  0.129
	  0.887	  0.401	 -0.229
	  0.152	  0.214	  0.965

8 	  40.11	 -10.20	   6.75
	  0.243	 -0.234	  0.941
	  0.287	 -0.909	 -0.301
	  0.926	  0.344	 -0.154

9 	  45.33	 -12.11	  17.30
	  0.170	  0.065	  0.983
	  0.586	  0.795	 -0.154
	 -0.792	  0.603	  0.097

2 	  32.73	  -6.80	  22.96
	  0.505	  0.859	 -0.080
	 -0.863	  0.505	 -0.017
	  0.025	  0.078	  0.996

3 	  48.13	  -0.81	   1.67
	  0.372	  0.217	  0.902
	 -0.024	  0.974	 -0.225
	 -0.928	  0.062	  0.367

4 	  41.61	   5.62	  -4.78
	  0.315	  0.949	 -0.017
	 -0.899	  0.304	  0.316
	  0.305	 -0.085	  0.948

5 	  39.08	   8.30	   6.49
	  0.013	  0.208	  0.978
	 -0.073	 -0.975	  0.208
	  0.997	 -0.074	  0.003

6 	  43.84	  11.30	  17.74
	  0.254	  0.020	  0.967
	 -0.644	  0.750	  0.153
	 -0.722	 -0.661	  0.203

7 	  42.10	  -7.93	  -5.04
	  0.435	 -0.891	  0.129
	  0.887	  0.400	 -0.229
	  0.152	  0.214	  0.965

8 	  40.11	 -10.20	   6.75
	  0.243	 -0.235	  0.941
	  0.287	 -0.909	 -0.301
	  0.926	  0.343	 -0.154

9 	  45.35	 -12.08	  17.30
	  0.170	  0.065	  0.983
	  0.586	  0.795	 -0.154
	 -0.792	  0.602	  0.097

2 	  32.73	  -6.80	  22.96
	  0.505	  0.859	 -0.080
	 -0.863	  0.505	 -0.017
	  0.025	  0.078	  0.996

3 	  48.13	  -0.81	   1.69
	  0.372	  0.217	  0.902
	 -0.023	  0.974	 -0.225
	 -0.928	  0.063	  0.367

4 	  41.61	   5.62	  -4.78
	  0.315	  0.949	 -0.015
	 -0.899	  0.303	  0.316
	  0.304	 -0.086	  0.948

5 	  39.08	   8.28	   6.50
	  0.012	  0.206	  0.978
	 -0.074	 -0.975	  0.207
	  0.997	 -0.075	  0.003

6 	  43.82	  11.29	  17.75
	  0.253	  0.019	  0.967
	 -0.644	  0.750	  0.153
	 -0.722	 -0.661	  0.202

7 	  42.10	  -7.91	  -5.04
	  0.435	 -0.891	  0.129
	  0.887	  0.400	 -0.228
	  0.151	  0.214	  0.965

8 	  40.11	 -10.20	   6.75
	  0.243	 -0.235	  0.941
	  0.288	 -0.909	 -0.301
	  0.926	  0.344	 -0.154

9 	  45.33	 -12.09	  17.28
	  0.170	  0.065	  0.983
	  0.587	  0.795	 -0.154
	 -0.791	  0.603	  0.097

2 	  32.73	  -6.80	  22.96
	  0.505	  0.859	 -0.080
	 -0.863	  0.505	 -0.017
	  0.025	  0.078	  0.996

3 	  48.13	  -0.81	   1.67
	  0.372	  0.217	  0.902
	 -0.023	  0.974	 -0.224
	 -0.928	  0.063	  0.367

4 	  41.61	   5.64	  -4.76
	  0.314	  0.949	 -0.013
	 -0.899	  0.302	  0.315
	  0.303	 -0.088	  0.948

5 	  39.08	   8.30	   6.50
	  0.012	  0.206	  0.978
	 -0.074	 -0.976	  0.206
	  0.997	 -0.075	  0.003

6 	  43.82	  11.27	  17.77
	  0.253	  0.019	  0.967
	 -0.644	  0.749	  0.154
	 -0.722	 -0.662	  0.202

7 	  42.08	  -7.91	  -5.06
	  0.434	 -0.891	  0.129
	  0.887	  0.400	 -0.228
	  0.151	  0.214	  0.965

8 	  40.10	 -10.20	   6.75
	  0.242	 -0.235	  0.941
	  0.288	 -0.909	 -0.301
	  0.926	  0.344	 -0.153

9 	  45.33	 -12.08	  17.28
	  0.170	  0.064	  0.983
	  0.587	  0.795	 -0.154
	 -0.792	  0.603	  0.098

2 	  32.73	  -6.80	  22.96
	  0.505	  0.859	 -0.080
	 -0.863	  0.505	 -0.018
	  0.025	  0.078	  0.996

3 	  48.13	  -0.81	   1.69
	  0.372	  0.216	  0.903
	 -0.023	  0.974	 -0.224
	 -0.928	  0.063	  0.367

4 	  41.62	   5.64	  -4.76
	  0.313	  0.949	 -0.012
	 -0.900	  0.301	  0.316
	  0.303	 -0.088	  0.949

5 	  39.08	   8.30	   6.52
	  0.012	  0.204	  0.979
	 -0.074	 -0.976	  0.205
	  0.997	 -0.075	  0.003

6 	  43.80	  11.25	  17.79
	  0.253	  0.018	  0.967
	 -0.644	  0.749	  0.154
	 -0.722	 -0.662	  0.201

7 	  42.10	  -7.88	  -5.04
	  0.435	 -0.891	  0.130
	  0.888	  0.400	 -0.227
	  0.150	  0.214	  0.965

8 	  40.11	 -10.18	   6.75
	  0.242	 -0.235	  0.941
	  0.288	 -0.909	 -0.302
	  0.926	  0.345	 -0.153

9 	  45.33	 -12.06	  17.28
	  0.170	  0.064	  0.983
	  0.587	  0.794	 -0.154
	 -0.791	  0.604	  0.098

2 	  32.73	  -6.80	  22.96
	  0.505	  0.859	 -0.080
	 -0.863	  0.505	 -0.018
	  0.025	  0.078	  0.996

3 	  48.13	  -0.77	   1.69
	  0.371	  0.216	  0.903
	 -0.024	  0.974	 -0.224
	 -0.928	  0.062	  0.367

4 	  41.62	   5.64	  -4.75
	  0.313	  0.949	 -0.010
	 -0.900	  0.300	  0.315
	  0.302	 -0.090	  0.949

5 	  39.06	   8.28	   6.52
	  0.011	  0.204	  0.979
	 -0.073	 -0.976	  0.204
	  0.997	 -0.074	  0.004

6 	  43.80	  11.25	  17.79
	  0.253	  0.018	  0.967
	 -0.645	  0.748	  0.155
	 -0.721	 -0.663	  0.200

7 	  42.10	  -7.88	  -5.06
	  0.434	 -0.891	  0.130
	  0.888	  0.400	 -0.227
	  0.150	  0.214	  0.965

8 	  40.11	 -10.18	   6.75
	  0.242	 -0.236	  0.941
	  0.289	 -0.908	 -0.302
	  0.926	  0.345	 -0.152

9 	  45.32	 -12.08	  17.26
	  0.169	  0.063	  0.983
	  0.588	  0.794	 -0.153
	 -0.791	  0.604	  0.097

2 	  32.73	  -6.80	  22.96
	  0.505	  0.859	 -0.080
	 -0.863	  0.505	 -0.018
	  0.025	  0.078	  0.996

3 	  48.13	  -0.77	   1.69
	  0.371	  0.215	  0.903
	 -0.024	  0.974	 -0.223
	 -0.928	  0.061	  0.367

4 	  41.62	   5.66	  -4.75
	  0.312	  0.950	 -0.009
	 -0.901	  0.299	  0.315
	  0.302	 -0.090	  0.949

5 	  39.04	   8.28	   6.52
	  0.008	  0.202	  0.979
	 -0.070	 -0.977	  0.202
	  0.997	 -0.071	  0.006

6 	  43.77	  11.27	  17.81
	  0.252	  0.018	  0.967
	 -0.647	  0.747	  0.154
	 -0.720	 -0.664	  0.199

7 	  42.12	  -7.88	  -5.08
	  0.434	 -0.891	  0.130
	  0.888	  0.400	 -0.226
	  0.149	  0.213	  0.965

8 	  40.11	 -10.16	   6.75
	  0.242	 -0.236	  0.941
	  0.289	 -0.908	 -0.302
	  0.926	  0.345	 -0.151

9 	  45.30	 -12.06	  17.26
	  0.169	  0.063	  0.983
	  0.588	  0.794	 -0.153
	 -0.791	  0.604	  0.097

2 	  32.71	  -6.80	  22.96
	  0.505	  0.859	 -0.080
	 -0.863	  0.505	 -0.018
	  0.025	  0.078	  0.996

3 	  48.13	  -0.77	   1.71
	  0.371	  0.215	  0.903
	 -0.024	  0.974	 -0.223
	 -0.928	  0.061	  0.367

4 	  41.62	   5.66	  -4.75
	  0.312	  0.950	 -0.009
	 -0.901	  0.299	  0.315
	  0.302	 -0.090	  0.949

5 	  39.04	   8.26	   6.54
	  0.001	  0.202	  0.979
	 -0.068	 -0.977	  0.202
	  0.997	 -0.066	  0.012

6 	  43.75	  11.25	  17.81
	  0.251	  0.018	  0.968
	 -0.648	  0.746	  0.154
	 -0.719	 -0.665	  0.199

7 	  42.12	  -7.88	  -5.08
	  0.434	 -0.891	  0.129
	  0.888	  0.400	 -0.226
	  0.149	  0.213	  0.965

8 	  40.11	 -10.18	   6.75
	  0.241	 -0.236	  0.941
	  0.289	 -0.908	 -0.302
	  0.926	  0.345	 -0.151

9 	  45.30	 -12.08	  17.28
	  0.169	  0.063	  0.984
	  0.589	  0.794	 -0.152
	 -0.791	  0.604	  0.097

2 	  32.71	  -6.80	  22.96
	  0.505	  0.859	 -0.080
	 -0.863	  0.505	 -0.018
	  0.025	  0.078	  0.996

3 	  48.13	  -0.77	   1.69
	  0.371	  0.215	  0.903
	 -0.024	  0.974	 -0.222
	 -0.928	  0.061	  0.367

4 	  41.62	   5.66	  -4.75
	  0.312	  0.950	 -0.009
	 -0.901	  0.299	  0.315
	  0.302	 -0.090	  0.949

5 	  39.02	   8.28	   6.54
	 -0.002	  0.203	  0.979
	 -0.067	 -0.977	  0.202
	  0.998	 -0.065	  0.016

6 	  43.72	  11.27	  17.82
	  0.250	  0.019	  0.968
	 -0.649	  0.745	  0.153
	 -0.719	 -0.666	  0.198

7 	  42.12	  -7.86	  -5.08
	  0.434	 -0.891	  0.130
	  0.888	  0.401	 -0.224
	  0.147	  0.213	  0.966

8 	  40.10	 -10.18	   6.66
	  0.220	 -0.240	  0.945
	  0.298	 -0.906	 -0.299
	  0.929	  0.348	 -0.128

9 	  45.30	 -12.08	  17.28
	  0.168	  0.062	  0.984
	  0.589	  0.794	 -0.151
	 -0.791	  0.604	  0.097

2 	  32.71	  -6.80	  22.96
	  0.505	  0.859	 -0.080
	 -0.863	  0.505	 -0.018
	  0.025	  0.078	  0.996

3 	  48.13	  -0.76	   1.71
	  0.370	  0.214	  0.904
	 -0.024	  0.975	 -0.222
	 -0.929	  0.060	  0.366

4 	  41.62	   5.68	  -4.75
	  0.312	  0.950	 -0.008
	 -0.901	  0.299	  0.315
	  0.302	 -0.091	  0.949

5 	  38.97	   8.28	   6.50
	 -0.006	  0.206	  0.978
	 -0.064	 -0.977	  0.205
	  0.998	 -0.062	  0.019

6 	  43.68	  11.29	  17.82
	  0.248	  0.020	  0.968
	 -0.649	  0.745	  0.151
	 -0.719	 -0.667	  0.198

7 	  42.13	  -7.84	  -5.08
	  0.435	 -0.891	  0.130
	  0.888	  0.401	 -0.223
	  0.146	  0.213	  0.966

8 	  40.10	 -10.18	   6.70
	  0.227	 -0.241	  0.943
	  0.295	 -0.906	 -0.303
	  0.928	  0.347	 -0.135

9 	  45.30	 -12.09	  17.26
	  0.169	  0.062	  0.984
	  0.589	  0.794	 -0.151
	 -0.791	  0.604	  0.098

2 	  32.71	  -6.80	  22.96
	  0.505	  0.859	 -0.080
	 -0.863	  0.505	 -0.018
	  0.025	  0.078	  0.996

3 	  48.13	  -0.76	   1.71
	  0.370	  0.214	  0.904
	 -0.025	  0.975	 -0.221
	 -0.929	  0.059	  0.366

4 	  41.62	   5.68	  -4.73
	  0.312	  0.950	 -0.008
	 -0.901	  0.299	  0.315
	  0.301	 -0.091	  0.949

5 	  38.92	   8.26	   6.47
	 -0.014	  0.213	  0.977
	 -0.056	 -0.976	  0.211
	  0.998	 -0.052	  0.025

6 	  43.52	  11.41	  17.79
	  0.242	  0.027	  0.970
	 -0.657	  0.740	  0.142
	 -0.714	 -0.671	  0.197

7 	  42.15	  -7.84	  -5.08
	  0.437	 -0.890	  0.129
	  0.887	  0.403	 -0.223
	  0.146	  0.212	  0.966

8 	  40.08	 -10.18	   6.68
	  0.230	 -0.242	  0.942
	  0.290	 -0.907	 -0.304
	  0.928	  0.344	 -0.139

9 	  45.28	 -12.08	  17.24
	  0.168	  0.061	  0.984
	  0.589	  0.794	 -0.151
	 -0.791	  0.604	  0.097

2 	  32.71	  -6.80	  22.94
	  0.505	  0.859	 -0.080
	 -0.863	  0.505	 -0.018
	  0.025	  0.078	  0.996

3 	  48.13	  -0.72	   1.72
	  0.368	  0.216	  0.904
	 -0.028	  0.975	 -0.221
	 -0.929	  0.056	  0.365

4 	  41.62	   5.70	  -4.73
	  0.312	  0.950	 -0.008
	 -0.901	  0.298	  0.314
	  0.301	 -0.091	  0.949

5 	  38.90	   8.26	   6.43
	 -0.018	  0.217	  0.976
	 -0.050	 -0.975	  0.215
	  0.998	 -0.045	  0.028

6 	  43.42	  11.48	  17.77
	  0.238	  0.032	  0.971
	 -0.660	  0.738	  0.137
	 -0.713	 -0.673	  0.197

7 	  42.17	  -7.86	  -5.08
	  0.438	 -0.889	  0.128
	  0.887	  0.405	 -0.222
	  0.145	  0.211	  0.966

8 	  40.08	 -10.20	   6.68
	  0.232	 -0.241	  0.942
	  0.291	 -0.907	 -0.304
	  0.928	  0.344	 -0.140

9 	  45.26	 -12.09	  17.26
	  0.168	  0.061	  0.984
	  0.588	  0.795	 -0.150
	 -0.791	  0.604	  0.098

2 	  32.71	  -6.80	  22.96
	  0.505	  0.859	 -0.080
	 -0.863	  0.505	 -0.018
	  0.025	  0.078	  0.996

3 	  48.11	  -0.72	   1.74
	  0.366	  0.216	  0.905
	 -0.031	  0.975	 -0.221
	 -0.930	  0.053	  0.363

4 	  41.61	   5.68	  -4.75
	  0.311	  0.950	 -0.010
	 -0.901	  0.298	  0.314
	  0.302	 -0.089	  0.949

5 	  38.87	   8.28	   6.40
	 -0.019	  0.218	  0.975
	 -0.047	 -0.975	  0.217
	  0.999	 -0.042	  0.028

6 	  43.42	  11.50	  17.75
	  0.238	  0.033	  0.971
	 -0.662	  0.737	  0.136
	 -0.711	 -0.675	  0.197

7 	  42.17	  -7.86	  -5.08
	  0.440	 -0.889	  0.127
	  0.886	  0.407	 -0.222
	  0.145	  0.211	  0.966

8 	  40.11	 -10.21	   6.66
	  0.236	 -0.241	  0.941
	  0.290	 -0.907	 -0.305
	  0.927	  0.345	 -0.144

9 	  45.28	 -12.08	  17.26
	  0.168	  0.062	  0.984
	  0.587	  0.795	 -0.151
	 -0.792	  0.603	  0.097

2 	  32.73	  -6.80	  22.96
	  0.505	  0.859	 -0.080
	 -0.863	  0.505	 -0.017
	  0.026	  0.078	  0.996

3 	  48.11	  -0.72	   1.74
	  0.365	  0.217	  0.905
	 -0.032	  0.975	 -0.221
	 -0.930	  0.052	  0.363

4 	  41.62	   5.70	  -4.76
	  0.312	  0.950	 -0.011
	 -0.901	  0.299	  0.313
	  0.301	 -0.088	  0.949

5 	  38.88	   8.28	   6.42
	 -0.020	  0.219	  0.975
	 -0.046	 -0.975	  0.218
	  0.999	 -0.041	  0.029

6 	  43.42	  11.51	  17.74
	  0.238	  0.034	  0.970
	 -0.662	  0.737	  0.136
	 -0.711	 -0.675	  0.198

7 	  42.17	  -7.84	  -5.08
	  0.442	 -0.888	  0.126
	  0.885	  0.409	 -0.221
	  0.144	  0.210	  0.967

8 	  40.11	 -10.21	   6.66
	  0.236	 -0.241	  0.941
	  0.290	 -0.907	 -0.305
	  0.927	  0.345	 -0.145

9 	  45.28	 -12.08	  17.26
	  0.168	  0.062	  0.984
	  0.585	  0.796	 -0.151
	 -0.793	  0.601	  0.097

2 	  32.73	  -6.80	  22.96
	  0.505	  0.859	 -0.080
	 -0.863	  0.505	 -0.018
	  0.025	  0.078	  0.996

3 	  48.13	  -0.72	   1.72
	  0.365	  0.216	  0.905
	 -0.032	  0.975	 -0.220
	 -0.930	  0.052	  0.363

4 	  41.62	   5.68	  -4.76
	  0.313	  0.950	 -0.012
	 -0.901	  0.300	  0.312
	  0.300	 -0.087	  0.950

5 	  38.88	   8.30	   6.38
	 -0.019	  0.220	  0.975
	 -0.046	 -0.974	  0.219
	  0.999	 -0.041	  0.029

6 	  43.40	  11.55	  17.70
	  0.237	  0.036	  0.971
	 -0.661	  0.738	  0.134
	 -0.711	 -0.674	  0.199

7 	  42.22	  -7.82	  -5.10
	  0.444	 -0.887	  0.125
	  0.884	  0.411	 -0.221
	  0.144	  0.209	  0.967

8 	  40.11	 -10.21	   6.66
	  0.236	 -0.241	  0.941
	  0.291	 -0.907	 -0.305
	  0.927	  0.346	 -0.144

9 	  45.30	 -12.09	  17.24
	  0.167	  0.062	  0.984
	  0.583	  0.798	 -0.150
	 -0.795	  0.599	  0.097

2 	  32.71	  -6.80	  22.96
	  0.505	  0.859	 -0.080
	 -0.863	  0.505	 -0.018
	  0.025	  0.078	  0.996

3 	  48.13	  -0.72	   1.72
	  0.364	  0.217	  0.906
	 -0.032	  0.975	 -0.221
	 -0.931	  0.051	  0.362

4 	  41.64	   5.70	  -4.76
	  0.313	  0.949	 -0.012
	 -0.902	  0.301	  0.310
	  0.298	 -0.087	  0.950

5 	  38.94	   8.40	   6.35
	 -0.012	  0.228	  0.973
	 -0.053	 -0.972	  0.227
	  0.998	 -0.048	  0.023

6 	  43.47	  11.64	  17.63
	  0.238	  0.040	  0.970
	 -0.655	  0.744	  0.130
	 -0.717	 -0.667	  0.204

7 	  42.24	  -7.82	  -5.08
	  0.447	 -0.885	  0.125
	  0.883	  0.414	 -0.221
	  0.144	  0.209	  0.967

8 	  40.17	 -10.28	   6.61
	  0.235	 -0.245	  0.940
	  0.300	 -0.902	 -0.310
	  0.924	  0.355	 -0.138

9 	  45.39	 -12.13	  17.23
	  0.170	  0.061	  0.983
	  0.574	  0.805	 -0.149
	 -0.801	  0.590	  0.101

2 	  32.71	  -6.80	  22.94
	  0.505	  0.859	 -0.080
	 -0.863	  0.505	 -0.018
	  0.025	  0.078	  0.996

3 	  48.15	  -0.70	   1.72
	  0.364	  0.216	  0.906
	 -0.032	  0.975	 -0.220
	 -0.931	  0.051	  0.362

4 	  41.62	   5.71	  -4.78
	  0.314	  0.949	 -0.010
	 -0.902	  0.302	  0.309
	  0.296	 -0.088	  0.951

5 	  39.01	   8.53	   6.40
	  0.002	  0.239	  0.971
	 -0.066	 -0.969	  0.238
	  0.998	 -0.065	  0.013

6 	  43.73	  11.87	  17.53
	  0.250	  0.052	  0.967
	 -0.644	  0.755	  0.126
	 -0.723	 -0.654	  0.222

7 	  42.19	  -7.79	  -5.08
	  0.452	 -0.884	  0.120
	  0.880	  0.419	 -0.225
	  0.148	  0.207	  0.967

8 	  40.31	 -10.34	   6.61
	  0.239	 -0.257	  0.936
	  0.307	 -0.894	 -0.324
	  0.921	  0.366	 -0.135

9 	  45.72	 -12.29	  17.02
	  0.188	  0.049	  0.981
	  0.560	  0.815	 -0.148
	 -0.807	  0.577	  0.125

2 	  32.71	  -6.80	  22.94
	  0.505	  0.859	 -0.080
	 -0.863	  0.505	 -0.018
	  0.025	  0.078	  0.996

3 	  48.11	  -0.69	   1.72
	  0.365	  0.215	  0.906
	 -0.031	  0.975	 -0.220
	 -0.930	  0.052	  0.362

4 	  41.54	   5.71	  -4.76
	  0.312	  0.950	 -0.009
	 -0.903	  0.300	  0.307
	  0.295	 -0.088	  0.951

5 	  39.18	   8.65	   6.50
	  0.033	  0.260	  0.965
	 -0.072	 -0.962	  0.262
	  0.997	 -0.078	 -0.013

6 	  44.26	  12.25	  17.30
	  0.282	  0.079	  0.956
	 -0.638	  0.760	  0.125
	 -0.717	 -0.645	  0.264

7 	  42.03	  -7.73	  -5.10
	  0.458	 -0.883	  0.105
	  0.875	  0.427	 -0.228
	  0.156	  0.197	  0.968

8 	  40.75	 -10.62	   6.59
	  0.282	 -0.292	  0.914
	  0.321	 -0.869	 -0.376
	  0.904	  0.400	 -0.151

9 	  46.51	 -12.74	  16.65
	  0.216	  0.016	  0.976
	  0.514	  0.848	 -0.128
	 -0.830	  0.529	  0.175

2 	  32.71	  -6.80	  22.94
	  0.505	  0.859	 -0.080
	 -0.863	  0.505	 -0.017
	  0.025	  0.078	  0.996

3 	  48.02	  -0.65	   1.63
	  0.374	  0.210	  0.903
	 -0.026	  0.976	 -0.217
	 -0.927	  0.058	  0.370

4 	  41.36	   5.78	  -4.71
	  0.319	  0.947	 -0.018
	 -0.900	  0.308	  0.308
	  0.297	 -0.083	  0.951

5 	  39.57	   8.98	   6.54
	  0.085	  0.299	  0.950
	 -0.079	 -0.949	  0.306
	  0.993	 -0.101	 -0.057

6 	  45.14	  12.94	  16.88
	  0.328	  0.116	  0.938
	 -0.616	  0.779	  0.118
	 -0.716	 -0.616	  0.327

7 	  41.84	  -7.59	  -5.13
	  0.474	 -0.876	  0.082
	  0.864	  0.445	 -0.235
	  0.169	  0.182	  0.968

8 	  41.45	 -10.90	   6.47
	  0.354	 -0.341	  0.870
	  0.289	 -0.845	 -0.449
	  0.889	  0.411	 -0.201

9 	  47.94	 -13.45	  15.84
	  0.293	 -0.033	  0.955
	  0.491	  0.862	 -0.121
	 -0.820	  0.505	  0.269

2 	  32.71	  -6.80	  22.94
	  0.504	  0.859	 -0.080
	 -0.863	  0.505	 -0.017
	  0.026	  0.078	  0.996

3 	  47.85	  -0.62	   1.63
	  0.382	  0.205	  0.901
	 -0.019	  0.976	 -0.215
	 -0.924	  0.065	  0.377

4 	  41.15	   5.78	  -4.73
	  0.339	  0.940	 -0.039
	 -0.888	  0.334	  0.315
	  0.309	 -0.073	  0.948

5 	  39.99	   9.23	   6.56
	  0.149	  0.340	  0.928
	 -0.066	 -0.933	  0.352
	  0.986	 -0.114	 -0.117

6 	  46.18	  13.46	  16.35
	  0.383	  0.148	  0.912
	 -0.592	  0.797	  0.119
	 -0.709	 -0.585	  0.393

7 	  41.50	  -7.49	  -5.20
	  0.493	 -0.869	  0.045
	  0.848	  0.468	 -0.249
	  0.195	  0.161	  0.967

8 	  42.24	 -11.34	   6.21
	  0.453	 -0.388	  0.802
	  0.248	 -0.810	 -0.531
	  0.856	  0.440	 -0.271

9 	  49.73	 -14.04	  14.48
	  0.405	 -0.081	  0.911
	  0.461	  0.878	 -0.127
	 -0.790	  0.471	  0.392

2 	  32.71	  -6.80	  22.96
	  0.504	  0.859	 -0.080
	 -0.863	  0.505	 -0.018
	  0.025	  0.078	  0.996

3 	  47.64	  -0.62	   1.53
	  0.395	  0.202	  0.896
	 -0.007	  0.976	 -0.217
	 -0.919	  0.079	  0.387

4 	  40.92	   5.77	  -4.78
	  0.364	  0.928	 -0.068
	 -0.871	  0.366	  0.326
	  0.328	 -0.060	  0.943

5 	  40.45	   9.44	   6.49
	  0.202	  0.367	  0.908
	 -0.062	 -0.921	  0.385
	  0.977	 -0.134	 -0.163

6 	  47.32	  13.85	  15.71
	  0.452	  0.165	  0.876
	 -0.560	  0.818	  0.134
	 -0.695	 -0.551	  0.462

7 	  41.20	  -7.42	  -5.26
	  0.513	 -0.858	  0.005
	  0.829	  0.494	 -0.260
	  0.220	  0.137	  0.965

8 	  43.15	 -11.64	   5.71
	  0.565	 -0.417	  0.712
	  0.182	 -0.778	 -0.601
	  0.805	  0.469	 -0.364

9 	  51.50	 -14.64	  12.81
	  0.516	 -0.119	  0.848
	  0.435	  0.889	 -0.140
	 -0.738	  0.441	  0.510

2 	  32.73	  -6.80	  22.94
	  0.505	  0.859	 -0.080
	 -0.863	  0.505	 -0.017
	  0.025	  0.078	  0.996

3 	  47.50	  -0.60	   1.49
	  0.402	  0.202	  0.893
	  0.008	  0.974	 -0.224
	 -0.916	  0.097	  0.390

4 	  40.76	   5.71	  -4.89
	  0.396	  0.912	 -0.108
	 -0.851	  0.408	  0.331
	  0.346	 -0.040	  0.937

5 	  40.97	   9.58	   6.33
	  0.266	  0.373	  0.889
	 -0.074	 -0.911	  0.405
	  0.961	 -0.174	 -0.215

6 	  48.45	  13.83	  14.92
	  0.516	  0.169	  0.840
	 -0.521	  0.840	  0.150
	 -0.680	 -0.515	  0.521

7 	  40.92	  -7.33	  -5.31
	  0.540	 -0.841	 -0.034
	  0.806	  0.529	 -0.264
	  0.240	  0.115	  0.964

8 	  44.12	 -11.90	   5.15
	  0.662	 -0.426	  0.616
	  0.130	 -0.745	 -0.655
	  0.738	  0.514	 -0.438

9 	  53.03	 -14.75	  11.06
	  0.615	 -0.136	  0.777
	  0.391	  0.908	 -0.151
	 -0.685	  0.396	  0.611

2 	  32.73	  -6.80	  22.96
	  0.505	  0.859	 -0.080
	 -0.863	  0.505	 -0.017
	  0.025	  0.078	  0.996

3 	  47.34	  -0.63	   1.41
	  0.416	  0.199	  0.887
	  0.024	  0.973	 -0.230
	 -0.909	  0.117	  0.400

4 	  40.54	   5.61	  -5.04
	  0.417	  0.896	 -0.150
	 -0.829	  0.443	  0.341
	  0.372	 -0.019	  0.928

5 	  41.41	   9.63	   6.05
	  0.331	  0.377	  0.865
	 -0.090	 -0.900	  0.427
	  0.939	 -0.219	 -0.264

6 	  49.55	  13.71	  14.04
	  0.579	  0.164	  0.799
	 -0.467	  0.869	  0.160
	 -0.668	 -0.466	  0.580

7 	  40.73	  -7.22	  -5.31
	  0.561	 -0.824	 -0.077
	  0.783	  0.558	 -0.272
	  0.268	  0.092	  0.959

8 	  45.02	 -11.92	   4.52
	  0.747	 -0.420	  0.516
	  0.074	 -0.719	 -0.691
	  0.661	  0.554	 -0.506

9 	  54.47	 -14.71	   9.11
	  0.709	 -0.141	  0.691
	  0.346	  0.923	 -0.168
	 -0.614	  0.358	  0.703

2 	  32.73	  -6.80	  22.96
	  0.505	  0.859	 -0.080
	 -0.863	  0.505	 -0.018
	  0.025	  0.078	  0.996

3 	  47.29	  -0.65	   1.28
	  0.430	  0.200	  0.880
	  0.035	  0.970	 -0.238
	 -0.902	  0.134	  0.410

4 	  40.38	   5.52	  -5.13
	  0.431	  0.881	 -0.196
	 -0.806	  0.473	  0.356
	  0.406	  0.004	  0.914

5 	  41.82	   9.70	   5.85
	  0.381	  0.378	  0.843
	 -0.096	 -0.891	  0.443
	  0.919	 -0.250	 -0.304

6 	  50.26	  13.59	  13.27
	  0.623	  0.164	  0.765
	 -0.443	  0.880	  0.171
	 -0.645	 -0.445	  0.620

7 	  40.57	  -7.19	  -5.36
	  0.578	 -0.806	 -0.129
	  0.758	  0.588	 -0.282
	  0.303	  0.065	  0.951

8 	  45.83	 -11.95	   3.76
	  0.811	 -0.411	  0.417
	  0.019	 -0.694	 -0.720
	  0.585	  0.592	 -0.555

9 	  55.69	 -14.55	   7.24
	  0.780	 -0.144	  0.608
	  0.305	  0.937	 -0.169
	 -0.546	  0.317	  0.775

2 	  32.73	  -6.80	  22.96
	  0.505	  0.859	 -0.080
	 -0.863	  0.505	 -0.017
	  0.025	  0.078	  0.996

3 	  47.21	  -0.63	   1.14
	  0.441	  0.202	  0.874
	  0.040	  0.968	 -0.245
	 -0.896	  0.143	  0.419

4 	  40.20	   5.34	  -5.33
	  0.436	  0.867	 -0.242
	 -0.786	  0.498	  0.367
	  0.438	  0.030	  0.898

5 	  42.17	   9.63	   5.50
	  0.435	  0.374	  0.819
	 -0.109	 -0.881	  0.460
	  0.894	 -0.289	 -0.343

6 	  50.94	  13.52	  12.52
	  0.659	  0.165	  0.734
	 -0.422	  0.889	  0.179
	 -0.623	 -0.427	  0.655

7 	  40.46	  -7.10	  -5.38
	  0.596	 -0.782	 -0.182
	  0.730	  0.622	 -0.282
	  0.334	  0.035	  0.942

8 	  46.49	 -12.06	   2.83
	  0.863	 -0.395	  0.315
	 -0.035	 -0.669	 -0.742
	  0.504	  0.629	 -0.592

9 	  56.81	 -14.43	   4.94
	  0.850	 -0.145	  0.506
	  0.264	  0.949	 -0.172
	 -0.456	  0.279	  0.845

2 	  32.71	  -6.80	  22.96
	  0.505	  0.859	 -0.080
	 -0.863	  0.505	 -0.018
	  0.025	  0.078	  0.996

3 	  47.18	  -0.63	   1.04
	  0.451	  0.205	  0.868
	  0.045	  0.966	 -0.252
	 -0.891	  0.153	  0.427

4 	  40.04	   5.26	  -5.41
	  0.443	  0.852	 -0.277
	 -0.768	  0.520	  0.374
	  0.463	  0.047	  0.885

5 	  42.43	   9.65	   5.26
	  0.468	  0.373	  0.801
	 -0.114	 -0.873	  0.473
	  0.876	 -0.313	 -0.366

6 	  51.43	  13.52	  11.94
	  0.688	  0.164	  0.707
	 -0.402	  0.897	  0.182
	 -0.605	 -0.410	  0.683

7 	  40.38	  -7.03	  -5.45
	  0.608	 -0.758	 -0.233
	  0.704	  0.651	 -0.282
	  0.365	  0.007	  0.931

8 	  47.04	 -11.95	   2.00
	  0.900	 -0.376	  0.221
	 -0.083	 -0.645	 -0.759
	  0.428	  0.665	 -0.612

9 	  57.48	 -14.12	   2.79
	  0.903	 -0.139	  0.406
	  0.223	  0.960	 -0.168
	 -0.367	  0.242	  0.898

2 	  32.73	  -6.80	  22.96
	  0.505	  0.859	 -0.080
	 -0.863	  0.505	 -0.018
	  0.025	  0.078	  0.996

3 	  47.14	  -0.65	   0.93
	  0.460	  0.207	  0.863
	  0.047	  0.965	 -0.257
	 -0.887	  0.158	  0.434

4 	  39.87	   5.13	  -5.50
	  0.444	  0.842	 -0.306
	 -0.751	  0.536	  0.384
	  0.488	  0.059	  0.871

5 	  42.57	   9.62	   5.06
	  0.499	  0.361	  0.788
	 -0.134	 -0.866	  0.482
	  0.856	 -0.346	 -0.384

6 	  51.87	  13.27	  11.29
	  0.719	  0.153	  0.678
	 -0.375	  0.907	  0.192
	 -0.585	 -0.392	  0.709

7 	  40.20	  -6.94	  -5.48
	  0.615	 -0.739	 -0.274
	  0.684	  0.673	 -0.280
	  0.391	 -0.016	  0.920

8 	  47.43	 -11.94	   1.20
	  0.923	 -0.359	  0.136
	 -0.132	 -0.629	 -0.766
	  0.361	  0.689	 -0.629

9 	  57.83	 -13.83	   0.90
	  0.938	 -0.130	  0.320
	  0.189	  0.968	 -0.164
	 -0.289	  0.214	  0.933

2 	  32.73	  -6.80	  22.96
	  0.505	  0.859	 -0.080
	 -0.863	  0.505	 -0.017
	  0.025	  0.078	  0.996

3 	  47.11	  -0.65	   0.84
	  0.469	  0.208	  0.858
	  0.049	  0.964	 -0.260
	 -0.882	  0.164	  0.442

4 	  39.73	   5.06	  -5.59
	  0.445	  0.830	 -0.337
	 -0.734	  0.553	  0.394
	  0.513	  0.071	  0.855

5 	  42.71	   9.63	   4.80
	  0.523	  0.351	  0.776
	 -0.155	 -0.857	  0.492
	  0.838	 -0.378	 -0.394

6 	  52.17	  13.08	  10.85
	  0.738	  0.144	  0.659
	 -0.351	  0.917	  0.192
	 -0.576	 -0.373	  0.727

7 	  40.04	  -6.84	  -5.48
	  0.617	 -0.721	 -0.316
	  0.667	  0.692	 -0.276
	  0.417	 -0.041	  0.908

8 	  47.71	 -11.76	   0.46
	  0.942	 -0.329	  0.063
	 -0.163	 -0.615	 -0.771
	  0.292	  0.717	 -0.633

9 	  58.06	 -13.31	  -0.60
	  0.962	 -0.109	  0.251
	  0.150	  0.977	 -0.151
	 -0.229	  0.183	  0.956

2 	  32.71	  -6.80	  22.96
	  0.505	  0.859	 -0.080
	 -0.863	  0.505	 -0.018
	  0.025	  0.078	  0.996

3 	  47.04	  -0.70	   0.63
	  0.485	  0.205	  0.850
	  0.053	  0.963	 -0.263
	 -0.873	  0.172	  0.456

4 	  39.59	   4.96	  -5.70
	  0.448	  0.814	 -0.370
	 -0.709	  0.575	  0.407
	  0.544	  0.080	  0.835

5 	  42.87	   9.58	   4.55
	  0.541	  0.341	  0.769
	 -0.178	 -0.847	  0.501
	  0.822	 -0.408	 -0.397

6 	  52.56	  12.83	  10.23
	  0.761	  0.136	  0.634
	 -0.322	  0.928	  0.188
	 -0.563	 -0.347	  0.750

7 	  39.87	  -6.84	  -5.55
	  0.616	 -0.702	 -0.357
	  0.649	  0.709	 -0.276
	  0.446	 -0.062	  0.892

8 	  48.04	 -11.58	  -0.25
	  0.955	 -0.295	 -0.007
	 -0.195	 -0.612	 -0.767
	  0.221	  0.734	 -0.642

9 	  58.34	 -12.74	  -2.21
	  0.982	 -0.080	  0.171
	  0.106	  0.982	 -0.152
	 -0.156	  0.167	  0.973

2 	  32.73	  -6.80	  22.96
	  0.505	  0.859	 -0.080
	 -0.863	  0.505	 -0.018
	  0.025	  0.078	  0.996

3 	  47.02	  -0.76	   0.54
	  0.496	  0.204	  0.844
	  0.060	  0.961	 -0.268
	 -0.866	  0.184	  0.465

4 	  39.53	   4.90	  -5.77
	  0.447	  0.803	 -0.394
	 -0.693	  0.589	  0.414
	  0.565	  0.088	  0.820

5 	  43.08	   9.60	   4.34
	  0.563	  0.340	  0.753
	 -0.186	 -0.836	  0.516
	  0.805	 -0.431	 -0.408

6 	  53.02	  12.69	   9.65
	  0.785	  0.128	  0.605
	 -0.292	  0.939	  0.179
	 -0.546	 -0.317	  0.775

7 	  39.80	  -6.84	  -5.57
	  0.621	 -0.678	 -0.393
	  0.627	  0.731	 -0.270
	  0.470	 -0.079	  0.879

8 	  48.38	 -11.23	  -0.86
	  0.965	 -0.250	 -0.074
	 -0.216	 -0.607	 -0.765
	  0.146	  0.754	 -0.640

9 	  58.52	 -11.92	  -3.66
	  0.994	 -0.043	  0.098
	  0.057	  0.988	 -0.145
	 -0.091	  0.149	  0.984

2 	  32.71	  -6.80	  22.96
	  0.505	  0.859	 -0.080
	 -0.863	  0.505	 -0.018
	  0.025	  0.078	  0.996

3 	  47.00	  -0.79	   0.47
	  0.504	  0.203	  0.839
	  0.064	  0.960	 -0.272
	 -0.861	  0.191	  0.471

4 	  39.43	   4.80	  -5.80
	  0.447	  0.794	 -0.412
	 -0.680	  0.601	  0.419
	  0.580	  0.092	  0.809

5 	  43.31	   9.53	   4.13
	  0.589	  0.338	  0.733
	 -0.188	 -0.826	  0.532
	  0.785	 -0.451	 -0.423

6 	  53.44	  12.41	   8.86
	  0.813	  0.115	  0.570
	 -0.255	  0.952	  0.170
	 -0.523	 -0.283	  0.803

7 	  39.76	  -6.86	  -5.59
	  0.624	 -0.650	 -0.433
	  0.606	  0.753	 -0.257
	  0.493	 -0.103	  0.864

8 	  48.59	 -11.09	  -1.76
	  0.965	 -0.212	 -0.152
	 -0.250	 -0.589	 -0.768
	  0.073	  0.779	 -0.622

9 	  58.62	 -11.18	  -5.38
	  1.000	 -0.006	  0.013
	  0.007	  0.993	 -0.117
	 -0.012	  0.117	  0.993

2 	  32.71	  -6.80	  22.94
	  0.505	  0.859	 -0.080
	 -0.863	  0.505	 -0.017
	  0.026	  0.078	  0.996

3 	  47.00	  -0.84	   0.37
	  0.511	  0.202	  0.835
	  0.067	  0.959	 -0.274
	 -0.857	  0.196	  0.477

4 	  39.41	   4.69	  -5.89
	  0.449	  0.783	 -0.429
	 -0.668	  0.613	  0.422
	  0.594	  0.097	  0.799

5 	  43.52	   9.49	   3.94
	  0.606	  0.335	  0.721
	 -0.191	 -0.819	  0.541
	  0.771	 -0.466	 -0.433

6 	  53.81	  12.20	   8.46
	  0.829	  0.105	  0.549
	 -0.230	  0.959	  0.163
	 -0.509	 -0.261	  0.820

7 	  39.78	  -6.80	  -5.61
	  0.623	 -0.620	 -0.477
	  0.586	  0.773	 -0.241
	  0.518	 -0.130	  0.845

8 	  48.78	 -10.85	  -2.64
	  0.956	 -0.180	 -0.229
	 -0.291	 -0.570	 -0.769
	  0.008	  0.802	 -0.597

9 	  58.45	 -10.62	  -7.44
	  0.996	  0.021	 -0.083
	 -0.027	  0.997	 -0.076
	  0.081	  0.078	  0.993

2 	  32.73	  -6.80	  22.94
	  0.505	  0.859	 -0.080
	 -0.863	  0.505	 -0.017
	  0.026	  0.078	  0.996

3 	  47.04	  -0.84	   0.35
	  0.514	  0.203	  0.833
	  0.068	  0.959	 -0.275
	 -0.855	  0.198	  0.479

4 	  39.39	   4.61	  -5.98
	  0.451	  0.776	 -0.440
	 -0.658	  0.622	  0.424
	  0.603	  0.098	  0.791

5 	  43.65	   9.42	   3.78
	  0.619	  0.333	  0.711
	 -0.194	 -0.813	  0.549
	  0.761	 -0.478	 -0.439

6 	  54.04	  12.02	   7.98
	  0.843	  0.098	  0.528
	 -0.212	  0.964	  0.159
	 -0.494	 -0.246	  0.834

7 	  39.80	  -6.73	  -5.64
	  0.616	 -0.593	 -0.519
	  0.571	  0.790	 -0.224
	  0.542	 -0.159	  0.825

8 	  48.85	 -10.90	  -3.62
	  0.936	 -0.167	 -0.310
	 -0.350	 -0.554	 -0.755
	 -0.046	  0.815	 -0.577

9 	  58.03	 -10.23	  -9.37
	  0.983	  0.037	 -0.180
	 -0.048	  0.997	 -0.053
	  0.177	  0.061	  0.982

2 	  32.73	  -6.80	  22.96
	  0.505	  0.859	 -0.080
	 -0.863	  0.505	 -0.018
	  0.025	  0.078	  0.996

3 	  47.07	  -0.88	   0.25
	  0.521	  0.201	  0.830
	  0.069	  0.958	 -0.276
	 -0.851	  0.201	  0.485

4 	  39.38	   4.52	  -6.05
	  0.451	  0.769	 -0.453
	 -0.646	  0.631	  0.430
	  0.616	  0.098	  0.781

5 	  43.80	   9.39	   3.59
	  0.632	  0.334	  0.699
	 -0.192	 -0.807	  0.559
	  0.751	 -0.488	 -0.446

6 	  54.21	  11.99	   7.72
	  0.850	  0.097	  0.518
	 -0.206	  0.966	  0.156
	 -0.485	 -0.240	  0.841

7 	  39.76	  -6.71	  -5.68
	  0.600	 -0.569	 -0.562
	  0.555	  0.802	 -0.219
	  0.575	 -0.181	  0.798

8 	  48.83	 -10.79	  -4.46
	  0.908	 -0.156	 -0.387
	 -0.407	 -0.542	 -0.735
	 -0.095	  0.825	 -0.556

9 	  57.45	 -10.05	 -11.64
	  0.955	  0.044	 -0.292
	 -0.059	  0.997	 -0.042
	  0.289	  0.057	  0.956

2 	  32.71	  -6.80	  22.94
	  0.505	  0.859	 -0.080
	 -0.863	  0.505	 -0.017
	  0.026	  0.078	  0.996

3 	  47.13	  -0.91	   0.05
	  0.533	  0.199	  0.822
	  0.067	  0.958	 -0.277
	 -0.843	  0.203	  0.497

4 	  39.32	   4.50	  -6.06
	  0.450	  0.768	 -0.454
	 -0.638	  0.633	  0.438
	  0.624	  0.092	  0.776

5 	  43.82	   9.40	   3.53
	  0.638	  0.334	  0.694
	 -0.190	 -0.805	  0.562
	  0.746	 -0.490	 -0.451

6 	  54.35	  11.87	   7.40
	  0.861	  0.092	  0.500
	 -0.187	  0.972	  0.142
	 -0.474	 -0.216	  0.854

7 	  39.64	  -6.61	  -5.71
	  0.581	 -0.547	 -0.603
	  0.543	  0.812	 -0.214
	  0.606	 -0.203	  0.769

8 	  48.62	 -10.83	  -5.34
	  0.875	 -0.154	 -0.458
	 -0.466	 -0.518	 -0.717
	 -0.127	  0.841	 -0.525

9 	  56.71	  -9.95	 -13.36
	  0.925	  0.046	 -0.377
	 -0.058	  0.998	 -0.021
	  0.375	  0.041	  0.926

2 	  32.71	  -6.80	  22.96
	  0.505	  0.859	 -0.080
	 -0.863	  0.505	 -0.018
	  0.025	  0.078	  0.996

3 	  47.18	  -0.86	  -0.04
	  0.543	  0.199	  0.815
	  0.062	  0.959	 -0.276
	 -0.837	  0.201	  0.509

4 	  39.32	   4.55	  -6.06
	  0.450	  0.772	 -0.449
	 -0.636	  0.629	  0.446
	  0.627	  0.084	  0.774

5 	  43.89	   9.44	   3.53
	  0.643	  0.321	  0.695
	 -0.200	 -0.806	  0.557
	  0.739	 -0.497	 -0.455

6 	  54.40	  11.79	   7.33
	  0.865	  0.086	  0.495
	 -0.179	  0.973	  0.143
	 -0.469	 -0.213	  0.857

7 	  39.60	  -6.49	  -5.73
	  0.565	 -0.534	 -0.629
	  0.535	  0.818	 -0.213
	  0.628	 -0.216	  0.748

8 	  48.39	 -10.78	  -6.13
	  0.838	 -0.156	 -0.522
	 -0.522	 -0.503	 -0.688
	 -0.155	  0.850	 -0.504

9 	  55.86	  -9.88	 -14.87
	  0.889	  0.039	 -0.456
	 -0.048	  0.999	 -0.008
	  0.454	  0.029	  0.890

2 	  32.71	  -6.80	  22.94
	  0.505	  0.859	 -0.080
	 -0.863	  0.505	 -0.017
	  0.026	  0.078	  0.996

3 	  47.18	  -0.83	  -0.16
	  0.550	  0.195	  0.812
	  0.057	  0.961	 -0.270
	 -0.833	  0.195	  0.517

4 	  39.34	   4.61	  -6.05
	  0.449	  0.774	 -0.445
	 -0.635	  0.627	  0.451
	  0.628	  0.079	  0.774

5 	  43.91	   9.42	   3.52
	  0.647	  0.320	  0.691
	 -0.198	 -0.806	  0.558
	  0.736	 -0.498	 -0.458

6 	  54.47	  11.76	   7.22
	  0.869	  0.086	  0.487
	 -0.169	  0.977	  0.127
	 -0.465	 -0.193	  0.864

7 	  39.55	  -6.35	  -5.84
	  0.545	 -0.521	 -0.657
	  0.524	  0.823	 -0.218
	  0.654	 -0.225	  0.722

8 	  48.11	 -10.72	  -7.08
	  0.789	 -0.159	 -0.594
	 -0.584	 -0.493	 -0.644
	 -0.190	  0.855	 -0.482

9 	  54.72	  -9.77	 -16.54
	  0.838	  0.035	 -0.544
	 -0.048	  0.999	 -0.009
	  0.543	  0.033	  0.839

2 	  32.73	  -6.80	  22.96
	  0.505	  0.859	 -0.080
	 -0.863	  0.505	 -0.018
	  0.025	  0.078	  0.996

3 	  47.30	  -0.79	  -0.23
	  0.554	  0.186	  0.811
	  0.053	  0.965	 -0.257
	 -0.830	  0.186	  0.525

4 	  39.34	   4.62	  -6.06
	  0.449	  0.775	 -0.445
	 -0.634	  0.627	  0.452
	  0.629	  0.079	  0.773

5 	  43.96	   9.46	   3.48
	  0.649	  0.323	  0.688
	 -0.190	 -0.807	  0.559
	  0.736	 -0.494	 -0.463

6 	  54.51	  11.79	   7.19
	  0.870	  0.089	  0.485
	 -0.170	  0.977	  0.125
	 -0.463	 -0.192	  0.865

7 	  39.50	  -6.17	  -5.96
	  0.523	 -0.513	 -0.681
	  0.520	  0.825	 -0.222
	  0.675	 -0.238	  0.698

8 	  47.69	 -10.58	  -8.09
	  0.730	 -0.158	 -0.665
	 -0.645	 -0.483	 -0.593
	 -0.227	  0.861	 -0.454

9 	  53.44	  -9.35	 -18.19
	  0.769	  0.048	 -0.638
	 -0.067	  0.998	 -0.005
	  0.636	  0.047	  0.770

2 	  32.71	  -6.80	  22.94
	  0.505	  0.859	 -0.080
	 -0.863	  0.505	 -0.017
	  0.025	  0.078	  0.996

3 	  47.36	  -0.76	  -0.33
	  0.560	  0.166	  0.812
	  0.054	  0.970	 -0.236
	 -0.827	  0.176	  0.534

4 	  39.36	   4.62	  -6.08
	  0.446	  0.776	 -0.447
	 -0.635	  0.625	  0.454
	  0.631	  0.081	  0.771

5 	  43.98	   9.47	   3.45
	  0.650	  0.327	  0.686
	 -0.184	 -0.808	  0.559
	  0.737	 -0.490	 -0.465

6 	  54.51	  11.83	   7.15
	  0.870	  0.092	  0.484
	 -0.172	  0.977	  0.122
	 -0.462	 -0.190	  0.866

7 	  39.34	  -5.94	  -6.03
	  0.494	 -0.514	 -0.701
	  0.522	  0.820	 -0.234
	  0.695	 -0.250	  0.674

8 	  47.06	 -10.41	  -8.98
	  0.666	 -0.154	 -0.730
	 -0.703	 -0.459	 -0.544
	 -0.252	  0.875	 -0.413

9 	  51.63	  -9.32	 -20.14
	  0.675	  0.061	 -0.735
	 -0.078	  0.997	  0.012
	  0.733	  0.049	  0.678

2 	  32.71	  -6.80	  22.94
	  0.505	  0.859	 -0.080
	 -0.863	  0.505	 -0.017
	  0.025	  0.078	  0.996

3 	  47.36	  -0.69	  -0.49
	  0.573	  0.140	  0.808
	  0.061	  0.975	 -0.213
	 -0.818	  0.171	  0.549

4 	  39.34	   4.68	  -6.10
	  0.441	  0.778	 -0.448
	 -0.632	  0.623	  0.460
	  0.638	  0.080	  0.766

5 	  44.05	   9.53	   3.39
	  0.656	  0.327	  0.680
	 -0.180	 -0.808	  0.562
	  0.733	 -0.491	 -0.471

6 	  54.62	  11.94	   6.96
	  0.874	  0.095	  0.475
	 -0.170	  0.978	  0.116
	 -0.454	 -0.183	  0.872

7 	  39.04	  -5.68	  -6.06
	  0.450	 -0.524	 -0.723
	  0.527	  0.809	 -0.258
	  0.720	 -0.265	  0.641

8 	  46.32	 -10.42	  -9.65
	  0.603	 -0.174	 -0.779
	 -0.754	 -0.444	 -0.484
	 -0.262	  0.879	 -0.399

9 	  50.10	  -9.07	 -21.09
	  0.599	  0.069	 -0.798
	 -0.087	  0.996	  0.021
	  0.796	  0.057	  0.603

2 	  32.71	  -6.80	  22.94
	  0.505	  0.859	 -0.080
	 -0.863	  0.505	 -0.017
	  0.025	  0.077	  0.996

3 	  47.27	  -0.63	  -0.63
	  0.586	  0.111	  0.803
	  0.070	  0.980	 -0.187
	 -0.807	  0.166	  0.566

4 	  39.23	   4.76	  -6.06
	  0.437	  0.781	 -0.446
	 -0.631	  0.619	  0.468
	  0.641	  0.076	  0.763

5 	  44.07	   9.56	   3.36
	  0.665	  0.324	  0.673
	 -0.174	 -0.809	  0.561
	  0.726	 -0.490	 -0.482

6 	  54.65	  11.94	   6.89
	  0.876	  0.096	  0.472
	 -0.170	  0.979	  0.116
	 -0.452	 -0.182	  0.873

7 	  38.83	  -5.55	  -6.12
	  0.410	 -0.542	 -0.734
	  0.534	  0.795	 -0.288
	  0.739	 -0.274	  0.616

8 	  45.60	 -10.53	 -10.18
	  0.539	 -0.199	 -0.819
	 -0.804	 -0.411	 -0.429
	 -0.251	  0.889	 -0.382

9 	  48.48	  -9.21	 -22.10
	  0.521	  0.065	 -0.851
	 -0.039	  0.998	  0.053
	  0.853	  0.005	  0.522

2 	  32.71	  -6.80	  22.94
	  0.505	  0.859	 -0.080
	 -0.863	  0.505	 -0.017
	  0.025	  0.078	  0.996

3 	  47.21	  -0.56	  -0.77
	  0.601	  0.085	  0.795
	  0.076	  0.984	 -0.163
	 -0.796	  0.158	  0.584

4 	  39.11	   4.87	  -6.08
	  0.438	  0.782	 -0.444
	 -0.629	  0.619	  0.470
	  0.642	  0.073	  0.763

5 	  44.05	   9.60	   3.38
	  0.672	  0.317	  0.668
	 -0.172	 -0.812	  0.558
	  0.720	 -0.491	 -0.491

6 	  54.63	  11.88	   6.82
	  0.878	  0.093	  0.469
	 -0.168	  0.978	  0.120
	 -0.448	 -0.184	  0.875

7 	  38.57	  -5.41	  -6.19
	  0.384	 -0.545	 -0.745
	  0.525	  0.793	 -0.309
	  0.759	 -0.272	  0.591

8 	  45.05	 -10.49	 -10.65
	  0.491	 -0.202	 -0.847
	 -0.831	 -0.398	 -0.387
	 -0.259	  0.895	 -0.364

9 	  47.43	  -9.26	 -22.66
	  0.475	  0.051	 -0.879
	 -0.034	  0.998	  0.040
	  0.879	  0.011	  0.476

2 	  32.71	  -6.80	  22.94
	  0.505	  0.859	 -0.080
	 -0.863	  0.505	 -0.017
	  0.025	  0.078	  0.996

3 	  47.09	  -0.58	  -0.91
	  0.613	  0.069	  0.787
	  0.083	  0.985	 -0.152
	 -0.786	  0.158	  0.598

4 	  38.85	   4.82	  -6.01
	  0.425	  0.784	 -0.452
	 -0.623	  0.615	  0.482
	  0.656	  0.077	  0.750

5 	  43.95	   9.60	   3.38
	  0.687	  0.326	  0.649
	 -0.145	 -0.814	  0.562
	  0.712	 -0.481	 -0.512

6 	  54.62	  11.95	   6.50
	  0.888	  0.093	  0.449
	 -0.168	  0.977	  0.127
	 -0.427	 -0.189	  0.884

7 	  38.34	  -5.34	  -6.19
	  0.362	 -0.550	 -0.753
	  0.519	  0.790	 -0.327
	  0.774	 -0.272	  0.571

8 	  44.51	 -10.58	 -10.97
	  0.450	 -0.208	 -0.869
	 -0.857	 -0.373	 -0.355
	 -0.250	  0.904	 -0.346

9 	  46.41	  -9.33	 -23.08
	  0.433	  0.043	 -0.900
	 -0.009	  0.999	  0.044
	  0.901	 -0.012	  0.433

2 	  32.71	  -6.80	  22.94
	  0.505	  0.859	 -0.080
	 -0.863	  0.505	 -0.018
	  0.025	  0.078	  0.996

3 	  47.00	  -0.58	  -0.98
	  0.620	  0.060	  0.782
	  0.089	  0.985	 -0.147
	 -0.779	  0.161	  0.605

4 	  38.78	   4.73	  -6.01
	  0.420	  0.781	 -0.462
	 -0.616	  0.619	  0.487
	  0.667	  0.080	  0.741

5 	  44.00	   9.56	   3.27
	  0.696	  0.332	  0.636
	 -0.135	 -0.811	  0.570
	  0.705	 -0.482	 -0.520

6 	  54.65	  11.97	   6.22
	  0.896	  0.094	  0.433
	 -0.166	  0.978	  0.128
	 -0.412	 -0.187	  0.892

7 	  38.20	  -5.34	  -6.22
	  0.344	 -0.558	 -0.756
	  0.515	  0.785	 -0.345
	  0.785	 -0.271	  0.557

8 	  44.02	 -10.69	 -11.23
	  0.409	 -0.221	 -0.885
	 -0.879	 -0.353	 -0.319
	 -0.242	  0.909	 -0.339

9 	  45.54	  -9.56	 -23.45
	  0.396	  0.024	 -0.918
	  0.012	  0.999	  0.031
	  0.918	 -0.023	  0.396

2 	  32.71	  -6.80	  22.94
	  0.505	  0.859	 -0.080
	 -0.863	  0.505	 -0.018
	  0.025	  0.078	  0.996

3 	  46.99	  -0.65	  -1.11
	  0.627	  0.045	  0.777
	  0.100	  0.985	 -0.138
	 -0.772	  0.165	  0.614

4 	  38.78	   4.71	  -6.03
	  0.420	  0.780	 -0.464
	 -0.614	  0.621	  0.488
	  0.668	  0.080	  0.739

5 	  43.98	   9.54	   3.25
	  0.695	  0.333	  0.637
	 -0.135	 -0.810	  0.570
	  0.706	 -0.482	 -0.518

6 	  54.63	  11.97	   6.13
	  0.896	  0.097	  0.432
	 -0.167	  0.978	  0.126
	 -0.411	 -0.185	  0.893

7 	  38.09	  -5.24	  -6.29
	  0.323	 -0.562	 -0.761
	  0.518	  0.778	 -0.354
	  0.791	 -0.280	  0.543

8 	  43.61	 -10.69	 -11.51
	  0.371	 -0.231	 -0.899
	 -0.902	 -0.321	 -0.290
	 -0.222	  0.918	 -0.328

9 	  44.77	  -9.95	 -23.66
	  0.365	 -0.006	 -0.931
	  0.029	  0.999	  0.005
	  0.930	 -0.029	  0.365

2 	  32.73	  -6.80	  22.96
	  0.505	  0.859	 -0.080
	 -0.863	  0.505	 -0.017
	  0.025	  0.078	  0.996

3 	  47.00	  -0.72	  -1.18
	  0.630	  0.028	  0.775
	  0.110	  0.986	 -0.125
	 -0.768	  0.165	  0.618

4 	  38.79	   4.73	  -6.03
	  0.422	  0.782	 -0.459
	 -0.612	  0.619	  0.492
	  0.669	  0.073	  0.740

5 	  43.96	   9.54	   3.27
	  0.690	  0.332	  0.642
	 -0.136	 -0.812	  0.567
	  0.710	 -0.479	 -0.516

6 	  54.63	  12.01	   6.29
	  0.891	  0.100	  0.443
	 -0.172	  0.977	  0.124
	 -0.420	 -0.187	  0.888

7 	  38.04	  -5.17	  -6.36
	  0.307	 -0.564	 -0.767
	  0.520	  0.774	 -0.361
	  0.797	 -0.288	  0.531

8 	  43.24	 -10.79	 -11.72
	  0.337	 -0.242	 -0.910
	 -0.920	 -0.290	 -0.263
	 -0.200	  0.926	 -0.321

9 	  43.98	 -10.14	 -24.01
	  0.325	 -0.022	 -0.945
	  0.031	  0.999	 -0.013
	  0.945	 -0.025	  0.326

2 	  32.73	  -6.80	  22.96
	  0.505	  0.859	 -0.080
	 -0.863	  0.505	 -0.017
	  0.025	  0.078	  0.996

3 	  47.00	  -0.74	  -1.25
	  0.634	  0.007	  0.773
	  0.119	  0.987	 -0.107
	 -0.764	  0.160	  0.625

4 	  38.85	   4.78	  -5.99
	  0.423	  0.785	 -0.453
	 -0.609	  0.616	  0.500
	  0.671	  0.064	  0.738

5 	  43.96	   9.51	   3.30
	  0.688	  0.330	  0.646
	 -0.138	 -0.815	  0.562
	  0.712	 -0.476	 -0.516

6 	  54.54	  12.06	   6.43
	  0.885	  0.107	  0.453
	 -0.184	  0.974	  0.128
	 -0.428	 -0.196	  0.882

7 	  37.95	  -5.03	  -6.45
	  0.291	 -0.558	 -0.777
	  0.521	  0.773	 -0.360
	  0.802	 -0.300	  0.516

8 	  43.00	 -10.69	 -12.01
	  0.309	 -0.237	 -0.921
	 -0.928	 -0.284	 -0.239
	 -0.205	  0.929	 -0.308

9 	  43.37	 -10.27	 -24.22
	  0.299	 -0.046	 -0.953
	  0.000	  0.999	 -0.048
	  0.954	  0.014	  0.299

2 	  32.73	  -6.80	  22.96
	  0.505	  0.859	 -0.080
	 -0.863	  0.505	 -0.017
	  0.025	  0.078	  0.996

3 	  47.02	  -0.74	  -1.32
	  0.639	 -0.006	  0.769
	  0.123	  0.988	 -0.095
	 -0.760	  0.155	  0.631

4 	  38.76	   4.83	  -5.91
	  0.408	  0.791	 -0.455
	 -0.598	  0.608	  0.522
	  0.689	  0.058	  0.722

5 	  44.07	   9.47	   3.29
	  0.702	  0.326	  0.633
	 -0.116	 -0.824	  0.554
	  0.703	 -0.463	 -0.541

6 	  54.76	  12.16	   6.08
	  0.900	  0.106	  0.423
	 -0.186	  0.970	  0.152
	 -0.395	 -0.216	  0.893

7 	  37.85	  -4.89	  -6.50
	  0.280	 -0.553	 -0.785
	  0.527	  0.771	 -0.356
	  0.802	 -0.314	  0.508

8 	  42.64	 -10.67	 -12.20
	  0.292	 -0.237	 -0.927
	 -0.940	 -0.251	 -0.232
	 -0.178	  0.938	 -0.296

9 	  43.00	 -10.23	 -24.43
	  0.290	 -0.051	 -0.955
	  0.021	  0.998	 -0.047
	  0.956	 -0.007	  0.291

2 	  32.73	  -6.80	  22.94
	  0.505	  0.859	 -0.080
	 -0.863	  0.505	 -0.017
	  0.026	  0.078	  0.996

3 	  46.99	  -0.72	  -1.44
	  0.645	 -0.016	  0.764
	  0.129	  0.987	 -0.089
	 -0.753	  0.156	  0.638

4 	  38.69	   4.87	  -5.91
	  0.407	  0.787	 -0.463
	 -0.586	  0.614	  0.529
	  0.700	  0.056	  0.711

5 	  44.21	   9.49	   3.15
	  0.718	  0.332	  0.611
	 -0.097	 -0.822	  0.561
	  0.689	 -0.462	 -0.558

6 	  55.00	  12.04	   5.47
	  0.918	  0.100	  0.384
	 -0.171	  0.973	  0.154
	 -0.359	 -0.207	  0.910

7 	  37.76	  -4.76	  -6.54
	  0.270	 -0.554	 -0.788
	  0.535	  0.766	 -0.355
	  0.800	 -0.326	  0.503

8 	  42.43	 -10.63	 -12.25
	  0.282	 -0.242	 -0.928
	 -0.946	 -0.231	 -0.227
	 -0.159	  0.942	 -0.294

9 	  42.75	 -10.28	 -24.47
	  0.286	 -0.063	 -0.956
	  0.039	  0.998	 -0.054
	  0.957	 -0.022	  0.288

2 	  32.73	  -6.80	  22.96
	  0.505	  0.859	 -0.080
	 -0.863	  0.505	 -0.018
	  0.025	  0.078	  0.996

3 	  46.97	  -0.72	  -1.48
	  0.647	 -0.021	  0.762
	  0.135	  0.987	 -0.088
	 -0.750	  0.159	  0.641

4 	  38.69	   4.85	  -5.94
	  0.407	  0.785	 -0.467
	 -0.581	  0.617	  0.531
	  0.705	  0.054	  0.707

5 	  44.28	   9.54	   3.06
	  0.723	  0.341	  0.600
	 -0.081	 -0.822	  0.564
	  0.686	 -0.457	 -0.567

6 	  55.07	  12.11	   5.24
	  0.922	  0.101	  0.372
	 -0.169	  0.973	  0.154
	 -0.347	 -0.205	  0.915

7 	  37.74	  -4.71	  -6.59
	  0.260	 -0.555	 -0.790
	  0.538	  0.763	 -0.359
	  0.802	 -0.331	  0.497

8 	  42.22	 -10.71	 -12.34
	  0.264	 -0.249	 -0.932
	 -0.954	 -0.208	 -0.215
	 -0.140	  0.946	 -0.292

9 	  42.31	 -10.42	 -24.54
	  0.271	 -0.075	 -0.960
	  0.051	  0.996	 -0.064
	  0.961	 -0.032	  0.274

2 	  32.73	  -6.80	  22.96
	  0.505	  0.859	 -0.080
	 -0.863	  0.505	 -0.018
	  0.025	  0.078	  0.996

3 	  46.99	  -0.74	  -1.49
	  0.648	 -0.025	  0.761
	  0.139	  0.986	 -0.086
	 -0.748	  0.161	  0.643

4 	  38.69	   4.87	  -5.94
	  0.408	  0.784	 -0.468
	 -0.578	  0.619	  0.532
	  0.707	  0.052	  0.705

5 	  44.30	   9.54	   3.04
	  0.722	  0.342	  0.601
	 -0.079	 -0.822	  0.563
	  0.687	 -0.455	 -0.567

6 	  55.07	  12.13	   5.20
	  0.923	  0.103	  0.370
	 -0.170	  0.973	  0.153
	 -0.345	 -0.205	  0.916

7 	  37.67	  -4.64	  -6.59
	  0.253	 -0.557	 -0.791
	  0.539	  0.760	 -0.362
	  0.803	 -0.335	  0.493

8 	  42.01	 -10.71	 -12.41
	  0.251	 -0.251	 -0.935
	 -0.959	 -0.194	 -0.206
	 -0.130	  0.948	 -0.290

9 	  42.05	 -10.48	 -24.59
	  0.260	 -0.081	 -0.962
	  0.051	  0.996	 -0.070
	  0.964	 -0.031	  0.263

2 	  32.73	  -6.80	  22.96
	  0.505	  0.859	 -0.080
	 -0.863	  0.505	 -0.017
	  0.025	  0.078	  0.996

3 	  46.95	  -0.77	  -1.55
	  0.652	 -0.034	  0.757
	  0.148	  0.985	 -0.084
	 -0.743	  0.167	  0.647

4 	  38.67	   4.94	  -5.94
	  0.413	  0.783	 -0.465
	 -0.569	  0.620	  0.539
	  0.711	  0.042	  0.702

5 	  44.30	   9.53	   3.04
	  0.722	  0.341	  0.601
	 -0.079	 -0.823	  0.562
	  0.687	 -0.454	 -0.568

6 	  55.09	  12.15	   5.17
	  0.923	  0.102	  0.369
	 -0.170	  0.973	  0.155
	 -0.344	 -0.206	  0.916

7 	  37.62	  -4.55	  -6.63
	  0.246	 -0.556	 -0.794
	  0.545	  0.756	 -0.362
	  0.802	 -0.344	  0.489

8 	  41.89	 -10.65	 -12.46
	  0.249	 -0.249	 -0.936
	 -0.962	 -0.174	 -0.210
	 -0.111	  0.953	 -0.283

9 	  41.87	 -10.49	 -24.71
	  0.262	 -0.101	 -0.959
	  0.086	  0.993	 -0.081
	  0.961	 -0.061	  0.269

2 	  32.73	  -6.80	  22.96
	  0.505	  0.859	 -0.080
	 -0.863	  0.505	 -0.017
	  0.025	  0.078	  0.996

3 	  46.95	  -0.72	  -1.58
	  0.655	 -0.040	  0.754
	  0.153	  0.985	 -0.080
	 -0.740	  0.168	  0.651

4 	  38.69	   5.03	  -5.92
	  0.415	  0.783	 -0.463
	 -0.564	  0.620	  0.545
	  0.714	  0.034	  0.699

5 	  44.35	   9.56	   3.08
	  0.728	  0.333	  0.599
	 -0.081	 -0.826	  0.558
	  0.681	 -0.455	 -0.574

6 	  55.11	  12.16	   5.12
	  0.927	  0.100	  0.362
	 -0.168	  0.973	  0.159
	 -0.336	 -0.209	  0.918

7 	  37.58	  -4.41	  -6.64
	  0.243	 -0.555	 -0.796
	  0.546	  0.756	 -0.360
	  0.801	 -0.348	  0.487

8 	  41.73	 -10.56	 -12.50
	  0.243	 -0.249	 -0.938
	 -0.965	 -0.157	 -0.208
	 -0.095	  0.956	 -0.278

9 	  41.78	 -10.51	 -24.63
	  0.266	 -0.125	 -0.956
	  0.112	  0.989	 -0.098
	  0.957	 -0.082	  0.277

2 	  32.73	  -6.80	  22.96
	  0.505	  0.859	 -0.080
	 -0.863	  0.505	 -0.017
	  0.026	  0.078	  0.996

3 	  46.92	  -0.69	  -1.63
	  0.657	 -0.045	  0.752
	  0.155	  0.985	 -0.078
	 -0.737	  0.168	  0.654

4 	  38.67	   5.08	  -5.92
	  0.413	  0.784	 -0.462
	 -0.562	  0.619	  0.549
	  0.716	  0.032	  0.697

5 	  44.35	   9.58	   3.08
	  0.733	  0.316	  0.602
	 -0.094	 -0.830	  0.550
	  0.673	 -0.460	 -0.579

6 	  55.23	  12.09	   4.89
	  0.936	  0.088	  0.340
	 -0.154	  0.973	  0.169
	 -0.316	 -0.211	  0.925

7 	  37.56	  -4.32	  -6.68
	  0.239	 -0.554	 -0.797
	  0.546	  0.756	 -0.362
	  0.803	 -0.349	  0.483

8 	  41.57	 -10.55	 -12.64
	  0.224	 -0.255	 -0.941
	 -0.971	 -0.135	 -0.195
	 -0.078	  0.958	 -0.277

9 	  41.43	 -10.65	 -24.71
	  0.248	 -0.144	 -0.958
	  0.124	  0.985	 -0.116
	  0.961	 -0.090	  0.262

2 	  32.73	  -6.80	  22.96
	  0.505	  0.859	 -0.080
	 -0.863	  0.505	 -0.018
	  0.025	  0.078	  0.996

3 	  46.92	  -0.63	  -1.65
	  0.659	 -0.048	  0.750
	  0.155	  0.985	 -0.074
	 -0.735	  0.165	  0.657

4 	  38.62	   5.13	  -5.92
	  0.407	  0.788	 -0.461
	 -0.561	  0.614	  0.555
	  0.721	  0.031	  0.692

5 	  44.33	   9.63	   3.06
	  0.733	  0.311	  0.604
	 -0.099	 -0.831	  0.547
	  0.672	 -0.462	 -0.579

6 	  55.21	  12.06	   4.87
	  0.937	  0.087	  0.337
	 -0.152	  0.973	  0.171
	 -0.313	 -0.212	  0.926

7 	  37.51	  -4.20	  -6.70
	  0.230	 -0.557	 -0.798
	  0.547	  0.752	 -0.368
	  0.805	 -0.352	  0.478

8 	  41.36	 -10.58	 -12.62
	  0.209	 -0.266	 -0.941
	 -0.975	 -0.126	 -0.181
	 -0.070	  0.956	 -0.286

9 	  41.04	 -10.86	 -24.64
	  0.229	 -0.161	 -0.960
	  0.117	  0.983	 -0.137
	  0.966	 -0.082	  0.244

2 	  32.71	  -6.80	  22.94
	  0.505	  0.859	 -0.080
	 -0.863	  0.505	 -0.018
	  0.025	  0.078	  0.996

3 	  46.90	  -0.60	  -1.69
	  0.661	 -0.051	  0.748
	  0.154	  0.985	 -0.070
	 -0.734	  0.162	  0.660

4 	  38.58	   5.17	  -5.91
	  0.402	  0.790	 -0.462
	 -0.560	  0.611	  0.559
	  0.724	  0.033	  0.688

5 	  44.26	   9.63	   3.09
	  0.730	  0.307	  0.610
	 -0.104	 -0.833	  0.543
	  0.675	 -0.460	 -0.576

6 	  55.16	  12.08	   4.82
	  0.941	  0.083	  0.328
	 -0.149	  0.972	  0.181
	 -0.303	 -0.220	  0.927

7 	  37.48	  -4.22	  -6.68
	  0.225	 -0.558	 -0.798
	  0.544	  0.752	 -0.372
	  0.808	 -0.351	  0.473

8 	  41.29	 -10.63	 -12.64
	  0.198	 -0.270	 -0.942
	 -0.977	 -0.132	 -0.168
	 -0.079	  0.954	 -0.290

9 	  40.78	 -10.97	 -24.70
	  0.209	 -0.163	 -0.964
	  0.091	  0.985	 -0.147
	  0.973	 -0.057	  0.221

2 	  32.73	  -6.80	  22.96
	  0.505	  0.859	 -0.080
	 -0.863	  0.505	 -0.018
	  0.025	  0.078	  0.996

3 	  46.88	  -0.58	  -1.71
	  0.663	 -0.051	  0.747
	  0.152	  0.986	 -0.067
	 -0.733	  0.158	  0.661

4 	  38.50	   5.13	  -5.89
	  0.397	  0.791	 -0.464
	 -0.560	  0.610	  0.561
	  0.727	  0.036	  0.685

5 	  44.21	   9.65	   3.08
	  0.729	  0.308	  0.611
	 -0.103	 -0.834	  0.542
	  0.676	 -0.458	 -0.577

6 	  55.16	  12.04	   4.76
	  0.943	  0.082	  0.321
	 -0.147	  0.972	  0.184
	 -0.297	 -0.221	  0.929

7 	  37.42	  -4.24	  -6.68
	  0.222	 -0.558	 -0.799
	  0.542	  0.752	 -0.375
	  0.810	 -0.350	  0.470

8 	  41.22	 -10.63	 -12.66
	  0.193	 -0.269	 -0.943
	 -0.978	 -0.133	 -0.163
	 -0.082	  0.954	 -0.288

9 	  40.68	 -10.95	 -24.71
	  0.203	 -0.160	 -0.966
	  0.082	  0.986	 -0.146
	  0.975	 -0.050	  0.213

2 	  32.71	  -6.80	  22.94
	  0.504	  0.859	 -0.080
	 -0.863	  0.505	 -0.017
	  0.026	  0.078	  0.996

3 	  46.81	  -0.58	  -1.71
	  0.662	 -0.053	  0.747
	  0.150	  0.986	 -0.064
	 -0.734	  0.154	  0.661

4 	  38.44	   5.13	  -5.89
	  0.395	  0.793	 -0.463
	 -0.559	  0.608	  0.564
	  0.729	  0.035	  0.684

5 	  44.12	   9.62	   3.13
	  0.729	  0.300	  0.615
	 -0.111	 -0.835	  0.538
	  0.675	 -0.460	 -0.576

6 	  55.11	  11.99	   4.76
	  0.945	  0.078	  0.317
	 -0.143	  0.972	  0.185
	 -0.294	 -0.221	  0.930

7 	  37.35	  -4.22	  -6.70
	  0.216	 -0.557	 -0.802
	  0.542	  0.751	 -0.375
	  0.812	 -0.354	  0.464

8 	  41.13	 -10.58	 -12.69
	  0.189	 -0.268	 -0.945
	 -0.979	 -0.130	 -0.159
	 -0.081	  0.954	 -0.286

9 	  40.57	 -10.95	 -24.75
	  0.198	 -0.160	 -0.967
	  0.080	  0.986	 -0.146
	  0.977	 -0.048	  0.209

2 	  32.73	  -6.80	  22.94
	  0.504	  0.859	 -0.081
	 -0.863	  0.505	 -0.017
	  0.026	  0.078	  0.996

3 	  46.81	  -0.60	  -1.76
	  0.662	 -0.057	  0.747
	  0.152	  0.986	 -0.060
	 -0.734	  0.153	  0.662

4 	  38.44	   5.15	  -5.89
	  0.396	  0.794	 -0.461
	 -0.558	  0.607	  0.566
	  0.729	  0.032	  0.684

5 	  44.12	   9.58	   3.16
	  0.729	  0.286	  0.621
	 -0.126	 -0.837	  0.532
	  0.672	 -0.467	 -0.575

6 	  55.11	  11.79	   4.76
	  0.947	  0.067	  0.313
	 -0.132	  0.973	  0.189
	 -0.292	 -0.220	  0.931

7 	  37.32	  -4.17	  -6.71
	  0.211	 -0.556	 -0.804
	  0.549	  0.748	 -0.373
	  0.808	 -0.363	  0.464

8 	  40.99	 -10.62	 -12.71
	  0.184	 -0.272	 -0.945
	 -0.981	 -0.114	 -0.158
	 -0.064	  0.956	 -0.287

9 	  40.45	 -10.97	 -24.77
	  0.195	 -0.163	 -0.967
	  0.086	  0.985	 -0.148
	  0.977	 -0.055	  0.206

2 	  32.73	  -6.80	  22.94
	  0.504	  0.859	 -0.080
	 -0.863	  0.505	 -0.017
	  0.026	  0.078	  0.996

3 	  46.81	  -0.63	  -1.78
	  0.661	 -0.062	  0.747
	  0.156	  0.986	 -0.057
	 -0.734	  0.154	  0.661

4 	  38.50	   5.19	  -5.87
	  0.401	  0.793	 -0.458
	 -0.555	  0.608	  0.567
	  0.729	  0.027	  0.684

5 	  44.16	   9.56	   3.18
	  0.730	  0.283	  0.622
	 -0.129	 -0.836	  0.533
	  0.671	 -0.469	 -0.574

6 	  55.14	  11.71	   4.73
	  0.948	  0.060	  0.311
	 -0.123	  0.974	  0.187
	 -0.292	 -0.216	  0.931

7 	  37.34	  -4.13	  -6.75
	  0.207	 -0.558	 -0.803
	  0.556	  0.743	 -0.373
	  0.805	 -0.370	  0.464

8 	  40.92	 -10.67	 -12.74
	  0.180	 -0.277	 -0.944
	 -0.982	 -0.102	 -0.157
	 -0.053	  0.955	 -0.290

9 	  40.38	 -11.04	 -24.79
	  0.192	 -0.169	 -0.967
	  0.094	  0.984	 -0.153
	  0.977	 -0.062	  0.205

2 	  32.71	  -6.80	  22.94
	  0.505	  0.859	 -0.080
	 -0.863	  0.505	 -0.017
	  0.026	  0.078	  0.996

3 	  46.81	  -0.65	  -1.81
	  0.657	 -0.067	  0.751
	  0.161	  0.985	 -0.053
	 -0.737	  0.155	  0.658

4 	  38.55	   5.20	  -5.89
	  0.404	  0.791	 -0.459
	 -0.554	  0.611	  0.566
	  0.728	  0.025	  0.685

5 	  44.23	   9.56	   3.20
	  0.729	  0.281	  0.623
	 -0.133	 -0.836	  0.532
	  0.671	 -0.471	 -0.572

6 	  55.18	  11.65	   4.78
	  0.948	  0.056	  0.313
	 -0.120	  0.975	  0.186
	 -0.295	 -0.214	  0.931

7 	  37.37	  -4.11	  -6.77
	  0.209	 -0.561	 -0.801
	  0.563	  0.739	 -0.370
	  0.799	 -0.374	  0.470

8 	  40.94	 -10.67	 -12.73
	  0.182	 -0.278	 -0.943
	 -0.982	 -0.102	 -0.159
	 -0.052	  0.955	 -0.292

9 	  40.38	 -11.11	 -24.77
	  0.191	 -0.174	 -0.966
	  0.093	  0.983	 -0.158
	  0.977	 -0.060	  0.204

2 	  32.71	  -6.80	  22.94
	  0.505	  0.859	 -0.080
	 -0.863	  0.505	 -0.017
	  0.026	  0.078	  0.996

3 	  46.85	  -0.65	  -1.81
	  0.650	 -0.071	  0.756
	  0.163	  0.985	 -0.048
	 -0.742	  0.154	  0.652

4 	  38.60	   5.22	  -5.91
	  0.406	  0.790	 -0.459
	 -0.554	  0.612	  0.564
	  0.726	  0.025	  0.687

5 	  44.23	   9.54	   3.20
	  0.728	  0.281	  0.625
	 -0.134	 -0.836	  0.531
	  0.672	 -0.470	 -0.572

6 	  55.20	  11.58	   4.87
	  0.946	  0.053	  0.320
	 -0.118	  0.975	  0.186
	 -0.302	 -0.214	  0.929

7 	  37.42	  -4.13	  -6.80
	  0.215	 -0.562	 -0.798
	  0.572	  0.735	 -0.364
	  0.792	 -0.378	  0.479

8 	  41.15	 -10.76	 -12.66
	  0.199	 -0.286	 -0.937
	 -0.979	 -0.103	 -0.176
	 -0.046	  0.952	 -0.301

9 	  40.78	 -11.34	 -24.64
	  0.205	 -0.185	 -0.961
	  0.082	  0.982	 -0.172
	  0.975	 -0.044	  0.217

2 	  32.71	  -6.80	  22.94
	  0.505	  0.859	 -0.080
	 -0.863	  0.505	 -0.017
	  0.026	  0.078	  0.996

3 	  46.83	  -0.67	  -1.74
	  0.641	 -0.074	  0.763
	  0.165	  0.985	 -0.043
	 -0.749	  0.153	  0.644

4 	  38.67	   5.33	  -5.84
	  0.415	  0.796	 -0.441
	 -0.564	  0.605	  0.561
	  0.714	  0.016	  0.700

5 	  44.19	   9.56	   3.32
	  0.719	  0.274	  0.639
	 -0.146	 -0.840	  0.523
	  0.680	 -0.469	 -0.564

6 	  55.05	  11.57	   5.62
	  0.930	  0.053	  0.364
	 -0.130	  0.973	  0.189
	 -0.345	 -0.223	  0.912

7 	  37.42	  -4.08	  -6.82
	  0.230	 -0.575	 -0.785
	  0.591	  0.723	 -0.356
	  0.773	 -0.382	  0.507

8 	  41.59	 -11.04	 -12.08
	  0.263	 -0.341	 -0.902
	 -0.964	 -0.137	 -0.230
	 -0.045	  0.930	 -0.364

9 	  42.08	 -12.04	 -24.01
	  0.271	 -0.205	 -0.940
	  0.074	  0.978	 -0.192
	  0.959	 -0.018	  0.281

2 	  32.71	  -6.80	  22.94
	  0.505	  0.859	 -0.080
	 -0.863	  0.505	 -0.017
	  0.026	  0.077	  0.996

3 	  46.78	  -0.60	  -1.63
	  0.634	 -0.073	  0.770
	  0.167	  0.985	 -0.045
	 -0.755	  0.157	  0.636

4 	  38.69	   5.59	  -5.78
	  0.425	  0.805	 -0.413
	 -0.577	  0.593	  0.562
	  0.698	 -0.001	  0.716

5 	  43.93	   9.65	   3.69
	  0.689	  0.257	  0.678
	 -0.176	 -0.848	  0.500
	  0.703	 -0.464	 -0.539

6 	  54.56	  11.58	   7.05
	  0.890	  0.053	  0.453
	 -0.152	  0.971	  0.185
	 -0.430	 -0.234	  0.872

7 	  37.44	  -4.04	  -6.77
	  0.253	 -0.608	 -0.753
	  0.636	  0.691	 -0.344
	  0.729	 -0.392	  0.561

8 	  42.33	 -11.53	 -10.85
	  0.368	 -0.423	 -0.828
	 -0.930	 -0.179	 -0.322
	 -0.012	  0.888	 -0.460

9 	  44.07	 -13.03	 -22.73
	  0.377	 -0.214	 -0.901
	  0.073	  0.977	 -0.201
	  0.923	  0.009	  0.384

2 	  32.71	  -6.80	  22.94
	  0.505	  0.859	 -0.080
	 -0.863	  0.505	 -0.017
	  0.026	  0.078	  0.996

3 	  46.69	  -0.49	  -1.41
	  0.621	 -0.060	  0.781
	  0.170	  0.984	 -0.059
	 -0.765	  0.169	  0.621

4 	  38.79	   5.89	  -5.64
	  0.439	  0.818	 -0.371
	 -0.598	  0.574	  0.560
	  0.671	 -0.024	  0.741

5 	  43.45	   9.67	   4.27
	  0.638	  0.234	  0.734
	 -0.211	 -0.864	  0.458
	  0.741	 -0.447	 -0.502

6 	  53.77	  11.72	   8.95
	  0.829	  0.061	  0.556
	 -0.204	  0.958	  0.199
	 -0.521	 -0.278	  0.807

7 	  37.44	  -4.08	  -6.73
	  0.276	 -0.625	 -0.730
	  0.676	  0.666	 -0.315
	  0.683	 -0.406	  0.607

8 	  43.15	 -11.83	  -9.47
	  0.501	 -0.474	 -0.724
	 -0.865	 -0.250	 -0.436
	  0.025	  0.844	 -0.535

9 	  46.85	 -14.43	 -20.51
	  0.543	 -0.308	 -0.781
	  0.133	  0.950	 -0.282
	  0.828	  0.049	  0.558

2 	  32.71	  -6.80	  22.94
	  0.505	  0.859	 -0.080
	 -0.863	  0.505	 -0.017
	  0.026	  0.078	  0.996

3 	  46.65	  -0.42	  -1.23
	  0.616	 -0.049	  0.786
	  0.168	  0.983	 -0.071
	 -0.770	  0.176	  0.614

4 	  38.85	   6.12	  -5.47
	  0.445	  0.834	 -0.325
	 -0.616	  0.549	  0.565
	  0.650	 -0.052	  0.758

5 	  43.00	   9.65	   4.78
	  0.590	  0.228	  0.775
	 -0.207	 -0.885	  0.417
	  0.780	 -0.406	 -0.475

6 	  53.05	  11.79	  10.16
	  0.786	  0.061	  0.615
	 -0.237	  0.949	  0.208
	 -0.571	 -0.310	  0.760

7 	  37.53	  -4.11	  -6.63
	  0.319	 -0.614	 -0.722
	  0.678	  0.680	 -0.278
	  0.662	 -0.401	  0.633

8 	  44.14	 -12.20	  -7.63
	  0.639	 -0.528	 -0.560
	 -0.761	 -0.328	 -0.560
	  0.111	  0.783	 -0.611

9 	  49.83	 -15.63	 -17.14
	  0.712	 -0.362	 -0.602
	  0.196	  0.925	 -0.324
	  0.674	  0.113	  0.729

2 	  32.71	  -6.80	  22.94
	  0.505	  0.859	 -0.080
	 -0.863	  0.505	 -0.017
	  0.026	  0.078	  0.996

3 	  46.65	  -0.37	  -1.00
	  0.605	 -0.016	  0.796
	  0.166	  0.980	 -0.107
	 -0.778	  0.196	  0.596

4 	  39.01	   6.31	  -5.33
	  0.444	  0.851	 -0.279
	 -0.641	  0.520	  0.564
	  0.625	 -0.072	  0.777

5 	  42.52	   9.69	   5.22
	  0.526	  0.231	  0.818
	 -0.214	 -0.896	  0.390
	  0.823	 -0.380	 -0.422

6 	  52.08	  11.69	  11.65
	  0.723	  0.047	  0.689
	 -0.241	  0.952	  0.188
	 -0.647	 -0.302	  0.700

7 	  37.88	  -4.38	  -6.66
	  0.387	 -0.649	 -0.655
	  0.682	  0.679	 -0.271
	  0.620	 -0.341	  0.706

8 	  44.95	 -12.34	  -4.80
	  0.753	 -0.567	 -0.335
	 -0.620	 -0.440	 -0.650
	  0.221	  0.697	 -0.682

9 	  52.65	 -16.52	 -11.85
	  0.862	 -0.384	 -0.332
	  0.279	  0.905	 -0.322
	  0.424	  0.184	  0.887

2 	  32.73	  -6.80	  22.96
	  0.505	  0.859	 -0.080
	 -0.863	  0.505	 -0.018
	  0.025	  0.078	  0.996

3 	  46.74	  -0.44	  -0.74
	  0.592	  0.016	  0.806
	  0.162	  0.977	 -0.139
	 -0.790	  0.213	  0.575

4 	  39.45	   6.47	  -5.24
	  0.456	  0.859	 -0.232
	 -0.671	  0.503	  0.545
	  0.585	 -0.094	  0.805

5 	  42.10	   9.60	   5.57
	  0.444	  0.226	  0.867
	 -0.223	 -0.909	  0.351
	  0.868	 -0.349	 -0.354

6 	  50.73	  11.83	  13.45
	  0.615	  0.057	  0.787
	 -0.302	  0.938	  0.167
	 -0.729	 -0.340	  0.594

7 	  38.41	  -4.89	  -6.57
	  0.434	 -0.707	 -0.559
	  0.689	  0.660	 -0.300
	  0.581	 -0.255	  0.773

8 	  45.30	 -12.25	  -1.78
	  0.822	 -0.567	 -0.055
	 -0.422	 -0.542	 -0.727
	  0.382	  0.621	 -0.684

9 	  54.56	 -16.95	  -4.92
	  0.921	 -0.385	  0.057
	  0.385	  0.881	 -0.275
	  0.055	  0.275	  0.960

2 	  32.71	  -6.80	  22.96
	  0.505	  0.859	 -0.080
	 -0.863	  0.505	 -0.018
	  0.025	  0.078	  0.996

3 	  47.11	  -0.46	  -0.47
	  0.567	  0.052	  0.822
	  0.137	  0.978	 -0.156
	 -0.812	  0.201	  0.548

4 	  39.94	   6.47	  -5.15
	  0.455	  0.871	 -0.183
	 -0.708	  0.479	  0.518
	  0.539	 -0.107	  0.835

5 	  41.52	   9.51	   5.85
	  0.338	  0.228	  0.913
	 -0.216	 -0.925	  0.311
	  0.916	 -0.303	 -0.263

6 	  49.17	  11.76	  14.99
	  0.503	  0.060	  0.862
	 -0.339	  0.931	  0.133
	 -0.795	 -0.359	  0.489

7 	  39.18	  -5.55	  -6.64
	  0.474	 -0.766	 -0.434
	  0.693	  0.629	 -0.352
	  0.542	 -0.134	  0.829

8 	  44.84	 -12.16	   0.86
	  0.803	 -0.542	  0.248
	 -0.186	 -0.623	 -0.760
	  0.566	  0.564	 -0.601

9 	  54.47	 -16.66	   2.09
	  0.844	 -0.321	  0.429
	  0.427	  0.886	 -0.180
	 -0.322	  0.335	  0.885

2 	  32.71	  -6.79	  22.96
	  0.505	  0.859	 -0.080
	 -0.863	  0.505	 -0.018
	  0.025	  0.078	  0.996

3 	  47.36	  -0.56	  -0.25
	  0.542	  0.091	  0.835
	  0.108	  0.978	 -0.177
	 -0.833	  0.186	  0.520

4 	  40.46	   6.31	  -5.13
	  0.441	  0.885	 -0.146
	 -0.749	  0.453	  0.484
	  0.495	 -0.104	  0.863

5 	  40.99	   9.21	   6.01
	  0.234	  0.222	  0.946
	 -0.196	 -0.943	  0.270
	  0.952	 -0.248	 -0.178

6 	  47.65	  11.81	  15.98
	  0.401	  0.068	  0.913
	 -0.383	  0.918	  0.099
	 -0.832	 -0.390	  0.394

7 	  39.92	  -6.26	  -6.59
	  0.507	 -0.815	 -0.281
	  0.733	  0.579	 -0.357
	  0.454	 -0.025	  0.891

8 	  43.95	 -11.95	   2.90
	  0.708	 -0.479	  0.519
	  0.070	 -0.684	 -0.726
	  0.702	  0.551	 -0.451

9 	  53.09	 -15.68	   7.72
	  0.679	 -0.229	  0.697
	  0.387	  0.919	 -0.076
	 -0.624	  0.322	  0.712

2 	  32.73	  -6.80	  22.96
	  0.505	  0.859	 -0.080
	 -0.863	  0.505	 -0.017
	  0.026	  0.078	  0.996

3 	  47.60	  -0.62	   0.00
	  0.517	  0.120	  0.847
	  0.074	  0.980	 -0.185
	 -0.852	  0.159	  0.498

4 	  40.76	   6.22	  -5.04
	  0.416	  0.901	 -0.117
	 -0.784	  0.421	  0.456
	  0.460	 -0.099	  0.882

5 	  40.32	   9.19	   6.01
	  0.143	  0.232	  0.962
	 -0.184	 -0.949	  0.256
	  0.972	 -0.214	 -0.094

6 	  46.07	  11.79	  16.73
	  0.303	  0.067	  0.950
	 -0.398	  0.915	  0.062
	 -0.866	 -0.397	  0.305

7 	  40.36	  -6.71	  -6.35
	  0.500	 -0.848	 -0.172
	  0.775	  0.528	 -0.347
	  0.385	  0.040	  0.922

8 	  42.86	 -11.57	   4.31
	  0.598	 -0.410	  0.689
	  0.232	 -0.734	 -0.638
	  0.767	  0.541	 -0.344

9 	  51.06	 -14.47	  11.46
	  0.517	 -0.144	  0.843
	  0.348	  0.936	 -0.054
	 -0.782	  0.321	  0.534

2 	  32.73	  -6.80	  22.96
	  0.505	  0.859	 -0.080
	 -0.863	  0.505	 -0.018
	  0.025	  0.078	  0.996

3 	  47.64	  -0.77	   0.12
	  0.507	  0.136	  0.850
	  0.059	  0.979	 -0.192
	 -0.859	  0.148	  0.489

4 	  40.87	   6.08	  -5.04
	  0.400	  0.911	 -0.103
	 -0.805	  0.402	  0.437
	  0.439	 -0.092	  0.893

5 	  39.66	   8.91	   6.05
	  0.067	  0.227	  0.971
	 -0.153	 -0.960	  0.235
	  0.986	 -0.165	 -0.030

6 	  44.81	  11.67	  17.07
	  0.248	  0.065	  0.966
	 -0.438	  0.898	  0.052
	 -0.864	 -0.436	  0.251

7 	  40.38	  -7.01	  -6.13
	  0.461	 -0.881	 -0.102
	  0.815	  0.466	 -0.343
	  0.349	  0.074	  0.934

8 	  41.57	 -11.32	   5.04
	  0.497	 -0.375	  0.783
	  0.273	 -0.789	 -0.551
	  0.824	  0.487	 -0.289

9 	  48.94	 -13.99	  13.43
	  0.407	 -0.095	  0.908
	  0.387	  0.919	 -0.077
	 -0.827	  0.383	  0.411

2 	  32.71	  -6.80	  22.94
	  0.505	  0.859	 -0.080
	 -0.863	  0.505	 -0.018
	  0.025	  0.078	  0.996

3 	  47.64	  -0.86	   0.26
	  0.499	  0.157	  0.852
	  0.028	  0.980	 -0.197
	 -0.866	  0.122	  0.484

4 	  40.96	   6.10	  -4.94
	  0.383	  0.919	 -0.089
	 -0.820	  0.382	  0.426
	  0.426	 -0.090	  0.900

5 	  39.06	   8.74	   6.03
	  0.007	  0.226	  0.974
	 -0.091	 -0.970	  0.225
	  0.996	 -0.090	  0.013

6 	  43.52	  11.81	  17.37
	  0.194	  0.076	  0.978
	 -0.492	  0.870	  0.030
	 -0.849	 -0.487	  0.206

7 	  40.20	  -7.08	  -5.99
	  0.408	 -0.911	 -0.065
	  0.849	  0.405	 -0.338
	  0.334	  0.083	  0.939

8 	  40.48	 -10.97	   5.41
	  0.408	 -0.352	  0.842
	  0.256	 -0.841	 -0.476
	  0.876	  0.410	 -0.253

9 	  47.11	 -13.80	  14.54
	  0.322	 -0.077	  0.943
	  0.455	  0.886	 -0.084
	 -0.830	  0.456	  0.320

2 	  32.71	  -6.80	  22.94
	  0.505	  0.859	 -0.080
	 -0.863	  0.505	 -0.018
	  0.025	  0.078	  0.996

3 	  47.57	  -0.97	   0.30
	  0.498	  0.159	  0.852
	  0.022	  0.980	 -0.196
	 -0.867	  0.116	  0.484

4 	  40.97	   6.08	  -4.89
	  0.384	  0.920	 -0.076
	 -0.828	  0.379	  0.414
	  0.410	 -0.096	  0.907

5 	  38.67	   8.54	   6.01
	 -0.039	  0.219	  0.975
	 -0.076	 -0.974	  0.215
	  0.996	 -0.065	  0.054

6 	  42.68	  11.67	  17.53
	  0.149	  0.074	  0.986
	 -0.512	  0.859	  0.012
	 -0.846	 -0.507	  0.166

7 	  40.03	  -7.15	  -5.91
	  0.362	 -0.931	 -0.037
	  0.873	  0.353	 -0.336
	  0.326	  0.090	  0.941

8 	  39.64	 -10.56	   5.68
	  0.332	 -0.328	  0.884
	  0.236	 -0.879	 -0.415
	  0.913	  0.347	 -0.215

9 	  45.72	 -13.38	  15.29
	  0.271	 -0.046	  0.961
	  0.495	  0.863	 -0.098
	 -0.826	  0.502	  0.257

2 	  32.71	  -6.80	  22.94
	  0.505	  0.859	 -0.080
	 -0.863	  0.505	 -0.018
	  0.025	  0.078	  0.996

3 	  47.50	  -1.00	   0.39
	  0.495	  0.161	  0.854
	  0.017	  0.980	 -0.195
	 -0.869	  0.111	  0.482

4 	  40.96	   6.12	  -4.85
	  0.375	  0.925	 -0.062
	 -0.838	  0.367	  0.404
	  0.396	 -0.100	  0.913

5 	  38.51	   8.51	   6.08
	 -0.050	  0.211	  0.976
	 -0.070	 -0.976	  0.207
	  0.996	 -0.058	  0.063

6 	  42.49	  11.57	  17.67
	  0.142	  0.069	  0.987
	 -0.520	  0.854	  0.015
	 -0.842	 -0.516	  0.157

7 	  40.11	  -7.22	  -5.78
	  0.352	 -0.936	 -0.017
	  0.882	  0.338	 -0.327
	  0.311	  0.100	  0.945

8 	  39.27	 -10.16	   5.98
	  0.303	 -0.301	  0.904
	  0.183	 -0.913	 -0.365
	  0.935	  0.276	 -0.222

9 	  44.96	 -12.96	  15.87
	  0.227	 -0.014	  0.974
	  0.560	  0.820	 -0.119
	 -0.797	  0.572	  0.194

2 	  32.71	  -6.80	  22.94
	  0.505	  0.859	 -0.080
	 -0.863	  0.505	 -0.017
	  0.025	  0.078	  0.996

3 	  47.51	  -0.97	   0.58
	  0.483	  0.165	  0.859
	  0.002	  0.982	 -0.190
	 -0.875	  0.094	  0.474

4 	  40.90	   6.05	  -4.75
	  0.348	  0.936	 -0.046
	 -0.855	  0.338	  0.392
	  0.383	 -0.098	  0.918

5 	  38.43	   8.31	   6.31
	 -0.039	  0.196	  0.979
	 -0.071	 -0.979	  0.193
	  0.997	 -0.062	  0.052

6 	  42.54	  11.30	  17.79
	  0.163	  0.057	  0.985
	 -0.549	  0.835	  0.042
	 -0.820	 -0.548	  0.167

7 	  40.45	  -7.29	  -5.62
	  0.362	 -0.932	  0.007
	  0.884	  0.341	 -0.319
	  0.295	  0.121	  0.948

8 	  39.32	  -9.95	   6.13
	  0.287	 -0.275	  0.918
	  0.173	 -0.927	 -0.332
	  0.942	  0.254	 -0.218

9 	  44.75	 -12.52	  16.33
	  0.187	  0.008	  0.982
	  0.562	  0.819	 -0.114
	 -0.805	  0.574	  0.148

2 	  32.71	  -6.80	  22.94
	  0.505	  0.859	 -0.080
	 -0.863	  0.505	 -0.017
	  0.025	  0.078	  0.996

3 	  47.65	  -0.77	   0.74
	  0.475	  0.177	  0.861
	 -0.016	  0.981	 -0.193
	 -0.880	  0.078	  0.469

4 	  40.94	   6.08	  -4.69
	  0.322	  0.945	 -0.047
	 -0.866	  0.314	  0.389
	  0.383	 -0.085	  0.920

5 	  38.46	   8.28	   6.38
	 -0.030	  0.191	  0.981
	 -0.064	 -0.980	  0.188
	  0.997	 -0.057	  0.041

6 	  42.63	  11.32	  17.86
	  0.169	  0.055	  0.984
	 -0.553	  0.832	  0.048
	 -0.816	 -0.553	  0.171

7 	  40.69	  -7.26	  -5.48
	  0.372	 -0.928	  0.024
	  0.885	  0.346	 -0.310
	  0.279	  0.137	  0.950

8 	  39.41	  -9.83	   6.28
	  0.277	 -0.264	  0.924
	  0.177	 -0.931	 -0.319
	  0.944	  0.252	 -0.211

9 	  44.79	 -12.27	  16.56
	  0.181	  0.017	  0.983
	  0.565	  0.816	 -0.119
	 -0.805	  0.577	  0.138

2 	  32.71	  -6.80	  22.94
	  0.505	  0.859	 -0.080
	 -0.863	  0.505	 -0.018
	  0.025	  0.078	  0.996

3 	  47.74	  -0.70	   0.83
	  0.469	  0.181	  0.864
	 -0.018	  0.980	 -0.196
	 -0.883	  0.076	  0.463

4 	  40.97	   6.12	  -4.64
	  0.318	  0.947	 -0.047
	 -0.869	  0.311	  0.385
	  0.379	 -0.082	  0.922

5 	  38.51	   8.37	   6.47
	 -0.027	  0.196	  0.980
	 -0.060	 -0.979	  0.194
	  0.998	 -0.053	  0.038

6 	  42.77	  11.46	  17.91
	  0.177	  0.062	  0.982
	 -0.559	  0.827	  0.048
	 -0.810	 -0.558	  0.180

7 	  40.78	  -7.19	  -5.45
	  0.375	 -0.927	  0.022
	  0.886	  0.351	 -0.302
	  0.271	  0.133	  0.953

8 	  39.57	  -9.90	   6.29
	  0.292	 -0.270	  0.917
	  0.213	 -0.917	 -0.337
	  0.932	  0.294	 -0.210

9 	  45.21	 -12.13	  16.51
	  0.210	  0.021	  0.977
	  0.544	  0.828	 -0.135
	 -0.812	  0.560	  0.163

2 	  32.71	  -6.80	  22.94
	  0.505	  0.859	 -0.080
	 -0.863	  0.505	 -0.017
	  0.026	  0.078	  0.996

3 	  47.76	  -0.63	   0.98
	  0.452	  0.175	  0.874
	 -0.013	  0.982	 -0.190
	 -0.892	  0.074	  0.446

4 	  41.03	   6.17	  -4.59
	  0.321	  0.946	 -0.045
	 -0.870	  0.313	  0.381
	  0.375	 -0.084	  0.923

5 	  38.57	   8.51	   6.57
	 -0.020	  0.203	  0.979
	 -0.067	 -0.977	  0.201
	  0.997	 -0.062	  0.033

6 	  42.89	  11.64	  18.00
	  0.186	  0.067	  0.980
	 -0.567	  0.822	  0.051
	 -0.802	 -0.566	  0.191

7 	  40.85	  -7.12	  -5.47
	  0.387	 -0.922	  0.013
	  0.885	  0.367	 -0.286
	  0.259	  0.122	  0.958

8 	  39.66	  -9.98	   6.26
	  0.304	 -0.268	  0.914
	  0.241	 -0.907	 -0.346
	  0.922	  0.325	 -0.211

9 	  45.40	 -12.15	  16.42
	  0.220	  0.024	  0.975
	  0.522	  0.841	 -0.139
	 -0.824	  0.540	  0.173

2 	  32.71	  -6.80	  22.94
	  0.505	  0.859	 -0.080
	 -0.863	  0.505	 -0.018
	  0.025	  0.078	  0.996

3 	  47.72	  -0.63	   1.07
	  0.444	  0.171	  0.879
	 -0.014	  0.983	 -0.184
	 -0.896	  0.069	  0.438

4 	  41.01	   6.17	  -4.57
	  0.319	  0.946	 -0.043
	 -0.871	  0.311	  0.381
	  0.374	 -0.085	  0.923

5 	  38.57	   8.46	   6.64
	 -0.013	  0.196	  0.980
	 -0.069	 -0.978	  0.195
	  0.997	 -0.066	  0.026

6 	  42.93	  11.53	  18.02
	  0.193	  0.064	  0.979
	 -0.571	  0.819	  0.059
	 -0.798	 -0.570	  0.194

7 	  40.89	  -7.10	  -5.47
	  0.390	 -0.921	  0.007
	  0.884	  0.373	 -0.282
	  0.256	  0.116	  0.959

8 	  39.66	 -10.02	   6.22
	  0.303	 -0.270	  0.914
	  0.243	 -0.905	 -0.348
	  0.921	  0.328	 -0.209

9 	  45.42	 -12.15	  16.35
	  0.222	  0.023	  0.975
	  0.519	  0.844	 -0.138
	 -0.826	  0.536	  0.175

2 	  32.71	  -6.80	  22.94
	  0.505	  0.859	 -0.080
	 -0.863	  0.505	 -0.017
	  0.026	  0.078	  0.996

3 	  47.78	  -0.65	   1.14
	  0.435	  0.167	  0.885
	 -0.014	  0.984	 -0.179
	 -0.900	  0.065	  0.430

4 	  41.04	   6.19	  -4.52
	  0.319	  0.947	 -0.040
	 -0.873	  0.310	  0.377
	  0.369	 -0.085	  0.925

5 	  38.62	   8.44	   6.68
	 -0.013	  0.188	  0.982
	 -0.083	 -0.979	  0.186
	  0.996	 -0.079	  0.028

6 	  42.93	  11.43	  18.11
	  0.188	  0.054	  0.980
	 -0.565	  0.822	  0.063
	 -0.803	 -0.566	  0.185

7 	  41.03	  -7.08	  -5.47
	  0.393	 -0.919	  0.004
	  0.885	  0.377	 -0.272
	  0.248	  0.110	  0.962

8 	  39.67	 -10.07	   6.19
	  0.294	 -0.272	  0.916
	  0.245	 -0.905	 -0.347
	  0.923	  0.327	 -0.200

9 	  45.39	 -12.18	  16.40
	  0.213	  0.024	  0.976
	  0.519	  0.844	 -0.134
	 -0.828	  0.535	  0.168

2 	  32.71	  -6.80	  22.94
	  0.505	  0.859	 -0.080
	 -0.863	  0.505	 -0.017
	  0.026	  0.078	  0.996

3 	  47.85	  -0.63	   1.21
	  0.427	  0.166	  0.889
	 -0.014	  0.984	 -0.178
	 -0.904	  0.064	  0.422

4 	  41.26	   6.13	  -4.48
	  0.323	  0.945	 -0.037
	 -0.878	  0.314	  0.362
	  0.354	 -0.085	  0.931

5 	  38.71	   8.40	   6.64
	 -0.016	  0.189	  0.982
	 -0.085	 -0.979	  0.187
	  0.996	 -0.081	  0.031

6 	  43.00	  11.34	  18.11
	  0.185	  0.050	  0.981
	 -0.563	  0.824	  0.064
	 -0.805	 -0.565	  0.180

7 	  41.22	  -7.15	  -5.50
	  0.391	 -0.920	  0.007
	  0.888	  0.376	 -0.265
	  0.240	  0.110	  0.964

8 	  39.80	 -10.09	   6.17
	  0.284	 -0.269	  0.920
	  0.248	 -0.906	 -0.342
	  0.926	  0.326	 -0.191

9 	  45.35	 -12.22	  16.44
	  0.203	  0.025	  0.979
	  0.522	  0.843	 -0.130
	 -0.828	  0.537	  0.158

2 	  32.71	  -6.80	  22.94
	  0.505	  0.859	 -0.080
	 -0.863	  0.505	 -0.017
	  0.026	  0.078	  0.996

3 	  47.99	  -0.67	   1.23
	  0.421	  0.167	  0.891
	 -0.012	  0.984	 -0.178
	 -0.907	  0.064	  0.416

4 	  41.40	   6.10	  -4.50
	  0.322	  0.946	 -0.037
	 -0.880	  0.313	  0.355
	  0.348	 -0.082	  0.934

5 	  38.81	   8.42	   6.64
	 -0.019	  0.195	  0.980
	 -0.083	 -0.978	  0.192
	  0.996	 -0.078	  0.034

6 	  43.07	  11.51	  18.07
	  0.183	  0.058	  0.981
	 -0.589	  0.806	  0.062
	 -0.787	 -0.589	  0.182

7 	  41.41	  -7.22	  -5.50
	  0.399	 -0.917	  0.013
	  0.887	  0.382	 -0.257
	  0.230	  0.114	  0.966

8 	  39.94	 -10.14	   6.15
	  0.280	 -0.263	  0.923
	  0.263	 -0.904	 -0.338
	  0.923	  0.338	 -0.184

9 	  45.46	 -12.18	  16.52
	  0.195	  0.031	  0.980
	  0.515	  0.847	 -0.129
	 -0.835	  0.530	  0.149

2 	  32.71	  -6.80	  22.94
	  0.505	  0.859	 -0.080
	 -0.863	  0.505	 -0.017
	  0.025	  0.078	  0.996

3 	  48.08	  -0.69	   1.27
	  0.415	  0.169	  0.894
	 -0.014	  0.983	 -0.180
	 -0.909	  0.062	  0.411

4 	  41.47	   6.10	  -4.52
	  0.320	  0.947	 -0.038
	 -0.883	  0.312	  0.350
	  0.344	 -0.079	  0.936

5 	  38.87	   8.40	   6.57
	 -0.019	  0.199	  0.979
	 -0.082	 -0.977	  0.197
	  0.996	 -0.076	  0.034

6 	  43.05	  11.53	  18.05
	  0.182	  0.060	  0.981
	 -0.593	  0.802	  0.061
	 -0.784	 -0.593	  0.182

7 	  41.55	  -7.22	  -5.52
	  0.406	 -0.913	  0.016
	  0.885	  0.390	 -0.253
	  0.224	  0.117	  0.967

8 	  40.04	 -10.16	   6.19
	  0.282	 -0.260	  0.923
	  0.275	 -0.900	 -0.337
	  0.919	  0.349	 -0.182

9 	  45.58	 -12.15	  16.51
	  0.195	  0.034	  0.980
	  0.509	  0.850	 -0.131
	 -0.838	  0.525	  0.148

2 	  32.71	  -6.80	  22.94
	  0.505	  0.859	 -0.081
	 -0.863	  0.505	 -0.017
	  0.026	  0.078	  0.996

3 	  48.15	  -0.69	   1.27
	  0.414	  0.172	  0.894
	 -0.016	  0.983	 -0.182
	 -0.910	  0.061	  0.409

4 	  41.54	   6.05	  -4.52
	  0.319	  0.947	 -0.039
	 -0.884	  0.312	  0.347
	  0.341	 -0.077	  0.937

5 	  38.92	   8.37	   6.56
	 -0.022	  0.203	  0.979
	 -0.080	 -0.977	  0.200
	  0.996	 -0.073	  0.037

6 	  43.05	  11.55	  18.04
	  0.177	  0.063	  0.982
	 -0.603	  0.796	  0.057
	 -0.778	 -0.602	  0.179

7 	  41.61	  -7.29	  -5.50
	  0.407	 -0.913	  0.019
	  0.885	  0.390	 -0.252
	  0.222	  0.119	  0.967

8 	  40.11	 -10.18	   6.24
	  0.283	 -0.258	  0.924
	  0.278	 -0.900	 -0.336
	  0.918	  0.352	 -0.183

9 	  45.70	 -12.15	  16.54
	  0.197	  0.036	  0.979
	  0.508	  0.851	 -0.134
	 -0.839	  0.524	  0.149

2 	  32.73	  -6.80	  22.94
	  0.504	  0.859	 -0.081
	 -0.863	  0.505	 -0.017
	  0.026	  0.078	  0.996

3 	  48.20	  -0.70	   1.32
	  0.413	  0.174	  0.894
	 -0.017	  0.983	 -0.184
	 -0.911	  0.061	  0.408

4 	  41.59	   5.99	  -4.52
	  0.317	  0.947	 -0.036
	 -0.886	  0.310	  0.345
	  0.339	 -0.078	  0.938

5 	  38.92	   8.33	   6.56
	 -0.024	  0.203	  0.979
	 -0.078	 -0.977	  0.200
	  0.996	 -0.071	  0.039

6 	  43.00	  11.58	  18.05
	  0.175	  0.067	  0.982
	 -0.621	  0.781	  0.057
	 -0.764	 -0.620	  0.178

7 	  41.64	  -7.29	  -5.45
	  0.409	 -0.912	  0.025
	  0.886	  0.391	 -0.248
	  0.216	  0.123	  0.968

8 	  40.11	 -10.18	   6.26
	  0.281	 -0.257	  0.924
	  0.277	 -0.900	 -0.335
	  0.918	  0.351	 -0.182

9 	  45.69	 -12.13	  16.56
	  0.197	  0.037	  0.979
	  0.509	  0.850	 -0.135
	 -0.838	  0.525	  0.149

2 	  32.71	  -6.80	  22.94
	  0.505	  0.859	 -0.080
	 -0.863	  0.505	 -0.017
	  0.025	  0.078	  0.996

3 	  48.22	  -0.70	   1.34
	  0.414	  0.174	  0.893
	 -0.017	  0.983	 -0.184
	 -0.910	  0.061	  0.410

4 	  41.61	   5.96	  -4.46
	  0.311	  0.950	 -0.028
	 -0.889	  0.301	  0.346
	  0.337	 -0.083	  0.938

5 	  38.88	   8.30	   6.61
	 -0.026	  0.201	  0.979
	 -0.075	 -0.977	  0.198
	  0.997	 -0.068	  0.040

6 	  42.98	  11.57	  18.09
	  0.174	  0.067	  0.982
	 -0.624	  0.780	  0.057
	 -0.762	 -0.622	  0.177

7 	  41.66	  -7.29	  -5.41
	  0.405	 -0.914	  0.033
	  0.889	  0.385	 -0.245
	  0.211	  0.129	  0.969

8 	  40.03	 -10.12	   6.33
	  0.274	 -0.258	  0.926
	  0.262	 -0.906	 -0.330
	  0.925	  0.334	 -0.181

9 	  45.53	 -12.16	  16.70
	  0.194	  0.039	  0.980
	  0.535	  0.833	 -0.140
	 -0.822	  0.551	  0.141

2 	  32.71	  -6.80	  22.96
	  0.505	  0.859	 -0.080
	 -0.863	  0.505	 -0.018
	  0.025	  0.078	  0.996

3 	  48.22	  -0.74	   1.35
	  0.414	  0.174	  0.893
	 -0.017	  0.982	 -0.184
	 -0.910	  0.061	  0.410

4 	  41.62	   5.92	  -4.46
	  0.309	  0.950	 -0.026
	 -0.890	  0.299	  0.345
	  0.336	 -0.084	  0.938

5 	  38.88	   8.28	   6.63
	 -0.028	  0.200	  0.979
	 -0.074	 -0.978	  0.197
	  0.997	 -0.067	  0.042

6 	  42.94	  11.53	  18.11
	  0.172	  0.066	  0.983
	 -0.624	  0.779	  0.057
	 -0.762	 -0.623	  0.175

7 	  41.66	  -7.31	  -5.40
	  0.402	 -0.915	  0.037
	  0.892	  0.382	 -0.241
	  0.206	  0.130	  0.970

8 	  39.99	 -10.12	   6.33
	  0.270	 -0.259	  0.927
	  0.261	 -0.907	 -0.330
	  0.926	  0.332	 -0.178

9 	  45.46	 -12.15	  16.72
	  0.192	  0.040	  0.980
	  0.538	  0.831	 -0.139
	 -0.821	  0.554	  0.138

2 	  32.71	  -6.80	  22.94
	  0.505	  0.859	 -0.080
	 -0.863	  0.505	 -0.017
	  0.025	  0.078	  0.996

3 	  48.22	  -0.76	   1.35
	  0.414	  0.174	  0.893
	 -0.016	  0.983	 -0.184
	 -0.910	  0.062	  0.409

4 	  41.61	   5.89	  -4.46
	  0.306	  0.951	 -0.025
	 -0.892	  0.296	  0.342
	  0.332	 -0.083	  0.939

5 	  38.90	   8.24	   6.63
	 -0.029	  0.201	  0.979
	 -0.076	 -0.977	  0.198
	  0.997	 -0.069	  0.043

6 	  42.91	  11.57	  18.11
	  0.172	  0.069	  0.982
	 -0.630	  0.775	  0.056
	 -0.757	 -0.628	  0.177

7 	  41.73	  -7.35	  -5.38
	  0.405	 -0.913	  0.044
	  0.893	  0.384	 -0.234
	  0.196	  0.134	  0.971

8 	  40.01	 -10.16	   6.35
	  0.266	 -0.257	  0.929
	  0.271	 -0.905	 -0.328
	  0.925	  0.339	 -0.171

9 	  45.47	 -12.16	  16.73
	  0.190	  0.041	  0.981
	  0.537	  0.832	 -0.139
	 -0.822	  0.553	  0.136

2 	  32.71	  -6.80	  22.96
	  0.505	  0.859	 -0.080
	 -0.863	  0.505	 -0.018
	  0.025	  0.078	  0.996

3 	  48.23	  -0.76	   1.41
	  0.410	  0.175	  0.895
	 -0.018	  0.982	 -0.185
	 -0.912	  0.060	  0.406

4 	  41.57	   5.82	  -4.46
	  0.302	  0.953	 -0.027
	 -0.894	  0.293	  0.339
	  0.331	 -0.079	  0.940

5 	  38.83	   8.19	   6.63
	 -0.030	  0.206	  0.978
	 -0.074	 -0.976	  0.203
	  0.997	 -0.066	  0.044

6 	  42.84	  11.57	  18.09
	  0.171	  0.073	  0.982
	 -0.636	  0.770	  0.053
	 -0.753	 -0.634	  0.178

7 	  41.77	  -7.38	  -5.40
	  0.407	 -0.912	  0.049
	  0.893	  0.387	 -0.230
	  0.191	  0.138	  0.972

8 	  40.03	 -10.18	   6.38
	  0.265	 -0.255	  0.930
	  0.277	 -0.904	 -0.326
	  0.923	  0.344	 -0.169

9 	  45.46	 -12.15	  16.75
	  0.188	  0.042	  0.981
	  0.535	  0.833	 -0.139
	 -0.823	  0.551	  0.134

