2 	  46.97	   0.09	   4.27
	  0.035	 -0.889	  0.457
	  0.352	  0.438	  0.827
	 -0.935	  0.132	  0.328

3 	  45.09	   0.04	   1.86
	  0.530	 -0.068	  0.845
	 -0.167	  0.969	  0.182
	 -0.832	 -0.237	  0.501

4 	  39.20	   6.91	  -2.85
	  0.393	  0.918	  0.050
	 -0.750	  0.287	  0.596
	  0.534	 -0.271	  0.800

5 	  45.40	   8.79	   8.38
	  0.777	  0.101	  0.621
	 -0.494	 -0.515	  0.700
	  0.392	 -0.850	 -0.351

6 	  55.28	   7.37	  11.41
	  0.946	 -0.186	  0.265
	 -0.038	  0.748	  0.663
	 -0.322	 -0.639	  0.699

7 	  40.71	  -7.29	  -2.88
	  0.443	 -0.895	  0.050
	  0.873	  0.417	 -0.252
	  0.205	  0.154	  0.966

8 	  42.71	 -10.51	   9.44
	  0.573	 -0.112	  0.812
	  0.485	 -0.753	 -0.445
	  0.662	  0.648	 -0.377

9 	  52.31	  -4.52	  11.46
	  0.771	  0.608	  0.185
	 -0.480	  0.746	 -0.461
	 -0.423	  0.268	  0.866

2 	  46.93	  -0.09	   4.38
	 -0.097	 -0.830	  0.549
	  0.396	  0.474	  0.786
	 -0.913	  0.294	  0.283

3 	  45.07	   0.04	   1.86
	  0.530	 -0.068	  0.845
	 -0.167	  0.969	  0.182
	 -0.832	 -0.238	  0.502

4 	  39.18	   6.93	  -2.85
	  0.392	  0.918	  0.052
	 -0.749	  0.285	  0.597
	  0.535	 -0.273	  0.799

5 	  45.40	   8.77	   8.38
	  0.778	  0.098	  0.620
	 -0.495	 -0.514	  0.701
	  0.389	 -0.852	 -0.351

6 	  55.28	   7.37	  11.41
	  0.946	 -0.185	  0.265
	 -0.039	  0.748	  0.662
	 -0.322	 -0.639	  0.699

7 	  40.73	  -7.31	  -2.88
	  0.445	 -0.894	  0.049
	  0.872	  0.419	 -0.252
	  0.205	  0.155	  0.966

8 	  42.73	 -10.51	   9.42
	  0.573	 -0.112	  0.812
	  0.486	 -0.751	 -0.446
	  0.661	  0.649	 -0.376

9 	  52.29	  -4.50	  11.46
	  0.771	  0.608	  0.186
	 -0.481	  0.747	 -0.459
	 -0.423	  0.266	  0.866

2 	  46.74	   0.35	   3.88
	  0.222	 -0.938	  0.265
	  0.599	  0.344	  0.722
	 -0.770	 -0.000	  0.637

3 	  45.07	   0.07	   1.88
	  0.528	 -0.067	  0.846
	 -0.170	  0.969	  0.181
	 -0.832	 -0.239	  0.500

4 	  39.20	   6.94	  -2.85
	  0.392	  0.918	  0.055
	 -0.750	  0.283	  0.598
	  0.534	 -0.275	  0.799

5 	  45.40	   8.77	   8.40
	  0.778	  0.097	  0.621
	 -0.494	 -0.518	  0.698
	  0.391	 -0.849	 -0.355

6 	  55.28	   7.37	  11.43
	  0.946	 -0.185	  0.265
	 -0.040	  0.747	  0.663
	 -0.321	 -0.640	  0.698

7 	  40.75	  -7.26	  -2.90
	  0.447	 -0.893	  0.048
	  0.871	  0.421	 -0.252
	  0.205	  0.154	  0.966

8 	  42.73	 -10.49	   9.40
	  0.571	 -0.114	  0.812
	  0.487	 -0.750	 -0.447
	  0.662	  0.650	 -0.373

9 	  52.31	  -4.50	  11.46
	  0.770	  0.609	  0.188
	 -0.482	  0.748	 -0.457
	 -0.423	  0.262	  0.867

2 	  47.00	   0.54	   4.29
	  0.136	 -0.958	  0.252
	  0.357	  0.284	  0.890
	 -0.924	 -0.031	  0.380

3 	  45.07	   0.12	   1.90
	  0.527	 -0.068	  0.847
	 -0.169	  0.969	  0.181
	 -0.833	 -0.238	  0.499

4 	  39.18	   6.98	  -2.81
	  0.390	  0.919	  0.058
	 -0.751	  0.279	  0.598
	  0.535	 -0.276	  0.798

5 	  45.39	   8.77	   8.42
	  0.778	  0.096	  0.620
	 -0.493	 -0.520	  0.698
	  0.391	 -0.848	 -0.358

6 	  55.27	   7.35	  11.43
	  0.947	 -0.185	  0.263
	 -0.039	  0.745	  0.665
	 -0.320	 -0.642	  0.696

7 	  40.75	  -7.24	  -2.92
	  0.448	 -0.893	  0.047
	  0.870	  0.423	 -0.252
	  0.205	  0.153	  0.966

8 	  42.75	 -10.49	   9.40
	  0.571	 -0.116	  0.812
	  0.487	 -0.750	 -0.448
	  0.662	  0.650	 -0.371

9 	  52.31	  -4.48	  11.46
	  0.770	  0.608	  0.191
	 -0.481	  0.749	 -0.455
	 -0.424	  0.260	  0.868

2 	  46.95	   0.11	   4.39
	 -0.111	 -0.875	  0.471
	  0.393	  0.396	  0.829
	 -0.913	  0.277	  0.300

3 	  45.07	   0.12	   1.90
	  0.528	 -0.068	  0.846
	 -0.170	  0.968	  0.182
	 -0.832	 -0.240	  0.499

4 	  39.16	   6.98	  -2.81
	  0.390	  0.919	  0.059
	 -0.750	  0.279	  0.599
	  0.535	 -0.278	  0.797

5 	  45.39	   8.79	   8.42
	  0.780	  0.095	  0.619
	 -0.493	 -0.518	  0.699
	  0.388	 -0.849	 -0.358

6 	  55.27	   7.33	  11.43
	  0.947	 -0.186	  0.263
	 -0.039	  0.745	  0.666
	 -0.320	 -0.642	  0.696

7 	  40.76	  -7.22	  -2.92
	  0.449	 -0.892	  0.048
	  0.870	  0.424	 -0.252
	  0.205	  0.155	  0.966

8 	  42.75	 -10.49	   9.39
	  0.571	 -0.116	  0.812
	  0.487	 -0.749	 -0.449
	  0.662	  0.651	 -0.371

9 	  52.31	  -4.48	  11.46
	  0.769	  0.609	  0.191
	 -0.482	  0.749	 -0.454
	 -0.424	  0.258	  0.868

2 	  44.61	  -0.04	  -1.65
	  0.093	 -0.995	 -0.043
	  0.680	  0.031	  0.733
	 -0.728	 -0.097	  0.679

3 	  45.09	   0.07	   1.81
	  0.573	 -0.070	  0.816
	 -0.163	  0.967	  0.196
	 -0.804	 -0.245	  0.542

4 	  39.15	   6.93	  -2.83
	  0.395	  0.917	  0.056
	 -0.747	  0.284	  0.601
	  0.536	 -0.279	  0.797

5 	  45.40	   8.75	   8.40
	  0.779	  0.095	  0.619
	 -0.494	 -0.516	  0.700
	  0.387	 -0.850	 -0.356

6 	  55.28	   7.35	  11.41
	  0.947	 -0.184	  0.263
	 -0.039	  0.748	  0.663
	 -0.320	 -0.640	  0.699

7 	  40.71	  -7.29	  -2.88
	  0.445	 -0.894	  0.051
	  0.871	  0.418	 -0.257
	  0.209	  0.158	  0.965

8 	  42.71	 -10.49	   9.42
	  0.571	 -0.114	  0.813
	  0.486	 -0.752	 -0.445
	  0.663	  0.648	 -0.374

9 	  52.31	  -4.50	  11.46
	  0.771	  0.608	  0.188
	 -0.479	  0.747	 -0.460
	 -0.424	  0.266	  0.866

2 	  44.53	  -0.67	  -1.48
	 -0.233	 -0.938	  0.255
	  0.686	  0.028	  0.727
	 -0.690	  0.343	  0.637

3 	  45.12	   0.09	   1.79
	  0.572	 -0.083	  0.816
	 -0.161	  0.964	  0.210
	 -0.804	 -0.251	  0.538

4 	  39.15	   6.93	  -2.83
	  0.396	  0.916	  0.054
	 -0.745	  0.285	  0.602
	  0.537	 -0.279	  0.796

5 	  45.39	   8.74	   8.38
	  0.779	  0.094	  0.619
	 -0.494	 -0.516	  0.699
	  0.386	 -0.851	 -0.356

6 	  55.28	   7.35	  11.41
	  0.946	 -0.184	  0.265
	 -0.040	  0.748	  0.662
	 -0.321	 -0.639	  0.699

7 	  40.73	  -7.29	  -2.90
	  0.444	 -0.895	  0.047
	  0.871	  0.419	 -0.255
	  0.209	  0.154	  0.966

8 	  42.73	 -10.49	   9.42
	  0.571	 -0.112	  0.813
	  0.486	 -0.752	 -0.445
	  0.663	  0.648	 -0.375

9 	  52.29	  -4.50	  11.46
	  0.771	  0.608	  0.188
	 -0.480	  0.747	 -0.459
	 -0.424	  0.264	  0.866

2 	  44.51	   0.05	  -1.76
	  0.069	 -0.995	 -0.078
	  0.778	  0.004	  0.628
	 -0.625	 -0.104	  0.774

3 	  45.14	   0.14	   1.78
	  0.564	 -0.089	  0.821
	 -0.165	  0.962	  0.216
	 -0.809	 -0.257	  0.527

4 	  39.15	   6.94	  -2.83
	  0.397	  0.916	  0.053
	 -0.745	  0.287	  0.603
	  0.538	 -0.278	  0.795

5 	  45.40	   8.74	   8.38
	  0.779	  0.092	  0.620
	 -0.494	 -0.518	  0.698
	  0.387	 -0.849	 -0.359

6 	  55.28	   7.33	  11.41
	  0.946	 -0.184	  0.267
	 -0.041	  0.749	  0.661
	 -0.322	 -0.638	  0.699

7 	  40.75	  -7.22	  -2.95
	  0.446	 -0.894	  0.039
	  0.871	  0.423	 -0.249
	  0.206	  0.145	  0.967

8 	  42.71	 -10.46	   9.35
	  0.569	 -0.113	  0.815
	  0.488	 -0.752	 -0.444
	  0.664	  0.649	 -0.372

9 	  52.29	  -4.48	  11.46
	  0.771	  0.607	  0.191
	 -0.480	  0.749	 -0.456
	 -0.424	  0.261	  0.867

2 	  44.86	   0.11	  -1.35
	  0.052	 -0.997	 -0.064
	  0.609	 -0.020	  0.792
	 -0.791	 -0.080	  0.606

3 	  45.16	   0.19	   1.74
	  0.601	 -0.111	  0.791
	 -0.161	  0.953	  0.255
	 -0.783	 -0.280	  0.555

4 	  39.11	   7.00	  -2.85
	  0.405	  0.913	  0.054
	 -0.740	  0.291	  0.606
	  0.539	 -0.285	  0.793

5 	  45.42	   8.68	   8.35
	  0.780	  0.087	  0.619
	 -0.495	 -0.522	  0.695
	  0.385	 -0.848	 -0.365

6 	  55.30	   7.33	  11.39
	  0.946	 -0.180	  0.269
	 -0.044	  0.750	  0.659
	 -0.321	 -0.638	  0.700

7 	  40.75	  -7.21	  -3.01
	  0.448	 -0.893	  0.034
	  0.871	  0.427	 -0.245
	  0.204	  0.139	  0.969

8 	  42.73	 -10.46	   9.33
	  0.568	 -0.111	  0.815
	  0.491	 -0.750	 -0.443
	  0.662	  0.650	 -0.372

9 	  52.26	  -4.38	  11.44
	  0.756	  0.620	  0.207
	 -0.490	  0.745	 -0.454
	 -0.440	  0.242	  0.864

2 	  44.60	  -0.26	  -1.58
	 -0.107	 -0.980	  0.167
	  0.630	  0.064	  0.774
	 -0.769	  0.188	  0.611

3 	  45.11	   0.18	   1.69
	  0.587	 -0.108	  0.802
	 -0.166	  0.954	  0.248
	 -0.793	 -0.278	  0.542

4 	  39.09	   6.98	  -2.87
	  0.409	  0.911	  0.054
	 -0.737	  0.294	  0.608
	  0.539	 -0.287	  0.792

5 	  45.42	   8.60	   8.31
	  0.781	  0.081	  0.618
	 -0.496	 -0.522	  0.694
	  0.380	 -0.848	 -0.368

6 	  55.32	   7.28	  11.39
	  0.945	 -0.176	  0.273
	 -0.049	  0.754	  0.655
	 -0.322	 -0.635	  0.702

7 	  40.76	  -7.19	  -3.04
	  0.458	 -0.889	  0.029
	  0.865	  0.437	 -0.246
	  0.206	  0.137	  0.969

8 	  42.98	 -10.39	   9.25
	  0.573	 -0.097	  0.814
	  0.511	 -0.735	 -0.445
	  0.642	  0.670	 -0.371

9 	  52.37	  -4.08	  11.46
	  0.730	  0.638	  0.244
	 -0.503	  0.742	 -0.444
	 -0.469	  0.202	  0.859

2 	  39.48	  -0.49	  -6.29
	  0.603	 -0.674	 -0.427
	  0.591	  0.736	 -0.329
	  0.537	 -0.054	  0.841

3 	  45.33	   0.02	   2.20
	  0.471	 -0.068	  0.879
	 -0.194	  0.965	  0.177
	 -0.861	 -0.253	  0.441

4 	  39.64	   6.70	  -3.13
	  0.365	  0.929	  0.062
	 -0.813	  0.284	  0.508
	  0.455	 -0.236	  0.858

5 	  45.47	   8.74	   8.35
	  0.770	  0.104	  0.629
	 -0.509	 -0.496	  0.703
	  0.386	 -0.861	 -0.330

6 	  55.35	   7.33	  11.43
	  0.945	 -0.183	  0.270
	 -0.042	  0.752	  0.658
	 -0.324	 -0.635	  0.701

7 	  41.47	  -7.29	  -2.92
	  0.455	 -0.888	  0.073
	  0.882	  0.437	 -0.176
	  0.124	  0.144	  0.982

8 	  42.93	 -10.60	   9.46
	  0.534	 -0.104	  0.839
	  0.528	 -0.735	 -0.425
	  0.662	  0.669	 -0.337

9 	  52.40	  -4.52	  11.62
	  0.753	  0.633	  0.178
	 -0.471	  0.704	 -0.531
	 -0.467	  0.318	  0.825

2 	  39.78	  -1.02	  -6.31
	  0.698	 -0.713	 -0.064
	  0.624	  0.649	 -0.436
	  0.353	  0.264	  0.897

3 	  45.32	   0.04	   2.20
	  0.470	 -0.070	  0.880
	 -0.195	  0.964	  0.179
	 -0.861	 -0.255	  0.439

4 	  39.62	   6.71	  -3.11
	  0.366	  0.928	  0.063
	 -0.812	  0.285	  0.509
	  0.455	 -0.237	  0.858

5 	  45.49	   8.74	   8.33
	  0.771	  0.104	  0.628
	 -0.509	 -0.496	  0.704
	  0.386	 -0.862	 -0.330

6 	  55.35	   7.29	  11.43
	  0.945	 -0.183	  0.271
	 -0.043	  0.753	  0.656
	 -0.324	 -0.634	  0.702

7 	  41.45	  -7.29	  -2.94
	  0.456	 -0.887	  0.072
	  0.881	  0.439	 -0.174
	  0.123	  0.142	  0.982

8 	  42.93	 -10.60	   9.46
	  0.534	 -0.103	  0.839
	  0.528	 -0.735	 -0.425
	  0.662	  0.669	 -0.337

9 	  52.40	  -4.52	  11.62
	  0.752	  0.634	  0.177
	 -0.472	  0.703	 -0.532
	 -0.467	  0.318	  0.825

2 	  39.01	  -0.83	  -6.03
	  0.514	 -0.689	 -0.511
	  0.382	  0.716	 -0.584
	  0.769	  0.105	  0.630

3 	  45.30	   0.02	   2.21
	  0.472	 -0.070	  0.878
	 -0.195	  0.964	  0.180
	 -0.860	 -0.256	  0.441

4 	  39.59	   6.70	  -3.11
	  0.368	  0.928	  0.061
	 -0.811	  0.287	  0.510
	  0.457	 -0.236	  0.857

5 	  45.49	   8.72	   8.31
	  0.772	  0.103	  0.627
	 -0.508	 -0.496	  0.704
	  0.385	 -0.862	 -0.331

6 	  55.37	   7.28	  11.41
	  0.944	 -0.182	  0.273
	 -0.044	  0.755	  0.654
	 -0.326	 -0.632	  0.703

7 	  41.45	  -7.31	  -2.95
	  0.458	 -0.886	  0.070
	  0.880	  0.442	 -0.172
	  0.121	  0.140	  0.982

8 	  42.91	 -10.58	   9.46
	  0.534	 -0.102	  0.839
	  0.528	 -0.735	 -0.425
	  0.661	  0.669	 -0.339

9 	  52.38	  -4.52	  11.62
	  0.752	  0.634	  0.177
	 -0.472	  0.703	 -0.532
	 -0.468	  0.318	  0.824

2 	  39.39	  -0.07	  -6.19
	  0.541	 -0.598	 -0.592
	  0.636	  0.750	 -0.178
	  0.552	 -0.280	  0.785

3 	  45.33	   0.02	   2.18
	  0.477	 -0.069	  0.876
	 -0.194	  0.964	  0.180
	 -0.857	 -0.256	  0.447

4 	  39.60	   6.70	  -3.13
	  0.369	  0.928	  0.059
	 -0.809	  0.288	  0.511
	  0.459	 -0.235	  0.857

5 	  45.49	   8.70	   8.30
	  0.772	  0.103	  0.627
	 -0.508	 -0.495	  0.705
	  0.384	 -0.862	 -0.330

6 	  55.39	   7.28	  11.41
	  0.944	 -0.181	  0.275
	 -0.045	  0.756	  0.653
	 -0.327	 -0.631	  0.704

7 	  41.45	  -7.31	  -2.95
	  0.458	 -0.886	  0.068
	  0.880	  0.441	 -0.175
	  0.126	  0.140	  0.982

8 	  42.91	 -10.60	   9.46
	  0.535	 -0.102	  0.838
	  0.527	 -0.736	 -0.425
	  0.662	  0.668	 -0.340

9 	  52.40	  -4.52	  11.62
	  0.751	  0.635	  0.177
	 -0.473	  0.702	 -0.532
	 -0.468	  0.318	  0.825

2 	  39.88	  -0.86	  -6.31
	  0.654	 -0.748	 -0.113
	  0.695	  0.652	 -0.301
	  0.300	  0.118	  0.947

3 	  45.32	  -0.02	   2.18
	  0.472	 -0.070	  0.878
	 -0.195	  0.964	  0.180
	 -0.860	 -0.256	  0.441

4 	  39.60	   6.66	  -3.15
	  0.371	  0.927	  0.055
	 -0.809	  0.293	  0.510
	  0.458	 -0.233	  0.858

5 	  45.51	   8.70	   8.28
	  0.772	  0.104	  0.627
	 -0.509	 -0.492	  0.706
	  0.383	 -0.864	 -0.328

6 	  55.37	   7.24	  11.41
	  0.943	 -0.181	  0.277
	 -0.045	  0.757	  0.651
	 -0.328	 -0.629	  0.705

7 	  41.47	  -7.33	  -2.95
	  0.459	 -0.886	  0.069
	  0.880	  0.442	 -0.174
	  0.123	  0.141	  0.982

8 	  42.91	 -10.58	   9.46
	  0.534	 -0.101	  0.839
	  0.528	 -0.736	 -0.424
	  0.662	  0.668	 -0.339

9 	  52.40	  -4.52	  11.62
	  0.752	  0.635	  0.177
	 -0.472	  0.702	 -0.533
	 -0.468	  0.318	  0.824

2 	  38.53	  -0.90	   0.76
	  0.187	 -0.875	 -0.446
	  0.257	  0.482	 -0.838
	  0.948	  0.042	  0.315

3 	  49.41	   0.09	   3.67
	  0.169	 -0.105	  0.980
	 -0.287	  0.946	  0.149
	 -0.943	 -0.306	  0.129

4 	  46.18	   7.01	  -3.27
	  0.381	  0.894	  0.236
	 -0.914	  0.325	  0.242
	  0.139	 -0.308	  0.941

5 	  47.07	   8.88	  10.21
	  0.552	  0.169	  0.816
	 -0.566	 -0.644	  0.514
	  0.616	 -0.744	 -0.260

6 	  56.81	   7.63	  11.00
	  0.982	 -0.186	  0.014
	  0.148	  0.824	  0.546
	 -0.112	 -0.535	  0.837

7 	  47.48	  -6.87	  -3.25
	  0.462	 -0.877	  0.129
	  0.855	  0.479	  0.199
	 -0.239	  0.019	  0.971

8 	  44.68	 -10.95	   8.49
	  0.173	 -0.162	  0.971
	  0.639	 -0.732	 -0.235
	  0.750	  0.660	 -0.022

9 	  52.68	  -4.15	  11.87
	  0.682	  0.695	  0.226
	 -0.432	  0.629	 -0.647
	 -0.597	  0.344	  0.725

2 	  38.78	  -1.76	   0.86
	  0.533	 -0.844	 -0.052
	  0.253	  0.217	 -0.943
	  0.807	  0.489	  0.329

3 	  49.41	   0.09	   3.66
	  0.165	 -0.106	  0.980
	 -0.288	  0.946	  0.149
	 -0.944	 -0.306	  0.125

4 	  46.18	   7.03	  -3.25
	  0.380	  0.894	  0.237
	 -0.915	  0.325	  0.239
	  0.137	 -0.308	  0.941

5 	  47.07	   8.86	  10.23
	  0.554	  0.167	  0.816
	 -0.566	 -0.645	  0.513
	  0.615	 -0.744	 -0.262

6 	  56.81	   7.63	  10.99
	  0.983	 -0.184	  0.012
	  0.148	  0.825	  0.545
	 -0.110	 -0.534	  0.838

7 	  47.48	  -6.87	  -3.27
	  0.464	 -0.877	  0.128
	  0.854	  0.480	  0.199
	 -0.239	  0.018	  0.971

8 	  44.68	 -10.97	   8.49
	  0.172	 -0.162	  0.971
	  0.640	 -0.732	 -0.234
	  0.750	  0.661	 -0.021

9 	  52.68	  -4.15	  11.87
	  0.682	  0.694	  0.227
	 -0.430	  0.629	 -0.648
	 -0.598	  0.344	  0.723

2 	  38.43	  -1.00	   1.28
	  0.124	 -0.921	 -0.370
	  0.030	  0.377	 -0.926
	  0.992	  0.104	  0.074

3 	  49.31	   0.09	   3.66
	  0.163	 -0.108	  0.980
	 -0.291	  0.945	  0.150
	 -0.943	 -0.309	  0.122

4 	  46.07	   7.00	  -3.27
	  0.380	  0.894	  0.237
	 -0.914	  0.324	  0.243
	  0.140	 -0.309	  0.940

5 	  47.06	   8.84	  10.21
	  0.557	  0.167	  0.813
	 -0.563	 -0.646	  0.515
	  0.615	 -0.742	 -0.265

6 	  56.79	   7.65	  10.97
	  0.983	 -0.182	  0.012
	  0.147	  0.826	  0.543
	 -0.109	 -0.532	  0.839

7 	  47.43	  -6.87	  -3.27
	  0.467	 -0.875	  0.128
	  0.851	  0.484	  0.203
	 -0.242	  0.015	  0.970

8 	  44.65	 -10.93	   8.49
	  0.174	 -0.161	  0.971
	  0.640	 -0.732	 -0.234
	  0.750	  0.661	 -0.023

9 	  52.65	  -4.15	  11.87
	  0.682	  0.695	  0.224
	 -0.431	  0.627	 -0.649
	 -0.598	  0.346	  0.723

2 	  38.51	  -0.26	   0.77
	 -0.029	 -0.797	 -0.603
	  0.399	  0.543	 -0.738
	  0.916	 -0.262	  0.303

3 	  49.31	   0.09	   3.66
	  0.160	 -0.110	  0.981
	 -0.293	  0.944	  0.151
	 -0.943	 -0.311	  0.118

4 	  46.09	   7.01	  -3.25
	  0.380	  0.894	  0.239
	 -0.915	  0.324	  0.240
	  0.137	 -0.310	  0.941

5 	  47.06	   8.84	  10.21
	  0.558	  0.167	  0.813
	 -0.561	 -0.647	  0.515
	  0.616	 -0.741	 -0.267

6 	  56.78	   7.66	  10.99
	  0.983	 -0.182	  0.010
	  0.147	  0.827	  0.542
	 -0.107	 -0.532	  0.840

7 	  47.44	  -6.86	  -3.25
	  0.470	 -0.873	  0.127
	  0.849	  0.486	  0.204
	 -0.243	  0.013	  0.970

8 	  44.65	 -10.93	   8.47
	  0.173	 -0.161	  0.972
	  0.641	 -0.731	 -0.233
	  0.749	  0.662	 -0.022

9 	  52.65	  -4.15	  11.87
	  0.682	  0.696	  0.223
	 -0.432	  0.626	 -0.650
	 -0.598	  0.347	  0.723

2 	  38.58	  -1.30	   0.67
	  0.359	 -0.894	 -0.267
	  0.325	  0.387	 -0.863
	  0.875	  0.223	  0.429

3 	  49.32	   0.11	   3.64
	  0.169	 -0.107	  0.979
	 -0.293	  0.944	  0.152
	 -0.941	 -0.312	  0.128

4 	  46.07	   7.05	  -3.25
	  0.379	  0.894	  0.239
	 -0.915	  0.323	  0.242
	  0.139	 -0.311	  0.940

5 	  47.04	   8.86	  10.21
	  0.559	  0.167	  0.812
	 -0.560	 -0.648	  0.516
	  0.616	 -0.740	 -0.269

6 	  56.78	   7.66	  10.97
	  0.983	 -0.182	  0.010
	  0.147	  0.827	  0.542
	 -0.107	 -0.531	  0.840

7 	  47.44	  -6.84	  -3.29
	  0.472	 -0.873	  0.124
	  0.849	  0.487	  0.202
	 -0.240	  0.011	  0.971

8 	  44.65	 -10.92	   8.47
	  0.174	 -0.162	  0.971
	  0.640	 -0.732	 -0.235
	  0.749	  0.661	 -0.022

9 	  52.65	  -4.15	  11.85
	  0.681	  0.696	  0.225
	 -0.430	  0.626	 -0.650
	 -0.599	  0.346	  0.722

2 	  44.47	   0.32	  -1.99
	 -0.609	 -0.594	 -0.526
	  0.510	 -0.800	  0.316
	 -0.609	 -0.075	  0.789

3 	  45.30	  -0.46	   1.35
	  0.604	 -0.123	  0.787
	 -0.152	  0.952	  0.264
	 -0.782	 -0.279	  0.557

4 	  39.32	   6.28	  -3.52
	  0.454	  0.891	 -0.018
	 -0.707	  0.371	  0.601
	  0.543	 -0.260	  0.798

5 	  46.05	   8.07	   7.29
	  0.787	  0.078	  0.612
	 -0.513	 -0.468	  0.719
	  0.344	 -0.879	 -0.329

6 	  55.67	   6.79	  11.20
	  0.913	 -0.153	  0.377
	 -0.068	  0.855	  0.513
	 -0.401	 -0.496	  0.770

7 	  40.92	  -7.73	  -3.32
	  0.393	 -0.918	  0.043
	  0.912	  0.384	 -0.141
	  0.113	  0.095	  0.989

8 	  42.08	 -10.34	   9.28
	  0.520	 -0.085	  0.850
	  0.429	 -0.835	 -0.344
	  0.740	  0.542	 -0.398

9 	  52.22	  -5.85	  12.22
	  0.826	  0.516	  0.224
	 -0.267	  0.708	 -0.653
	 -0.500	  0.483	  0.719

2 	  44.40	  -0.09	  -1.79
	 -0.723	 -0.521	 -0.453
	  0.309	 -0.830	  0.465
	 -0.619	  0.197	  0.760

3 	  45.30	  -0.47	   1.35
	  0.608	 -0.119	  0.785
	 -0.151	  0.953	  0.260
	 -0.780	 -0.276	  0.562

4 	  39.30	   6.28	  -3.50
	  0.454	  0.891	 -0.020
	 -0.708	  0.373	  0.600
	  0.543	 -0.258	  0.799

5 	  46.04	   8.07	   7.28
	  0.788	  0.078	  0.610
	 -0.514	 -0.465	  0.721
	  0.341	 -0.881	 -0.327

6 	  55.69	   6.79	  11.20
	  0.913	 -0.154	  0.377
	 -0.068	  0.855	  0.513
	 -0.402	 -0.496	  0.770

7 	  40.92	  -7.73	  -3.32
	  0.392	 -0.919	  0.043
	  0.913	  0.383	 -0.141
	  0.113	  0.094	  0.989

8 	  42.06	 -10.30	   9.28
	  0.519	 -0.083	  0.851
	  0.430	 -0.835	 -0.343
	  0.740	  0.542	 -0.397

9 	  52.21	  -5.87	  12.22
	  0.827	  0.515	  0.222
	 -0.267	  0.708	 -0.654
	 -0.499	  0.484	  0.719

2 	  44.19	   0.49	  -2.07
	 -0.722	 -0.511	 -0.466
	  0.501	 -0.850	  0.160
	 -0.480	 -0.117	  0.869

3 	  45.30	  -0.40	   1.32
	  0.619	 -0.126	  0.775
	 -0.150	  0.950	  0.273
	 -0.771	 -0.285	  0.569

4 	  39.30	   6.33	  -3.48
	  0.455	  0.891	 -0.015
	 -0.706	  0.369	  0.604
	  0.545	 -0.263	  0.796

5 	  46.04	   8.07	   7.29
	  0.789	  0.076	  0.609
	 -0.512	 -0.469	  0.719
	  0.341	 -0.879	 -0.332

6 	  55.67	   6.80	  11.20
	  0.914	 -0.153	  0.375
	 -0.068	  0.854	  0.515
	 -0.400	 -0.499	  0.769

7 	  40.94	  -7.70	  -3.34
	  0.393	 -0.919	  0.041
	  0.912	  0.384	 -0.142
	  0.115	  0.093	  0.989

8 	  42.06	 -10.28	   9.26
	  0.519	 -0.085	  0.851
	  0.429	 -0.835	 -0.344
	  0.740	  0.542	 -0.397

9 	  52.22	  -5.85	  12.23
	  0.827	  0.515	  0.225
	 -0.266	  0.709	 -0.653
	 -0.500	  0.482	  0.719

2 	  44.53	   0.79	  -1.90
	 -0.546	 -0.493	 -0.677
	  0.572	 -0.810	  0.131
	 -0.614	 -0.315	  0.723

3 	  45.33	  -0.40	   1.32
	  0.604	 -0.148	  0.783
	 -0.142	  0.947	  0.288
	 -0.785	 -0.285	  0.551

4 	  39.30	   6.33	  -3.50
	  0.452	  0.892	 -0.017
	 -0.706	  0.369	  0.604
	  0.546	 -0.260	  0.796

5 	  46.04	   8.09	   7.31
	  0.788	  0.075	  0.610
	 -0.512	 -0.472	  0.718
	  0.343	 -0.878	 -0.334

6 	  55.69	   6.80	  11.20
	  0.913	 -0.155	  0.376
	 -0.068	  0.854	  0.515
	 -0.401	 -0.498	  0.769

7 	  40.97	  -7.68	  -3.38
	  0.392	 -0.919	  0.039
	  0.913	  0.384	 -0.140
	  0.113	  0.090	  0.989

8 	  42.08	 -10.28	   9.25
	  0.518	 -0.085	  0.851
	  0.427	 -0.837	 -0.343
	  0.742	  0.540	 -0.397

9 	  52.22	  -5.85	  12.22
	  0.827	  0.514	  0.226
	 -0.265	  0.710	 -0.653
	 -0.500	  0.482	  0.719

2 	  44.49	   0.54	  -1.95
	 -0.599	 -0.548	 -0.583
	  0.523	 -0.819	  0.235
	 -0.608	 -0.164	  0.776

3 	  45.35	  -0.42	   1.30
	  0.605	 -0.140	  0.784
	 -0.147	  0.948	  0.281
	 -0.783	 -0.285	  0.553

4 	  39.30	   6.33	  -3.50
	  0.450	  0.893	 -0.020
	 -0.708	  0.369	  0.602
	  0.546	 -0.256	  0.797

5 	  46.05	   8.10	   7.28
	  0.789	  0.074	  0.609
	 -0.511	 -0.473	  0.718
	  0.342	 -0.878	 -0.336

6 	  55.67	   6.80	  11.18
	  0.913	 -0.155	  0.376
	 -0.068	  0.853	  0.517
	 -0.402	 -0.500	  0.767

7 	  40.97	  -7.66	  -3.39
	  0.391	 -0.919	  0.038
	  0.913	  0.383	 -0.141
	  0.115	  0.090	  0.989

8 	  42.03	 -10.27	   9.21
	  0.515	 -0.085	  0.853
	  0.427	 -0.838	 -0.339
	  0.745	  0.538	 -0.395

9 	  52.19	  -5.85	  12.22
	  0.828	  0.512	  0.227
	 -0.263	  0.711	 -0.653
	 -0.500	  0.483	  0.719

2 	  41.94	   4.66	  -2.65
	  0.772	 -0.456	  0.441
	  0.436	  0.886	  0.155
	 -0.464	  0.072	  0.883

3 	  45.21	   0.18	   1.63
	  0.533	 -0.078	  0.842
	 -0.226	  0.946	  0.230
	 -0.815	 -0.313	  0.487

4 	  38.99	   6.82	  -2.78
	  0.421	  0.907	  0.019
	 -0.777	  0.348	  0.523
	  0.469	 -0.235	  0.851

5 	  45.63	   8.37	   8.17
	  0.808	  0.064	  0.585
	 -0.468	 -0.532	  0.705
	  0.358	 -0.843	 -0.401

6 	  55.51	   7.03	  11.32
	  0.939	 -0.163	  0.303
	 -0.048	  0.808	  0.586
	 -0.341	 -0.567	  0.750

7 	  41.15	  -7.07	  -3.60
	  0.429	 -0.903	  0.007
	  0.893	  0.423	 -0.153
	  0.135	  0.072	  0.988

8 	  42.13	 -10.05	   8.95
	  0.503	 -0.105	  0.857
	  0.443	 -0.821	 -0.359
	  0.743	  0.560	 -0.366

9 	  52.22	  -5.82	  12.23
	  0.824	  0.501	  0.262
	 -0.242	  0.727	 -0.643
	 -0.517	  0.469	  0.716

2 	  42.31	   4.39	  -2.46
	  0.551	 -0.483	  0.681
	  0.463	  0.855	  0.233
	 -0.696	  0.186	  0.693

3 	  45.25	   0.12	   1.60
	  0.540	 -0.073	  0.838
	 -0.222	  0.949	  0.224
	 -0.812	 -0.307	  0.497

4 	  39.04	   6.79	  -2.83
	  0.418	  0.908	  0.023
	 -0.776	  0.343	  0.529
	  0.474	 -0.239	  0.847

5 	  45.63	   8.37	   8.16
	  0.807	  0.065	  0.586
	 -0.469	 -0.533	  0.704
	  0.359	 -0.843	 -0.400

6 	  55.49	   7.01	  11.34
	  0.938	 -0.164	  0.305
	 -0.049	  0.809	  0.585
	 -0.343	 -0.566	  0.749

7 	  41.19	  -7.10	  -3.60
	  0.428	 -0.904	  0.008
	  0.894	  0.421	 -0.151
	  0.133	  0.072	  0.988

8 	  42.13	 -10.05	   8.95
	  0.503	 -0.105	  0.858
	  0.442	 -0.823	 -0.358
	  0.744	  0.557	 -0.367

9 	  52.22	  -5.82	  12.23
	  0.824	  0.501	  0.262
	 -0.242	  0.727	 -0.643
	 -0.517	  0.469	  0.716

2 	  41.57	   4.50	  -2.74
	  0.867	 -0.361	  0.344
	  0.393	  0.919	 -0.023
	 -0.310	  0.154	  0.938

3 	  45.19	   0.18	   1.55
	  0.578	 -0.094	  0.810
	 -0.215	  0.941	  0.261
	 -0.788	 -0.325	  0.523

4 	  38.90	   6.82	  -2.74
	  0.411	  0.911	  0.013
	 -0.764	  0.335	  0.550
	  0.498	 -0.236	  0.834

5 	  45.62	   8.37	   8.17
	  0.809	  0.064	  0.585
	 -0.467	 -0.534	  0.704
	  0.359	 -0.842	 -0.402

6 	  55.49	   7.03	  11.32
	  0.939	 -0.163	  0.303
	 -0.049	  0.808	  0.587
	 -0.341	 -0.568	  0.749

7 	  41.15	  -7.05	  -3.60
	  0.430	 -0.903	  0.005
	  0.893	  0.424	 -0.150
	  0.133	  0.069	  0.989

8 	  42.12	 -10.04	   8.93
	  0.503	 -0.105	  0.858
	  0.443	 -0.821	 -0.359
	  0.743	  0.560	 -0.366

9 	  52.22	  -5.82	  12.23
	  0.824	  0.502	  0.262
	 -0.242	  0.728	 -0.642
	 -0.517	  0.468	  0.716

2 	  41.89	   4.87	  -2.76
	  0.832	 -0.331	  0.444
	  0.294	  0.943	  0.154
	 -0.472	  0.001	  0.882

3 	  45.21	   0.23	   1.62
	  0.549	 -0.086	  0.831
	 -0.226	  0.943	  0.245
	 -0.805	 -0.322	  0.498

4 	  38.99	   6.89	  -2.76
	  0.403	  0.915	  0.030
	 -0.786	  0.328	  0.523
	  0.470	 -0.234	  0.851

5 	  45.62	   8.37	   8.19
	  0.809	  0.062	  0.583
	 -0.466	 -0.538	  0.703
	  0.359	 -0.840	 -0.407

6 	  55.48	   7.05	  11.34
	  0.939	 -0.163	  0.301
	 -0.049	  0.806	  0.590
	 -0.339	 -0.571	  0.747

7 	  41.19	  -7.00	  -3.62
	  0.432	 -0.902	  0.003
	  0.892	  0.427	 -0.147
	  0.131	  0.067	  0.989

8 	  42.13	 -10.02	   8.89
	  0.502	 -0.107	  0.858
	  0.446	 -0.819	 -0.361
	  0.742	  0.562	 -0.363

9 	  52.22	  -5.80	  12.23
	  0.823	  0.502	  0.263
	 -0.242	  0.729	 -0.641
	 -0.518	  0.466	  0.717

2 	  42.29	   4.54	  -2.36
	  0.586	 -0.397	  0.706
	  0.413	  0.896	  0.162
	 -0.699	  0.196	  0.688

3 	  45.19	   0.19	   1.62
	  0.546	 -0.086	  0.833
	 -0.226	  0.943	  0.243
	 -0.807	 -0.320	  0.496

4 	  38.99	   6.89	  -2.74
	  0.408	  0.912	  0.034
	 -0.786	  0.331	  0.522
	  0.466	 -0.240	  0.851

5 	  45.62	   8.38	   8.21
	  0.809	  0.062	  0.584
	 -0.466	 -0.539	  0.702
	  0.359	 -0.840	 -0.408

6 	  55.48	   7.03	  11.34
	  0.939	 -0.163	  0.300
	 -0.049	  0.805	  0.591
	 -0.339	 -0.572	  0.747

7 	  41.19	  -7.00	  -3.62
	  0.432	 -0.902	  0.004
	  0.892	  0.426	 -0.148
	  0.132	  0.068	  0.989

8 	  42.10	 -10.02	   8.91
	  0.500	 -0.107	  0.859
	  0.447	 -0.819	 -0.361
	  0.743	  0.563	 -0.362

9 	  52.22	  -5.80	  12.23
	  0.823	  0.502	  0.264
	 -0.242	  0.730	 -0.639
	 -0.518	  0.465	  0.718

2 	  41.70	   6.10	  -3.45
	  0.841	 -0.308	  0.443
	  0.295	  0.950	  0.102
	 -0.454	  0.043	  0.890

3 	  45.23	   0.18	   1.63
	  0.552	 -0.084	  0.829
	 -0.226	  0.943	  0.244
	 -0.804	 -0.321	  0.501

4 	  39.06	   6.82	  -2.87
	  0.446	  0.895	 -0.015
	 -0.758	  0.385	  0.526
	  0.477	 -0.223	  0.850

5 	  45.65	   8.33	   8.21
	  0.807	  0.061	  0.587
	 -0.471	 -0.535	  0.701
	  0.358	 -0.842	 -0.404

6 	  55.53	   7.01	  11.34
	  0.939	 -0.161	  0.303
	 -0.051	  0.807	  0.589
	 -0.340	 -0.570	  0.748

7 	  41.22	  -7.05	  -3.60
	  0.432	 -0.902	  0.005
	  0.892	  0.426	 -0.151
	  0.134	  0.070	  0.988

8 	  42.12	 -10.05	   8.93
	  0.500	 -0.106	  0.859
	  0.444	 -0.821	 -0.358
	  0.745	  0.559	 -0.363

9 	  52.22	  -5.84	  12.23
	  0.824	  0.502	  0.260
	 -0.242	  0.727	 -0.642
	 -0.516	  0.469	  0.717

2 	  42.06	   5.84	  -3.13
	  0.617	 -0.342	  0.708
	  0.399	  0.912	  0.094
	 -0.681	  0.223	  0.698

3 	  45.26	   0.16	   1.60
	  0.556	 -0.083	  0.827
	 -0.223	  0.944	  0.243
	 -0.801	 -0.319	  0.506

4 	  39.08	   6.82	  -2.87
	  0.438	  0.899	 -0.025
	 -0.753	  0.380	  0.537
	  0.493	 -0.216	  0.842

5 	  45.65	   8.31	   8.19
	  0.807	  0.061	  0.588
	 -0.471	 -0.536	  0.701
	  0.359	 -0.841	 -0.404

6 	  55.53	   7.00	  11.32
	  0.939	 -0.162	  0.303
	 -0.051	  0.806	  0.589
	 -0.341	 -0.571	  0.747

7 	  41.22	  -7.07	  -3.60
	  0.429	 -0.903	  0.006
	  0.894	  0.423	 -0.149
	  0.132	  0.070	  0.989

8 	  42.12	 -10.05	   8.93
	  0.498	 -0.105	  0.860
	  0.444	 -0.822	 -0.356
	  0.746	  0.558	 -0.363

9 	  52.22	  -5.84	  12.23
	  0.824	  0.502	  0.260
	 -0.242	  0.727	 -0.642
	 -0.516	  0.469	  0.717

2 	  41.33	   5.91	  -3.55
	  0.928	 -0.229	  0.292
	  0.257	  0.965	 -0.058
	 -0.270	  0.127	  0.954

3 	  45.26	   0.14	   1.63
	  0.552	 -0.082	  0.830
	 -0.223	  0.945	  0.240
	 -0.804	 -0.317	  0.503

4 	  39.06	   6.77	  -2.92
	  0.445	  0.895	 -0.031
	 -0.752	  0.392	  0.529
	  0.487	 -0.211	  0.847

5 	  45.65	   8.31	   8.19
	  0.807	  0.061	  0.587
	 -0.470	 -0.536	  0.701
	  0.359	 -0.841	 -0.404

6 	  55.51	   7.00	  11.34
	  0.939	 -0.162	  0.303
	 -0.051	  0.805	  0.590
	 -0.340	 -0.572	  0.746

7 	  41.24	  -7.08	  -3.60
	  0.429	 -0.904	  0.007
	  0.894	  0.423	 -0.149
	  0.131	  0.070	  0.989

8 	  42.12	 -10.07	   8.93
	  0.497	 -0.105	  0.861
	  0.445	 -0.822	 -0.356
	  0.746	  0.559	 -0.362

9 	  52.22	  -5.84	  12.23
	  0.825	  0.502	  0.258
	 -0.243	  0.726	 -0.643
	 -0.515	  0.470	  0.717

2 	  41.77	   5.64	  -3.20
	  0.671	 -0.335	  0.661
	  0.493	  0.868	 -0.058
	 -0.557	  0.364	  0.746

3 	  45.19	   0.16	   1.63
	  0.557	 -0.089	  0.825
	 -0.224	  0.941	  0.252
	 -0.800	 -0.324	  0.504

4 	  39.01	   6.80	  -2.85
	  0.446	  0.894	 -0.029
	 -0.744	  0.387	  0.544
	  0.499	 -0.221	  0.838

5 	  45.62	   8.30	   8.21
	  0.808	  0.062	  0.586
	 -0.468	 -0.539	  0.700
	  0.360	 -0.839	 -0.407

6 	  55.51	   7.01	  11.34
	  0.940	 -0.161	  0.301
	 -0.052	  0.803	  0.593
	 -0.338	 -0.575	  0.745

7 	  41.20	  -7.07	  -3.60
	  0.430	 -0.903	  0.006
	  0.893	  0.424	 -0.150
	  0.133	  0.069	  0.989

8 	  42.12	 -10.05	   8.93
	  0.498	 -0.105	  0.861
	  0.447	 -0.820	 -0.358
	  0.744	  0.562	 -0.361

9 	  52.22	  -5.84	  12.23
	  0.825	  0.502	  0.258
	 -0.244	  0.728	 -0.641
	 -0.515	  0.468	  0.719

2 	  41.84	   6.54	  -3.32
	  0.800	 -0.432	  0.416
	  0.275	  0.880	  0.386
	 -0.535	 -0.195	  0.822

3 	  45.21	   0.16	   1.63
	  0.549	 -0.085	  0.831
	 -0.224	  0.943	  0.243
	 -0.806	 -0.319	  0.499

4 	  39.04	   6.86	  -2.85
	  0.433	  0.901	 -0.023
	 -0.760	  0.377	  0.529
	  0.487	 -0.212	  0.847

5 	  45.62	   8.30	   8.23
	  0.808	  0.061	  0.586
	 -0.467	 -0.541	  0.699
	  0.361	 -0.838	 -0.409

6 	  55.49	   7.01	  11.34
	  0.941	 -0.161	  0.298
	 -0.052	  0.802	  0.595
	 -0.335	 -0.577	  0.744

7 	  41.22	  -7.05	  -3.62
	  0.432	 -0.901	  0.005
	  0.892	  0.427	 -0.150
	  0.134	  0.069	  0.989

8 	  42.12	 -10.05	   8.93
	  0.498	 -0.106	  0.861
	  0.448	 -0.819	 -0.359
	  0.744	  0.563	 -0.360

9 	  52.22	  -5.84	  12.22
	  0.824	  0.503	  0.259
	 -0.246	  0.729	 -0.640
	 -0.514	  0.466	  0.720

2 	  37.20	   7.73	  -1.97
	 -0.045	 -0.508	 -0.860
	  0.533	  0.716	 -0.451
	  0.845	 -0.479	  0.239

3 	  45.26	   0.05	   1.65
	  0.547	 -0.080	  0.833
	 -0.219	  0.947	  0.233
	 -0.809	 -0.309	  0.501

4 	  38.95	   6.70	  -2.87
	  0.382	  0.924	 -0.015
	 -0.736	  0.313	  0.600
	  0.561	 -0.218	  0.799

5 	  45.69	   8.30	   8.12
	  0.805	  0.068	  0.589
	 -0.469	 -0.535	  0.702
	  0.364	 -0.841	 -0.399

6 	  55.53	   7.03	  11.34
	  0.938	 -0.161	  0.307
	 -0.054	  0.806	  0.589
	 -0.343	 -0.571	  0.745

7 	  41.24	  -7.21	  -3.55
	  0.430	 -0.903	  0.016
	  0.892	  0.422	 -0.159
	  0.137	  0.082	  0.987

8 	  42.10	 -10.07	   9.02
	  0.494	 -0.102	  0.863
	  0.444	 -0.825	 -0.350
	  0.748	  0.555	 -0.362

9 	  52.22	  -5.87	  12.23
	  0.827	  0.501	  0.251
	 -0.243	  0.722	 -0.648
	 -0.510	  0.477	  0.715

2 	  37.28	   7.08	  -2.53
	  0.240	 -0.734	 -0.635
	  0.499	  0.654	 -0.568
	  0.833	 -0.180	  0.523

3 	  45.33	   0.05	   1.62
	  0.555	 -0.076	  0.828
	 -0.218	  0.948	  0.231
	 -0.803	 -0.308	  0.510

4 	  38.94	   6.64	  -2.90
	  0.380	  0.925	 -0.019
	 -0.734	  0.313	  0.603
	  0.564	 -0.215	  0.797

5 	  45.67	   8.30	   8.12
	  0.805	  0.068	  0.589
	 -0.469	 -0.536	  0.701
	  0.365	 -0.841	 -0.400

6 	  55.53	   7.03	  11.34
	  0.937	 -0.162	  0.308
	 -0.055	  0.806	  0.589
	 -0.344	 -0.571	  0.745

7 	  41.24	  -7.21	  -3.55
	  0.428	 -0.903	  0.015
	  0.893	  0.421	 -0.157
	  0.136	  0.081	  0.987

8 	  42.10	 -10.11	   9.00
	  0.495	 -0.102	  0.863
	  0.441	 -0.827	 -0.350
	  0.750	  0.552	 -0.364

9 	  52.24	  -5.87	  12.23
	  0.827	  0.501	  0.252
	 -0.242	  0.722	 -0.648
	 -0.511	  0.477	  0.715

2 	  37.02	   7.05	  -1.74
	  0.044	 -0.620	 -0.783
	  0.131	  0.781	 -0.611
	  0.990	 -0.075	  0.116

3 	  45.30	   0.07	   1.62
	  0.552	 -0.078	  0.830
	 -0.222	  0.946	  0.235
	 -0.804	 -0.313	  0.505

4 	  38.92	   6.75	  -2.85
	  0.362	  0.932	 -0.021
	 -0.735	  0.298	  0.609
	  0.574	 -0.205	  0.792

5 	  45.67	   8.28	   8.12
	  0.805	  0.068	  0.589
	 -0.468	 -0.538	  0.701
	  0.366	 -0.839	 -0.401

6 	  55.51	   7.01	  11.34
	  0.938	 -0.162	  0.307
	 -0.055	  0.804	  0.591
	 -0.343	 -0.573	  0.744

7 	  41.26	  -7.19	  -3.55
	  0.428	 -0.903	  0.014
	  0.893	  0.421	 -0.156
	  0.135	  0.079	  0.987

8 	  42.10	 -10.09	   9.00
	  0.495	 -0.102	  0.863
	  0.442	 -0.826	 -0.350
	  0.749	  0.553	 -0.363

9 	  52.22	  -5.89	  12.23
	  0.827	  0.502	  0.252
	 -0.243	  0.723	 -0.647
	 -0.511	  0.476	  0.715

2 	  37.20	   7.86	  -1.76
	 -0.073	 -0.360	 -0.930
	  0.531	  0.775	 -0.342
	  0.844	 -0.519	  0.135

3 	  45.28	   0.07	   1.63
	  0.549	 -0.077	  0.832
	 -0.220	  0.947	  0.232
	 -0.806	 -0.310	  0.504

4 	  38.92	   6.75	  -2.83
	  0.365	  0.931	 -0.002
	 -0.735	  0.288	  0.614
	  0.573	 -0.222	  0.789

5 	  45.67	   8.30	   8.14
	  0.805	  0.068	  0.589
	 -0.468	 -0.539	  0.700
	  0.366	 -0.839	 -0.403

6 	  55.53	   7.03	  11.32
	  0.938	 -0.161	  0.305
	 -0.055	  0.803	  0.593
	 -0.341	 -0.575	  0.744

7 	  41.26	  -7.17	  -3.57
	  0.430	 -0.903	  0.014
	  0.893	  0.423	 -0.155
	  0.134	  0.079	  0.988

8 	  42.10	 -10.09	   9.00
	  0.494	 -0.103	  0.863
	  0.443	 -0.825	 -0.350
	  0.749	  0.554	 -0.362

9 	  52.22	  -5.89	  12.22
	  0.828	  0.501	  0.251
	 -0.244	  0.723	 -0.647
	 -0.510	  0.477	  0.716

2 	  37.44	   7.47	  -2.50
	  0.300	 -0.526	 -0.796
	  0.624	  0.739	 -0.253
	  0.721	 -0.421	  0.550

3 	  45.26	   0.05	   1.65
	  0.547	 -0.078	  0.833
	 -0.219	  0.948	  0.231
	 -0.809	 -0.308	  0.501

4 	  38.92	   6.64	  -2.87
	  0.368	  0.930	 -0.006
	 -0.732	  0.293	  0.615
	  0.575	 -0.222	  0.787

5 	  45.67	   8.28	   8.12
	  0.805	  0.067	  0.589
	 -0.468	 -0.539	  0.700
	  0.366	 -0.839	 -0.403

6 	  55.55	   7.03	  11.32
	  0.938	 -0.160	  0.306
	 -0.057	  0.803	  0.593
	 -0.341	 -0.575	  0.743

7 	  41.24	  -7.19	  -3.55
	  0.430	 -0.903	  0.015
	  0.893	  0.422	 -0.156
	  0.134	  0.080	  0.988

8 	  42.10	 -10.09	   9.00
	  0.493	 -0.102	  0.864
	  0.444	 -0.825	 -0.349
	  0.749	  0.555	 -0.361

9 	  52.22	  -5.87	  12.23
	  0.828	  0.501	  0.250
	 -0.244	  0.722	 -0.648
	 -0.509	  0.478	  0.715

2 	  35.84	   2.51	  -0.95
	  0.137	 -0.803	 -0.579
	  0.044	  0.589	 -0.807
	  0.989	  0.085	  0.117

3 	  45.65	   0.16	   2.00
	  0.480	 -0.088	  0.873
	 -0.210	  0.955	  0.210
	 -0.852	 -0.284	  0.439

4 	  40.18	   7.08	  -3.36
	  0.440	  0.898	  0.016
	 -0.749	  0.356	  0.559
	  0.498	 -0.258	  0.828

5 	  45.81	   8.56	   8.33
	  0.752	  0.080	  0.653
	 -0.512	 -0.553	  0.656
	  0.415	 -0.828	 -0.376

6 	  55.63	   7.03	  11.43
	  0.940	 -0.176	  0.290
	 -0.048	  0.778	  0.626
	 -0.336	 -0.605	  0.722

7 	  41.84	  -6.98	  -3.59
	  0.450	 -0.893	  0.018
	  0.884	  0.442	 -0.153
	  0.128	  0.085	  0.988

8 	  42.19	 -10.02	   8.93
	  0.450	 -0.113	  0.886
	  0.459	 -0.822	 -0.337
	  0.767	  0.557	 -0.317

9 	  52.24	  -5.89	  12.27
	  0.831	  0.495	  0.252
	 -0.240	  0.724	 -0.646
	 -0.507	  0.479	  0.717

2 	  35.95	   2.04	  -1.11
	  0.414	 -0.811	 -0.413
	  0.086	  0.487	 -0.869
	  0.906	  0.324	  0.272

3 	  45.65	   0.16	   2.00
	  0.479	 -0.087	  0.873
	 -0.210	  0.955	  0.209
	 -0.853	 -0.283	  0.439

4 	  40.18	   7.07	  -3.38
	  0.442	  0.897	  0.015
	 -0.748	  0.357	  0.559
	  0.498	 -0.258	  0.828

5 	  45.81	   8.56	   8.33
	  0.752	  0.080	  0.654
	 -0.513	 -0.553	  0.656
	  0.416	 -0.828	 -0.375

6 	  55.63	   7.03	  11.43
	  0.941	 -0.175	  0.291
	 -0.048	  0.778	  0.625
	 -0.336	 -0.604	  0.722

7 	  41.82	  -7.00	  -3.59
	  0.451	 -0.892	  0.019
	  0.883	  0.442	 -0.154
	  0.129	  0.086	  0.988

8 	  42.19	 -10.02	   8.93
	  0.449	 -0.113	  0.886
	  0.459	 -0.822	 -0.336
	  0.767	  0.556	 -0.317

9 	  52.24	  -5.89	  12.25
	  0.831	  0.495	  0.252
	 -0.241	  0.725	 -0.646
	 -0.506	  0.479	  0.717

2 	  35.82	   2.62	  -0.56
	 -0.055	 -0.685	 -0.727
	 -0.141	  0.726	 -0.673
	  0.988	  0.066	 -0.136

3 	  45.67	   0.16	   1.97
	  0.483	 -0.087	  0.871
	 -0.210	  0.955	  0.210
	 -0.850	 -0.284	  0.443

4 	  40.22	   7.05	  -3.39
	  0.444	  0.896	  0.013
	 -0.746	  0.360	  0.560
	  0.499	 -0.258	  0.827

5 	  45.81	   8.54	   8.31
	  0.751	  0.080	  0.655
	 -0.514	 -0.553	  0.656
	  0.416	 -0.829	 -0.375

6 	  55.65	   7.03	  11.43
	  0.940	 -0.176	  0.290
	 -0.048	  0.778	  0.626
	 -0.337	 -0.604	  0.722

7 	  41.82	  -7.00	  -3.59
	  0.449	 -0.893	  0.017
	  0.884	  0.441	 -0.154
	  0.130	  0.084	  0.988

8 	  42.19	 -10.02	   8.93
	  0.450	 -0.113	  0.885
	  0.457	 -0.823	 -0.336
	  0.768	  0.555	 -0.319

9 	  52.24	  -5.87	  12.27
	  0.830	  0.496	  0.253
	 -0.241	  0.725	 -0.646
	 -0.508	  0.478	  0.717

2 	  36.04	   3.38	  -1.32
	  0.115	 -0.591	 -0.798
	  0.564	  0.700	 -0.437
	  0.818	 -0.400	  0.414

3 	  45.67	   0.14	   1.99
	  0.479	 -0.087	  0.873
	 -0.210	  0.955	  0.208
	 -0.853	 -0.282	  0.439

4 	  40.22	   7.07	  -3.39
	  0.442	  0.897	  0.014
	 -0.748	  0.359	  0.558
	  0.497	 -0.257	  0.829

5 	  45.83	   8.56	   8.33
	  0.751	  0.080	  0.655
	 -0.514	 -0.552	  0.656
	  0.416	 -0.829	 -0.375

6 	  55.67	   7.03	  11.43
	  0.940	 -0.176	  0.290
	 -0.048	  0.777	  0.627
	 -0.337	 -0.605	  0.721

7 	  41.82	  -7.00	  -3.60
	  0.449	 -0.893	  0.017
	  0.884	  0.441	 -0.154
	  0.130	  0.084	  0.988

8 	  42.19	 -10.02	   8.91
	  0.450	 -0.113	  0.886
	  0.458	 -0.823	 -0.336
	  0.768	  0.556	 -0.318

9 	  52.24	  -5.89	  12.27
	  0.830	  0.496	  0.253
	 -0.241	  0.726	 -0.645
	 -0.507	  0.477	  0.718

2 	  36.02	   2.46	  -1.53
	  0.386	 -0.783	 -0.488
	  0.358	  0.614	 -0.703
	  0.850	  0.096	  0.518

3 	  45.65	   0.16	   2.00
	  0.478	 -0.087	  0.874
	 -0.210	  0.955	  0.208
	 -0.854	 -0.282	  0.438

4 	  40.20	   7.08	  -3.39
	  0.442	  0.897	  0.016
	 -0.749	  0.357	  0.558
	  0.496	 -0.258	  0.829

5 	  45.81	   8.56	   8.33
	  0.751	  0.079	  0.655
	 -0.514	 -0.554	  0.655
	  0.416	 -0.828	 -0.376

6 	  55.65	   7.05	  11.43
	  0.941	 -0.176	  0.289
	 -0.048	  0.777	  0.627
	 -0.336	 -0.606	  0.721

7 	  41.84	  -6.98	  -3.59
	  0.451	 -0.892	  0.017
	  0.883	  0.443	 -0.152
	  0.128	  0.084	  0.988

8 	  42.19	 -10.02	   8.91
	  0.450	 -0.113	  0.886
	  0.459	 -0.822	 -0.337
	  0.767	  0.557	 -0.317

9 	  52.24	  -5.89	  12.27
	  0.830	  0.496	  0.253
	 -0.242	  0.726	 -0.644
	 -0.507	  0.476	  0.718

2 	  36.56	   4.87	   2.76
	 -0.434	 -0.897	 -0.077
	 -0.083	  0.125	 -0.989
	  0.897	 -0.423	 -0.128

3 	  46.09	   0.04	   2.37
	  0.413	 -0.075	  0.907
	 -0.219	  0.959	  0.177
	 -0.885	 -0.271	  0.379

4 	  41.45	   6.94	  -3.73
	  0.463	  0.885	  0.053
	 -0.772	  0.372	  0.515
	  0.437	 -0.279	  0.855

5 	  45.62	   8.60	   8.67
	  0.686	  0.112	  0.719
	 -0.539	 -0.587	  0.604
	  0.492	 -0.800	 -0.343

6 	  55.48	   7.07	  11.43
	  0.954	 -0.174	  0.241
	 -0.013	  0.785	  0.619
	 -0.298	 -0.596	  0.746

7 	  42.56	  -7.10	  -3.48
	  0.455	 -0.890	  0.042
	  0.886	  0.448	 -0.116
	  0.084	  0.089	  0.992

8 	  42.26	 -10.12	   9.02
	  0.402	 -0.118	  0.908
	  0.468	 -0.826	 -0.313
	  0.788	  0.550	 -0.276

9 	  52.21	  -5.85	  12.22
	  0.830	  0.508	  0.226
	 -0.267	  0.718	 -0.643
	 -0.494	  0.476	  0.728

2 	  36.46	   4.22	   2.29
	 -0.166	 -0.980	  0.110
	  0.152	 -0.136	 -0.979
	  0.974	 -0.145	  0.172

3 	  46.07	   0.04	   2.39
	  0.411	 -0.075	  0.908
	 -0.219	  0.959	  0.177
	 -0.885	 -0.271	  0.378

4 	  41.43	   6.94	  -3.73
	  0.464	  0.884	  0.054
	 -0.771	  0.371	  0.517
	  0.438	 -0.281	  0.854

5 	  45.62	   8.60	   8.67
	  0.685	  0.112	  0.719
	 -0.539	 -0.587	  0.604
	  0.492	 -0.800	 -0.342

6 	  55.48	   7.08	  11.43
	  0.955	 -0.173	  0.240
	 -0.013	  0.785	  0.619
	 -0.297	 -0.596	  0.746

7 	  42.56	  -7.10	  -3.50
	  0.455	 -0.890	  0.041
	  0.886	  0.448	 -0.115
	  0.084	  0.088	  0.992

8 	  42.26	 -10.12	   9.02
	  0.401	 -0.118	  0.908
	  0.468	 -0.827	 -0.313
	  0.788	  0.549	 -0.276

9 	  52.21	  -5.87	  12.20
	  0.831	  0.508	  0.226
	 -0.266	  0.718	 -0.643
	 -0.493	  0.477	  0.728

2 	  36.70	   5.22	   2.27
	 -0.540	 -0.728	 -0.422
	  0.381	  0.236	 -0.894
	  0.751	 -0.643	  0.149

3 	  46.11	   0.04	   2.34
	  0.420	 -0.077	  0.904
	 -0.219	  0.959	  0.181
	 -0.881	 -0.273	  0.386

4 	  41.43	   6.96	  -3.74
	  0.463	  0.885	  0.051
	 -0.768	  0.370	  0.523
	  0.445	 -0.281	  0.850

5 	  45.62	   8.60	   8.65
	  0.686	  0.112	  0.719
	 -0.538	 -0.589	  0.603
	  0.493	 -0.799	 -0.344

6 	  55.48	   7.07	  11.43
	  0.954	 -0.175	  0.242
	 -0.013	  0.785	  0.619
	 -0.298	 -0.596	  0.745

7 	  42.57	  -7.08	  -3.52
	  0.454	 -0.890	  0.037
	  0.886	  0.447	 -0.119
	  0.089	  0.087	  0.992

8 	  42.26	 -10.11	   8.98
	  0.402	 -0.119	  0.908
	  0.464	 -0.828	 -0.313
	  0.790	  0.546	 -0.277

9 	  52.22	  -5.85	  12.20
	  0.829	  0.509	  0.230
	 -0.265	  0.718	 -0.644
	 -0.497	  0.476	  0.726

2 	  36.74	   5.40	   2.99
	 -0.672	 -0.546	 -0.501
	  0.262	  0.458	 -0.849
	  0.693	 -0.701	 -0.165

3 	  46.12	   0.05	   2.32
	  0.423	 -0.079	  0.902
	 -0.217	  0.959	  0.183
	 -0.880	 -0.272	  0.389

4 	  41.43	   6.98	  -3.74
	  0.463	  0.885	  0.052
	 -0.768	  0.369	  0.524
	  0.446	 -0.282	  0.849

5 	  45.62	   8.61	   8.67
	  0.685	  0.112	  0.720
	 -0.538	 -0.590	  0.602
	  0.494	 -0.798	 -0.344

6 	  55.48	   7.07	  11.41
	  0.954	 -0.176	  0.240
	 -0.011	  0.784	  0.620
	 -0.298	 -0.596	  0.745

7 	  42.56	  -7.07	  -3.52
	  0.453	 -0.891	  0.035
	  0.887	  0.447	 -0.117
	  0.088	  0.084	  0.992

8 	  42.26	 -10.11	   8.98
	  0.401	 -0.120	  0.908
	  0.464	 -0.828	 -0.313
	  0.790	  0.547	 -0.276

9 	  52.21	  -5.85	  12.22
	  0.830	  0.507	  0.232
	 -0.263	  0.720	 -0.643
	 -0.497	  0.475	  0.726

2 	  36.37	   4.48	   2.53
	 -0.340	 -0.919	 -0.198
	  0.122	  0.165	 -0.979
	  0.932	 -0.357	  0.056

3 	  46.11	   0.04	   2.37
	  0.399	 -0.072	  0.914
	 -0.217	  0.961	  0.168
	 -0.891	 -0.265	  0.367

4 	  41.45	   6.94	  -3.74
	  0.464	  0.884	  0.053
	 -0.767	  0.370	  0.523
	  0.444	 -0.283	  0.850

5 	  45.63	   8.60	   8.67
	  0.684	  0.111	  0.720
	 -0.540	 -0.588	  0.602
	  0.493	 -0.800	 -0.343

6 	  55.48	   7.07	  11.41
	  0.954	 -0.175	  0.241
	 -0.012	  0.785	  0.619
	 -0.298	 -0.596	  0.746

7 	  42.57	  -7.10	  -3.52
	  0.454	 -0.890	  0.039
	  0.887	  0.447	 -0.113
	  0.083	  0.086	  0.993

8 	  42.26	 -10.12	   9.00
	  0.398	 -0.117	  0.910
	  0.467	 -0.828	 -0.310
	  0.791	  0.547	 -0.274

9 	  52.21	  -5.85	  12.22
	  0.830	  0.508	  0.229
	 -0.264	  0.717	 -0.645
	 -0.497	  0.477	  0.725

2 	  47.62	  11.50	   8.07
	 -0.468	 -0.200	 -0.861
	  0.875	 -0.250	 -0.415
	 -0.137	 -0.947	  0.289

3 	  45.65	  -0.33	   2.00
	  0.449	 -0.092	  0.889
	 -0.133	  0.977	  0.167
	 -0.884	 -0.193	  0.426

4 	  40.99	   6.66	  -3.20
	  0.423	  0.903	  0.065
	 -0.789	  0.332	  0.516
	  0.446	 -0.269	  0.853

5 	  45.77	  10.39	   8.49
	  0.697	  0.155	  0.700
	 -0.648	 -0.284	  0.707
	  0.309	 -0.946	 -0.097

6 	  55.37	   7.40	  11.44
	  0.928	 -0.303	  0.214
	  0.103	  0.764	  0.636
	 -0.358	 -0.571	  0.738

7 	  41.54	  -7.56	  -3.04
	  0.387	 -0.918	  0.088
	  0.918	  0.375	 -0.131
	  0.087	  0.131	  0.987

8 	  42.59	 -10.30	   9.62
	  0.511	 -0.072	  0.857
	  0.482	 -0.802	 -0.353
	  0.714	  0.592	 -0.375

9 	  52.51	  -5.54	  12.73
	  0.802	  0.549	  0.232
	 -0.236	  0.648	 -0.724
	 -0.551	  0.528	  0.646

2 	  47.06	  11.32	   7.47
	 -0.537	 -0.583	 -0.609
	  0.807	 -0.145	 -0.572
	  0.246	 -0.799	  0.549

3 	  45.77	  -0.23	   1.95
	  0.515	 -0.111	  0.850
	 -0.136	  0.969	  0.207
	 -0.847	 -0.222	  0.483

4 	  41.01	   6.86	  -3.06
	  0.439	  0.895	  0.075
	 -0.770	  0.332	  0.544
	  0.464	 -0.296	  0.835

5 	  45.74	  10.37	   8.44
	  0.693	  0.172	  0.700
	 -0.638	 -0.307	  0.706
	  0.338	 -0.935	 -0.103

6 	  55.37	   7.38	  11.43
	  0.929	 -0.303	  0.211
	  0.106	  0.765	  0.635
	 -0.356	 -0.571	  0.740

7 	  41.57	  -7.47	  -3.06
	  0.387	 -0.918	  0.082
	  0.915	  0.371	 -0.154
	  0.111	  0.135	  0.984

8 	  42.63	 -10.28	   9.56
	  0.510	 -0.076	  0.857
	  0.482	 -0.800	 -0.357
	  0.714	  0.594	 -0.370

9 	  52.51	  -5.54	  12.73
	  0.802	  0.548	  0.236
	 -0.234	  0.650	 -0.723
	 -0.553	  0.526	  0.646

2 	  47.30	  11.48	   7.72
	 -0.550	 -0.375	 -0.746
	  0.833	 -0.186	 -0.520
	  0.054	 -0.908	  0.414

3 	  45.70	  -0.23	   2.00
	  0.515	 -0.111	  0.850
	 -0.132	  0.969	  0.206
	 -0.847	 -0.218	  0.484

4 	  40.99	   6.87	  -3.08
	  0.448	  0.891	  0.070
	 -0.765	  0.340	  0.547
	  0.466	 -0.298	  0.833

5 	  45.81	  10.46	   8.40
	  0.705	  0.157	  0.691
	 -0.645	 -0.265	  0.717
	  0.297	 -0.951	 -0.085

6 	  55.39	   7.38	  11.41
	  0.927	 -0.307	  0.215
	  0.107	  0.764	  0.635
	 -0.361	 -0.569	  0.738

7 	  41.52	  -7.47	  -3.04
	  0.392	 -0.916	  0.085
	  0.914	  0.377	 -0.152
	  0.107	  0.137	  0.985

8 	  42.61	 -10.27	   9.56
	  0.508	 -0.078	  0.858
	  0.485	 -0.797	 -0.358
	  0.713	  0.597	 -0.367

9 	  52.51	  -5.54	  12.73
	  0.803	  0.548	  0.235
	 -0.233	  0.648	 -0.725
	 -0.552	  0.529	  0.644

2 	  47.65	  11.55	   8.54
	 -0.449	  0.104	 -0.887
	  0.875	 -0.156	 -0.458
	 -0.191	 -0.981	 -0.023

3 	  45.69	  -0.23	   1.99
	  0.518	 -0.112	  0.847
	 -0.134	  0.969	  0.209
	 -0.845	 -0.221	  0.487

4 	  40.97	   6.87	  -3.09
	  0.448	  0.891	  0.070
	 -0.764	  0.340	  0.549
	  0.466	 -0.299	  0.832

5 	  45.81	  10.46	   8.46
	  0.703	  0.157	  0.693
	 -0.648	 -0.261	  0.715
	  0.294	 -0.952	 -0.082

6 	  55.39	   7.38	  11.41
	  0.927	 -0.307	  0.216
	  0.106	  0.765	  0.635
	 -0.362	 -0.569	  0.738

7 	  41.54	  -7.47	  -3.06
	  0.393	 -0.916	  0.084
	  0.912	  0.377	 -0.157
	  0.112	  0.138	  0.984

8 	  42.63	 -10.27	   9.54
	  0.509	 -0.078	  0.857
	  0.484	 -0.798	 -0.359
	  0.713	  0.596	 -0.368

9 	  52.51	  -5.54	  12.73
	  0.802	  0.548	  0.236
	 -0.233	  0.649	 -0.724
	 -0.553	  0.528	  0.645

2 	  47.69	  11.27	   7.59
	 -0.431	 -0.396	 -0.811
	  0.887	 -0.354	 -0.297
	 -0.174	 -0.847	  0.501

3 	  45.74	  -0.23	   1.95
	  0.522	 -0.111	  0.845
	 -0.133	  0.969	  0.208
	 -0.842	 -0.221	  0.491

4 	  40.97	   6.86	  -3.13
	  0.447	  0.892	  0.067
	 -0.762	  0.339	  0.551
	  0.470	 -0.297	  0.831

5 	  45.84	  10.46	   8.40
	  0.703	  0.157	  0.693
	 -0.649	 -0.257	  0.716
	  0.292	 -0.953	 -0.079

6 	  55.39	   7.38	  11.41
	  0.925	 -0.309	  0.219
	  0.105	  0.766	  0.634
	 -0.365	 -0.567	  0.738

7 	  41.55	  -7.47	  -3.06
	  0.393	 -0.916	  0.083
	  0.913	  0.377	 -0.158
	  0.114	  0.138	  0.984

8 	  42.63	 -10.27	   9.54
	  0.509	 -0.078	  0.857
	  0.482	 -0.799	 -0.358
	  0.714	  0.595	 -0.369

9 	  52.51	  -5.54	  12.74
	  0.802	  0.548	  0.237
	 -0.232	  0.649	 -0.724
	 -0.554	  0.527	  0.644

2 	  45.74	   9.47	  11.94
	 -0.538	 -0.814	 -0.217
	 -0.592	  0.548	 -0.591
	  0.603	 -0.189	 -0.775

3 	  45.72	  -0.23	   1.95
	  0.526	 -0.110	  0.843
	 -0.133	  0.969	  0.209
	 -0.840	 -0.221	  0.495

4 	  40.99	   6.84	  -3.15
	  0.450	  0.891	  0.063
	 -0.759	  0.344	  0.552
	  0.472	 -0.296	  0.830

5 	  45.93	  10.46	   8.40
	  0.699	  0.158	  0.697
	 -0.658	 -0.240	  0.714
	  0.281	 -0.958	 -0.064

6 	  55.42	   7.37	  11.41
	  0.922	 -0.313	  0.227
	  0.105	  0.767	  0.633
	 -0.374	 -0.563	  0.737

7 	  41.55	  -7.51	  -3.06
	  0.393	 -0.916	  0.084
	  0.912	  0.377	 -0.159
	  0.114	  0.139	  0.984

8 	  42.61	 -10.28	   9.56
	  0.509	 -0.078	  0.857
	  0.482	 -0.800	 -0.357
	  0.714	  0.594	 -0.369

9 	  52.52	  -5.55	  12.73
	  0.802	  0.548	  0.235
	 -0.232	  0.647	 -0.726
	 -0.553	  0.530	  0.643

2 	  45.70	   9.00	  11.74
	 -0.230	 -0.926	 -0.301
	 -0.686	  0.371	 -0.626
	  0.693	  0.064	 -0.718

3 	  45.70	  -0.25	   1.97
	  0.523	 -0.109	  0.845
	 -0.132	  0.969	  0.206
	 -0.842	 -0.219	  0.493

4 	  40.96	   6.82	  -3.16
	  0.452	  0.890	  0.061
	 -0.758	  0.346	  0.552
	  0.472	 -0.295	  0.830

5 	  45.93	  10.44	   8.38
	  0.700	  0.158	  0.696
	 -0.657	 -0.242	  0.714
	  0.282	 -0.957	 -0.065

6 	  55.42	   7.35	  11.41
	  0.921	 -0.314	  0.230
	  0.105	  0.769	  0.630
	 -0.376	 -0.560	  0.739

7 	  41.52	  -7.52	  -3.04
	  0.393	 -0.915	  0.086
	  0.913	  0.377	 -0.158
	  0.112	  0.140	  0.984

8 	  42.59	 -10.30	   9.58
	  0.508	 -0.077	  0.858
	  0.483	 -0.800	 -0.356
	  0.715	  0.594	 -0.369

9 	  52.52	  -5.57	  12.73
	  0.803	  0.547	  0.233
	 -0.232	  0.646	 -0.728
	 -0.552	  0.532	  0.642

2 	  46.07	   9.23	  12.08
	 -0.575	 -0.793	 -0.200
	 -0.728	  0.607	 -0.317
	  0.374	 -0.037	 -0.927

3 	  45.67	  -0.23	   2.00
	  0.519	 -0.110	  0.847
	 -0.133	  0.969	  0.206
	 -0.844	 -0.219	  0.489

4 	  40.97	   6.84	  -3.15
	  0.452	  0.890	  0.062
	 -0.759	  0.346	  0.552
	  0.471	 -0.295	  0.831

5 	  45.95	  10.48	   8.37
	  0.703	  0.158	  0.693
	 -0.654	 -0.241	  0.717
	  0.282	 -0.957	 -0.066

6 	  55.42	   7.35	  11.41
	  0.921	 -0.314	  0.231
	  0.104	  0.768	  0.631
	 -0.377	 -0.560	  0.737

7 	  41.52	  -7.51	  -3.04
	  0.395	 -0.914	  0.086
	  0.912	  0.379	 -0.156
	  0.110	  0.140	  0.984

8 	  42.59	 -10.28	   9.58
	  0.508	 -0.077	  0.858
	  0.483	 -0.799	 -0.356
	  0.714	  0.594	 -0.369

9 	  52.51	  -5.55	  12.73
	  0.803	  0.548	  0.232
	 -0.232	  0.646	 -0.728
	 -0.552	  0.532	  0.642

2 	  45.53	   9.56	  11.37
	 -0.448	 -0.830	 -0.333
	 -0.408	  0.519	 -0.751
	  0.798	 -0.201	 -0.569

3 	  45.69	  -0.25	   1.97
	  0.522	 -0.109	  0.845
	 -0.132	  0.969	  0.206
	 -0.843	 -0.219	  0.492

4 	  40.97	   6.80	  -3.18
	  0.453	  0.889	  0.060
	 -0.757	  0.347	  0.553
	  0.472	 -0.295	  0.830

5 	  45.98	  10.49	   8.30
	  0.699	  0.162	  0.696
	 -0.658	 -0.234	  0.715
	  0.279	 -0.959	 -0.057

6 	  55.44	   7.33	  11.41
	  0.919	 -0.315	  0.236
	  0.104	  0.771	  0.628
	 -0.382	 -0.556	  0.738

7 	  41.52	  -7.54	  -3.04
	  0.393	 -0.916	  0.085
	  0.912	  0.376	 -0.159
	  0.114	  0.140	  0.983

8 	  42.59	 -10.28	   9.58
	  0.509	 -0.076	  0.857
	  0.481	 -0.801	 -0.355
	  0.715	  0.592	 -0.371

9 	  52.52	  -5.55	  12.73
	  0.803	  0.547	  0.233
	 -0.231	  0.646	 -0.728
	 -0.552	  0.533	  0.641

2 	  45.86	   8.91	  11.72
	 -0.237	 -0.901	 -0.363
	 -0.770	  0.401	 -0.497
	  0.595	  0.164	 -0.787

3 	  45.74	  -0.25	   1.93
	  0.526	 -0.108	  0.843
	 -0.130	  0.970	  0.205
	 -0.840	 -0.217	  0.496

4 	  40.97	   6.80	  -3.20
	  0.453	  0.890	  0.057
	 -0.755	  0.348	  0.555
	  0.475	 -0.294	  0.829

5 	  45.98	  10.51	   8.28
	  0.699	  0.165	  0.695
	 -0.654	 -0.246	  0.715
	  0.290	 -0.955	 -0.065

6 	  55.44	   7.35	  11.41
	  0.918	 -0.317	  0.239
	  0.104	  0.772	  0.627
	 -0.385	 -0.554	  0.738

7 	  41.54	  -7.54	  -3.02
	  0.391	 -0.917	  0.084
	  0.913	  0.375	 -0.158
	  0.113	  0.138	  0.984

8 	  42.59	 -10.30	   9.60
	  0.509	 -0.076	  0.857
	  0.480	 -0.802	 -0.355
	  0.716	  0.591	 -0.371

9 	  52.52	  -5.55	  12.73
	  0.803	  0.547	  0.233
	 -0.232	  0.645	 -0.728
	 -0.551	  0.533	  0.642

2 	  55.65	   4.38	  11.06
	  0.312	 -0.715	  0.626
	  0.943	  0.149	 -0.297
	  0.122	  0.679	  0.723

3 	  45.65	  -0.23	   1.97
	  0.514	 -0.100	  0.851
	 -0.131	  0.972	  0.192
	 -0.848	 -0.210	  0.487

4 	  40.89	   6.75	  -3.27
	  0.443	  0.895	  0.052
	 -0.764	  0.344	  0.546
	  0.472	 -0.281	  0.835

5 	  45.86	  10.58	   8.40
	  0.713	  0.213	  0.667
	 -0.584	 -0.347	  0.734
	  0.389	 -0.913	 -0.124

6 	  55.48	   7.44	  11.48
	  0.927	 -0.259	  0.269
	  0.049	  0.798	  0.600
	 -0.371	 -0.547	  0.751

7 	  41.52	  -7.58	  -2.97
	  0.398	 -0.913	  0.092
	  0.911	  0.381	 -0.155
	  0.106	  0.145	  0.984

8 	  42.59	 -10.28	   9.65
	  0.503	 -0.078	  0.860
	  0.482	 -0.801	 -0.354
	  0.719	  0.592	 -0.365

9 	  52.49	  -5.55	  12.71
	  0.805	  0.548	  0.225
	 -0.237	  0.643	 -0.728
	 -0.547	  0.534	  0.644

2 	  55.63	   4.15	  11.67
	  0.284	 -0.416	  0.864
	  0.955	  0.042	 -0.292
	  0.088	  0.906	  0.412

3 	  45.65	  -0.23	   1.95
	  0.518	 -0.098	  0.849
	 -0.133	  0.972	  0.193
	 -0.845	 -0.213	  0.490

4 	  40.85	   6.77	  -3.27
	  0.443	  0.895	  0.051
	 -0.760	  0.343	  0.551
	  0.477	 -0.282	  0.832

5 	  45.86	  10.56	   8.37
	  0.714	  0.214	  0.667
	 -0.583	 -0.348	  0.734
	  0.391	 -0.912	 -0.124

6 	  55.49	   7.44	  11.48
	  0.927	 -0.257	  0.273
	  0.046	  0.799	  0.599
	 -0.373	 -0.545	  0.750

7 	  41.45	  -7.54	  -3.02
	  0.390	 -0.917	  0.087
	  0.914	  0.373	 -0.161
	  0.115	  0.142	  0.983

8 	  42.56	 -10.27	   9.62
	  0.509	 -0.075	  0.857
	  0.478	 -0.804	 -0.353
	  0.717	  0.588	 -0.373

9 	  52.49	  -5.55	  12.71
	  0.805	  0.548	  0.225
	 -0.237	  0.644	 -0.727
	 -0.547	  0.534	  0.645

2 	  55.35	   4.38	  10.78
	  0.343	 -0.733	  0.587
	  0.853	 -0.024	 -0.521
	  0.400	  0.675	  0.619

3 	  45.62	  -0.21	   1.90
	  0.515	 -0.097	  0.851
	 -0.128	  0.974	  0.187
	 -0.847	 -0.206	  0.489

4 	  40.83	   6.80	  -3.27
	  0.441	  0.896	  0.053
	 -0.761	  0.340	  0.552
	  0.478	 -0.284	  0.831

5 	  45.86	  10.56	   8.38
	  0.714	  0.212	  0.667
	 -0.581	 -0.353	  0.733
	  0.392	 -0.911	 -0.130

6 	  55.48	   7.47	  11.48
	  0.929	 -0.258	  0.266
	  0.048	  0.795	  0.604
	 -0.369	 -0.551	  0.748

7 	  41.47	  -7.52	  -3.02
	  0.391	 -0.916	  0.085
	  0.914	  0.376	 -0.154
	  0.109	  0.138	  0.984

8 	  42.56	 -10.25	   9.60
	  0.509	 -0.076	  0.857
	  0.479	 -0.803	 -0.354
	  0.716	  0.590	 -0.372

9 	  52.49	  -5.54	  12.71
	  0.804	  0.548	  0.228
	 -0.236	  0.645	 -0.727
	 -0.548	  0.533	  0.645

2 	  55.92	   4.73	  10.85
	  0.342	 -0.821	  0.458
	  0.937	  0.333	 -0.101
	 -0.068	  0.462	  0.884

3 	  45.63	  -0.21	   1.92
	  0.513	 -0.095	  0.853
	 -0.131	  0.974	  0.186
	 -0.849	 -0.207	  0.487

4 	  40.85	   6.80	  -3.29
	  0.440	  0.896	  0.054
	 -0.763	  0.340	  0.550
	  0.476	 -0.282	  0.833

5 	  45.84	  10.58	   8.37
	  0.715	  0.213	  0.666
	 -0.580	 -0.353	  0.734
	  0.393	 -0.910	 -0.130

6 	  55.48	   7.44	  11.46
	  0.927	 -0.253	  0.276
	  0.042	  0.803	  0.593
	 -0.373	 -0.542	  0.753

7 	  41.48	  -7.52	  -3.02
	  0.392	 -0.916	  0.087
	  0.913	  0.375	 -0.158
	  0.111	  0.141	  0.984

8 	  42.57	 -10.25	   9.62
	  0.508	 -0.076	  0.858
	  0.480	 -0.803	 -0.354
	  0.717	  0.590	 -0.371

9 	  52.49	  -5.55	  12.71
	  0.805	  0.547	  0.228
	 -0.235	  0.645	 -0.728
	 -0.548	  0.534	  0.644

2 	  55.97	   4.39	  11.65
	  0.230	 -0.499	  0.835
	  0.960	  0.256	 -0.111
	 -0.159	  0.828	  0.538

3 	  45.62	  -0.19	   1.95
	  0.515	 -0.097	  0.852
	 -0.134	  0.972	  0.191
	 -0.847	 -0.212	  0.487

4 	  40.85	   6.82	  -3.25
	  0.442	  0.895	  0.055
	 -0.762	  0.341	  0.550
	  0.475	 -0.285	  0.832

5 	  45.84	  10.58	   8.38
	  0.714	  0.213	  0.667
	 -0.581	 -0.354	  0.733
	  0.394	 -0.910	 -0.130

6 	  55.48	   7.45	  11.48
	  0.927	 -0.265	  0.265
	  0.054	  0.794	  0.605
	 -0.372	 -0.549	  0.748

7 	  41.48	  -7.52	  -3.01
	  0.394	 -0.915	  0.089
	  0.912	  0.377	 -0.161
	  0.113	  0.144	  0.983

8 	  42.57	 -10.25	   9.62
	  0.507	 -0.077	  0.858
	  0.480	 -0.802	 -0.355
	  0.717	  0.591	 -0.370

9 	  52.49	  -5.55	  12.71
	  0.805	  0.547	  0.227
	 -0.235	  0.644	 -0.728
	 -0.548	  0.535	  0.644

2 	  56.21	   8.67	  13.15
	  0.514	 -0.061	 -0.855
	  0.775	 -0.399	  0.490
	 -0.377	 -0.914	 -0.154

3 	  45.58	  -0.47	   1.74
	  0.554	 -0.071	  0.829
	 -0.142	  0.974	  0.176
	 -0.821	 -0.215	  0.529

4 	  40.25	   6.10	  -3.92
	  0.507	  0.861	 -0.024
	 -0.688	  0.421	  0.591
	  0.521	 -0.283	  0.805

5 	  46.28	  10.41	   6.64
	  0.757	  0.218	  0.616
	 -0.589	 -0.180	  0.787
	  0.284	 -0.959	 -0.008

6 	  55.46	   6.79	  11.04
	  0.866	 -0.281	  0.413
	  0.119	  0.918	  0.377
	 -0.488	 -0.281	  0.826

7 	  41.31	  -7.84	  -2.97
	  0.382	 -0.919	  0.099
	  0.919	  0.367	 -0.142
	  0.094	  0.146	  0.985

8 	  42.49	 -10.32	   9.72
	  0.520	 -0.063	  0.852
	  0.469	 -0.813	 -0.344
	  0.715	  0.577	 -0.393

9 	  52.47	  -5.57	  12.69
	  0.806	  0.551	  0.216
	 -0.238	  0.633	 -0.737
	 -0.545	  0.544	  0.638

2 	  55.92	   8.81	  12.88
	  0.399	 -0.102	 -0.911
	  0.899	 -0.155	  0.410
	 -0.185	 -0.982	  0.032

3 	  45.54	  -0.46	   1.79
	  0.551	 -0.071	  0.831
	 -0.141	  0.974	  0.176
	 -0.822	 -0.214	  0.527

4 	  40.24	   6.10	  -3.90
	  0.511	  0.859	 -0.022
	 -0.688	  0.424	  0.589
	  0.517	 -0.286	  0.806

5 	  46.28	  10.41	   6.66
	  0.757	  0.218	  0.616
	 -0.589	 -0.182	  0.787
	  0.284	 -0.959	 -0.010

6 	  55.46	   6.84	  11.06
	  0.866	 -0.269	  0.421
	  0.095	  0.915	  0.391
	 -0.492	 -0.303	  0.816

7 	  41.27	  -7.84	  -2.95
	  0.383	 -0.918	  0.102
	  0.919	  0.367	 -0.144
	  0.094	  0.149	  0.984

8 	  42.47	 -10.32	   9.72
	  0.521	 -0.063	  0.851
	  0.469	 -0.812	 -0.346
	  0.714	  0.578	 -0.393

9 	  52.47	  -5.59	  12.69
	  0.807	  0.550	  0.214
	 -0.238	  0.632	 -0.738
	 -0.544	  0.546	  0.637

2 	  56.06	   8.65	  13.29
	  0.395	  0.128	 -0.909
	  0.878	 -0.344	  0.331
	 -0.274	 -0.930	 -0.245

3 	  45.49	  -0.46	   1.81
	  0.550	 -0.073	  0.832
	 -0.141	  0.974	  0.178
	 -0.823	 -0.215	  0.525

4 	  40.22	   6.12	  -3.87
	  0.514	  0.858	 -0.020
	 -0.687	  0.424	  0.590
	  0.516	 -0.289	  0.806

5 	  46.27	  10.37	   6.70
	  0.757	  0.216	  0.616
	 -0.588	 -0.185	  0.787
	  0.285	 -0.958	 -0.013

6 	  55.46	   6.80	  11.06
	  0.866	 -0.270	  0.420
	  0.097	  0.916	  0.389
	 -0.491	 -0.301	  0.818

7 	  41.24	  -7.84	  -2.95
	  0.383	 -0.918	  0.104
	  0.919	  0.367	 -0.145
	  0.094	  0.151	  0.984

8 	  42.45	 -10.32	   9.72
	  0.521	 -0.063	  0.851
	  0.470	 -0.812	 -0.347
	  0.714	  0.579	 -0.393

9 	  52.45	  -5.59	  12.67
	  0.807	  0.550	  0.212
	 -0.238	  0.631	 -0.739
	 -0.543	  0.548	  0.636

2 	  56.16	   8.68	  13.11
	  0.509	 -0.086	 -0.856
	  0.793	 -0.344	  0.502
	 -0.343	 -0.934	 -0.103

3 	  45.51	  -0.46	   1.79
	  0.553	 -0.073	  0.829
	 -0.141	  0.974	  0.178
	 -0.821	 -0.215	  0.528

4 	  40.24	   6.13	  -3.87
	  0.513	  0.858	 -0.020
	 -0.687	  0.423	  0.591
	  0.517	 -0.290	  0.805

5 	  46.27	  10.37	   6.70
	  0.758	  0.216	  0.615
	 -0.587	 -0.185	  0.788
	  0.285	 -0.958	 -0.014

6 	  55.46	   6.79	  11.06
	  0.866	 -0.274	  0.417
	  0.105	  0.916	  0.385
	 -0.490	 -0.294	  0.821

7 	  41.26	  -7.82	  -2.95
	  0.382	 -0.918	  0.102
	  0.919	  0.366	 -0.146
	  0.097	  0.150	  0.984

8 	  42.45	 -10.30	   9.72
	  0.522	 -0.063	  0.850
	  0.469	 -0.812	 -0.347
	  0.713	  0.579	 -0.394

9 	  52.45	  -5.59	  12.67
	  0.807	  0.550	  0.213
	 -0.238	  0.631	 -0.738
	 -0.544	  0.547	  0.637

2 	  55.99	   8.68	  12.90
	  0.545	 -0.162	 -0.823
	  0.813	 -0.141	  0.564
	 -0.212	 -0.976	  0.058

3 	  45.56	  -0.47	   1.72
	  0.559	 -0.070	  0.826
	 -0.139	  0.974	  0.176
	 -0.818	 -0.213	  0.535

4 	  40.25	   6.13	  -3.88
	  0.510	  0.860	 -0.022
	 -0.686	  0.421	  0.593
	  0.521	 -0.287	  0.803

5 	  46.28	  10.37	   6.68
	  0.758	  0.215	  0.615
	 -0.587	 -0.185	  0.788
	  0.284	 -0.959	 -0.014

6 	  55.49	   6.77	  11.06
	  0.864	 -0.273	  0.422
	  0.100	  0.915	  0.390
	 -0.494	 -0.299	  0.816

7 	  41.24	  -7.86	  -2.95
	  0.379	 -0.920	  0.102
	  0.920	  0.362	 -0.146
	  0.097	  0.149	  0.984

8 	  42.47	 -10.32	   9.72
	  0.523	 -0.063	  0.850
	  0.468	 -0.813	 -0.346
	  0.714	  0.577	 -0.395

9 	  52.45	  -5.59	  12.67
	  0.807	  0.550	  0.213
	 -0.238	  0.631	 -0.738
	 -0.544	  0.547	  0.637

2 	  44.93	  -2.00	  -1.72
	 -0.124	  0.964	 -0.236
	 -0.278	 -0.262	 -0.924
	 -0.953	 -0.049	  0.300

3 	  45.28	  -0.90	   1.14
	  0.606	 -0.094	  0.789
	 -0.146	  0.963	  0.225
	 -0.782	 -0.251	  0.570

4 	  39.67	   6.26	  -3.46
	  0.485	  0.874	 -0.033
	 -0.664	  0.391	  0.638
	  0.571	 -0.287	  0.769

5 	  46.39	   8.21	   7.38
	  0.774	  0.070	  0.630
	 -0.557	 -0.399	  0.728
	  0.304	 -0.914	 -0.270

6 	  55.81	   6.13	  11.51
	  0.889	 -0.204	  0.409
	 -0.005	  0.890	  0.455
	 -0.458	 -0.409	  0.789

7 	  40.80	  -7.91	  -3.41
	  0.363	 -0.932	  0.014
	  0.920	  0.355	 -0.168
	  0.152	  0.074	  0.985

8 	  42.17	 -10.53	   9.28
	  0.521	 -0.050	  0.852
	  0.479	 -0.809	 -0.339
	  0.707	  0.584	 -0.398

9 	  52.17	  -5.62	  12.29
	  0.801	  0.552	  0.230
	 -0.289	  0.691	 -0.663
	 -0.530	  0.467	  0.708

2 	  44.58	  -1.95	  -2.25
	 -0.217	  0.962	 -0.163
	 -0.582	 -0.261	 -0.770
	 -0.784	 -0.072	  0.616

3 	  45.28	  -0.88	   1.16
	  0.603	 -0.101	  0.791
	 -0.141	  0.963	  0.230
	 -0.785	 -0.250	  0.566

4 	  39.67	   6.26	  -3.43
	  0.486	  0.873	 -0.031
	 -0.664	  0.391	  0.638
	  0.570	 -0.289	  0.769

5 	  46.39	   8.19	   7.40
	  0.774	  0.069	  0.629
	 -0.556	 -0.403	  0.727
	  0.304	 -0.912	 -0.274

6 	  55.83	   6.13	  11.50
	  0.890	 -0.204	  0.407
	 -0.004	  0.890	  0.455
	 -0.457	 -0.410	  0.790

7 	  40.80	  -7.91	  -3.41
	  0.363	 -0.932	  0.012
	  0.919	  0.355	 -0.168
	  0.153	  0.072	  0.985

8 	  42.13	 -10.49	   9.25
	  0.521	 -0.049	  0.852
	  0.482	 -0.808	 -0.339
	  0.706	  0.586	 -0.397

9 	  52.17	  -5.64	  12.29
	  0.801	  0.552	  0.230
	 -0.289	  0.690	 -0.664
	 -0.530	  0.468	  0.707

2 	  44.65	  -1.53	  -1.69
	 -0.455	  0.889	 -0.051
	 -0.301	 -0.206	 -0.931
	 -0.839	 -0.408	  0.360

3 	  45.26	  -0.88	   1.21
	  0.599	 -0.098	  0.795
	 -0.152	  0.961	  0.232
	 -0.787	 -0.259	  0.560

4 	  39.69	   6.26	  -3.43
	  0.484	  0.874	 -0.029
	 -0.667	  0.389	  0.635
	  0.568	 -0.288	  0.771

5 	  46.37	   8.19	   7.42
	  0.775	  0.068	  0.628
	 -0.554	 -0.405	  0.727
	  0.305	 -0.911	 -0.277

6 	  55.81	   6.13	  11.51
	  0.890	 -0.204	  0.407
	 -0.004	  0.890	  0.455
	 -0.456	 -0.410	  0.790

7 	  40.83	  -7.93	  -3.43
	  0.368	 -0.930	  0.009
	  0.917	  0.361	 -0.168
	  0.153	  0.070	  0.986

8 	  42.17	 -10.51	   9.23
	  0.519	 -0.044	  0.854
	  0.487	 -0.806	 -0.336
	  0.704	  0.589	 -0.397

9 	  52.15	  -5.62	  12.27
	  0.799	  0.554	  0.231
	 -0.291	  0.692	 -0.660
	 -0.531	  0.463	  0.710

2 	  45.07	  -2.39	  -1.39
	  0.052	  0.978	 -0.202
	 -0.158	 -0.192	 -0.968
	 -0.986	  0.082	  0.145

3 	  45.28	  -0.95	   1.21
	  0.600	 -0.099	  0.794
	 -0.148	  0.962	  0.231
	 -0.787	 -0.255	  0.562

4 	  39.71	   6.21	  -3.45
	  0.486	  0.873	 -0.030
	 -0.668	  0.393	  0.631
	  0.565	 -0.287	  0.774

5 	  46.35	   8.17	   7.44
	  0.775	  0.068	  0.628
	 -0.554	 -0.407	  0.726
	  0.306	 -0.911	 -0.278

6 	  55.81	   6.12	  11.51
	  0.891	 -0.203	  0.406
	 -0.001	  0.893	  0.450
	 -0.455	 -0.404	  0.793

7 	  40.80	  -7.96	  -3.41
	  0.366	 -0.931	  0.009
	  0.918	  0.359	 -0.169
	  0.154	  0.069	  0.985

8 	  42.15	 -10.51	   9.25
	  0.518	 -0.039	  0.854
	  0.487	 -0.808	 -0.331
	  0.704	  0.586	 -0.399

9 	  52.14	  -5.62	  12.25
	  0.800	  0.552	  0.231
	 -0.292	  0.695	 -0.657
	 -0.529	  0.461	  0.712

2 	  44.72	  -2.43	  -2.11
	 -0.030	  0.963	 -0.269
	 -0.587	 -0.234	 -0.775
	 -0.809	  0.135	  0.572

3 	  45.25	  -0.95	   1.23
	  0.604	 -0.101	  0.790
	 -0.141	  0.963	  0.229
	 -0.784	 -0.250	  0.568

4 	  39.69	   6.21	  -3.43
	  0.488	  0.872	 -0.030
	 -0.667	  0.394	  0.632
	  0.565	 -0.287	  0.773

5 	  46.35	   8.16	   7.44
	  0.775	  0.069	  0.628
	 -0.553	 -0.409	  0.726
	  0.308	 -0.909	 -0.280

6 	  55.81	   6.12	  11.51
	  0.891	 -0.201	  0.406
	 -0.003	  0.893	  0.450
	 -0.453	 -0.405	  0.794

7 	  40.78	  -7.96	  -3.43
	  0.365	 -0.931	  0.008
	  0.918	  0.358	 -0.168
	  0.153	  0.068	  0.986

8 	  42.13	 -10.49	   9.25
	  0.517	 -0.039	  0.855
	  0.487	 -0.809	 -0.330
	  0.705	  0.586	 -0.399

9 	  52.14	  -5.62	  12.23
	  0.801	  0.551	  0.231
	 -0.292	  0.695	 -0.657
	 -0.528	  0.461	  0.713

2 	  44.26	  -5.77	  -2.09
	 -0.312	  0.814	 -0.491
	 -0.095	 -0.541	 -0.836
	 -0.945	 -0.214	  0.245

3 	  45.42	  -0.93	   1.21
	  0.606	 -0.112	  0.787
	 -0.123	  0.965	  0.230
	 -0.786	 -0.235	  0.571

4 	  39.76	   6.17	  -3.39
	  0.479	  0.877	 -0.025
	 -0.674	  0.384	  0.631
	  0.565	 -0.285	  0.774

5 	  46.34	   8.12	   7.52
	  0.774	  0.073	  0.628
	 -0.547	 -0.422	  0.722
	  0.319	 -0.903	 -0.287

6 	  55.81	   6.10	  11.53
	  0.892	 -0.204	  0.402
	  0.001	  0.892	  0.452
	 -0.451	 -0.406	  0.795

7 	  40.90	  -7.95	  -3.50
	  0.343	 -0.939	 -0.009
	  0.928	  0.340	 -0.150
	  0.144	  0.043	  0.988

8 	  42.12	 -10.39	   9.21
	  0.511	 -0.024	  0.859
	  0.484	 -0.818	 -0.310
	  0.711	  0.573	 -0.406

9 	  52.17	  -5.68	  12.25
	  0.810	  0.536	  0.237
	 -0.269	  0.697	 -0.665
	 -0.526	  0.477	  0.704

2 	  43.91	  -5.71	  -2.53
	 -0.475	  0.795	 -0.376
	 -0.325	 -0.555	 -0.765
	 -0.818	 -0.241	  0.522

3 	  45.42	  -0.93	   1.16
	  0.607	 -0.115	  0.786
	 -0.117	  0.966	  0.231
	 -0.786	 -0.232	  0.573

4 	  39.74	   6.19	  -3.39
	  0.479	  0.878	 -0.025
	 -0.673	  0.384	  0.632
	  0.565	 -0.285	  0.774

5 	  46.34	   8.12	   7.52
	  0.775	  0.073	  0.628
	 -0.547	 -0.422	  0.723
	  0.318	 -0.903	 -0.287

6 	  55.79	   6.08	  11.53
	  0.892	 -0.204	  0.402
	  0.001	  0.892	  0.451
	 -0.452	 -0.405	  0.795

7 	  40.85	  -7.95	  -3.50
	  0.343	 -0.939	 -0.008
	  0.928	  0.339	 -0.154
	  0.147	  0.045	  0.988

8 	  42.12	 -10.39	   9.21
	  0.511	 -0.023	  0.859
	  0.484	 -0.818	 -0.310
	  0.711	  0.573	 -0.406

9 	  52.17	  -5.68	  12.25
	  0.811	  0.535	  0.236
	 -0.269	  0.697	 -0.665
	 -0.525	  0.478	  0.704

2 	  44.02	  -5.55	  -2.25
	 -0.469	  0.767	 -0.437
	 -0.110	 -0.542	 -0.833
	 -0.877	 -0.343	  0.338

3 	  45.42	  -0.95	   1.18
	  0.606	 -0.119	  0.786
	 -0.112	  0.966	  0.232
	 -0.787	 -0.229	  0.572

4 	  39.73	   6.15	  -3.39
	  0.479	  0.877	 -0.026
	 -0.673	  0.385	  0.631
	  0.565	 -0.285	  0.774

5 	  46.34	   8.12	   7.51
	  0.775	  0.073	  0.628
	 -0.547	 -0.422	  0.723
	  0.319	 -0.903	 -0.287

6 	  55.79	   6.08	  11.51
	  0.892	 -0.203	  0.402
	  0.001	  0.893	  0.450
	 -0.452	 -0.404	  0.795

7 	  40.87	  -7.96	  -3.48
	  0.344	 -0.939	 -0.005
	  0.928	  0.340	 -0.152
	  0.145	  0.047	  0.988

8 	  42.08	 -10.39	   9.23
	  0.511	 -0.023	  0.859
	  0.485	 -0.818	 -0.309
	  0.711	  0.573	 -0.406

9 	  52.15	  -5.70	  12.25
	  0.812	  0.534	  0.234
	 -0.269	  0.696	 -0.666
	 -0.524	  0.480	  0.704

2 	  44.14	  -6.05	  -2.30
	 -0.288	  0.761	 -0.580
	 -0.265	 -0.646	 -0.716
	 -0.920	 -0.053	  0.388

3 	  45.42	  -0.97	   1.20
	  0.606	 -0.118	  0.786
	 -0.114	  0.966	  0.231
	 -0.788	 -0.229	  0.572

4 	  39.74	   6.15	  -3.41
	  0.481	  0.876	 -0.027
	 -0.673	  0.387	  0.630
	  0.564	 -0.285	  0.775

5 	  46.35	   8.10	   7.49
	  0.775	  0.074	  0.628
	 -0.547	 -0.420	  0.724
	  0.318	 -0.904	 -0.285

6 	  55.79	   6.08	  11.51
	  0.891	 -0.203	  0.405
	  0.000	  0.894	  0.448
	 -0.454	 -0.402	  0.795

7 	  40.83	  -8.03	  -3.45
	  0.347	 -0.938	  0.000
	  0.927	  0.342	 -0.155
	  0.145	  0.054	  0.988

8 	  42.05	 -10.37	   9.26
	  0.511	 -0.020	  0.859
	  0.483	 -0.820	 -0.305
	  0.712	  0.570	 -0.409

9 	  52.14	  -5.71	  12.25
	  0.814	  0.532	  0.229
	 -0.268	  0.693	 -0.669
	 -0.520	  0.486	  0.702

2 	  44.37	  -6.06	  -1.79
	 -0.102	  0.764	 -0.637
	 -0.054	 -0.644	 -0.763
	 -0.993	 -0.044	  0.107

3 	  45.40	  -0.98	   1.21
	  0.605	 -0.117	  0.787
	 -0.113	  0.967	  0.229
	 -0.788	 -0.227	  0.572

4 	  39.74	   6.13	  -3.43
	  0.482	  0.876	 -0.027
	 -0.673	  0.388	  0.630
	  0.563	 -0.285	  0.775

5 	  46.35	   8.09	   7.47
	  0.775	  0.075	  0.627
	 -0.547	 -0.418	  0.725
	  0.318	 -0.905	 -0.284

6 	  55.81	   6.08	  11.53
	  0.891	 -0.203	  0.406
	  0.001	  0.895	  0.446
	 -0.455	 -0.400	  0.796

7 	  40.89	  -8.03	  -3.45
	  0.358	 -0.934	 -0.001
	  0.923	  0.354	 -0.150
	  0.140	  0.052	  0.989

8 	  42.06	 -10.37	   9.26
	  0.510	 -0.019	  0.860
	  0.484	 -0.820	 -0.304
	  0.712	  0.570	 -0.409

9 	  52.14	  -5.71	  12.25
	  0.815	  0.531	  0.229
	 -0.267	  0.693	 -0.670
	 -0.519	  0.487	  0.702

2 	  44.02	  -7.52	  -3.94
	 -0.318	  0.791	 -0.522
	 -0.543	 -0.602	 -0.585
	 -0.778	  0.098	  0.620

3 	  45.49	  -0.70	   1.34
	  0.593	 -0.116	  0.796
	 -0.149	  0.957	  0.248
	 -0.792	 -0.265	  0.550

4 	  39.80	   6.31	  -3.38
	  0.461	  0.887	 -0.010
	 -0.690	  0.364	  0.625
	  0.560	 -0.281	  0.779

5 	  46.32	   8.17	   7.61
	  0.775	  0.069	  0.628
	 -0.544	 -0.433	  0.718
	  0.323	 -0.898	 -0.298

6 	  55.83	   6.12	  11.55
	  0.894	 -0.206	  0.397
	  0.001	  0.888	  0.458
	 -0.448	 -0.412	  0.793

7 	  41.31	  -7.80	  -3.69
	  0.371	 -0.929	 -0.006
	  0.907	  0.363	 -0.213
	  0.200	  0.073	  0.977

8 	  42.22	 -10.25	   8.98
	  0.465	 -0.022	  0.885
	  0.512	 -0.809	 -0.289
	  0.723	  0.587	 -0.364

9 	  52.17	  -5.73	  12.30
	  0.821	  0.515	  0.246
	 -0.239	  0.696	 -0.677
	 -0.524	  0.500	  0.689

2 	  43.52	  -7.33	  -4.55
	 -0.496	  0.818	 -0.292
	 -0.714	 -0.574	 -0.401
	 -0.498	  0.010	  0.867

3 	  45.51	  -0.72	   1.34
	  0.594	 -0.114	  0.796
	 -0.148	  0.958	  0.247
	 -0.791	 -0.263	  0.552

4 	  39.80	   6.29	  -3.38
	  0.461	  0.887	 -0.011
	 -0.690	  0.365	  0.625
	  0.560	 -0.280	  0.779

5 	  46.32	   8.17	   7.59
	  0.774	  0.070	  0.628
	 -0.545	 -0.432	  0.718
	  0.323	 -0.898	 -0.297

6 	  55.81	   6.12	  11.55
	  0.894	 -0.206	  0.397
	  0.001	  0.888	  0.458
	 -0.448	 -0.412	  0.793

7 	  41.34	  -7.77	  -3.69
	  0.381	 -0.925	 -0.011
	  0.904	  0.374	 -0.205
	  0.194	  0.068	  0.978

8 	  42.22	 -10.27	   9.00
	  0.465	 -0.022	  0.885
	  0.514	 -0.808	 -0.288
	  0.722	  0.588	 -0.363

9 	  52.19	  -5.73	  12.30
	  0.821	  0.515	  0.245
	 -0.239	  0.696	 -0.677
	 -0.524	  0.500	  0.689

2 	  43.82	  -6.86	  -4.10
	 -0.641	  0.699	 -0.318
	 -0.355	 -0.636	 -0.685
	 -0.682	 -0.326	  0.655

3 	  45.49	  -0.72	   1.35
	  0.593	 -0.115	  0.797
	 -0.148	  0.958	  0.247
	 -0.792	 -0.264	  0.550

4 	  39.78	   6.29	  -3.38
	  0.462	  0.887	 -0.011
	 -0.690	  0.366	  0.624
	  0.559	 -0.280	  0.780

5 	  46.32	   8.17	   7.61
	  0.774	  0.070	  0.629
	 -0.545	 -0.432	  0.718
	  0.323	 -0.899	 -0.297

6 	  55.81	   6.12	  11.55
	  0.894	 -0.205	  0.397
	  0.001	  0.889	  0.458
	 -0.448	 -0.412	  0.794

7 	  41.34	  -7.77	  -3.69
	  0.380	 -0.925	 -0.009
	  0.904	  0.374	 -0.206
	  0.194	  0.070	  0.978

8 	  42.22	 -10.25	   9.00
	  0.464	 -0.021	  0.885
	  0.516	 -0.806	 -0.288
	  0.721	  0.590	 -0.363

9 	  52.17	  -5.75	  12.30
	  0.821	  0.515	  0.244
	 -0.239	  0.695	 -0.678
	 -0.524	  0.500	  0.689

2 	  44.14	  -7.63	  -3.90
	 -0.333	  0.688	 -0.644
	 -0.462	 -0.714	 -0.526
	 -0.823	  0.122	  0.555

3 	  45.49	  -0.72	   1.35
	  0.591	 -0.116	  0.798
	 -0.148	  0.957	  0.247
	 -0.793	 -0.264	  0.549

4 	  39.80	   6.28	  -3.38
	  0.463	  0.886	 -0.011
	 -0.690	  0.367	  0.624
	  0.559	 -0.280	  0.780

5 	  46.30	   8.17	   7.61
	  0.774	  0.071	  0.628
	 -0.545	 -0.432	  0.719
	  0.323	 -0.899	 -0.297

6 	  55.81	   6.12	  11.55
	  0.894	 -0.205	  0.397
	  0.001	  0.889	  0.458
	 -0.448	 -0.412	  0.794

7 	  41.31	  -7.80	  -3.66
	  0.383	 -0.924	 -0.008
	  0.904	  0.376	 -0.201
	  0.189	  0.069	  0.979

8 	  42.21	 -10.25	   9.00
	  0.465	 -0.021	  0.885
	  0.516	 -0.806	 -0.289
	  0.721	  0.590	 -0.363

9 	  52.17	  -5.75	  12.30
	  0.820	  0.516	  0.243
	 -0.239	  0.696	 -0.677
	 -0.524	  0.500	  0.689

2 	  43.44	  -7.70	  -4.52
	 -0.485	  0.757	 -0.436
	 -0.743	 -0.620	 -0.253
	 -0.464	  0.202	  0.862

3 	  45.49	  -0.72	   1.35
	  0.592	 -0.115	  0.797
	 -0.148	  0.958	  0.247
	 -0.792	 -0.263	  0.550

4 	  39.80	   6.29	  -3.38
	  0.463	  0.886	 -0.011
	 -0.689	  0.366	  0.625
	  0.559	 -0.281	  0.780

5 	  46.32	   8.17	   7.59
	  0.775	  0.071	  0.628
	 -0.544	 -0.433	  0.719
	  0.324	 -0.898	 -0.297

6 	  55.81	   6.10	  11.55
	  0.894	 -0.205	  0.397
	  0.001	  0.889	  0.458
	 -0.448	 -0.412	  0.794

7 	  41.29	  -7.79	  -3.71
	  0.385	 -0.923	 -0.012
	  0.904	  0.379	 -0.200
	  0.189	  0.065	  0.980

8 	  42.21	 -10.27	   9.00
	  0.466	 -0.021	  0.884
	  0.512	 -0.809	 -0.289
	  0.722	  0.587	 -0.365

9 	  52.17	  -5.73	  12.29
	  0.821	  0.515	  0.244
	 -0.240	  0.695	 -0.678
	 -0.524	  0.500	  0.689

2 	  40.11	  -9.81	  -3.08
	 -0.650	  0.728	 -0.218
	 -0.455	 -0.142	  0.879
	  0.610	  0.670	  0.422

3 	  45.40	  -0.76	   1.44
	  0.574	 -0.135	  0.807
	 -0.146	  0.954	  0.262
	 -0.806	 -0.268	  0.528

4 	  39.76	   6.28	  -3.30
	  0.457	  0.889	  0.001
	 -0.698	  0.357	  0.620
	  0.552	 -0.284	  0.783

5 	  46.28	   8.10	   7.70
	  0.777	  0.066	  0.625
	 -0.539	 -0.444	  0.716
	  0.326	 -0.893	 -0.310

6 	  55.81	   6.08	  11.55
	  0.897	 -0.201	  0.394
	 -0.003	  0.888	  0.460
	 -0.443	 -0.416	  0.794

7 	  41.47	  -7.80	  -3.78
	  0.382	 -0.924	  0.016
	  0.904	  0.370	 -0.215
	  0.193	  0.096	  0.976

8 	  42.24	 -10.32	   8.89
	  0.457	 -0.026	  0.889
	  0.526	 -0.799	 -0.292
	  0.719	  0.600	 -0.351

9 	  52.19	  -5.75	  12.29
	  0.817	  0.521	  0.245
	 -0.245	  0.694	 -0.677
	 -0.527	  0.495	  0.690

2 	  39.83	  -9.63	  -2.65
	 -0.604	  0.796	 -0.035
	 -0.192	 -0.102	  0.976
	  0.774	  0.596	  0.213

3 	  45.33	  -0.76	   1.51
	  0.570	 -0.139	  0.809
	 -0.143	  0.954	  0.264
	 -0.809	 -0.266	  0.524

4 	  39.74	   6.29	  -3.27
	  0.459	  0.888	  0.005
	 -0.698	  0.356	  0.620
	  0.551	 -0.288	  0.783

5 	  46.27	   8.10	   7.70
	  0.778	  0.065	  0.624
	 -0.537	 -0.446	  0.715
	  0.327	 -0.892	 -0.312

6 	  55.81	   6.10	  11.55
	  0.897	 -0.200	  0.393
	 -0.003	  0.887	  0.461
	 -0.442	 -0.418	  0.794

7 	  41.43	  -7.80	  -3.78
	  0.382	 -0.924	  0.016
	  0.903	  0.369	 -0.219
	  0.197	  0.098	  0.975

8 	  42.24	 -10.32	   8.89
	  0.456	 -0.027	  0.889
	  0.526	 -0.798	 -0.293
	  0.719	  0.600	 -0.350

9 	  52.17	  -5.75	  12.29
	  0.817	  0.522	  0.243
	 -0.245	  0.694	 -0.677
	 -0.527	  0.496	  0.690

2 	  40.15	  -9.33	  -3.39
	 -0.559	  0.828	 -0.040
	 -0.485	 -0.286	  0.826
	  0.674	  0.481	  0.560

3 	  45.40	  -0.74	   1.53
	  0.574	 -0.132	  0.808
	 -0.151	  0.953	  0.261
	 -0.805	 -0.272	  0.527

4 	  39.76	   6.31	  -3.27
	  0.457	  0.889	  0.004
	 -0.701	  0.356	  0.618
	  0.549	 -0.285	  0.785

5 	  46.27	   8.10	   7.72
	  0.778	  0.065	  0.625
	 -0.537	 -0.447	  0.715
	  0.327	 -0.892	 -0.313

6 	  55.81	   6.10	  11.57
	  0.897	 -0.201	  0.393
	 -0.003	  0.887	  0.461
	 -0.442	 -0.418	  0.794

7 	  41.54	  -7.75	  -3.76
	  0.385	 -0.923	  0.016
	  0.902	  0.371	 -0.221
	  0.198	  0.099	  0.975

8 	  42.26	 -10.30	   8.88
	  0.453	 -0.028	  0.891
	  0.526	 -0.799	 -0.291
	  0.721	  0.600	 -0.346

9 	  52.17	  -5.75	  12.29
	  0.817	  0.521	  0.245
	 -0.242	  0.695	 -0.677
	 -0.528	  0.496	  0.689

2 	  40.68	 -10.34	  -2.72
	 -0.829	  0.447	 -0.335
	 -0.421	 -0.104	  0.901
	  0.368	  0.888	  0.274

3 	  45.49	  -0.72	   1.46
	  0.580	 -0.122	  0.805
	 -0.155	  0.954	  0.255
	 -0.800	 -0.272	  0.535

4 	  39.81	   6.26	  -3.34
	  0.453	  0.891	 -0.002
	 -0.701	  0.356	  0.617
	  0.552	 -0.278	  0.786

5 	  46.30	   8.12	   7.70
	  0.776	  0.066	  0.627
	 -0.540	 -0.443	  0.715
	  0.326	 -0.893	 -0.309

6 	  55.83	   6.10	  11.55
	  0.896	 -0.201	  0.395
	 -0.003	  0.888	  0.460
	 -0.444	 -0.416	  0.793

7 	  41.57	  -7.86	  -3.76
	  0.375	 -0.927	  0.025
	  0.905	  0.360	 -0.225
	  0.200	  0.107	  0.974

8 	  42.29	 -10.32	   8.88
	  0.451	 -0.028	  0.892
	  0.525	 -0.800	 -0.289
	  0.723	  0.598	 -0.345

9 	  52.19	  -5.73	  12.29
	  0.817	  0.520	  0.249
	 -0.241	  0.696	 -0.677
	 -0.530	  0.495	  0.688

2 	  40.20	 -10.05	  -2.29
	 -0.788	  0.603	 -0.126
	 -0.186	 -0.037	  0.982
	  0.588	  0.797	  0.140

3 	  45.49	  -0.70	   1.48
	  0.579	 -0.124	  0.806
	 -0.156	  0.953	  0.257
	 -0.801	 -0.274	  0.532

4 	  39.83	   6.29	  -3.32
	  0.451	  0.892	 -0.000
	 -0.702	  0.354	  0.617
	  0.552	 -0.278	  0.786

5 	  46.28	   8.14	   7.70
	  0.776	  0.066	  0.627
	 -0.540	 -0.444	  0.714
	  0.327	 -0.893	 -0.309

6 	  55.81	   6.12	  11.57
	  0.896	 -0.202	  0.394
	 -0.003	  0.887	  0.461
	 -0.443	 -0.418	  0.793

7 	  41.59	  -7.82	  -3.78
	  0.377	 -0.926	  0.023
	  0.904	  0.363	 -0.224
	  0.199	  0.104	  0.974

8 	  42.29	 -10.30	   8.88
	  0.449	 -0.029	  0.893
	  0.528	 -0.798	 -0.290
	  0.723	  0.600	 -0.342

9 	  52.19	  -5.73	  12.30
	  0.816	  0.519	  0.251
	 -0.240	  0.696	 -0.677
	 -0.531	  0.495	  0.688

2 	  40.04	  -5.38	  -4.29
	 -0.702	  0.579	  0.414
	 -0.349	 -0.787	  0.509
	  0.621	  0.214	  0.753

3 	  47.20	  -0.95	   2.43
	  0.416	 -0.099	  0.904
	 -0.241	  0.947	  0.213
	 -0.878	 -0.305	  0.370

4 	  42.29	   5.84	  -3.43
	  0.391	  0.914	  0.105
	 -0.834	  0.303	  0.462
	  0.391	 -0.267	  0.880

5 	  46.00	   8.05	   9.19
	  0.670	  0.156	  0.726
	 -0.537	 -0.574	  0.617
	  0.515	 -0.802	 -0.301

6 	  55.85	   6.49	  11.50
	  0.959	 -0.206	  0.195
	  0.057	  0.815	  0.576
	 -0.279	 -0.543	  0.792

7 	  44.63	  -7.63	  -4.64
	  0.506	 -0.862	  0.007
	  0.862	  0.506	  0.026
	 -0.027	 -0.007	  1.000

8 	  43.49	 -10.49	   7.84
	  0.320	 -0.106	  0.941
	  0.463	 -0.850	 -0.251
	  0.828	  0.515	 -0.221

9 	  53.67	  -8.12	  10.92
	  0.954	  0.261	  0.147
	 -0.162	  0.862	 -0.480
	 -0.253	  0.435	  0.864

2 	  39.81	  -5.04	  -3.97
	 -0.477	  0.594	  0.648
	 -0.322	 -0.804	  0.500
	  0.818	  0.031	  0.574

3 	  47.18	  -0.95	   2.43
	  0.413	 -0.100	  0.905
	 -0.242	  0.947	  0.212
	 -0.879	 -0.306	  0.367

4 	  42.29	   5.84	  -3.43
	  0.391	  0.914	  0.105
	 -0.834	  0.303	  0.461
	  0.391	 -0.267	  0.880

5 	  46.00	   8.03	   9.19
	  0.670	  0.156	  0.726
	 -0.537	 -0.574	  0.617
	  0.515	 -0.802	 -0.301

6 	  55.85	   6.50	  11.50
	  0.959	 -0.204	  0.196
	  0.056	  0.815	  0.577
	 -0.278	 -0.544	  0.791

7 	  44.63	  -7.63	  -4.64
	  0.505	 -0.863	  0.009
	  0.862	  0.505	  0.024
	 -0.026	 -0.004	  1.000

8 	  43.49	 -10.49	   7.84
	  0.319	 -0.106	  0.942
	  0.464	 -0.850	 -0.251
	  0.828	  0.515	 -0.221

9 	  53.67	  -8.12	  10.92
	  0.954	  0.260	  0.145
	 -0.163	  0.862	 -0.479
	 -0.251	  0.435	  0.865

2 	  40.24	  -4.92	  -4.50
	 -0.695	  0.559	  0.452
	 -0.497	 -0.828	  0.262
	  0.522	 -0.043	  0.852

3 	  47.18	  -0.93	   2.44
	  0.411	 -0.099	  0.906
	 -0.244	  0.946	  0.213
	 -0.879	 -0.308	  0.365

4 	  42.29	   5.85	  -3.43
	  0.390	  0.915	  0.106
	 -0.835	  0.302	  0.460
	  0.391	 -0.267	  0.881

5 	  46.00	   8.05	   9.19
	  0.670	  0.156	  0.726
	 -0.537	 -0.574	  0.617
	  0.516	 -0.802	 -0.301

6 	  55.85	   6.50	  11.50
	  0.959	 -0.205	  0.197
	  0.055	  0.814	  0.578
	 -0.279	 -0.545	  0.791

7 	  44.67	  -7.61	  -4.64
	  0.507	 -0.862	  0.012
	  0.861	  0.507	  0.024
	 -0.028	 -0.001	  1.000

8 	  43.49	 -10.48	   7.86
	  0.317	 -0.104	  0.943
	  0.464	 -0.850	 -0.248
	  0.828	  0.515	 -0.220

9 	  53.68	  -8.10	  10.92
	  0.954	  0.260	  0.145
	 -0.163	  0.863	 -0.479
	 -0.250	  0.434	  0.865

2 	  40.13	  -5.75	  -4.29
	 -0.772	  0.579	  0.261
	 -0.324	 -0.712	  0.623
	  0.547	  0.397	  0.736

3 	  47.20	  -0.97	   2.43
	  0.415	 -0.095	  0.904
	 -0.242	  0.947	  0.209
	 -0.877	 -0.305	  0.370

4 	  42.29	   5.82	  -3.45
	  0.390	  0.915	  0.103
	 -0.834	  0.303	  0.461
	  0.392	 -0.265	  0.881

5 	  46.00	   8.03	   9.16
	  0.670	  0.157	  0.725
	 -0.537	 -0.573	  0.618
	  0.515	 -0.803	 -0.300

6 	  55.86	   6.49	  11.50
	  0.958	 -0.204	  0.198
	  0.054	  0.815	  0.577
	 -0.280	 -0.544	  0.790

7 	  44.65	  -7.66	  -4.61
	  0.506	 -0.862	  0.013
	  0.862	  0.506	  0.020
	 -0.025	  0.001	  1.000

8 	  43.49	 -10.48	   7.89
	  0.319	 -0.101	  0.942
	  0.462	 -0.852	 -0.246
	  0.828	  0.513	 -0.225

9 	  53.68	  -8.09	  10.92
	  0.955	  0.260	  0.142
	 -0.164	  0.863	 -0.479
	 -0.248	  0.435	  0.866

2 	  39.74	  -5.43	  -3.76
	 -0.480	  0.645	  0.595
	 -0.202	 -0.741	  0.640
	  0.854	  0.187	  0.485

3 	  47.20	  -0.95	   2.43
	  0.413	 -0.095	  0.905
	 -0.242	  0.948	  0.208
	 -0.878	 -0.304	  0.369

4 	  42.29	   5.80	  -3.45
	  0.390	  0.915	  0.102
	 -0.834	  0.304	  0.460
	  0.391	 -0.264	  0.881

5 	  46.00	   8.03	   9.16
	  0.670	  0.156	  0.726
	 -0.538	 -0.572	  0.618
	  0.515	 -0.803	 -0.299

6 	  55.86	   6.49	  11.50
	  0.958	 -0.204	  0.200
	  0.053	  0.814	  0.577
	 -0.281	 -0.544	  0.790

7 	  44.63	  -7.70	  -4.59
	  0.504	 -0.863	  0.016
	  0.863	  0.504	  0.016
	 -0.022	  0.006	  1.000

8 	  43.47	 -10.46	   7.91
	  0.318	 -0.100	  0.943
	  0.463	 -0.852	 -0.245
	  0.828	  0.513	 -0.224

9 	  53.67	  -8.09	  10.92
	  0.955	  0.259	  0.141
	 -0.164	  0.863	 -0.478
	 -0.246	  0.434	  0.866

2 	  38.74	  -7.51	   0.77
	 -0.699	  0.416	  0.582
	  0.193	 -0.674	  0.713
	  0.689	  0.610	  0.391

3 	  46.93	  -0.70	   2.64
	  0.397	 -0.137	  0.907
	 -0.267	  0.929	  0.255
	 -0.879	 -0.343	  0.332

4 	  42.17	   6.19	  -3.22
	  0.405	  0.905	  0.128
	 -0.830	  0.304	  0.467
	  0.385	 -0.295	  0.874

5 	  46.12	   7.89	   9.37
	  0.685	  0.114	  0.719
	 -0.542	 -0.580	  0.608
	  0.489	 -0.805	 -0.336

6 	  55.93	   6.08	  11.44
	  0.958	 -0.223	  0.181
	  0.074	  0.800	  0.595
	 -0.279	 -0.558	  0.782

7 	  44.93	  -7.07	  -4.83
	  0.523	 -0.852	 -0.000
	  0.850	  0.521	  0.066
	 -0.057	 -0.035	  0.998

8 	  43.58	 -10.28	   7.56
	  0.295	 -0.114	  0.948
	  0.492	 -0.833	 -0.252
	  0.820	  0.540	 -0.189

9 	  53.65	  -7.95	  10.85
	  0.952	  0.254	  0.167
	 -0.154	  0.876	 -0.458
	 -0.263	  0.411	  0.872

2 	  38.69	  -7.29	   0.98
	 -0.500	  0.553	  0.666
	  0.091	 -0.732	  0.675
	  0.861	  0.398	  0.316

3 	  46.93	  -0.70	   2.65
	  0.395	 -0.137	  0.908
	 -0.269	  0.929	  0.255
	 -0.879	 -0.344	  0.330

4 	  42.17	   6.17	  -3.22
	  0.405	  0.905	  0.128
	 -0.831	  0.304	  0.466
	  0.384	 -0.295	  0.875

5 	  46.12	   7.89	   9.37
	  0.685	  0.114	  0.719
	 -0.543	 -0.579	  0.608
	  0.489	 -0.805	 -0.335

6 	  55.93	   6.06	  11.44
	  0.957	 -0.224	  0.181
	  0.074	  0.800	  0.595
	 -0.279	 -0.558	  0.782

7 	  44.95	  -7.07	  -4.83
	  0.525	 -0.851	  0.000
	  0.849	  0.524	  0.067
	 -0.058	 -0.035	  0.998

8 	  43.59	 -10.27	   7.56
	  0.295	 -0.114	  0.948
	  0.492	 -0.833	 -0.251
	  0.820	  0.540	 -0.189

9 	  53.67	  -7.95	  10.85
	  0.952	  0.254	  0.167
	 -0.154	  0.876	 -0.457
	 -0.263	  0.410	  0.873

2 	  38.95	  -7.33	   0.32
	 -0.780	  0.310	  0.543
	  0.077	 -0.814	  0.575
	  0.621	  0.490	  0.611

3 	  46.95	  -0.69	   2.65
	  0.394	 -0.138	  0.908
	 -0.271	  0.928	  0.256
	 -0.879	 -0.347	  0.328

4 	  42.17	   6.21	  -3.20
	  0.403	  0.906	  0.130
	 -0.832	  0.302	  0.466
	  0.384	 -0.296	  0.875

5 	  46.11	   7.91	   9.39
	  0.684	  0.112	  0.720
	 -0.543	 -0.581	  0.606
	  0.489	 -0.805	 -0.337

6 	  55.93	   6.08	  11.44
	  0.958	 -0.224	  0.180
	  0.074	  0.799	  0.596
	 -0.278	 -0.560	  0.781

7 	  44.96	  -7.01	  -4.83
	  0.527	 -0.850	 -0.000
	  0.848	  0.525	  0.069
	 -0.060	 -0.037	  0.997

8 	  43.59	 -10.25	   7.54
	  0.295	 -0.116	  0.948
	  0.494	 -0.832	 -0.253
	  0.819	  0.542	 -0.187

9 	  53.67	  -7.93	  10.85
	  0.952	  0.255	  0.169
	 -0.155	  0.877	 -0.455
	 -0.265	  0.408	  0.873

2 	  39.23	  -7.93	   0.95
	 -0.825	  0.214	  0.522
	  0.345	 -0.542	  0.766
	  0.448	  0.812	  0.373

3 	  46.95	  -0.70	   2.65
	  0.395	 -0.136	  0.908
	 -0.270	  0.929	  0.254
	 -0.879	 -0.344	  0.331

4 	  42.17	   6.19	  -3.22
	  0.404	  0.906	  0.128
	 -0.831	  0.303	  0.467
	  0.386	 -0.295	  0.874

5 	  46.12	   7.89	   9.39
	  0.685	  0.113	  0.720
	 -0.544	 -0.580	  0.607
	  0.488	 -0.805	 -0.336

6 	  55.95	   6.06	  11.43
	  0.957	 -0.224	  0.181
	  0.074	  0.800	  0.595
	 -0.279	 -0.559	  0.781

7 	  44.95	  -7.08	  -4.82
	  0.526	 -0.850	  0.004
	  0.848	  0.526	  0.063
	 -0.057	 -0.029	  0.998

8 	  43.59	 -10.27	   7.58
	  0.295	 -0.113	  0.949
	  0.492	 -0.833	 -0.251
	  0.820	  0.540	 -0.189

9 	  53.65	  -7.93	  10.86
	  0.952	  0.254	  0.167
	 -0.154	  0.876	 -0.457
	 -0.264	  0.410	  0.873

2 	  38.81	  -7.59	   1.25
	 -0.574	  0.545	  0.611
	  0.217	 -0.620	  0.754
	  0.791	  0.564	  0.237

3 	  46.93	  -0.70	   2.64
	  0.396	 -0.136	  0.908
	 -0.270	  0.929	  0.254
	 -0.879	 -0.344	  0.331

4 	  42.17	   6.19	  -3.22
	  0.404	  0.906	  0.128
	 -0.831	  0.303	  0.467
	  0.386	 -0.294	  0.874

5 	  46.12	   7.89	   9.37
	  0.685	  0.112	  0.719
	 -0.544	 -0.579	  0.607
	  0.487	 -0.806	 -0.336

6 	  55.95	   6.06	  11.43
	  0.958	 -0.224	  0.180
	  0.075	  0.800	  0.595
	 -0.279	 -0.558	  0.782

7 	  44.95	  -7.08	  -4.82
	  0.527	 -0.850	  0.004
	  0.848	  0.526	  0.067
	 -0.060	 -0.032	  0.998

8 	  43.58	 -10.27	   7.59
	  0.295	 -0.112	  0.949
	  0.492	 -0.833	 -0.250
	  0.820	  0.540	 -0.190

9 	  53.67	  -7.93	  10.86
	  0.953	  0.254	  0.166
	 -0.155	  0.876	 -0.457
	 -0.262	  0.410	  0.873

2 	  46.02	 -14.66	   9.00
	 -0.134	  0.199	 -0.971
	 -0.989	 -0.094	  0.116
	 -0.069	  0.975	  0.208

3 	  46.21	  -0.81	   2.34
	  0.444	 -0.131	  0.886
	 -0.172	  0.958	  0.226
	 -0.880	 -0.253	  0.403

4 	  41.36	   6.38	  -3.06
	  0.426	  0.897	  0.121
	 -0.800	  0.309	  0.513
	  0.425	 -0.314	  0.849

5 	  46.16	   7.93	   9.18
	  0.722	  0.094	  0.685
	 -0.524	 -0.574	  0.629
	  0.455	 -0.812	 -0.366

6 	  56.00	   6.13	  11.50
	  0.952	 -0.223	  0.210
	  0.054	  0.798	  0.600
	 -0.302	 -0.562	  0.770

7 	  42.79	  -7.79	  -3.36
	  0.477	 -0.872	  0.110
	  0.879	  0.472	 -0.063
	  0.003	  0.127	  0.992

8 	  43.33	 -12.11	   8.28
	  0.486	 -0.299	  0.821
	  0.410	 -0.752	 -0.515
	  0.773	  0.586	 -0.242

9 	  53.38	  -7.91	  10.83
	  0.871	  0.459	  0.173
	 -0.433	  0.885	 -0.172
	 -0.232	  0.075	  0.970

2 	  45.51	 -14.66	   8.93
	 -0.207	  0.251	 -0.946
	 -0.932	  0.245	  0.268
	  0.300	  0.936	  0.184

3 	  46.18	  -0.79	   2.36
	  0.445	 -0.132	  0.885
	 -0.175	  0.957	  0.229
	 -0.879	 -0.256	  0.403

4 	  41.34	   6.38	  -3.04
	  0.425	  0.897	  0.122
	 -0.800	  0.308	  0.514
	  0.425	 -0.316	  0.848

5 	  46.16	   7.95	   9.18
	  0.722	  0.094	  0.685
	 -0.522	 -0.576	  0.629
	  0.455	 -0.811	 -0.367

6 	  55.99	   6.15	  11.48
	  0.952	 -0.222	  0.211
	  0.053	  0.798	  0.600
	 -0.302	 -0.562	  0.770

7 	  42.80	  -7.77	  -3.38
	  0.481	 -0.870	  0.108
	  0.877	  0.476	 -0.065
	  0.004	  0.126	  0.992

8 	  43.31	 -12.06	   8.30
	  0.484	 -0.295	  0.823
	  0.409	 -0.756	 -0.510
	  0.775	  0.582	 -0.245

9 	  53.40	  -7.89	  10.85
	  0.872	  0.456	  0.176
	 -0.431	  0.887	 -0.167
	 -0.232	  0.069	  0.970

2 	  46.20	 -14.40	   8.84
	  0.111	  0.370	 -0.922
	 -0.986	 -0.072	 -0.148
	 -0.121	  0.926	  0.356

3 	  46.27	  -0.76	   2.30
	  0.455	 -0.129	  0.881
	 -0.178	  0.956	  0.230
	 -0.873	 -0.261	  0.412

4 	  41.36	   6.40	  -3.06
	  0.424	  0.898	  0.118
	 -0.798	  0.307	  0.518
	  0.431	 -0.313	  0.846

5 	  46.16	   7.95	   9.16
	  0.723	  0.094	  0.684
	 -0.522	 -0.575	  0.629
	  0.455	 -0.811	 -0.367

6 	  55.99	   6.15	  11.48
	  0.951	 -0.223	  0.212
	  0.053	  0.798	  0.600
	 -0.304	 -0.562	  0.769

7 	  42.84	  -7.73	  -3.39
	  0.481	 -0.871	  0.105
	  0.877	  0.476	 -0.065
	  0.006	  0.123	  0.992

8 	  43.33	 -11.99	   8.28
	  0.481	 -0.292	  0.827
	  0.415	 -0.756	 -0.506
	  0.774	  0.585	 -0.242

9 	  53.40	  -7.86	  10.85
	  0.875	  0.451	  0.176
	 -0.427	  0.889	 -0.162
	 -0.230	  0.066	  0.971

2 	  45.72	 -14.47	   9.02
	 -0.385	  0.162	 -0.908
	 -0.916	  0.053	  0.397
	  0.111	  0.985	  0.126

3 	  46.27	  -0.74	   2.29
	  0.455	 -0.130	  0.881
	 -0.180	  0.956	  0.233
	 -0.873	 -0.264	  0.411

4 	  41.34	   6.45	  -3.04
	  0.422	  0.898	  0.119
	 -0.799	  0.304	  0.519
	  0.432	 -0.314	  0.845

5 	  46.16	   7.98	   9.16
	  0.723	  0.093	  0.684
	 -0.522	 -0.577	  0.629
	  0.455	 -0.810	 -0.369

6 	  55.99	   6.15	  11.48
	  0.951	 -0.223	  0.211
	  0.053	  0.797	  0.602
	 -0.304	 -0.563	  0.768

7 	  42.84	  -7.68	  -3.45
	  0.484	 -0.869	  0.100
	  0.875	  0.480	 -0.062
	  0.005	  0.118	  0.993

8 	  43.33	 -11.97	   8.23
	  0.480	 -0.298	  0.825
	  0.412	 -0.755	 -0.510
	  0.776	  0.583	 -0.239

9 	  53.42	  -7.86	  10.83
	  0.876	  0.448	  0.176
	 -0.424	  0.891	 -0.159
	 -0.228	  0.065	  0.971

2 	  46.28	 -14.26	   8.65
	  0.303	  0.454	 -0.838
	 -0.941	  0.005	 -0.338
	 -0.149	  0.891	  0.429

3 	  46.21	  -0.70	   2.32
	  0.448	 -0.136	  0.883
	 -0.184	  0.953	  0.238
	 -0.875	 -0.268	  0.402

4 	  41.31	   6.47	  -3.02
	  0.422	  0.898	  0.122
	 -0.799	  0.303	  0.519
	  0.430	 -0.316	  0.845

5 	  46.16	   7.98	   9.18
	  0.724	  0.092	  0.683
	 -0.520	 -0.578	  0.628
	  0.455	 -0.809	 -0.371

6 	  55.99	   6.15	  11.50
	  0.952	 -0.223	  0.210
	  0.053	  0.796	  0.602
	 -0.302	 -0.564	  0.768

7 	  42.87	  -7.66	  -3.46
	  0.488	 -0.867	  0.100
	  0.872	  0.485	 -0.059
	  0.002	  0.116	  0.993

8 	  43.35	 -11.95	   8.24
	  0.476	 -0.288	  0.831
	  0.420	 -0.756	 -0.501
	  0.774	  0.586	 -0.238

9 	  53.42	  -7.84	  10.85
	  0.876	  0.446	  0.179
	 -0.423	  0.892	 -0.158
	 -0.231	  0.062	  0.971

2 	  43.52	 -12.01	  11.50
	 -0.614	  0.601	 -0.511
	  0.262	  0.766	  0.587
	  0.745	  0.227	 -0.627

3 	  46.21	  -0.56	   2.37
	  0.444	 -0.142	  0.884
	 -0.204	  0.946	  0.253
	 -0.873	 -0.292	  0.391

4 	  41.22	   6.57	  -2.94
	  0.413	  0.901	  0.131
	 -0.801	  0.290	  0.523
	  0.434	 -0.321	  0.841

5 	  46.12	   7.96	   9.26
	  0.727	  0.086	  0.681
	 -0.515	 -0.588	  0.623
	  0.456	 -0.803	 -0.384

6 	  55.97	   6.17	  11.50
	  0.954	 -0.220	  0.204
	  0.053	  0.793	  0.607
	 -0.297	 -0.570	  0.766

7 	  43.03	  -7.45	  -3.64
	  0.512	 -0.856	  0.068
	  0.859	  0.509	 -0.049
	  0.007	  0.084	  0.996

8 	  43.61	 -12.30	   7.66
	  0.483	 -0.356	  0.800
	  0.461	 -0.674	 -0.577
	  0.746	  0.645	 -0.161

9 	  53.51	  -8.02	  10.79
	  0.860	  0.468	  0.202
	 -0.438	  0.881	 -0.179
	 -0.263	  0.065	  0.963

2 	  43.61	 -11.55	  11.39
	 -0.457	  0.668	 -0.587
	  0.457	  0.741	  0.491
	  0.765	 -0.043	 -0.643

3 	  46.20	  -0.53	   2.39
	  0.444	 -0.144	  0.884
	 -0.208	  0.944	  0.256
	 -0.872	 -0.297	  0.389

4 	  41.20	   6.61	  -2.90
	  0.411	  0.901	  0.135
	 -0.802	  0.286	  0.524
	  0.435	 -0.323	  0.840

5 	  46.11	   7.95	   9.30
	  0.728	  0.083	  0.681
	 -0.514	 -0.591	  0.621
	  0.456	 -0.801	 -0.388

6 	  55.95	   6.19	  11.50
	  0.954	 -0.219	  0.203
	  0.053	  0.792	  0.608
	 -0.295	 -0.572	  0.765

7 	  43.07	  -7.40	  -3.69
	  0.517	 -0.854	  0.062
	  0.855	  0.515	 -0.046
	  0.006	  0.077	  0.997

8 	  43.66	 -12.29	   7.61
	  0.482	 -0.357	  0.800
	  0.461	 -0.675	 -0.576
	  0.747	  0.645	 -0.161

9 	  53.56	  -7.98	  10.79
	  0.856	  0.470	  0.212
	 -0.438	  0.880	 -0.183
	 -0.274	  0.064	  0.959

2 	  43.84	 -11.92	  11.55
	 -0.710	  0.588	 -0.387
	  0.402	  0.789	  0.463
	  0.579	  0.173	 -0.797

3 	  46.23	  -0.51	   2.37
	  0.450	 -0.143	  0.881
	 -0.211	  0.942	  0.259
	 -0.868	 -0.302	  0.394

4 	  41.20	   6.64	  -2.88
	  0.410	  0.902	  0.135
	 -0.802	  0.284	  0.526
	  0.437	 -0.323	  0.839

5 	  46.11	   7.96	   9.30
	  0.728	  0.083	  0.680
	 -0.514	 -0.592	  0.620
	  0.456	 -0.800	 -0.389

6 	  55.95	   6.19	  11.50
	  0.954	 -0.219	  0.202
	  0.053	  0.791	  0.609
	 -0.294	 -0.573	  0.765

7 	  43.08	  -7.38	  -3.71
	  0.518	 -0.853	  0.058
	  0.855	  0.516	 -0.047
	  0.009	  0.074	  0.997

8 	  43.72	 -12.30	   7.54
	  0.481	 -0.358	  0.800
	  0.469	 -0.667	 -0.579
	  0.742	  0.652	 -0.153

9 	  53.58	  -7.96	  10.79
	  0.856	  0.470	  0.215
	 -0.438	  0.880	 -0.183
	 -0.276	  0.063	  0.959

2 	  43.47	 -11.94	  10.56
	 -0.289	  0.605	 -0.741
	  0.103	  0.789	  0.605
	  0.952	  0.098	 -0.290

3 	  46.28	  -0.47	   2.34
	  0.455	 -0.142	  0.879
	 -0.212	  0.942	  0.261
	 -0.865	 -0.304	  0.399

4 	  41.20	   6.66	  -2.88
	  0.408	  0.903	  0.136
	 -0.801	  0.282	  0.528
	  0.440	 -0.323	  0.838

5 	  46.11	   7.98	   9.32
	  0.728	  0.083	  0.680
	 -0.513	 -0.594	  0.620
	  0.457	 -0.799	 -0.391

6 	  55.95	   6.21	  11.51
	  0.954	 -0.219	  0.202
	  0.052	  0.790	  0.611
	 -0.294	 -0.574	  0.764

7 	  43.15	  -7.31	  -3.78
	  0.522	 -0.851	  0.049
	  0.853	  0.521	 -0.039
	  0.007	  0.062	  0.998

8 	  43.77	 -12.34	   7.40
	  0.475	 -0.355	  0.805
	  0.489	 -0.655	 -0.576
	  0.734	  0.665	 -0.137

9 	  53.60	  -7.95	  10.79
	  0.855	  0.470	  0.220
	 -0.437	  0.880	 -0.184
	 -0.281	  0.062	  0.958

2 	  43.82	 -11.85	  11.23
	 -0.644	  0.621	 -0.446
	  0.445	  0.778	  0.443
	  0.624	  0.088	 -0.777

3 	  46.25	  -0.44	   2.37
	  0.448	 -0.146	  0.882
	 -0.216	  0.940	  0.264
	 -0.868	 -0.308	  0.389

4 	  41.17	   6.68	  -2.85
	  0.407	  0.903	  0.138
	 -0.802	  0.280	  0.527
	  0.439	 -0.325	  0.838

5 	  46.09	   7.98	   9.33
	  0.729	  0.081	  0.680
	 -0.512	 -0.596	  0.618
	  0.457	 -0.798	 -0.393

6 	  55.95	   6.19	  11.51
	  0.955	 -0.218	  0.200
	  0.052	  0.789	  0.612
	 -0.292	 -0.576	  0.763

7 	  43.17	  -7.28	  -3.80
	  0.524	 -0.850	  0.049
	  0.851	  0.523	 -0.036
	  0.004	  0.061	  0.998

8 	  43.72	 -12.27	   7.47
	  0.474	 -0.357	  0.805
	  0.476	 -0.666	 -0.574
	  0.743	  0.653	 -0.145

9 	  53.60	  -7.96	  10.79
	  0.854	  0.470	  0.221
	 -0.437	  0.880	 -0.185
	 -0.283	  0.062	  0.957

2 	  55.41	  -9.91	  11.92
	  0.540	  0.662	 -0.519
	 -0.571	 -0.171	 -0.803
	 -0.626	  0.726	  0.287

3 	  46.04	  -0.62	   2.23
	  0.462	 -0.106	  0.880
	 -0.226	  0.946	  0.231
	 -0.858	 -0.305	  0.413

4 	  40.85	   6.21	  -3.36
	  0.415	  0.908	  0.066
	 -0.789	  0.321	  0.523
	  0.455	 -0.269	  0.849

5 	  46.44	   7.79	   8.37
	  0.755	  0.073	  0.652
	 -0.525	 -0.530	  0.666
	  0.395	 -0.844	 -0.362

6 	  56.14	   6.01	  11.48
	  0.931	 -0.217	  0.292
	  0.003	  0.808	  0.589
	 -0.365	 -0.550	  0.751

7 	  42.70	  -7.77	  -3.34
	  0.494	 -0.861	  0.123
	  0.869	  0.491	 -0.056
	 -0.013	  0.135	  0.991

8 	  43.24	 -11.34	   8.93
	  0.478	 -0.261	  0.839
	  0.334	 -0.830	 -0.447
	  0.814	  0.492	 -0.309

9 	  53.44	  -8.53	  10.93
	  0.936	  0.338	  0.095
	 -0.306	  0.916	 -0.258
	 -0.174	  0.212	  0.962

2 	  55.42	  -9.63	  11.57
	  0.353	  0.849	 -0.392
	 -0.642	 -0.088	 -0.761
	 -0.683	  0.518	  0.515

3 	  46.00	  -0.62	   2.25
	  0.464	 -0.106	  0.879
	 -0.229	  0.945	  0.232
	 -0.857	 -0.308	  0.414

4 	  40.85	   6.21	  -3.36
	  0.415	  0.907	  0.066
	 -0.788	  0.322	  0.524
	  0.456	 -0.269	  0.848

5 	  46.42	   7.79	   8.37
	  0.755	  0.073	  0.651
	 -0.524	 -0.530	  0.666
	  0.396	 -0.844	 -0.363

6 	  56.14	   5.99	  11.48
	  0.932	 -0.217	  0.291
	  0.004	  0.807	  0.590
	 -0.364	 -0.551	  0.751

7 	  42.73	  -7.75	  -3.34
	  0.495	 -0.860	  0.122
	  0.868	  0.492	 -0.056
	 -0.013	  0.134	  0.991

8 	  43.26	 -11.36	   8.93
	  0.479	 -0.261	  0.838
	  0.333	 -0.830	 -0.447
	  0.813	  0.492	 -0.310

9 	  53.44	  -8.53	  10.92
	  0.934	  0.341	  0.103
	 -0.307	  0.916	 -0.258
	 -0.183	  0.208	  0.961

2 	  55.28	 -10.07	  12.34
	  0.729	  0.496	 -0.470
	 -0.459	 -0.165	 -0.873
	 -0.520	  0.849	  0.105

3 	  45.97	  -0.58	   2.25
	  0.464	 -0.108	  0.879
	 -0.232	  0.943	  0.237
	 -0.855	 -0.313	  0.412

4 	  40.78	   6.26	  -3.30
	  0.412	  0.908	  0.069
	 -0.789	  0.317	  0.526
	  0.457	 -0.271	  0.847

5 	  46.41	   7.75	   8.40
	  0.757	  0.070	  0.649
	 -0.522	 -0.533	  0.665
	  0.395	 -0.842	 -0.368

6 	  56.14	   5.99	  11.46
	  0.932	 -0.217	  0.290
	  0.004	  0.807	  0.590
	 -0.363	 -0.552	  0.751

7 	  42.70	  -7.72	  -3.38
	  0.495	 -0.861	  0.118
	  0.869	  0.492	 -0.055
	 -0.011	  0.130	  0.991

8 	  43.26	 -11.32	   8.91
	  0.479	 -0.262	  0.837
	  0.331	 -0.831	 -0.447
	  0.814	  0.490	 -0.312

9 	  53.51	  -8.47	  10.97
	  0.933	  0.337	  0.120
	 -0.301	  0.920	 -0.249
	 -0.194	  0.196	  0.961

2 	  55.21	 -10.11	  11.87
	  0.536	  0.611	 -0.582
	 -0.668	 -0.119	 -0.734
	 -0.524	  0.779	  0.346

3 	  45.95	  -0.58	   2.25
	  0.461	 -0.108	  0.880
	 -0.232	  0.944	  0.235
	 -0.857	 -0.312	  0.410

4 	  40.78	   6.28	  -3.30
	  0.412	  0.908	  0.070
	 -0.789	  0.317	  0.526
	  0.457	 -0.271	  0.847

5 	  46.41	   7.75	   8.38
	  0.758	  0.069	  0.648
	 -0.521	 -0.534	  0.666
	  0.394	 -0.842	 -0.369

6 	  56.14	   5.99	  11.44
	  0.932	 -0.216	  0.289
	  0.004	  0.807	  0.591
	 -0.362	 -0.552	  0.751

7 	  42.70	  -7.70	  -3.36
	  0.496	 -0.860	  0.118
	  0.868	  0.493	 -0.054
	 -0.012	  0.129	  0.991

8 	  43.24	 -11.29	   8.91
	  0.481	 -0.261	  0.837
	  0.329	 -0.832	 -0.447
	  0.814	  0.489	 -0.314

9 	  53.49	  -8.47	  10.95
	  0.934	  0.335	  0.123
	 -0.300	  0.922	 -0.244
	 -0.195	  0.190	  0.962

2 	  55.49	  -9.56	  11.88
	  0.338	  0.819	 -0.463
	 -0.573	 -0.214	 -0.791
	 -0.749	  0.530	  0.398

3 	  45.95	  -0.56	   2.25
	  0.462	 -0.109	  0.880
	 -0.233	  0.943	  0.237
	 -0.856	 -0.314	  0.410

4 	  40.76	   6.29	  -3.30
	  0.412	  0.908	  0.071
	 -0.790	  0.315	  0.526
	  0.457	 -0.273	  0.846

5 	  46.39	   7.73	   8.40
	  0.758	  0.068	  0.648
	 -0.521	 -0.535	  0.665
	  0.394	 -0.841	 -0.370

6 	  56.14	   5.99	  11.44
	  0.932	 -0.217	  0.289
	  0.005	  0.806	  0.592
	 -0.362	 -0.553	  0.750

7 	  42.71	  -7.68	  -3.36
	  0.497	 -0.860	  0.116
	  0.868	  0.494	 -0.054
	 -0.012	  0.128	  0.991

8 	  43.24	 -11.29	   8.91
	  0.482	 -0.260	  0.837
	  0.329	 -0.832	 -0.446
	  0.813	  0.488	 -0.315

9 	  53.47	  -8.42	  10.95
	  0.931	  0.344	  0.121
	 -0.308	  0.919	 -0.244
	 -0.195	  0.189	  0.962

2 	  54.42	  -5.77	  11.41
	 -0.715	  0.548	  0.434
	 -0.667	 -0.345	 -0.660
	 -0.212	 -0.762	  0.612

3 	  45.93	  -0.56	   2.25
	  0.466	 -0.111	  0.877
	 -0.230	  0.943	  0.240
	 -0.855	 -0.313	  0.414

4 	  40.73	   6.29	  -3.27
	  0.414	  0.907	  0.071
	 -0.787	  0.316	  0.530
	  0.460	 -0.275	  0.844

5 	  46.41	   7.73	   8.40
	  0.760	  0.065	  0.646
	 -0.521	 -0.533	  0.666
	  0.390	 -0.842	 -0.372

6 	  56.14	   5.99	  11.46
	  0.932	 -0.217	  0.289
	  0.005	  0.805	  0.593
	 -0.362	 -0.554	  0.750

7 	  42.63	  -7.70	  -3.34
	  0.490	 -0.864	  0.115
	  0.872	  0.487	 -0.057
	 -0.008	  0.128	  0.992

8 	  43.19	 -11.25	   8.98
	  0.482	 -0.258	  0.837
	  0.317	 -0.841	 -0.439
	  0.818	  0.475	 -0.323

9 	  53.51	  -8.58	  10.92
	  0.930	  0.356	  0.091
	 -0.318	  0.902	 -0.291
	 -0.185	  0.241	  0.953

2 	  54.02	  -5.57	  12.30
	 -0.670	  0.070	  0.739
	 -0.734	 -0.217	 -0.644
	  0.119	 -0.974	  0.195

3 	  45.93	  -0.60	   2.21
	  0.481	 -0.109	  0.870
	 -0.226	  0.944	  0.241
	 -0.848	 -0.311	  0.429

4 	  40.73	   6.26	  -3.30
	  0.419	  0.905	  0.066
	 -0.781	  0.321	  0.535
	  0.464	 -0.275	  0.842

5 	  46.41	   7.73	   8.37
	  0.760	  0.066	  0.646
	 -0.522	 -0.530	  0.668
	  0.388	 -0.844	 -0.369

6 	  56.13	   5.98	  11.46
	  0.931	 -0.218	  0.292
	  0.004	  0.807	  0.590
	 -0.365	 -0.551	  0.751

7 	  42.61	  -7.75	  -3.30
	  0.492	 -0.863	  0.112
	  0.870	  0.488	 -0.067
	  0.003	  0.131	  0.991

8 	  43.19	 -11.23	   9.00
	  0.484	 -0.256	  0.837
	  0.315	 -0.842	 -0.438
	  0.818	  0.474	 -0.326

9 	  53.53	  -8.60	  10.92
	  0.931	  0.353	  0.091
	 -0.315	  0.903	 -0.294
	 -0.186	  0.244	  0.951

2 	  54.51	  -5.52	  12.04
	 -0.751	  0.363	  0.551
	 -0.609	 -0.058	 -0.791
	 -0.259	 -0.929	  0.264

3 	  45.93	  -0.58	   2.21
	  0.481	 -0.113	  0.869
	 -0.226	  0.943	  0.246
	 -0.848	 -0.314	  0.427

4 	  40.71	   6.28	  -3.29
	  0.418	  0.906	  0.066
	 -0.781	  0.321	  0.536
	  0.465	 -0.275	  0.841

5 	  46.41	   7.73	   8.37
	  0.761	  0.067	  0.645
	 -0.521	 -0.530	  0.669
	  0.388	 -0.844	 -0.370

6 	  56.14	   5.98	  11.46
	  0.931	 -0.217	  0.292
	  0.004	  0.807	  0.590
	 -0.364	 -0.551	  0.751

7 	  42.61	  -7.75	  -3.30
	  0.495	 -0.861	  0.113
	  0.869	  0.490	 -0.072
	  0.006	  0.134	  0.991

8 	  43.19	 -11.23	   9.02
	  0.484	 -0.256	  0.837
	  0.315	 -0.842	 -0.438
	  0.818	  0.474	 -0.327

9 	  53.54	  -8.58	  10.93
	  0.931	  0.351	  0.094
	 -0.312	  0.904	 -0.292
	 -0.188	  0.242	  0.952

2 	  54.04	  -5.92	  11.32
	 -0.727	  0.400	  0.558
	 -0.675	 -0.573	 -0.466
	  0.138	 -0.715	  0.685

3 	  45.91	  -0.58	   2.21
	  0.481	 -0.115	  0.869
	 -0.225	  0.942	  0.248
	 -0.848	 -0.314	  0.428

4 	  40.69	   6.26	  -3.29
	  0.420	  0.905	  0.066
	 -0.780	  0.322	  0.536
	  0.466	 -0.276	  0.841

5 	  46.41	   7.73	   8.37
	  0.761	  0.067	  0.645
	 -0.521	 -0.530	  0.669
	  0.388	 -0.844	 -0.370

6 	  56.14	   5.96	  11.44
	  0.931	 -0.218	  0.292
	  0.005	  0.808	  0.589
	 -0.365	 -0.550	  0.751

7 	  42.59	  -7.75	  -3.29
	  0.496	 -0.861	  0.114
	  0.868	  0.490	 -0.073
	  0.006	  0.135	  0.991

8 	  43.17	 -11.23	   9.02
	  0.484	 -0.257	  0.836
	  0.313	 -0.843	 -0.438
	  0.818	  0.472	 -0.327

9 	  53.49	  -8.68	  10.93
	  0.931	  0.358	  0.064
	 -0.322	  0.892	 -0.318
	 -0.171	  0.275	  0.946

2 	  54.83	  -6.17	  10.86
	 -0.577	  0.812	  0.093
	 -0.688	 -0.420	 -0.591
	 -0.446	 -0.403	  0.799

3 	  45.91	  -0.58	   2.23
	  0.475	 -0.113	  0.873
	 -0.224	  0.944	  0.243
	 -0.852	 -0.310	  0.422

4 	  40.71	   6.28	  -3.29
	  0.415	  0.907	  0.069
	 -0.784	  0.318	  0.532
	  0.462	 -0.275	  0.843

5 	  46.41	   7.72	   8.37
	  0.762	  0.065	  0.644
	 -0.520	 -0.531	  0.668
	  0.387	 -0.844	 -0.371

6 	  56.14	   5.96	  11.44
	  0.931	 -0.218	  0.292
	  0.004	  0.807	  0.590
	 -0.365	 -0.551	  0.751

7 	  42.57	  -7.73	  -3.30
	  0.491	 -0.863	  0.114
	  0.871	  0.486	 -0.070
	  0.004	  0.134	  0.991

8 	  43.17	 -11.23	   9.02
	  0.485	 -0.257	  0.836
	  0.312	 -0.843	 -0.438
	  0.818	  0.472	 -0.328

9 	  53.54	  -8.58	  10.92
	  0.931	  0.356	  0.075
	 -0.320	  0.899	 -0.300
	 -0.174	  0.255	  0.951

