2  855.91  -39.74  578.20  
   0.72  -0.69  -0.03  
   0.69  0.72  0.02  
   0.01  -0.04  1.00  

4  1177.38  154.04  -80.37  
   0.42  -0.85  0.31  
   0.87  0.29  -0.40  
   0.25  0.44  0.86  

3  1280.07  -21.88  -0.45  
   -0.26  0.03  -0.96  
   -0.09  -1.00  -0.00  
   -0.96  0.08  0.26  

5  1160.41  205.38  227.26  
   -0.18  0.39  0.90  
   -0.21  0.88  -0.43  
   -0.96  -0.27  -0.08  

6  1253.73  272.80  485.33  
   0.38  -0.92  -0.09  
   0.05  0.12  -0.99  
   0.92  0.37  0.09  

7  1173.81  -195.56  -92.87  
   0.59  0.70  0.40  
   -0.79  0.41  0.45  
   0.15  -0.58  0.80  

8  1143.00  -247.35  207.17  
   -0.14  -0.40  0.91  
   0.19  0.89  0.42  
   -0.97  0.23  -0.05  

9  1242.12  -298.70  457.65  
   0.34  0.93  -0.12  
   -0.01  0.13  0.99  
   0.94  -0.34  0.05  

2  855.46  -39.74  578.64  
   0.72  -0.69  -0.03  
   0.69  0.72  0.02  
   0.01  -0.04  1.00  

5  1159.07  207.17  226.37  
   -0.18  0.39  0.90  
   -0.22  0.88  -0.42  
   -0.96  -0.27  -0.07  

4  1177.38  153.59  -80.37  
   0.42  -0.85  0.31  
   0.87  0.29  -0.40  
   0.25  0.44  0.86  

3  1280.07  -22.77  -0.89  
   -0.26  0.02  -0.96  
   -0.09  -1.00  -0.00  
   -0.96  0.08  0.26  

6  1252.84  275.03  484.88  
   0.38  -0.92  -0.09  
   0.05  0.12  -0.99  
   0.92  0.37  0.10  

7  1173.36  -195.11  -91.98  
   0.59  0.70  0.40  
   -0.79  0.41  0.46  
   0.16  -0.59  0.79  

8  1142.55  -247.80  207.17  
   -0.14  -0.39  0.91  
   0.19  0.89  0.41  
   -0.97  0.23  -0.04  

9  1241.23  -301.82  456.75  
   0.34  0.93  -0.12  
   -0.02  0.14  0.99  
   0.94  -0.34  0.06  

2  855.46  -39.74  578.20  
   0.72  -0.69  -0.03  
   0.69  0.72  0.02  
   0.01  -0.03  1.00  

4  1176.04  154.48  -79.47  
   0.42  -0.85  0.31  
   0.87  0.28  -0.40  
   0.25  0.44  0.86  

3  1279.62  -22.77  -0.45  
   -0.26  0.02  -0.96  
   -0.09  -1.00  -0.00  
   -0.96  0.08  0.26  

5  1156.39  206.72  226.37  
   -0.18  0.38  0.91  
   -0.22  0.88  -0.41  
   -0.96  -0.28  -0.08  

6  1248.37  278.61  484.44  
   0.38  -0.92  -0.08  
   0.06  0.11  -0.99  
   0.92  0.37  0.10  

9  1239.89  -302.72  456.31  
   0.34  0.93  -0.12  
   -0.02  0.14  0.99  
   0.94  -0.34  0.07  

7  1172.47  -195.56  -91.98  
   0.59  0.70  0.40  
   -0.79  0.40  0.46  
   0.16  -0.59  0.79  

8  1141.21  -247.35  206.28  
   -0.14  -0.39  0.91  
   0.20  0.89  0.41  
   -0.97  0.24  -0.04  

3  1278.73  -22.32  0.00  
   -0.26  0.02  -0.96  
   -0.09  -1.00  -0.00  
   -0.96  0.08  0.26  

2  855.46  -39.74  578.64  
   0.72  -0.69  -0.03  
   0.69  0.72  0.02  
   0.01  -0.04  1.00  

5  1155.95  205.83  227.71  
   -0.18  0.37  0.91  
   -0.22  0.89  -0.41  
   -0.96  -0.27  -0.08  

4  1175.15  154.48  -79.47  
   0.41  -0.85  0.31  
   0.87  0.28  -0.40  
   0.26  0.44  0.86  

6  1247.48  277.27  486.22  
   0.38  -0.92  -0.07  
   0.06  0.11  -0.99  
   0.92  0.37  0.10  

8  1139.43  -247.35  206.72  
   -0.13  -0.38  0.91  
   0.20  0.89  0.40  
   -0.97  0.24  -0.04  

9  1238.99  -303.61  456.75  
   0.34  0.93  -0.12  
   -0.03  0.14  0.99  
   0.94  -0.33  0.07  

7  1171.58  -195.11  -91.53  
   0.59  0.70  0.40  
   -0.79  0.40  0.46  
   0.16  -0.59  0.79  

2  855.46  -39.74  578.64  
   0.72  -0.69  -0.03  
   0.69  0.72  0.02  
   0.01  -0.04  1.00  

5  1155.50  205.38  227.71  
   -0.18  0.38  0.91  
   -0.22  0.89  -0.41  
   -0.96  -0.27  -0.08  

4  1175.15  154.93  -79.03  
   0.41  -0.85  0.31  
   0.87  0.28  -0.40  
   0.26  0.44  0.86  

3  1277.39  -22.32  0.00  
   -0.26  0.02  -0.97  
   -0.08  -1.00  0.00  
   -0.96  0.08  0.26  

6  1247.92  276.82  486.22  
   0.38  -0.92  -0.08  
   0.06  0.11  -0.99  
   0.92  0.37  0.10  

7  1169.34  -194.67  -91.08  
   0.58  0.71  0.40  
   -0.80  0.39  0.46  
   0.17  -0.59  0.79  

8  1137.64  -246.01  208.06  
   -0.13  -0.38  0.92  
   0.20  0.90  0.40  
   -0.97  0.24  -0.04  

9  1236.76  -304.50  457.65  
   0.34  0.93  -0.12  
   -0.03  0.14  0.99  
   0.94  -0.33  0.07  

2  855.46  -39.74  578.64  
   0.72  -0.69  -0.03  
   0.69  0.72  0.02  
   0.01  -0.04  1.00  

4  1175.59  154.04  -78.13  
   0.42  -0.85  0.31  
   0.87  0.28  -0.41  
   0.26  0.44  0.86  

5  1152.82  209.40  225.47  
   -0.14  0.39  0.91  
   -0.23  0.88  -0.41  
   -0.96  -0.27  -0.04  

3  1277.84  -22.32  0.00  
   -0.26  0.02  -0.97  
   -0.08  -1.00  0.00  
   -0.96  0.08  0.26  

6  1243.01  279.05  485.33  
   0.36  -0.93  -0.09  
   0.07  0.13  -0.99  
   0.93  0.35  0.11  

9  1233.19  -305.84  457.20  
   0.33  0.94  -0.12  
   -0.04  0.14  0.99  
   0.94  -0.32  0.08  

7  1169.79  -195.11  -90.19  
   0.58  0.71  0.40  
   -0.80  0.39  0.46  
   0.17  -0.59  0.79  

8  1136.75  -247.35  207.17  
   -0.13  -0.37  0.92  
   0.20  0.90  0.39  
   -0.97  0.24  -0.04  

2  855.46  -40.18  578.20  
   0.72  -0.69  -0.03  
   0.69  0.72  0.02  
   0.01  -0.04  1.00  

3  1277.39  -22.77  0.00  
   -0.26  0.02  -0.97  
   -0.08  -1.00  0.01  
   -0.96  0.08  0.26  

4  1176.04  154.04  -77.69  
   0.42  -0.85  0.31  
   0.87  0.28  -0.42  
   0.27  0.44  0.85  

5  1146.13  214.76  222.35  
   -0.12  0.39  0.91  
   -0.25  0.88  -0.41  
   -0.96  -0.28  -0.01  

6  1231.85  291.55  483.54  
   0.34  -0.94  -0.10  
   0.09  0.13  -0.99  
   0.94  0.33  0.13  

7  1169.79  -194.67  -90.64  
   0.58  0.71  0.40  
   -0.80  0.39  0.46  
   0.17  -0.59  0.79  

8  1134.52  -249.58  205.83  
   -0.11  -0.37  0.92  
   0.22  0.90  0.39  
   -0.97  0.24  -0.02  

9  1227.39  -312.99  454.97  
   0.31  0.94  -0.11  
   -0.05  0.14  0.99  
   0.95  -0.31  0.09  

2  855.46  -39.74  578.64  
   0.72  -0.69  -0.03  
   0.69  0.72  0.02  
   0.01  -0.04  1.00  

4  1176.04  154.93  -77.24  
   0.42  -0.85  0.31  
   0.86  0.27  -0.42  
   0.27  0.45  0.85  

3  1277.39  -22.77  0.00  
   -0.26  0.02  -0.97  
   -0.08  -1.00  0.01  
   -0.96  0.08  0.26  

5  1139.87  218.33  219.67  
   -0.08  0.38  0.92  
   -0.27  0.88  -0.39  
   -0.96  -0.28  0.03  

6  1216.67  300.48  481.76  
   0.30  -0.95  -0.09  
   0.11  0.13  -0.98  
   0.95  0.29  0.15  

8  1133.62  -250.48  204.49  
   -0.11  -0.37  0.92  
   0.22  0.89  0.39  
   -0.97  0.25  -0.01  

9  1224.26  -316.11  454.97  
   0.30  0.95  -0.12  
   -0.06  0.14  0.99  
   0.95  -0.29  0.10  

7  1170.24  -194.67  -90.64  
   0.58  0.71  0.41  
   -0.80  0.39  0.46  
   0.17  -0.59  0.79  

2  855.46  -39.74  578.20  
   0.72  -0.69  -0.03  
   0.69  0.72  0.02  
   0.01  -0.04  1.00  

6  1197.92  312.09  478.18  
   0.26  -0.96  -0.11  
   0.13  0.15  -0.98  
   0.96  0.24  0.16  

3  1277.84  -22.32  0.00  
   -0.26  0.02  -0.97  
   -0.08  -1.00  0.01  
   -0.96  0.08  0.26  

4  1177.38  155.82  -77.24  
   0.43  -0.85  0.32  
   0.86  0.27  -0.43  
   0.28  0.46  0.84  

5  1132.28  223.69  213.42  
   -0.03  0.41  0.91  
   -0.29  0.87  -0.40  
   -0.96  -0.28  0.09  

7  1170.24  -194.22  -91.08  
   0.58  0.70  0.41  
   -0.80  0.38  0.46  
   0.17  -0.60  0.79  

9  1217.56  -318.34  453.18  
   0.28  0.95  -0.13  
   -0.07  0.15  0.99  
   0.96  -0.27  0.10  

8  1130.50  -251.82  202.70  
   -0.09  -0.38  0.92  
   0.23  0.89  0.39  
   -0.97  0.24  0.01  

2  855.46  -39.74  578.64  
   0.72  -0.69  -0.03  
   0.69  0.72  0.02  
   0.01  -0.04  1.00  

5  1124.69  233.51  204.04  
   0.01  0.42  0.91  
   -0.32  0.86  -0.40  
   -0.95  -0.29  0.15  

3  1278.73  -22.32  -0.45  
   -0.26  0.01  -0.96  
   -0.08  -1.00  0.01  
   -0.96  0.08  0.26  

4  1178.72  155.82  -77.69  
   0.43  -0.84  0.32  
   0.86  0.27  -0.43  
   0.28  0.46  0.84  

6  1180.06  329.51  471.04  
   0.21  -0.97  -0.13  
   0.16  0.17  -0.97  
   0.96  0.19  0.19  

9  1203.72  -325.49  451.84  
   0.25  0.96  -0.13  
   -0.08  0.15  0.99  
   0.97  -0.23  0.11  

7  1172.02  -193.33  -91.08  
   0.58  0.71  0.41  
   -0.80  0.38  0.46  
   0.17  -0.60  0.79  

8  1124.69  -254.50  197.35  
   -0.06  -0.38  0.92  
   0.24  0.89  0.38  
   -0.97  0.24  0.04  

2  855.46  -40.18  578.64  
   0.72  -0.69  -0.03  
   0.69  0.72  0.02  
   0.01  -0.04  1.00  

5  1117.10  237.08  199.13  
   0.05  0.44  0.90  
   -0.34  0.85  -0.40  
   -0.94  -0.28  0.19  

4  1180.06  156.27  -77.69  
   0.43  -0.84  0.32  
   0.86  0.27  -0.43  
   0.27  0.46  0.84  

3  1280.07  -21.88  -0.45  
   -0.26  0.01  -0.96  
   -0.08  -1.00  0.01  
   -0.96  0.08  0.26  

7  1172.91  -193.33  -92.42  
   0.57  0.71  0.42  
   -0.80  0.38  0.46  
   0.16  -0.60  0.79  

6  1164.88  334.86  467.92  
   0.17  -0.97  -0.16  
   0.17  0.19  -0.97  
   0.97  0.14  0.20  

8  1119.34  -257.62  192.88  
   -0.03  -0.38  0.93  
   0.25  0.89  0.37  
   -0.97  0.25  0.07  

9  1192.11  -333.52  447.38  
   0.22  0.97  -0.12  
   -0.10  0.15  0.98  
   0.97  -0.21  0.13  

2  855.46  -39.74  578.20  
   0.72  -0.69  -0.03  
   0.69  0.72  0.02  
   0.01  -0.04  1.00  

5  1106.39  240.21  191.99  
   0.10  0.44  0.89  
   -0.35  0.85  -0.39  
   -0.93  -0.27  0.24  

4  1180.95  157.16  -78.58  
   0.43  -0.84  0.33  
   0.86  0.27  -0.43  
   0.27  0.47  0.84  

3  1280.96  -21.88  -0.45  
   -0.27  0.01  -0.96  
   -0.08  -1.00  0.01  
   -0.96  0.08  0.27  

6  1143.89  341.56  461.22  
   0.14  -0.98  -0.17  
   0.18  0.19  -0.97  
   0.97  0.10  0.20  

7  1173.81  -192.43  -93.32  
   0.57  0.70  0.42  
   -0.81  0.38  0.45  
   0.15  -0.60  0.79  

9  1180.06  -340.22  442.91  
   0.20  0.97  -0.13  
   -0.11  0.15  0.98  
   0.97  -0.18  0.14  

8  1113.53  -260.30  188.42  
   0.00  -0.38  0.92  
   0.27  0.89  0.37  
   -0.96  0.25  0.10  

3  1282.30  -20.54  0.00  
   -0.27  0.02  -0.96  
   -0.08  -1.00  0.01  
   -0.96  0.08  0.27  

2  855.46  -39.74  578.64  
   0.72  -0.69  -0.03  
   0.69  0.72  0.02  
   0.01  -0.04  1.00  

4  1182.29  158.06  -79.47  
   0.42  -0.84  0.33  
   0.87  0.26  -0.42  
   0.27  0.47  0.84  

5  1097.01  240.21  187.52  
   0.15  0.44  0.88  
   -0.35  0.86  -0.37  
   -0.92  -0.25  0.29  

7  1175.59  -191.10  -94.21  
   0.57  0.70  0.42  
   -0.81  0.39  0.44  
   0.15  -0.60  0.79  

6  1124.25  342.45  455.86  
   0.09  -0.98  -0.17  
   0.18  0.18  -0.97  
   0.98  0.06  0.20  

8  1108.62  -260.30  181.72  
   0.04  -0.39  0.92  
   0.28  0.89  0.37  
   -0.96  0.24  0.15  

9  1165.32  -344.69  438.89  
   0.16  0.98  -0.13  
   -0.12  0.15  0.98  
   0.98  -0.14  0.14  

2  855.46  -39.74  578.20  
   0.72  -0.69  -0.03  
   0.69  0.72  0.02  
   0.01  -0.03  1.00  

3  1284.09  -20.54  -0.89  
   -0.27  0.02  -0.96  
   -0.08  -1.00  0.00  
   -0.96  0.08  0.27  

4  1184.52  157.61  -79.92  
   0.42  -0.84  0.33  
   0.87  0.26  -0.42  
   0.26  0.47  0.84  

6  1098.80  342.45  448.27  
   0.02  -0.98  -0.21  
   0.18  0.21  -0.96  
   0.98  -0.02  0.18  

5  1088.08  240.21  175.47  
   0.21  0.47  0.86  
   -0.35  0.86  -0.38  
   -0.91  -0.22  0.35  

7  1177.38  -190.20  -94.65  
   0.56  0.71  0.43  
   -0.81  0.39  0.43  
   0.14  -0.59  0.79  

8  1098.35  -262.09  173.24  
   0.10  -0.40  0.91  
   0.29  0.89  0.36  
   -0.95  0.23  0.20  

9  1142.11  -348.70  434.43  
   0.10  0.99  -0.14  
   -0.13  0.15  0.98  
   0.99  -0.08  0.14  

2  855.46  -39.74  578.20  
   0.72  -0.69  -0.03  
   0.69  0.72  0.02  
   0.01  -0.04  1.00  

5  1079.15  240.21  170.11  
   0.26  0.45  0.85  
   -0.36  0.87  -0.35  
   -0.90  -0.21  0.39  

6  1076.92  347.81  438.00  
   -0.03  -0.98  -0.19  
   0.20  0.18  -0.96  
   0.98  -0.07  0.19  

4  1186.31  156.27  -81.71  
   0.40  -0.85  0.33  
   0.88  0.26  -0.41  
   0.26  0.46  0.85  

3  1285.88  -20.54  -1.79  
   -0.27  0.02  -0.96  
   -0.08  -1.00  0.00  
   -0.96  0.08  0.27  

7  1180.06  -189.31  -96.44  
   0.56  0.71  0.43  
   -0.82  0.39  0.42  
   0.14  -0.58  0.80  

8  1090.31  -265.21  163.41  
   0.15  -0.40  0.90  
   0.30  0.89  0.34  
   -0.94  0.22  0.25  

9  1117.55  -358.08  425.50  
   0.04  0.99  -0.14  
   -0.15  0.14  0.98  
   0.99  -0.02  0.16  

2  855.46  -39.74  578.64  
   0.72  -0.69  -0.03  
   0.69  0.72  0.02  
   0.01  -0.04  1.00  

4  1186.76  156.72  -81.71  
   0.40  -0.85  0.33  
   0.88  0.26  -0.40  
   0.26  0.45  0.85  

3  1286.32  -20.09  -0.89  
   -0.27  0.02  -0.96  
   -0.08  -1.00  0.01  
   -0.96  0.08  0.27  

5  1075.58  237.53  167.43  
   0.28  0.44  0.85  
   -0.35  0.88  -0.33  
   -0.89  -0.20  0.40  

6  1068.44  346.03  437.11  
   -0.06  -0.98  -0.18  
   0.20  0.17  -0.97  
   0.98  -0.09  0.19  

8  1084.51  -265.21  159.39  
   0.19  -0.41  0.89  
   0.31  0.89  0.34  
   -0.93  0.21  0.29  

7  1180.95  -188.86  -97.33  
   0.55  0.72  0.43  
   -0.82  0.39  0.41  
   0.13  -0.58  0.80  

9  1102.82  -363.88  417.46  
   0.00  0.99  -0.14  
   -0.17  0.14  0.98  
   0.99  0.02  0.17  

2  855.46  -39.74  578.64  
   0.72  -0.69  -0.03  
   0.69  0.72  0.02  
   0.01  -0.04  1.00  

3  1287.66  -20.09  -0.89  
   -0.27  0.02  -0.96  
   -0.08  -1.00  0.01  
   -0.96  0.08  0.27  

4  1188.54  156.72  -83.49  
   0.39  -0.86  0.33  
   0.88  0.25  -0.40  
   0.26  0.45  0.86  

5  1066.65  234.40  160.29  
   0.33  0.42  0.84  
   -0.34  0.89  -0.31  
   -0.88  -0.18  0.44  

7  1181.40  -188.42  -99.12  
   0.54  0.72  0.43  
   -0.83  0.38  0.40  
   0.13  -0.57  0.81  

6  1042.99  343.35  427.29  
   -0.12  -0.98  -0.17  
   0.21  0.14  -0.97  
   0.97  -0.15  0.19  

8  1076.92  -262.98  152.70  
   0.23  -0.40  0.89  
   0.31  0.89  0.33  
   -0.92  0.20  0.33  

9  1081.39  -364.33  410.77  
   -0.06  0.99  -0.13  
   -0.18  0.12  0.98  
   0.98  0.08  0.17  

2  855.46  -39.74  578.64  
   0.72  -0.69  -0.03  
   0.69  0.72  0.02  
   0.01  -0.04  1.00  

3  1289.00  -20.09  -0.45  
   -0.26  0.02  -0.96  
   -0.08  -1.00  0.01  
   -0.96  0.08  0.26  

4  1189.88  156.72  -83.94  
   0.37  -0.87  0.32  
   0.89  0.24  -0.38  
   0.25  0.43  0.86  

5  1059.06  233.51  150.02  
   0.38  0.41  0.83  
   -0.35  0.89  -0.28  
   -0.86  -0.18  0.48  

6  1021.56  347.36  413.89  
   -0.17  -0.97  -0.16  
   0.22  0.12  -0.97  
   0.96  -0.20  0.20  

7  1182.74  -187.08  -100.91  
   0.53  0.73  0.43  
   -0.84  0.38  0.39  
   0.12  -0.57  0.81  

8  1070.22  -262.98  143.77  
   0.28  -0.38  0.88  
   0.32  0.90  0.29  
   -0.91  0.20  0.37  

9  1057.27  -370.58  397.82  
   -0.13  0.99  -0.10  
   -0.20  0.07  0.98  
   0.97  0.15  0.19  

2  855.46  -40.18  578.20  
   0.72  -0.69  -0.03  
   0.69  0.72  0.02  
   0.01  -0.03  1.00  

6  1012.63  347.36  408.53  
   -0.19  -0.97  -0.16  
   0.23  0.11  -0.97  
   0.95  -0.22  0.20  

5  1055.04  232.62  146.45  
   0.40  0.40  0.83  
   -0.35  0.90  -0.27  
   -0.85  -0.18  0.50  

4  1190.77  156.72  -85.28  
   0.37  -0.87  0.32  
   0.89  0.24  -0.38  
   0.25  0.43  0.87  

3  1289.45  -19.20  -0.45  
   -0.26  0.01  -0.96  
   -0.08  -1.00  0.01  
   -0.96  0.08  0.26  

9  1037.18  -376.83  388.44  
   -0.17  0.98  -0.07  
   -0.22  0.03  0.97  
   0.96  0.19  0.21  

7  1182.74  -186.18  -101.35  
   0.52  0.74  0.43  
   -0.84  0.38  0.38  
   0.12  -0.56  0.82  

8  1061.74  -262.53  136.62  
   0.31  -0.36  0.88  
   0.33  0.91  0.25  
   -0.89  0.21  0.40  

2  855.46  -39.74  578.20  
   0.72  -0.69  -0.03  
   0.69  0.72  0.02  
   0.01  -0.04  1.00  

4  1190.77  156.27  -85.28  
   0.37  -0.87  0.32  
   0.89  0.24  -0.38  
   0.25  0.43  0.87  

3  1290.34  -20.09  -0.45  
   -0.26  0.01  -0.96  
   -0.08  -1.00  0.01  
   -0.96  0.08  0.26  

5  1052.36  229.94  144.66  
   0.41  0.39  0.82  
   -0.34  0.90  -0.26  
   -0.85  -0.17  0.51  

7  1182.29  -183.95  -101.80  
   0.51  0.75  0.43  
   -0.85  0.37  0.37  
   0.12  -0.55  0.82  

6  1004.14  344.24  405.85  
   -0.22  -0.96  -0.16  
   0.22  0.11  -0.97  
   0.95  -0.25  0.19  

8  1055.94  -262.53  129.03  
   0.34  -0.34  0.88  
   0.34  0.91  0.22  
   -0.88  0.23  0.43  

9  1021.11  -383.53  375.49  
   -0.21  0.98  -0.05  
   -0.25  -0.01  0.97  
   0.94  0.22  0.24  

2  855.46  -40.18  578.64  
   0.72  -0.69  -0.03  
   0.69  0.72  0.02  
   0.01  -0.04  1.00  

5  1047.90  226.81  137.07  
   0.44  0.38  0.81  
   -0.33  0.91  -0.24  
   -0.83  -0.16  0.53  

4  1191.67  155.38  -87.06  
   0.36  -0.88  0.32  
   0.90  0.23  -0.37  
   0.25  0.42  0.87  

6  988.96  342.01  396.48  
   -0.25  -0.96  -0.15  
   0.23  0.09  -0.97  
   0.94  -0.28  0.19  

3  1289.89  -20.09  -0.45  
   -0.26  0.01  -0.96  
   -0.08  -1.00  0.01  
   -0.96  0.08  0.26  

7  1182.74  -183.51  -104.92  
   0.50  0.75  0.43  
   -0.86  0.37  0.36  
   0.11  -0.55  0.83  

8  1052.36  -260.75  123.23  
   0.37  -0.32  0.87  
   0.35  0.92  0.19  
   -0.86  0.23  0.45  

9  1006.82  -387.10  363.44  
   -0.26  0.96  -0.03  
   -0.27  -0.04  0.96  
   0.93  0.26  0.27  

2  855.46  -39.74  578.20  
   0.72  -0.69  -0.03  
   0.69  0.72  0.02  
   0.01  -0.04  1.00  

3  1291.68  -20.54  -0.45  
   -0.26  0.00  -0.97  
   -0.08  -1.00  0.02  
   -0.96  0.08  0.26  

4  1193.01  154.04  -87.96  
   0.34  -0.89  0.31  
   0.91  0.22  -0.36  
   0.25  0.40  0.88  

5  1042.09  224.58  130.82  
   0.48  0.37  0.80  
   -0.33  0.92  -0.23  
   -0.82  -0.16  0.56  

6  973.78  341.11  383.98  
   -0.30  -0.94  -0.15  
   0.23  0.08  -0.97  
   0.93  -0.32  0.20  

9  992.09  -390.23  351.83  
   -0.30  0.95  -0.02  
   -0.28  -0.07  0.96  
   0.91  0.29  0.29  

7  1182.29  -183.06  -107.16  
   0.49  0.76  0.42  
   -0.87  0.36  0.35  
   0.11  -0.54  0.84  

8  1047.90  -259.41  116.09  
   0.40  -0.31  0.86  
   0.36  0.92  0.16  
   -0.85  0.25  0.47  

2  855.46  -40.18  578.20  
   0.72  -0.69  -0.03  
   0.69  0.72  0.02  
   0.01  -0.04  1.00  

4  1194.35  153.59  -88.85  
   0.33  -0.89  0.30  
   0.91  0.22  -0.35  
   0.25  0.39  0.88  

3  1292.13  -20.98  -0.45  
   -0.26  -0.00  -0.97  
   -0.08  -1.00  0.02  
   -0.96  0.08  0.26  

6  959.49  342.90  372.81  
   -0.34  -0.93  -0.15  
   0.24  0.07  -0.97  
   0.91  -0.37  0.20  

5  1038.52  224.14  123.68  
   0.50  0.36  0.78  
   -0.33  0.92  -0.22  
   -0.80  -0.15  0.58  

7  1181.40  -180.38  -108.94  
   0.47  0.78  0.42  
   -0.88  0.35  0.33  
   0.11  -0.52  0.84  

8  1042.54  -258.07  109.39  
   0.42  -0.28  0.86  
   0.36  0.92  0.12  
   -0.83  0.26  0.49  

9  975.57  -391.57  338.88  
   -0.34  0.94  0.01  
   -0.29  -0.11  0.95  
   0.89  0.32  0.31  

2  855.46  -40.18  578.64  
   0.72  -0.69  -0.03  
   0.69  0.72  0.02  
   0.01  -0.04  1.00  

6  943.42  344.24  356.29  
   -0.39  -0.91  -0.15  
   0.25  0.05  -0.97  
   0.89  -0.41  0.21  

3  1293.02  -22.32  0.00  
   -0.25  -0.01  -0.97  
   -0.07  -1.00  0.03  
   -0.97  0.08  0.25  

5  1033.61  222.80  114.75  
   0.53  0.35  0.77  
   -0.33  0.92  -0.19  
   -0.78  -0.15  0.61  

4  1195.24  151.80  -92.42  
   0.32  -0.90  0.29  
   0.91  0.21  -0.34  
   0.25  0.38  0.89  

7  1179.17  -175.47  -112.96  
   0.44  0.79  0.42  
   -0.89  0.33  0.30  
   0.10  -0.51  0.85  

9  957.26  -392.91  323.25  
   -0.38  0.93  0.05  
   -0.31  -0.18  0.93  
   0.87  0.33  0.36  

8  1033.61  -254.05  99.12  
   0.45  -0.24  0.86  
   0.38  0.92  0.06  
   -0.81  0.29  0.51  

2  855.46  -40.18  578.64  
   0.72  -0.69  -0.03  
   0.69  0.72  0.02  
   0.01  -0.03  1.00  

3  1293.47  -22.32  0.45  
   -0.25  -0.02  -0.97  
   -0.07  -1.00  0.03  
   -0.97  0.07  0.24  

4  1196.58  150.02  -95.10  
   0.31  -0.91  0.29  
   0.92  0.21  -0.33  
   0.24  0.37  0.90  

5  1029.59  220.12  107.60  
   0.56  0.34  0.76  
   -0.33  0.93  -0.17  
   -0.76  -0.15  0.63  

6  929.58  342.01  344.69  
   -0.43  -0.89  -0.14  
   0.26  0.03  -0.97  
   0.87  -0.45  0.22  

7  1178.72  -172.79  -113.85  
   0.42  0.80  0.42  
   -0.90  0.32  0.29  
   0.10  -0.50  0.86  

9  942.53  -391.57  312.09  
   -0.41  0.91  0.08  
   -0.32  -0.22  0.92  
   0.86  0.35  0.38  

8  1026.91  -251.82  91.53  
   0.48  -0.22  0.85  
   0.37  0.93  0.03  
   -0.79  0.30  0.53  

2  855.46  -40.18  578.20  
   0.72  -0.69  -0.03  
   0.69  0.72  0.02  
   0.01  -0.03  1.00  

5  1026.47  216.54  101.80  
   0.58  0.33  0.75  
   -0.32  0.93  -0.16  
   -0.75  -0.14  0.64  

6  917.08  337.54  334.42  
   -0.46  -0.88  -0.13  
   0.25  0.01  -0.97  
   0.85  -0.48  0.22  

4  1197.02  148.23  -95.99  
   0.30  -0.91  0.28  
   0.92  0.20  -0.33  
   0.24  0.36  0.90  

3  1293.02  -23.22  0.89  
   -0.24  -0.02  -0.97  
   -0.07  -1.00  0.04  
   -0.97  0.07  0.24  

7  1177.83  -172.34  -115.64  
   0.40  0.81  0.43  
   -0.91  0.30  0.28  
   0.10  -0.50  0.86  

8  1023.34  -247.80  86.62  
   0.50  -0.22  0.83  
   0.36  0.93  0.03  
   -0.79  0.28  0.55  

9  930.92  -383.98  304.95  
   -0.43  0.90  0.08  
   -0.30  -0.23  0.93  
   0.85  0.38  0.37  

2  855.46  -40.18  578.20  
   0.72  -0.69  -0.03  
   0.69  0.72  0.02  
   0.01  -0.04  1.00  

3  1293.91  -23.22  0.89  
   -0.24  -0.02  -0.97  
   -0.06  -1.00  0.04  
   -0.97  0.07  0.24  

4  1197.02  147.34  -97.33  
   0.28  -0.92  0.27  
   0.93  0.19  -0.32  
   0.24  0.34  0.91  

5  1022.45  212.08  95.99  
   0.60  0.31  0.73  
   -0.30  0.94  -0.15  
   -0.74  -0.13  0.66  

7  1176.93  -170.56  -117.43  
   0.39  0.82  0.43  
   -0.92  0.29  0.27  
   0.10  -0.50  0.86  

8  1017.98  -242.44  80.37  
   0.54  -0.22  0.81  
   0.34  0.94  0.03  
   -0.77  0.26  0.58  

6  902.79  330.84  322.81  
   -0.50  -0.86  -0.12  
   0.24  -0.01  -0.97  
   0.83  -0.51  0.21  

9  913.95  -375.49  295.13  
   -0.48  0.87  0.07  
   -0.29  -0.23  0.93  
   0.83  0.43  0.36  

2  855.46  -40.18  578.64  
   0.72  -0.69  -0.03  
   0.69  0.72  0.02  
   0.01  -0.04  1.00  

6  892.52  327.72  310.31  
   -0.54  -0.83  -0.12  
   0.24  -0.01  -0.97  
   0.81  -0.55  0.21  

4  1198.81  146.89  -99.57  
   0.27  -0.93  0.26  
   0.93  0.19  -0.31  
   0.24  0.33  0.91  

3  1294.36  -23.66  0.89  
   -0.24  -0.03  -0.97  
   -0.06  -1.00  0.04  
   -0.97  0.07  0.24  

5  1020.22  209.40  89.74  
   0.63  0.30  0.72  
   -0.29  0.95  -0.14  
   -0.72  -0.12  0.68  

8  1016.64  -241.10  75.46  
   0.56  -0.22  0.80  
   0.34  0.94  0.03  
   -0.76  0.25  0.60  

7  1178.72  -169.66  -117.43  
   0.38  0.82  0.43  
   -0.92  0.29  0.27  
   0.10  -0.50  0.86  

9  905.92  -372.81  287.54  
   -0.51  0.86  0.06  
   -0.28  -0.23  0.93  
   0.81  0.46  0.36  

2  855.46  -40.18  578.20  
   0.72  -0.69  -0.03  
   0.69  0.72  0.02  
   0.01  -0.04  1.00  

4  1202.38  145.55  -101.80  
   0.27  -0.93  0.25  
   0.93  0.18  -0.31  
   0.24  0.32  0.92  

3  1295.70  -24.11  0.89  
   -0.23  -0.03  -0.97  
   -0.06  -1.00  0.04  
   -0.97  0.07  0.23  

5  1018.88  207.17  82.60  
   0.65  0.29  0.70  
   -0.28  0.95  -0.13  
   -0.70  -0.11  0.70  

6  881.36  323.70  296.02  
   -0.58  -0.80  -0.13  
   0.24  -0.01  -0.97  
   0.77  -0.60  0.20  

9  894.75  -367.01  275.03  
   -0.55  0.83  0.05  
   -0.27  -0.24  0.93  
   0.79  0.50  0.36  

7  1180.50  -168.77  -118.76  
   0.37  0.83  0.42  
   -0.92  0.28  0.26  
   0.10  -0.49  0.87  

8  1013.97  -239.32  67.42  
   0.59  -0.22  0.78  
   0.33  0.95  0.02  
   -0.74  0.24  0.63  

2  855.46  -40.18  578.64  
   0.72  -0.69  -0.03  
   0.69  0.72  0.02  
   0.01  -0.04  1.00  

3  1297.04  -24.11  0.89  
   -0.23  -0.03  -0.97  
   -0.06  -1.00  0.05  
   -0.97  0.07  0.22  

4  1204.61  145.55  -102.69  
   0.26  -0.93  0.24  
   0.93  0.18  -0.31  
   0.24  0.31  0.92  

5  1019.77  207.17  78.13  
   0.67  0.29  0.68  
   -0.28  0.95  -0.13  
   -0.69  -0.10  0.72  

6  874.22  322.81  282.18  
   -0.63  -0.77  -0.15  
   0.24  -0.01  -0.97  
   0.74  -0.64  0.19  

7  1182.74  -166.54  -119.21  
   0.36  0.83  0.42  
   -0.93  0.27  0.26  
   0.10  -0.49  0.87  

8  1011.73  -237.08  61.17  
   0.61  -0.21  0.76  
   0.32  0.95  0.01  
   -0.72  0.24  0.65  

9  880.91  -364.33  261.64  
   -0.60  0.80  0.05  
   -0.26  -0.25  0.93  
   0.76  0.54  0.36  

2  855.46  -39.74  578.20  
   0.72  -0.69  -0.03  
   0.69  0.72  0.02  
   0.01  -0.04  1.00  

3  1298.82  -24.56  0.89  
   -0.22  -0.03  -0.97  
   -0.06  -1.00  0.05  
   -0.97  0.06  0.22  

4  1207.29  145.11  -102.69  
   0.26  -0.94  0.23  
   0.93  0.18  -0.31  
   0.25  0.30  0.92  

5  1018.43  204.04  72.33  
   0.69  0.28  0.67  
   -0.27  0.96  -0.12  
   -0.67  -0.10  0.73  

6  863.50  318.79  268.78  
   -0.66  -0.73  -0.14  
   0.24  -0.03  -0.97  
   0.71  -0.68  0.19  

7  1184.08  -166.09  -119.66  
   0.35  0.84  0.42  
   -0.93  0.27  0.25  
   0.10  -0.48  0.87  

8  1009.95  -234.40  56.26  
   0.64  -0.21  0.74  
   0.31  0.95  0.01  
   -0.71  0.22  0.67  

9  870.64  -358.08  251.37  
   -0.64  0.77  0.03  
   -0.24  -0.24  0.94  
   0.73  0.59  0.34  

2  855.46  -39.74  578.20  
   0.72  -0.69  -0.03  
   0.69  0.72  0.02  
   0.01  -0.04  1.00  

3  1299.72  -25.00  0.45  
   -0.22  -0.04  -0.98  
   -0.05  -1.00  0.05  
   -0.97  0.06  0.21  

6  851.45  312.09  254.05  
   -0.71  -0.69  -0.14  
   0.23  -0.04  -0.97  
   0.67  -0.72  0.18  

5  1016.64  200.03  66.53  
   0.71  0.26  0.65  
   -0.25  0.96  -0.11  
   -0.66  -0.09  0.75  

4  1209.53  144.66  -104.92  
   0.25  -0.94  0.22  
   0.94  0.17  -0.30  
   0.25  0.29  0.93  

8  1008.61  -232.62  50.45  
   0.66  -0.22  0.72  
   0.30  0.95  0.02  
   -0.69  0.20  0.70  

7  1185.86  -166.09  -120.55  
   0.35  0.84  0.42  
   -0.93  0.26  0.25  
   0.10  -0.48  0.87  

9  861.71  -353.17  239.76  
   -0.67  0.74  0.02  
   -0.23  -0.23  0.94  
   0.70  0.63  0.33  

2  855.46  -39.74  578.20  
   0.72  -0.69  -0.03  
   0.69  0.72  0.02  
   0.01  -0.03  1.00  

3  1301.06  -24.11  1.34  
   -0.21  -0.03  -0.98  
   -0.05  -1.00  0.04  
   -0.98  0.06  0.21  

5  1014.86  198.24  61.61  
   0.73  0.25  0.64  
   -0.24  0.96  -0.10  
   -0.64  -0.08  0.76  

4  1209.97  144.66  -104.92  
   0.24  -0.95  0.22  
   0.94  0.17  -0.30  
   0.25  0.28  0.93  

6  842.07  309.41  239.32  
   -0.74  -0.65  -0.14  
   0.22  -0.04  -0.97  
   0.63  -0.76  0.18  

7  1187.65  -164.31  -120.55  
   0.34  0.84  0.41  
   -0.93  0.26  0.25  
   0.10  -0.47  0.88  

8  1008.16  -230.83  46.43  
   0.67  -0.22  0.70  
   0.29  0.96  0.02  
   -0.68  0.19  0.71  

9  856.80  -351.38  231.73  
   -0.70  0.72  0.01  
   -0.23  -0.23  0.94  
   0.68  0.66  0.33  

2  855.46  -39.74  578.20  
   0.72  -0.69  -0.03  
   0.69  0.72  0.02  
   0.01  -0.04  1.00  

3  1301.95  -23.22  1.79  
   -0.20  -0.03  -0.98  
   -0.05  -1.00  0.04  
   -0.98  0.06  0.20  

4  1211.76  143.77  -107.16  
   0.23  -0.95  0.21  
   0.94  0.16  -0.30  
   0.25  0.26  0.93  

6  832.25  308.97  219.22  
   -0.79  -0.60  -0.16  
   0.23  -0.04  -0.97  
   0.57  -0.80  0.16  

7  1189.88  -162.07  -121.00  
   0.34  0.85  0.41  
   -0.93  0.26  0.25  
   0.10  -0.46  0.88  

8  1007.27  -230.39  40.18  
   0.69  -0.23  0.69  
   0.28  0.96  0.03  
   -0.66  0.18  0.73  

5  1013.52  198.24  53.58  
   0.75  0.24  0.62  
   -0.24  0.97  -0.09  
   -0.62  -0.08  0.78  

9  850.11  -348.70  220.56  
   -0.73  0.69  -0.01  
   -0.22  -0.22  0.95  
   0.65  0.69  0.31  

2  855.46  -39.74  578.64  
   0.72  -0.69  -0.03  
   0.69  0.72  0.02  
   0.01  -0.04  1.00  

3  1302.84  -23.22  1.34  
   -0.19  -0.03  -0.98  
   -0.05  -1.00  0.04  
   -0.98  0.05  0.19  

4  1215.78  144.21  -106.71  
   0.23  -0.96  0.19  
   0.94  0.16  -0.30  
   0.26  0.25  0.93  

5  1013.52  196.90  48.22  
   0.77  0.24  0.59  
   -0.24  0.97  -0.08  
   -0.59  -0.08  0.80  

6  826.00  306.29  204.49  
   -0.82  -0.55  -0.18  
   0.22  -0.01  -0.98  
   0.53  -0.83  0.13  

7  1193.01  -161.63  -121.89  
   0.34  0.85  0.40  
   -0.94  0.26  0.24  
   0.11  -0.45  0.88  

8  1006.82  -228.15  33.49  
   0.71  -0.22  0.66  
   0.27  0.96  0.03  
   -0.64  0.16  0.75  

9  839.39  -343.35  206.72  
   -0.76  0.65  -0.02  
   -0.21  -0.22  0.95  
   0.61  0.73  0.30  

2  855.46  -39.74  578.20  
   0.72  -0.69  -0.03  
   0.69  0.72  0.02  
   0.01  -0.03  1.00  

6  817.51  303.16  187.08  
   -0.85  -0.50  -0.18  
   0.22  -0.02  -0.98  
   0.49  -0.86  0.12  

3  1303.29  -23.66  3.13  
   -0.18  -0.04  -0.98  
   -0.04  -1.00  0.04  
   -0.98  0.05  0.18  

5  1011.73  195.11  40.18  
   0.79  0.23  0.57  
   -0.23  0.97  -0.07  
   -0.56  -0.08  0.82  

4  1217.56  143.77  -106.71  
   0.22  -0.96  0.18  
   0.94  0.15  -0.30  
   0.26  0.23  0.94  

7  1195.69  -162.07  -122.78  
   0.33  0.86  0.39  
   -0.94  0.25  0.24  
   0.11  -0.44  0.89  

9  833.59  -343.79  189.76  
   -0.79  0.61  -0.04  
   -0.21  -0.21  0.96  
   0.57  0.77  0.29  

8  1005.93  -228.60  26.79  
   0.74  -0.23  0.63  
   0.27  0.96  0.03  
   -0.62  0.15  0.77  

2  855.46  -40.18  578.64  
   0.72  -0.69  -0.03  
   0.69  0.72  0.02  
   0.01  -0.03  1.00  

3  1304.63  -22.77  4.91  
   -0.16  -0.03  -0.99  
   -0.04  -1.00  0.04  
   -0.99  0.05  0.16  

4  1220.24  143.32  -105.82  
   0.21  -0.96  0.17  
   0.94  0.15  -0.30  
   0.27  0.22  0.94  

5  1011.73  196.01  34.38  
   0.81  0.23  0.54  
   -0.23  0.97  -0.07  
   -0.54  -0.07  0.84  

6  813.49  303.16  175.47  
   -0.86  -0.48  -0.19  
   0.21  0.00  -0.98  
   0.46  -0.88  0.10  

7  1198.36  -162.52  -122.78  
   0.33  0.86  0.38  
   -0.94  0.26  0.24  
   0.11  -0.43  0.89  

8  1006.82  -229.94  22.77  
   0.75  -0.25  0.61  
   0.27  0.96  0.06  
   -0.60  0.12  0.79  

9  829.57  -344.69  179.93  
   -0.82  0.57  -0.07  
   -0.20  -0.18  0.96  
   0.54  0.80  0.26  

2  855.46  -40.18  578.20  
   0.72  -0.69  -0.03  
   0.69  0.72  0.02  
   0.01  -0.03  1.00  

3  1304.63  -22.32  7.14  
   -0.15  -0.03  -0.99  
   -0.04  -1.00  0.04  
   -0.99  0.04  0.15  

4  1221.58  143.32  -106.26  
   0.20  -0.97  0.16  
   0.94  0.15  -0.31  
   0.27  0.21  0.94  

7  1201.04  -161.63  -122.78  
   0.33  0.87  0.37  
   -0.94  0.26  0.24  
   0.11  -0.42  0.90  

8  1006.82  -229.94  16.97  
   0.77  -0.26  0.58  
   0.27  0.96  0.07  
   -0.58  0.10  0.81  

6  808.14  307.18  155.38  
   -0.88  -0.43  -0.20  
   0.23  -0.01  -0.97  
   0.42  -0.90  0.11  

5  1010.39  197.35  25.90  
   0.82  0.24  0.52  
   -0.24  0.97  -0.06  
   -0.51  -0.07  0.85  

9  823.32  -342.90  168.32  
   -0.84  0.54  -0.08  
   -0.20  -0.16  0.97  
   0.51  0.83  0.24  

2  855.46  -39.74  578.64  
   0.72  -0.69  -0.03  
   0.69  0.72  0.02  
   0.01  -0.03  1.00  

5  1011.29  196.45  21.88  
   0.83  0.24  0.50  
   -0.24  0.97  -0.06  
   -0.50  -0.07  0.86  

4  1224.26  141.98  -107.16  
   0.20  -0.97  0.15  
   0.94  0.15  -0.30  
   0.27  0.20  0.94  

3  1304.18  -22.77  8.93  
   -0.13  -0.04  -0.99  
   -0.04  -1.00  0.04  
   -0.99  0.04  0.13  

6  805.90  307.18  147.34  
   -0.89  -0.41  -0.21  
   0.23  -0.00  -0.97  
   0.40  -0.91  0.09  

7  1202.38  -162.07  -122.78  
   0.33  0.88  0.36  
   -0.94  0.25  0.24  
   0.12  -0.41  0.90  

8  1005.04  -229.05  13.84  
   0.78  -0.25  0.57  
   0.26  0.96  0.07  
   -0.57  0.09  0.82  

9  819.30  -339.33  162.97  
   -0.85  0.52  -0.09  
   -0.19  -0.15  0.97  
   0.49  0.84  0.22  

2  855.46  -39.74  578.64  
   0.72  -0.69  -0.03  
   0.69  0.72  0.02  
   0.01  -0.04  1.00  

3  1303.29  -24.56  9.38  
   -0.12  -0.04  -0.99  
   -0.04  -1.00  0.05  
   -0.99  0.04  0.12  

4  1225.15  140.64  -108.05  
   0.20  -0.97  0.13  
   0.94  0.15  -0.30  
   0.27  0.18  0.94  

5  1009.95  198.24  12.95  
   0.85  0.25  0.47  
   -0.25  0.97  -0.06  
   -0.47  -0.07  0.88  

6  801.44  311.20  127.25  
   -0.91  -0.36  -0.22  
   0.24  0.00  -0.97  
   0.35  -0.93  0.08  

8  1002.80  -228.60  8.48  
   0.80  -0.25  0.54  
   0.25  0.97  0.08  
   -0.55  0.07  0.83  

7  1202.83  -162.07  -122.34  
   0.32  0.88  0.35  
   -0.94  0.25  0.24  
   0.12  -0.41  0.91  

9  811.26  -337.10  150.02  
   -0.87  0.48  -0.09  
   -0.18  -0.14  0.97  
   0.46  0.87  0.21  

2  855.46  -40.18  578.64  
   0.72  -0.69  -0.03  
   0.69  0.72  0.02  
   0.01  -0.04  1.00  

4  1227.39  139.30  -107.16  
   0.20  -0.97  0.12  
   0.94  0.16  -0.30  
   0.27  0.17  0.95  

3  1302.84  -25.00  11.61  
   -0.10  -0.04  -0.99  
   -0.04  -1.00  0.05  
   -0.99  0.04  0.10  

8  1003.25  -229.49  5.36  
   0.81  -0.25  0.53  
   0.24  0.97  0.09  
   -0.53  0.06  0.84  

6  804.56  311.20  124.57  
   -0.91  -0.35  -0.23  
   0.24  0.02  -0.97  
   0.34  -0.94  0.06  

7  1205.51  -161.63  -121.89  
   0.32  0.89  0.34  
   -0.94  0.25  0.24  
   0.13  -0.39  0.91  

5  1012.18  198.69  10.72  
   0.85  0.25  0.46  
   -0.25  0.97  -0.07  
   -0.46  -0.06  0.89  

9  810.82  -336.65  145.11  
   -0.88  0.46  -0.10  
   -0.18  -0.12  0.98  
   0.44  0.88  0.19  

2  855.46  -39.74  578.20  
   0.72  -0.69  -0.03  
   0.69  0.72  0.02  
   0.01  -0.03  1.00  

4  1229.62  137.52  -107.60  
   0.20  -0.97  0.11  
   0.94  0.16  -0.30  
   0.27  0.16  0.95  

3  1303.73  -25.00  13.39  
   -0.09  -0.05  -0.99  
   -0.04  -1.00  0.05  
   -0.99  0.04  0.09  

5  1013.52  200.47  7.59  
   0.86  0.26  0.44  
   -0.26  0.96  -0.07  
   -0.45  -0.05  0.89  

6  804.12  315.66  115.64  
   -0.91  -0.33  -0.24  
   0.25  0.02  -0.97  
   0.32  -0.95  0.06  

8  1004.59  -231.73  2.68  
   0.82  -0.27  0.51  
   0.25  0.96  0.12  
   -0.52  0.03  0.85  

7  1208.19  -162.97  -121.00  
   0.32  0.89  0.32  
   -0.94  0.25  0.24  
   0.13  -0.38  0.92  

9  809.92  -340.22  139.30  
   -0.89  0.44  -0.12  
   -0.18  -0.10  0.98  
   0.42  0.89  0.17  

2  855.46  -39.74  578.64  
   0.72  -0.69  -0.03  
   0.69  0.72  0.02  
   0.01  -0.04  1.00  

3  1303.73  -25.90  13.39  
   -0.09  -0.04  -0.99  
   -0.04  -1.00  0.05  
   -1.00  0.04  0.09  

4  1230.51  137.07  -108.05  
   0.20  -0.97  0.10  
   0.94  0.16  -0.29  
   0.27  0.15  0.95  

8  1005.04  -231.73  3.57  
   0.82  -0.28  0.50  
   0.24  0.96  0.13  
   -0.51  0.01  0.86  

5  1013.07  200.03  6.25  
   0.86  0.27  0.44  
   -0.26  0.96  -0.07  
   -0.44  -0.05  0.90  

6  803.67  315.22  113.85  
   -0.92  -0.32  -0.24  
   0.25  0.02  -0.97  
   0.32  -0.95  0.06  

7  1209.08  -163.41  -120.10  
   0.32  0.89  0.32  
   -0.94  0.25  0.24  
   0.13  -0.38  0.92  

9  809.03  -338.44  139.30  
   -0.89  0.43  -0.13  
   -0.18  -0.07  0.98  
   0.41  0.90  0.14  

2  855.46  -39.74  578.64  
   0.72  -0.69  -0.03  
   0.69  0.72  0.02  
   0.01  -0.04  1.00  

4  1228.28  137.52  -107.16  
   0.20  -0.97  0.11  
   0.94  0.16  -0.29  
   0.27  0.16  0.95  

3  1302.84  -25.90  13.84  
   -0.09  -0.04  -0.99  
   -0.04  -1.00  0.05  
   -0.99  0.05  0.09  

5  1012.18  200.92  13.39  
   0.84  0.28  0.46  
   -0.27  0.96  -0.09  
   -0.47  -0.05  0.88  

6  808.14  318.34  131.71  
   -0.90  -0.36  -0.25  
   0.26  0.04  -0.97  
   0.36  -0.93  0.05  

9  813.49  -339.77  155.38  
   -0.88  0.46  -0.14  
   -0.18  -0.05  0.98  
   0.44  0.89  0.13  

7  1207.29  -164.75  -119.66  
   0.32  0.89  0.32  
   -0.94  0.25  0.24  
   0.13  -0.38  0.91  

8  1004.59  -235.30  9.38  
   0.81  -0.28  0.52  
   0.24  0.96  0.15  
   -0.54  -0.00  0.84  

2  855.46  -40.18  578.64  
   0.72  -0.69  -0.03  
   0.69  0.72  0.02  
   0.01  -0.03  1.00  

4  1222.47  135.28  -107.60  
   0.21  -0.97  0.13  
   0.94  0.17  -0.29  
   0.26  0.18  0.95  

3  1299.72  -26.34  13.84  
   -0.11  -0.04  -0.99  
   -0.05  -1.00  0.04  
   -0.99  0.06  0.11  

6  809.92  317.00  148.23  
   -0.88  -0.40  -0.25  
   0.26  0.04  -0.97  
   0.40  -0.92  0.06  

5  1009.50  200.47  19.65  
   0.83  0.27  0.49  
   -0.27  0.96  -0.09  
   -0.50  -0.06  0.87  

8  1003.25  -235.74  20.54  
   0.79  -0.29  0.54  
   0.23  0.96  0.17  
   -0.57  -0.01  0.82  

7  1201.94  -167.88  -116.98  
   0.33  0.88  0.34  
   -0.93  0.25  0.25  
   0.14  -0.40  0.91  

9  817.51  -340.22  175.02  
   -0.86  0.49  -0.14  
   -0.17  -0.03  0.98  
   0.48  0.87  0.11  

3  1297.04  -29.47  11.61  
   -0.13  -0.04  -0.99  
   -0.06  -1.00  0.05  
   -0.99  0.07  0.13  

4  1217.56  133.95  -108.50  
   0.22  -0.96  0.15  
   0.94  0.17  -0.29  
   0.25  0.21  0.95  

5  1009.50  201.36  30.81  
   0.80  0.28  0.53  
   -0.28  0.96  -0.10  
   -0.53  -0.07  0.84  

2  855.46  -40.18  578.20  
   0.72  -0.69  -0.03  
   0.69  0.72  0.02  
   0.01  -0.04  1.00  

6  818.41  318.79  171.45  
   -0.85  -0.45  -0.26  
   0.26  0.06  -0.96  
   0.45  -0.89  0.07  

7  1196.58  -171.90  -116.53  
   0.34  0.87  0.36  
   -0.93  0.25  0.27  
   0.14  -0.42  0.89  

9  825.10  -342.01  197.35  
   -0.84  0.53  -0.14  
   -0.17  -0.01  0.98  
   0.52  0.85  0.10  

8  1002.36  -239.32  32.15  
   0.76  -0.30  0.57  
   0.23  0.95  0.19  
   -0.60  -0.02  0.80  

3  1294.80  -29.91  9.82  
   -0.16  -0.04  -0.99  
   -0.06  -1.00  0.05  
   -0.99  0.07  0.15  

2  855.46  -40.18  578.20  
   0.72  -0.69  -0.03  
   0.69  0.72  0.02  
   0.01  -0.03  1.00  

4  1211.76  134.84  -107.16  
   0.23  -0.96  0.17  
   0.94  0.18  -0.29  
   0.24  0.23  0.94  

6  826.00  322.81  194.67  
   -0.83  -0.50  -0.27  
   0.27  0.07  -0.96  
   0.50  -0.86  0.07  

8  1001.91  -240.66  41.08  
   0.74  -0.30  0.60  
   0.22  0.95  0.21  
   -0.64  -0.02  0.77  

9  830.46  -341.11  215.21  
   -0.81  0.56  -0.15  
   -0.17  0.01  0.98  
   0.56  0.83  0.09  

7  1190.77  -174.58  -115.19  
   0.34  0.86  0.38  
   -0.93  0.25  0.27  
   0.14  -0.44  0.88  

5  1009.50  202.26  40.18  
   0.77  0.29  0.57  
   -0.28  0.95  -0.11  
   -0.57  -0.08  0.82  

2  855.46  -40.18  578.64  
   0.72  -0.69  -0.03  
   0.69  0.72  0.02  
   0.01  -0.03  1.00  

4  1208.63  135.73  -106.71  
   0.24  -0.95  0.19  
   0.94  0.18  -0.29  
   0.24  0.25  0.94  

3  1292.57  -29.91  9.38  
   -0.17  -0.04  -0.99  
   -0.07  -1.00  0.05  
   -0.98  0.07  0.16  

6  833.14  325.49  210.74  
   -0.80  -0.53  -0.27  
   0.27  0.08  -0.96  
   0.54  -0.84  0.08  

5  1009.95  204.49  49.56  
   0.75  0.30  0.59  
   -0.29  0.95  -0.12  
   -0.60  -0.08  0.80  

7  1186.31  -174.58  -114.30  
   0.34  0.86  0.39  
   -0.93  0.25  0.28  
   0.14  -0.46  0.88  

8  1000.57  -240.66  50.45  
   0.72  -0.30  0.63  
   0.22  0.95  0.21  
   -0.66  -0.02  0.75  

9  836.71  -341.11  231.73  
   -0.79  0.59  -0.14  
   -0.17  0.01  0.99  
   0.59  0.80  0.09  

2  855.46  -39.74  578.20  
   0.72  -0.69  -0.03  
   0.69  0.72  0.02  
   0.01  -0.03  1.00  

3  1291.23  -29.02  8.48  
   -0.17  -0.04  -0.98  
   -0.07  -1.00  0.06  
   -0.98  0.07  0.17  

4  1205.06  137.07  -104.48  
   0.26  -0.95  0.20  
   0.94  0.19  -0.29  
   0.24  0.26  0.93  

5  1011.73  205.38  61.17  
   0.72  0.30  0.62  
   -0.29  0.95  -0.13  
   -0.63  -0.09  0.77  

7  1183.18  -175.47  -112.51  
   0.35  0.85  0.40  
   -0.93  0.25  0.29  
   0.14  -0.47  0.87  

6  843.41  325.93  233.06  
   -0.77  -0.58  -0.26  
   0.27  0.08  -0.96  
   0.58  -0.81  0.09  

9  846.09  -344.69  246.46  
   -0.77  0.62  -0.16  
   -0.18  0.03  0.98  
   0.61  0.79  0.08  

8  1003.25  -242.44  58.94  
   0.69  -0.32  0.64  
   0.22  0.95  0.23  
   -0.69  -0.02  0.73  

2  855.46  -39.74  578.20  
   0.72  -0.69  -0.03  
   0.69  0.72  0.02  
   0.01  -0.04  1.00  

4  1203.28  137.52  -104.92  
   0.27  -0.94  0.21  
   0.93  0.20  -0.30  
   0.24  0.28  0.93  

3  1289.00  -30.36  8.48  
   -0.18  -0.05  -0.98  
   -0.07  -1.00  0.06  
   -0.98  0.08  0.18  

6  856.36  328.61  254.50  
   -0.73  -0.63  -0.27  
   0.27  0.09  -0.96  
   0.63  -0.77  0.10  

5  1015.31  208.06  72.33  
   0.69  0.31  0.65  
   -0.29  0.95  -0.14  
   -0.66  -0.09  0.74  

7  1179.61  -178.15  -110.28  
   0.36  0.84  0.40  
   -0.92  0.25  0.30  
   0.15  -0.48  0.87  

8  1006.82  -246.01  69.65  
   0.66  -0.34  0.67  
   0.23  0.94  0.25  
   -0.72  -0.01  0.70  

9  859.48  -349.60  265.21  
   -0.74  0.65  -0.18  
   -0.19  0.05  0.98  
   0.65  0.76  0.08  

2  855.46  -40.18  578.20  
   0.72  -0.69  -0.03  
   0.69  0.72  0.02  
   0.01  -0.04  1.00  

4  1200.60  140.20  -101.80  
   0.29  -0.93  0.22  
   0.93  0.22  -0.31  
   0.24  0.30  0.93  

5  1021.56  211.19  84.39  
   0.65  0.33  0.69  
   -0.30  0.94  -0.17  
   -0.70  -0.10  0.71  

6  875.11  333.52  277.27  
   -0.69  -0.67  -0.28  
   0.27  0.11  -0.96  
   0.67  -0.74  0.10  

3  1287.21  -30.81  8.04  
   -0.19  -0.05  -0.98  
   -0.07  -1.00  0.07  
   -0.98  0.08  0.19  

7  1176.93  -179.04  -107.60  
   0.37  0.83  0.41  
   -0.92  0.25  0.31  
   0.16  -0.49  0.86  

9  875.56  -353.17  287.54  
   -0.70  0.69  -0.19  
   -0.19  0.08  0.98  
   0.69  0.72  0.08  

8  1010.39  -249.14  83.49  
   0.62  -0.36  0.70  
   0.23  0.93  0.27  
   -0.75  -0.01  0.66  

2  855.46  -39.74  578.20  
   0.72  -0.69  -0.03  
   0.69  0.72  0.02  
   0.01  -0.04  1.00  

3  1286.32  -31.25  8.04  
   -0.20  -0.06  -0.98  
   -0.08  -0.99  0.07  
   -0.98  0.09  0.19  

4  1199.26  139.75  -100.91  
   0.31  -0.92  0.23  
   0.92  0.23  -0.31  
   0.23  0.31  0.92  

5  1026.91  214.76  92.87  
   0.62  0.35  0.70  
   -0.30  0.93  -0.20  
   -0.73  -0.09  0.68  

6  890.74  336.65  296.47  
   -0.65  -0.69  -0.30  
   0.28  0.15  -0.95  
   0.70  -0.70  0.09  

7  1172.91  -182.17  -104.92  
   0.38  0.83  0.41  
   -0.91  0.26  0.32  
   0.16  -0.50  0.85  

9  890.74  -355.85  305.40  
   -0.67  0.71  -0.22  
   -0.20  0.12  0.97  
   0.72  0.69  0.06  

8  1015.31  -253.60  93.32  
   0.58  -0.39  0.71  
   0.23  0.92  0.31  
   -0.78  -0.02  0.63  

2  855.46  -39.74  578.20  
   0.72  -0.69  -0.03  
   0.69  0.72  0.02  
   0.01  -0.04  1.00  

3  1285.43  -30.36  7.14  
   -0.20  -0.06  -0.98  
   -0.08  -0.99  0.08  
   -0.98  0.09  0.20  

6  917.08  342.90  317.90  
   -0.59  -0.74  -0.32  
   0.29  0.18  -0.94  
   0.75  -0.65  0.10  

5  1036.29  219.22  105.37  
   0.56  0.38  0.74  
   -0.32  0.92  -0.23  
   -0.76  -0.10  0.64  

4  1196.58  140.64  -100.91  
   0.34  -0.91  0.25  
   0.91  0.25  -0.32  
   0.22  0.33  0.92  

7  1169.34  -182.61  -101.80  
   0.40  0.82  0.42  
   -0.90  0.27  0.34  
   0.16  -0.51  0.84  

9  918.86  -362.99  330.84  
   -0.60  0.75  -0.27  
   -0.21  0.17  0.96  
   0.77  0.64  0.06  

8  1024.68  -259.41  108.94  
   0.52  -0.44  0.73  
   0.25  0.90  0.36  
   -0.81  -0.01  0.58  

2  855.46  -40.18  578.64  
   0.72  -0.69  -0.03  
   0.69  0.72  0.02  
   0.01  -0.03  1.00  

4  1194.35  140.64  -101.80  
   0.36  -0.89  0.26  
   0.91  0.28  -0.32  
   0.21  0.35  0.91  

5  1048.35  224.14  116.53  
   0.50  0.40  0.77  
   -0.33  0.91  -0.25  
   -0.80  -0.13  0.58  

3  1282.75  -31.25  7.59  
   -0.21  -0.06  -0.98  
   -0.08  -0.99  0.08  
   -0.97  0.10  0.20  

6  946.55  350.49  339.77  
   -0.53  -0.78  -0.34  
   0.29  0.21  -0.93  
   0.80  -0.59  0.12  

8  1032.72  -266.55  120.55  
   0.47  -0.50  0.73  
   0.26  0.87  0.43  
   -0.85  -0.01  0.53  

7  1166.22  -184.40  -100.46  
   0.41  0.80  0.42  
   -0.89  0.27  0.35  
   0.17  -0.53  0.83  

9  944.76  -370.14  351.38  
   -0.54  0.78  -0.31  
   -0.23  0.22  0.95  
   0.81  0.58  0.06  

2  855.46  -40.18  578.64  
   0.72  -0.69  -0.03  
   0.69  0.72  0.02  
   0.01  -0.03  1.00  

3  1280.96  -30.81  7.14  
   -0.21  -0.07  -0.97  
   -0.09  -0.99  0.09  
   -0.97  0.10  0.21  

4  1192.56  141.54  -101.80  
   0.40  -0.88  0.28  
   0.90  0.30  -0.33  
   0.20  0.38  0.90  

6  977.80  355.85  359.42  
   -0.46  -0.81  -0.36  
   0.30  0.24  -0.92  
   0.83  -0.54  0.13  

5  1060.85  227.26  128.59  
   0.43  0.42  0.80  
   -0.34  0.89  -0.29  
   -0.83  -0.15  0.53  

7  1163.09  -186.18  -99.12  
   0.43  0.80  0.43  
   -0.89  0.28  0.36  
   0.16  -0.54  0.83  

8  1039.86  -271.46  129.48  
   0.42  -0.53  0.74  
   0.27  0.85  0.46  
   -0.87  0.00  0.50  

9  965.30  -377.28  365.22  
   -0.50  0.80  -0.33  
   -0.24  0.24  0.94  
   0.83  0.55  0.08  

2  855.46  -40.18  578.64  
   0.72  -0.69  -0.03  
   0.69  0.72  0.02  
   0.01  -0.03  1.00  

3  1279.62  -31.70  6.25  
   -0.22  -0.07  -0.97  
   -0.09  -0.99  0.09  
   -0.97  0.11  0.21  

4  1190.77  141.98  -101.80  
   0.41  -0.87  0.28  
   0.89  0.31  -0.33  
   0.20  0.39  0.90  

6  1000.57  357.19  376.83  
   -0.41  -0.84  -0.35  
   0.30  0.24  -0.92  
   0.86  -0.48  0.16  

5  1070.22  229.94  138.86  
   0.38  0.42  0.82  
   -0.35  0.89  -0.30  
   -0.86  -0.17  0.48  

8  1047.90  -272.80  139.75  
   0.37  -0.55  0.74  
   0.26  0.83  0.49  
   -0.89  0.01  0.46  

7  1160.41  -187.08  -96.89  
   0.44  0.79  0.43  
   -0.88  0.28  0.37  
   0.17  -0.55  0.82  

9  986.73  -373.26  381.30  
   -0.44  0.82  -0.36  
   -0.24  0.27  0.93  
   0.86  0.50  0.08  

2  855.46  -40.18  578.64  
   0.72  -0.69  -0.03  
   0.69  0.72  0.02  
   0.01  -0.03  1.00  

3  1277.39  -33.04  4.02  
   -0.24  -0.07  -0.97  
   -0.10  -0.99  0.10  
   -0.97  0.11  0.23  

4  1187.65  141.98  -100.46  
   0.42  -0.86  0.29  
   0.89  0.32  -0.34  
   0.19  0.40  0.89  

6  1022.90  358.08  387.99  
   -0.35  -0.87  -0.35  
   0.30  0.25  -0.92  
   0.89  -0.43  0.18  

7  1157.29  -188.42  -95.55  
   0.45  0.78  0.44  
   -0.88  0.29  0.38  
   0.17  -0.56  0.81  

5  1076.92  232.17  146.89  
   0.32  0.43  0.84  
   -0.35  0.88  -0.31  
   -0.88  -0.20  0.44  

8  1057.27  -274.59  150.02  
   0.32  -0.57  0.76  
   0.26  0.82  0.51  
   -0.91  0.04  0.41  

9  1011.73  -375.05  394.25  
   -0.39  0.84  -0.37  
   -0.24  0.29  0.93  
   0.89  0.45  0.09  

2  855.46  -40.18  578.64  
   0.72  -0.69  -0.03  
   0.69  0.72  0.02  
   0.01  -0.03  1.00  

3  1276.50  -33.49  4.02  
   -0.25  -0.07  -0.97  
   -0.10  -0.99  0.09  
   -0.96  0.12  0.24  

4  1184.08  141.54  -100.46  
   0.43  -0.85  0.30  
   0.88  0.33  -0.34  
   0.19  0.41  0.89  

5  1086.30  231.28  153.59  
   0.27  0.43  0.86  
   -0.35  0.88  -0.33  
   -0.90  -0.22  0.39  

6  1043.88  355.85  399.60  
   -0.29  -0.89  -0.34  
   0.30  0.25  -0.92  
   0.91  -0.37  0.19  

7  1155.50  -190.20  -95.55  
   0.46  0.77  0.45  
   -0.87  0.30  0.39  
   0.16  -0.57  0.81  

8  1067.10  -276.82  157.16  
   0.26  -0.59  0.77  
   0.26  0.81  0.53  
   -0.93  0.06  0.36  

9  1035.84  -375.94  404.51  
   -0.33  0.86  -0.38  
   -0.24  0.31  0.92  
   0.91  0.40  0.10  

2  855.46  -40.18  578.64  
   0.72  -0.69  -0.03  
   0.69  0.72  0.02  
   0.01  -0.03  1.00  

3  1275.61  -33.04  2.23  
   -0.26  -0.06  -0.96  
   -0.10  -0.99  0.09  
   -0.96  0.12  0.25  

4  1181.84  142.43  -99.57  
   0.44  -0.84  0.31  
   0.88  0.33  -0.34  
   0.18  0.42  0.89  

5  1098.80  234.40  162.07  
   0.21  0.46  0.86  
   -0.36  0.86  -0.37  
   -0.91  -0.23  0.34  

8  1081.83  -278.61  166.54  
   0.19  -0.60  0.77  
   0.26  0.79  0.55  
   -0.95  0.10  0.31  

9  1067.54  -374.15  416.57  
   -0.27  0.88  -0.40  
   -0.24  0.34  0.91  
   0.93  0.34  0.12  

6  1074.24  355.85  413.00  
   -0.23  -0.90  -0.36  
   0.30  0.29  -0.91  
   0.93  -0.31  0.20  

7  1153.27  -191.10  -94.21  
   0.48  0.75  0.45  
   -0.86  0.31  0.40  
   0.16  -0.58  0.80  

3  1274.71  -33.49  0.45  
   -0.27  -0.06  -0.96  
   -0.10  -0.99  0.09  
   -0.96  0.12  0.26  

2  855.46  -40.18  578.64  
   0.72  -0.69  -0.03  
   0.69  0.72  0.02  
   0.01  -0.03  1.00  

4  1180.95  143.32  -99.12  
   0.45  -0.84  0.32  
   0.87  0.34  -0.35  
   0.18  0.43  0.88  

6  1105.05  352.28  427.29  
   -0.16  -0.92  -0.35  
   0.29  0.30  -0.91  
   0.94  -0.25  0.21  

5  1113.09  233.51  172.79  
   0.14  0.47  0.87  
   -0.35  0.85  -0.40  
   -0.93  -0.25  0.28  

7  1153.27  -191.99  -92.87  
   0.50  0.74  0.45  
   -0.85  0.32  0.41  
   0.16  -0.59  0.79  

8  1101.48  -279.50  176.36  
   0.11  -0.63  0.77  
   0.25  0.77  0.59  
   -0.96  0.13  0.24  

9  1106.39  -373.26  427.29  
   -0.19  0.89  -0.42  
   -0.24  0.37  0.90  
   0.95  0.27  0.14  

2  855.46  -40.18  578.20  
   0.72  -0.69  -0.03  
   0.69  0.72  0.02  
   0.01  -0.03  1.00  

4  1180.50  144.66  -98.23  
   0.45  -0.83  0.32  
   0.87  0.34  -0.35  
   0.19  0.44  0.88  

3  1274.71  -32.59  0.00  
   -0.27  -0.06  -0.96  
   -0.10  -0.99  0.09  
   -0.96  0.12  0.26  

5  1126.03  230.83  179.93  
   0.08  0.47  0.88  
   -0.33  0.84  -0.43  
   -0.94  -0.25  0.22  

7  1154.61  -193.33  -91.98  
   0.51  0.73  0.45  
   -0.84  0.33  0.43  
   0.16  -0.60  0.78  

8  1115.76  -276.82  182.61  
   0.05  -0.64  0.77  
   0.24  0.75  0.61  
   -0.97  0.15  0.19  

6  1129.16  345.58  438.00  
   -0.11  -0.93  -0.35  
   0.27  0.31  -0.91  
   0.96  -0.19  0.22  

9  1133.18  -366.56  434.88  
   -0.14  0.90  -0.42  
   -0.22  0.38  0.90  
   0.97  0.22  0.14  

2  855.46  -40.18  578.64  
   0.72  -0.69  -0.03  
   0.69  0.72  0.02  
   0.01  -0.04  1.00  

5  1136.30  228.60  188.86  
   0.03  0.47  0.88  
   -0.31  0.84  -0.44  
   -0.95  -0.26  0.17  

3  1275.16  -32.15  -0.45  
   -0.27  -0.05  -0.96  
   -0.10  -0.99  0.08  
   -0.96  0.12  0.26  

4  1180.95  145.55  -95.55  
   0.46  -0.83  0.31  
   0.87  0.34  -0.36  
   0.19  0.43  0.88  

6  1150.59  337.10  447.38  
   -0.06  -0.94  -0.34  
   0.25  0.31  -0.92  
   0.97  -0.14  0.22  

9  1160.41  -357.63  441.13  
   -0.09  0.89  -0.44  
   -0.21  0.41  0.89  
   0.97  0.17  0.15  

8  1128.71  -275.48  189.31  
   -0.00  -0.65  0.76  
   0.23  0.74  0.63  
   -0.97  0.17  0.15  

7  1156.39  -194.67  -89.30  
   0.53  0.72  0.44  
   -0.83  0.34  0.44  
   0.17  -0.60  0.78  

4  1181.40  146.00  -94.65  
   0.46  -0.83  0.31  
   0.87  0.34  -0.36  
   0.20  0.43  0.88  

2  855.46  -40.18  578.64  
   0.72  -0.69  -0.03  
   0.69  0.72  0.02  
   0.01  -0.04  1.00  

3  1275.61  -31.70  -0.45  
   -0.27  -0.05  -0.96  
   -0.10  -0.99  0.08  
   -0.96  0.12  0.26  

5  1147.46  225.47  194.67  
   -0.01  0.46  0.89  
   -0.30  0.84  -0.44  
   -0.95  -0.27  0.13  

6  1172.02  329.95  454.07  
   -0.01  -0.95  -0.31  
   0.24  0.30  -0.92  
   0.97  -0.08  0.22  

7  1156.39  -195.56  -89.74  
   0.54  0.72  0.44  
   -0.82  0.34  0.45  
   0.17  -0.61  0.78  

8  1141.21  -275.48  192.43  
   -0.05  -0.65  0.75  
   0.22  0.73  0.65  
   -0.97  0.20  0.11  

9  1182.29  -354.06  445.59  
   -0.05  0.89  -0.44  
   -0.20  0.43  0.88  
   0.98  0.13  0.16  

2  855.46  -40.18  578.64  
   0.72  -0.69  -0.03  
   0.69  0.72  0.02  
   0.01  -0.04  1.00  

4  1180.50  146.45  -93.32  
   0.45  -0.84  0.31  
   0.87  0.34  -0.37  
   0.20  0.43  0.88  

3  1276.05  -31.25  -0.45  
   -0.27  -0.05  -0.96  
   -0.10  -0.99  0.08  
   -0.96  0.12  0.26  

6  1193.01  322.81  460.77  
   0.05  -0.96  -0.29  
   0.22  0.29  -0.93  
   0.97  -0.02  0.22  

5  1155.95  221.90  200.92  
   -0.07  0.45  0.89  
   -0.28  0.85  -0.45  
   -0.96  -0.28  0.07  

7  1157.73  -195.56  -88.40  
   0.55  0.71  0.43  
   -0.81  0.35  0.46  
   0.18  -0.61  0.77  

9  1199.26  -350.94  446.48  
   -0.02  0.89  -0.46  
   -0.20  0.45  0.87  
   0.98  0.11  0.17  

8  1150.14  -275.48  196.01  
   -0.08  -0.66  0.74  
   0.21  0.72  0.66  
   -0.97  0.21  0.08  

2  855.46  -39.74  578.64  
   0.72  -0.69  -0.03  
   0.69  0.72  0.02  
   0.01  -0.04  1.00  

3  1276.05  -31.25  0.00  
   -0.27  -0.05  -0.96  
   -0.10  -0.99  0.08  
   -0.96  0.12  0.26  

4  1177.83  146.89  -91.08  
   0.45  -0.84  0.30  
   0.87  0.33  -0.37  
   0.21  0.43  0.88  

6  1209.53  312.54  466.13  
   0.11  -0.96  -0.26  
   0.19  0.27  -0.94  
   0.98  0.05  0.21  

5  1160.86  219.67  205.38  
   -0.10  0.44  0.89  
   -0.26  0.85  -0.45  
   -0.96  -0.28  0.03  

7  1157.73  -195.56  -88.40  
   0.55  0.71  0.43  
   -0.81  0.35  0.46  
   0.18  -0.60  0.78  

8  1152.38  -273.25  198.24  
   -0.10  -0.66  0.75  
   0.20  0.72  0.66  
   -0.97  0.21  0.06  

9  1206.40  -342.45  451.84  
   0.01  0.89  -0.46  
   -0.17  0.45  0.87  
   0.98  0.08  0.16  

3  1273.82  -29.91  0.00  
   -0.27  -0.03  -0.96  
   -0.10  -0.99  0.06  
   -0.96  0.12  0.27  

2  855.46  -39.74  578.64  
   0.72  -0.69  -0.03  
   0.69  0.72  0.02  
   0.01  -0.04  1.00  

4  1172.02  147.34  -89.74  
   0.44  -0.84  0.31  
   0.87  0.32  -0.37  
   0.22  0.43  0.88  

5  1164.88  213.87  208.95  
   -0.15  0.43  0.89  
   -0.24  0.86  -0.45  
   -0.96  -0.28  -0.02  

6  1220.24  304.50  468.81  
   0.15  -0.96  -0.23  
   0.17  0.26  -0.95  
   0.97  0.10  0.21  

8  1157.73  -267.89  201.81  
   -0.13  -0.66  0.74  
   0.18  0.72  0.67  
   -0.98  0.22  0.03  

9  1215.33  -333.08  453.63  
   0.03  0.89  -0.45  
   -0.16  0.45  0.88  
   0.99  0.05  0.15  

7  1156.39  -196.90  -87.51  
   0.56  0.71  0.43  
   -0.81  0.36  0.46  
   0.18  -0.60  0.78  

2  855.46  -39.74  578.64  
   0.72  -0.69  -0.03  
   0.69  0.72  0.02  
   0.01  -0.04  1.00  

3  1271.14  -29.02  -0.89  
   -0.28  -0.02  -0.96  
   -0.10  -0.99  0.06  
   -0.96  0.12  0.27  

4  1168.45  146.45  -88.40  
   0.43  -0.85  0.31  
   0.88  0.31  -0.37  
   0.21  0.43  0.88  

5  1163.98  209.40  210.29  
   -0.16  0.42  0.89  
   -0.23  0.86  -0.44  
   -0.96  -0.28  -0.04  

6  1222.92  299.59  470.59  
   0.16  -0.96  -0.21  
   0.17  0.24  -0.96  
   0.97  0.12  0.20  

7  1155.50  -196.90  -86.62  
   0.56  0.71  0.42  
   -0.81  0.36  0.47  
   0.18  -0.60  0.78  

8  1160.41  -266.10  204.04  
   -0.15  -0.65  0.75  
   0.17  0.73  0.66  
   -0.97  0.23  0.00  

9  1224.71  -329.06  454.52  
   0.05  0.90  -0.44  
   -0.15  0.44  0.88  
   0.99  0.02  0.15  

2  855.46  -39.74  578.64  
   0.72  -0.69  -0.03  
   0.69  0.72  0.02  
   0.01  -0.04  1.00  

3  1269.80  -29.47  -0.89  
   -0.28  -0.02  -0.96  
   -0.11  -0.99  0.05  
   -0.95  0.12  0.28  

5  1162.20  208.51  210.74  
   -0.17  0.41  0.90  
   -0.23  0.87  -0.44  
   -0.96  -0.28  -0.05  

6  1222.47  296.47  471.93  
   0.17  -0.96  -0.20  
   0.16  0.23  -0.96  
   0.97  0.13  0.20  

4  1164.88  146.45  -88.40  
   0.42  -0.85  0.32  
   0.88  0.30  -0.36  
   0.21  0.44  0.87  

7  1154.16  -198.24  -86.62  
   0.56  0.71  0.42  
   -0.81  0.36  0.47  
   0.18  -0.61  0.78  

8  1162.20  -263.43  205.38  
   -0.17  -0.64  0.75  
   0.16  0.73  0.66  
   -0.97  0.23  -0.02  

9  1233.19  -322.81  455.41  
   0.08  0.90  -0.43  
   -0.13  0.44  0.89  
   0.99  -0.01  0.15  

2  855.46  -40.18  578.64  
   0.72  -0.69  -0.03  
   0.69  0.72  0.02  
   0.01  -0.04  1.00  

4  1163.54  146.45  -87.96  
   0.42  -0.85  0.32  
   0.88  0.30  -0.37  
   0.21  0.44  0.87  

5  1161.75  207.62  212.08  
   -0.17  0.40  0.90  
   -0.23  0.87  -0.43  
   -0.96  -0.28  -0.05  

6  1221.13  294.68  472.38  
   0.18  -0.97  -0.19  
   0.16  0.22  -0.96  
   0.97  0.14  0.19  

3  1268.91  -29.02  -1.79  
   -0.29  -0.02  -0.96  
   -0.11  -0.99  0.05  
   -0.95  0.11  0.28  

8  1163.54  -260.30  208.06  
   -0.18  -0.62  0.76  
   0.15  0.75  0.64  
   -0.97  0.23  -0.05  

9  1239.44  -313.43  460.77  
   0.11  0.91  -0.40  
   -0.10  0.41  0.91  
   0.99  -0.06  0.13  

7  1152.82  -198.24  -86.62  
   0.56  0.71  0.42  
   -0.81  0.37  0.46  
   0.17  -0.60  0.78  

2  855.46  -39.74  578.20  
   0.72  -0.69  -0.03  
   0.69  0.72  0.02  
   0.01  -0.03  1.00  

3  1268.46  -28.13  -1.34  
   -0.29  -0.02  -0.96  
   -0.10  -0.99  0.05  
   -0.95  0.11  0.28  

4  1163.54  146.45  -87.51  
   0.42  -0.85  0.32  
   0.88  0.30  -0.37  
   0.22  0.44  0.87  

5  1160.41  206.72  213.87  
   -0.17  0.40  0.90  
   -0.22  0.88  -0.43  
   -0.96  -0.27  -0.06  

6  1221.13  291.11  474.17  
   0.18  -0.96  -0.19  
   0.15  0.22  -0.96  
   0.97  0.15  0.18  

8  1164.88  -254.94  209.40  
   -0.19  -0.60  0.78  
   0.14  0.77  0.63  
   -0.97  0.23  -0.06  

7  1152.82  -197.79  -87.06  
   0.56  0.71  0.42  
   -0.81  0.37  0.46  
   0.17  -0.60  0.78  

9  1244.35  -306.73  460.33  
   0.13  0.92  -0.36  
   -0.08  0.38  0.92  
   0.99  -0.09  0.13  

2  855.46  -40.18  578.20  
   0.72  -0.69  -0.03  
   0.69  0.72  0.02  
   0.01  -0.03  1.00  

4  1163.09  147.79  -87.06  
   0.42  -0.85  0.32  
   0.88  0.29  -0.37  
   0.22  0.44  0.87  

5  1159.97  206.28  214.76  
   -0.17  0.40  0.90  
   -0.21  0.88  -0.43  
   -0.96  -0.26  -0.06  

3  1268.46  -27.68  -1.79  
   -0.29  -0.01  -0.96  
   -0.10  -0.99  0.05  
   -0.95  0.11  0.28  

6  1221.13  289.32  475.95  
   0.18  -0.97  -0.19  
   0.14  0.21  -0.97  
   0.97  0.15  0.18  

7  1154.16  -196.45  -87.06  
   0.57  0.71  0.42  
   -0.81  0.38  0.46  
   0.17  -0.60  0.79  

8  1165.32  -255.39  208.51  
   -0.19  -0.60  0.78  
   0.14  0.77  0.63  
   -0.97  0.23  -0.06  

9  1244.35  -307.18  459.43  
   0.14  0.92  -0.36  
   -0.08  0.37  0.92  
   0.99  -0.10  0.13  

2  855.46  -40.18  578.20  
   0.72  -0.69  -0.03  
   0.69  0.72  0.02  
   0.01  -0.04  1.00  

3  1268.46  -27.68  -1.79  
   -0.29  -0.01  -0.96  
   -0.11  -0.99  0.05  
   -0.95  0.11  0.28  

5  1160.86  205.38  215.21  
   -0.17  0.40  0.90  
   -0.21  0.88  -0.43  
   -0.96  -0.26  -0.06  

4  1163.98  149.57  -86.62  
   0.42  -0.85  0.32  
   0.88  0.29  -0.37  
   0.22  0.44  0.87  

6  1220.69  288.43  476.85  
   0.18  -0.97  -0.19  
   0.14  0.21  -0.97  
   0.97  0.15  0.17  

8  1165.32  -255.84  208.95  
   -0.19  -0.60  0.78  
   0.14  0.77  0.63  
   -0.97  0.23  -0.06  

9  1244.80  -307.63  458.99  
   0.14  0.92  -0.36  
   -0.08  0.37  0.92  
   0.99  -0.10  0.13  

7  1154.16  -196.01  -87.06  
   0.57  0.71  0.42  
   -0.81  0.38  0.46  
   0.17  -0.59  0.79  

2  855.46  -40.18  578.20  
   0.72  -0.69  -0.03  
   0.69  0.72  0.02  
   0.01  -0.03  1.00  

4  1163.98  150.47  -86.62  
   0.43  -0.85  0.32  
   0.88  0.30  -0.37  
   0.22  0.44  0.87  

5  1162.65  204.94  216.10  
   -0.17  0.41  0.89  
   -0.20  0.87  -0.44  
   -0.96  -0.26  -0.07  

3  1268.02  -26.79  -2.23  
   -0.29  -0.01  -0.96  
   -0.11  -0.99  0.05  
   -0.95  0.12  0.28  

6  1222.03  287.09  477.29  
   0.18  -0.96  -0.19  
   0.14  0.21  -0.97  
   0.97  0.15  0.17  

7  1152.82  -195.56  -87.06  
   0.57  0.71  0.42  
   -0.81  0.38  0.45  
   0.16  -0.59  0.79  

9  1247.48  -307.63  458.54  
   0.14  0.92  -0.37  
   -0.08  0.39  0.92  
   0.99  -0.10  0.13  

8  1166.66  -254.94  208.51  
   -0.20  -0.61  0.77  
   0.14  0.76  0.63  
   -0.97  0.23  -0.07  

