2  856.36  -40.63  577.75  
   0.77  -0.64  0.02  
   0.64  0.77  0.03  
   -0.04  -0.01  1.00  

3  1306.41  -12.95  -1.79  
   -0.19  0.03  -0.98  
   -0.08  -1.00  -0.02  
   -0.98  0.08  0.19  

4  1232.74  164.75  -62.06  
   0.64  -0.73  0.22  
   0.69  0.43  -0.58  
   0.33  0.53  0.79  

5  1137.20  188.86  196.90  
   0.07  0.22  0.97  
   -0.27  0.94  -0.20  
   -0.96  -0.25  0.12  

6  1363.12  262.53  281.29  
   0.99  0.10  0.12  
   0.13  -0.16  -0.98  
   -0.08  0.98  -0.17  

7  1225.15  -193.33  -85.28  
   0.57  0.76  0.30  
   -0.77  0.38  0.51  
   0.28  -0.52  0.80  

8  1143.45  -202.26  204.94  
   -0.07  -0.22  0.97  
   0.23  0.95  0.23  
   -0.97  0.24  -0.01  

9  1379.64  -267.00  262.53  
   0.98  -0.19  0.10  
   -0.14  -0.22  0.97  
   -0.16  -0.96  -0.24  

2  856.36  -40.18  577.75  
   0.77  -0.64  0.02  
   0.64  0.77  0.03  
   -0.04  -0.01  1.00  

4  1232.74  165.65  -62.06  
   0.64  -0.73  0.22  
   0.69  0.43  -0.58  
   0.33  0.53  0.78  

3  1306.41  -12.95  -2.23  
   -0.19  0.03  -0.98  
   -0.08  -1.00  -0.02  
   -0.98  0.08  0.19  

5  1138.54  188.86  197.35  
   0.06  0.23  0.97  
   -0.27  0.94  -0.20  
   -0.96  -0.25  0.12  

6  1364.46  261.19  280.39  
   0.99  0.10  0.11  
   0.13  -0.16  -0.98  
   -0.08  0.98  -0.17  

9  1379.64  -266.55  262.53  
   0.98  -0.19  0.09  
   -0.14  -0.22  0.97  
   -0.16  -0.96  -0.24  

8  1143.89  -202.26  204.94  
   -0.07  -0.22  0.97  
   0.23  0.94  0.23  
   -0.97  0.24  -0.01  

7  1224.71  -193.33  -85.28  
   0.57  0.76  0.30  
   -0.77  0.38  0.51  
   0.28  -0.52  0.80  

2  856.36  -40.63  577.75  
   0.77  -0.64  0.02  
   0.64  0.77  0.03  
   -0.04  -0.01  1.00  

6  1365.35  261.19  280.39  
   0.99  0.10  0.11  
   0.12  -0.16  -0.98  
   -0.08  0.98  -0.18  

4  1233.19  165.65  -62.06  
   0.64  -0.73  0.22  
   0.69  0.43  -0.58  
   0.33  0.53  0.78  

5  1139.43  189.31  197.35  
   0.06  0.23  0.97  
   -0.27  0.94  -0.21  
   -0.96  -0.25  0.12  

3  1306.41  -12.06  -0.89  
   -0.19  0.03  -0.98  
   -0.08  -1.00  -0.02  
   -0.98  0.08  0.19  

9  1379.64  -266.55  262.09  
   0.98  -0.19  0.09  
   -0.14  -0.22  0.97  
   -0.16  -0.96  -0.24  

8  1143.89  -202.26  204.94  
   -0.07  -0.22  0.97  
   0.23  0.94  0.23  
   -0.97  0.24  -0.01  

7  1224.71  -192.88  -84.83  
   0.57  0.76  0.30  
   -0.77  0.38  0.51  
   0.28  -0.52  0.81  

2  856.36  -40.63  577.75  
   0.77  -0.64  0.02  
   0.64  0.77  0.03  
   -0.04  -0.01  1.00  

4  1233.19  165.20  -61.61  
   0.64  -0.73  0.22  
   0.69  0.43  -0.58  
   0.33  0.53  0.78  

3  1306.86  -12.95  -0.89  
   -0.19  0.03  -0.98  
   -0.08  -1.00  -0.02  
   -0.98  0.07  0.20  

5  1139.43  189.31  197.79  
   0.06  0.23  0.97  
   -0.27  0.94  -0.20  
   -0.96  -0.25  0.12  

7  1225.15  -192.88  -85.28  
   0.57  0.76  0.30  
   -0.77  0.38  0.51  
   0.28  -0.52  0.81  

6  1364.90  261.19  279.95  
   0.99  0.10  0.11  
   0.13  -0.16  -0.98  
   -0.08  0.98  -0.17  

8  1144.34  -201.81  204.94  
   -0.07  -0.22  0.97  
   0.23  0.94  0.23  
   -0.97  0.24  -0.01  

9  1379.64  -266.55  261.19  
   0.98  -0.19  0.10  
   -0.14  -0.22  0.97  
   -0.16  -0.96  -0.24  

2  856.36  -40.63  577.75  
   0.77  -0.64  0.02  
   0.64  0.77  0.03  
   -0.04  -0.01  1.00  

4  1233.19  165.65  -61.61  
   0.64  -0.73  0.22  
   0.69  0.43  -0.58  
   0.33  0.53  0.78  

3  1306.86  -13.39  -0.45  
   -0.20  0.03  -0.98  
   -0.08  -1.00  -0.02  
   -0.98  0.07  0.20  

5  1139.43  189.31  196.90  
   0.06  0.22  0.97  
   -0.28  0.94  -0.20  
   -0.96  -0.26  0.12  

6  1364.90  261.64  279.50  
   0.99  0.11  0.11  
   0.13  -0.16  -0.98  
   -0.09  0.98  -0.17  

9  1380.08  -267.44  260.75  
   0.98  -0.19  0.10  
   -0.14  -0.22  0.97  
   -0.17  -0.96  -0.24  

8  1143.89  -201.36  204.49  
   -0.07  -0.22  0.97  
   0.23  0.94  0.23  
   -0.97  0.24  -0.01  

7  1224.71  -192.88  -85.28  
   0.57  0.76  0.30  
   -0.77  0.38  0.51  
   0.28  -0.52  0.81  

2  856.36  -40.18  578.20  
   0.77  -0.64  0.02  
   0.64  0.77  0.03  
   -0.04  -0.01  1.00  

3  1306.41  -13.39  0.00  
   -0.20  0.03  -0.98  
   -0.08  -1.00  -0.02  
   -0.98  0.07  0.20  

6  1365.80  262.53  276.82  
   0.99  0.11  0.11  
   0.13  -0.16  -0.98  
   -0.09  0.98  -0.17  

5  1138.98  188.86  196.90  
   0.06  0.21  0.98  
   -0.28  0.94  -0.19  
   -0.96  -0.26  0.11  

4  1233.19  165.20  -62.06  
   0.64  -0.73  0.22  
   0.69  0.43  -0.58  
   0.33  0.53  0.78  

7  1224.71  -192.88  -85.28  
   0.57  0.76  0.30  
   -0.77  0.38  0.51  
   0.28  -0.52  0.80  

8  1143.89  -202.26  204.49  
   -0.07  -0.21  0.98  
   0.24  0.95  0.22  
   -0.97  0.25  -0.02  

9  1379.19  -268.78  258.96  
   0.97  -0.20  0.10  
   -0.15  -0.21  0.97  
   -0.17  -0.96  -0.24  

2  856.36  -40.63  577.75  
   0.77  -0.64  0.02  
   0.64  0.77  0.03  
   -0.04  -0.01  1.00  

4  1232.30  165.65  -62.51  
   0.65  -0.73  0.23  
   0.69  0.43  -0.58  
   0.32  0.53  0.78  

3  1305.52  -12.95  -0.45  
   -0.20  0.03  -0.98  
   -0.08  -1.00  -0.02  
   -0.98  0.07  0.20  

5  1138.98  190.20  197.35  
   0.06  0.21  0.98  
   -0.28  0.94  -0.18  
   -0.96  -0.27  0.11  

7  1223.37  -192.43  -85.72  
   0.57  0.76  0.30  
   -0.77  0.37  0.51  
   0.28  -0.53  0.80  

6  1365.35  263.43  275.48  
   0.99  0.12  0.12  
   0.13  -0.16  -0.98  
   -0.10  0.98  -0.17  

9  1377.85  -270.57  258.07  
   0.97  -0.20  0.11  
   -0.15  -0.21  0.97  
   -0.17  -0.96  -0.24  

8  1143.45  -201.81  204.94  
   -0.07  -0.20  0.98  
   0.24  0.95  0.21  
   -0.97  0.25  -0.02  

2  856.36  -40.63  577.75  
   0.77  -0.64  0.02  
   0.64  0.77  0.03  
   -0.04  -0.01  1.00  

3  1305.07  -12.95  -0.89  
   -0.20  0.03  -0.98  
   -0.08  -1.00  -0.01  
   -0.98  0.07  0.21  

5  1138.54  193.77  196.45  
   0.05  0.22  0.97  
   -0.29  0.93  -0.20  
   -0.95  -0.27  0.11  

4  1231.85  165.65  -62.95  
   0.65  -0.73  0.23  
   0.69  0.43  -0.58  
   0.32  0.53  0.78  

6  1366.24  265.21  273.69  
   0.99  0.12  0.11  
   0.12  -0.15  -0.98  
   -0.10  0.98  -0.16  

9  1378.74  -270.12  257.62  
   0.97  -0.20  0.10  
   -0.15  -0.21  0.97  
   -0.18  -0.96  -0.23  

7  1222.03  -192.43  -84.83  
   0.57  0.76  0.31  
   -0.77  0.37  0.51  
   0.28  -0.53  0.80  

8  1142.55  -202.26  204.49  
   -0.07  -0.21  0.98  
   0.24  0.94  0.22  
   -0.97  0.25  -0.02  

2  856.36  -40.63  577.75  
   0.77  -0.64  0.02  
   0.64  0.77  0.03  
   -0.04  -0.01  1.00  

3  1304.63  -13.39  -0.89  
   -0.21  0.03  -0.98  
   -0.08  -1.00  -0.01  
   -0.98  0.07  0.21  

4  1230.96  165.65  -62.95  
   0.65  -0.73  0.23  
   0.69  0.43  -0.58  
   0.32  0.53  0.78  

6  1369.81  263.87  270.12  
   0.99  0.12  0.07  
   0.09  -0.15  -0.98  
   -0.11  0.98  -0.16  

5  1139.43  198.69  195.56  
   0.04  0.25  0.97  
   -0.30  0.93  -0.23  
   -0.95  -0.28  0.12  

8  1142.11  -205.38  202.70  
   -0.08  -0.22  0.97  
   0.25  0.94  0.24  
   -0.96  0.26  -0.02  

7  1221.58  -192.43  -84.39  
   0.57  0.76  0.31  
   -0.77  0.37  0.51  
   0.28  -0.53  0.80  

9  1378.30  -269.68  254.94  
   0.97  -0.20  0.09  
   -0.13  -0.21  0.97  
   -0.18  -0.96  -0.23  

2  856.36  -40.63  577.75  
   0.77  -0.64  0.02  
   0.64  0.77  0.03  
   -0.04  -0.01  1.00  

3  1304.18  -13.39  -0.89  
   -0.21  0.03  -0.98  
   -0.08  -1.00  -0.01  
   -0.98  0.07  0.21  

4  1231.40  166.09  -62.95  
   0.65  -0.73  0.23  
   0.69  0.43  -0.58  
   0.32  0.53  0.78  

6  1370.71  260.75  271.02  
   0.99  0.11  0.05  
   0.06  -0.15  -0.99  
   -0.10  0.98  -0.16  

5  1141.66  201.81  196.45  
   0.04  0.28  0.96  
   -0.30  0.92  -0.26  
   -0.95  -0.27  0.12  

7  1220.69  -191.99  -85.28  
   0.57  0.76  0.31  
   -0.77  0.37  0.51  
   0.28  -0.53  0.80  

8  1141.66  -208.95  203.60  
   -0.08  -0.24  0.97  
   0.25  0.93  0.26  
   -0.96  0.26  -0.02  

9  1380.98  -263.87  255.84  
   0.98  -0.20  0.05  
   -0.10  -0.21  0.97  
   -0.18  -0.96  -0.23  

2  856.36  -40.63  577.75  
   0.77  -0.64  0.02  
   0.64  0.77  0.03  
   -0.04  -0.01  1.00  

4  1230.51  166.09  -62.95  
   0.65  -0.72  0.23  
   0.69  0.44  -0.58  
   0.32  0.54  0.78  

3  1303.73  -13.39  -0.45  
   -0.21  0.03  -0.98  
   -0.08  -1.00  -0.01  
   -0.98  0.07  0.21  

6  1376.96  248.25  271.46  
   0.99  0.11  -0.01  
   0.01  -0.17  -0.99  
   -0.11  0.98  -0.17  

5  1144.79  204.49  197.35  
   0.02  0.32  0.95  
   -0.29  0.91  -0.30  
   -0.96  -0.27  0.11  

8  1145.23  -214.76  204.04  
   -0.10  -0.30  0.95  
   0.25  0.92  0.31  
   -0.96  0.27  -0.02  

7  1220.24  -191.54  -85.28  
   0.57  0.76  0.31  
   -0.77  0.37  0.51  
   0.28  -0.53  0.80  

9  1385.44  -258.96  254.05  
   0.98  -0.19  0.00  
   -0.04  -0.22  0.97  
   -0.19  -0.96  -0.23  

2  856.36  -40.18  577.75  
   0.77  -0.64  0.02  
   0.64  0.77  0.03  
   -0.04  -0.01  1.00  

3  1303.73  -13.84  -0.89  
   -0.21  0.02  -0.98  
   -0.08  -1.00  -0.01  
   -0.98  0.07  0.21  

4  1230.51  166.54  -62.95  
   0.65  -0.72  0.23  
   0.69  0.44  -0.58  
   0.32  0.54  0.78  

6  1380.98  239.76  270.57  
   0.99  0.09  -0.07  
   -0.06  -0.17  -0.98  
   -0.11  0.98  -0.17  

5  1147.91  212.53  196.01  
   0.00  0.37  0.93  
   -0.30  0.89  -0.36  
   -0.96  -0.27  0.11  

7  1219.80  -191.99  -84.83  
   0.57  0.76  0.31  
   -0.77  0.37  0.51  
   0.28  -0.53  0.80  

8  1149.70  -225.47  202.26  
   -0.12  -0.37  0.92  
   0.25  0.89  0.39  
   -0.96  0.28  -0.02  

9  1390.80  -245.12  253.60  
   0.98  -0.17  -0.09  
   0.05  -0.23  0.97  
   -0.19  -0.96  -0.22  

2  856.36  -40.18  577.75  
   0.77  -0.64  0.02  
   0.64  0.77  0.03  
   -0.04  -0.01  1.00  

3  1303.29  -13.84  -0.89  
   -0.21  0.02  -0.98  
   -0.08  -1.00  -0.01  
   -0.97  0.07  0.21  

6  1384.99  225.47  269.23  
   0.99  0.08  -0.15  
   -0.13  -0.17  -0.98  
   -0.10  0.98  -0.16  

5  1150.14  218.33  195.11  
   -0.01  0.43  0.90  
   -0.30  0.86  -0.41  
   -0.95  -0.27  0.12  

4  1230.51  165.65  -63.40  
   0.66  -0.72  0.23  
   0.69  0.44  -0.58  
   0.32  0.54  0.78  

7  1219.80  -192.88  -84.83  
   0.57  0.76  0.31  
   -0.77  0.37  0.52  
   0.28  -0.53  0.80  

8  1151.48  -236.19  201.36  
   -0.14  -0.43  0.89  
   0.25  0.86  0.45  
   -0.96  0.29  -0.01  

9  1397.50  -233.51  254.05  
   0.97  -0.15  -0.17  
   0.13  -0.23  0.96  
   -0.18  -0.96  -0.20  

4  1230.96  166.09  -63.40  
   0.66  -0.72  0.23  
   0.69  0.44  -0.58  
   0.32  0.54  0.78  

2  856.36  -40.18  577.75  
   0.77  -0.64  0.02  
   0.64  0.77  0.03  
   -0.04  -0.01  1.00  

3  1303.73  -13.84  -1.34  
   -0.21  0.02  -0.98  
   -0.08  -1.00  -0.01  
   -0.97  0.07  0.21  

5  1151.04  223.69  193.33  
   -0.01  0.47  0.88  
   -0.30  0.84  -0.45  
   -0.95  -0.27  0.13  

8  1152.82  -240.21  201.36  
   -0.14  -0.48  0.87  
   0.24  0.83  0.50  
   -0.96  0.28  0.00  

7  1219.80  -192.43  -84.83  
   0.57  0.76  0.31  
   -0.77  0.37  0.52  
   0.28  -0.53  0.80  

6  1385.89  218.33  269.23  
   0.98  0.06  -0.20  
   -0.18  -0.18  -0.97  
   -0.10  0.98  -0.16  

9  1397.50  -223.24  257.62  
   0.97  -0.13  -0.23  
   0.19  -0.24  0.95  
   -0.17  -0.96  -0.20  

2  856.36  -40.63  577.75  
   0.77  -0.64  0.02  
   0.64  0.77  0.03  
   -0.04  -0.01  1.00  

3  1303.73  -13.84  -0.89  
   -0.21  0.02  -0.98  
   -0.08  -1.00  -0.01  
   -0.97  0.07  0.21  

6  1386.33  205.83  271.46  
   0.96  0.04  -0.27  
   -0.26  -0.19  -0.95  
   -0.08  0.98  -0.17  

5  1153.72  229.05  189.76  
   -0.02  0.52  0.85  
   -0.30  0.81  -0.50  
   -0.95  -0.26  0.14  

4  1230.96  165.65  -63.40  
   0.66  -0.72  0.23  
   0.68  0.44  -0.58  
   0.31  0.54  0.78  

7  1219.80  -193.33  -84.83  
   0.57  0.76  0.31  
   -0.77  0.37  0.52  
   0.28  -0.53  0.80  

8  1155.06  -248.25  197.79  
   -0.15  -0.54  0.83  
   0.24  0.80  0.56  
   -0.96  0.28  0.01  

9  1398.39  -215.65  257.18  
   0.95  -0.10  -0.30  
   0.26  -0.24  0.93  
   -0.16  -0.97  -0.20  

2  856.36  -40.63  577.75  
   0.77  -0.64  0.02  
   0.64  0.77  0.03  
   -0.04  -0.01  1.00  

3  1303.73  -13.84  -0.89  
   -0.21  0.02  -0.98  
   -0.08  -1.00  -0.01  
   -0.97  0.08  0.21  

4  1230.96  164.75  -63.85  
   0.66  -0.72  0.23  
   0.68  0.45  -0.58  
   0.31  0.54  0.78  

5  1158.18  242.44  187.52  
   -0.02  0.60  0.80  
   -0.31  0.76  -0.58  
   -0.95  -0.26  0.17  

7  1219.80  -193.33  -84.83  
   0.57  0.76  0.31  
   -0.77  0.37  0.52  
   0.28  -0.54  0.80  

6  1384.99  191.10  267.00  
   0.93  0.01  -0.37  
   -0.36  -0.19  -0.91  
   -0.07  0.98  -0.17  

8  1155.95  -259.85  194.67  
   -0.15  -0.61  0.78  
   0.25  0.74  0.63  
   -0.96  0.29  0.04  

9  1393.92  -204.49  257.62  
   0.92  -0.06  -0.38  
   0.36  -0.23  0.90  
   -0.15  -0.97  -0.19  

2  856.36  -40.63  577.75  
   0.77  -0.64  0.02  
   0.64  0.77  0.03  
   -0.04  -0.01  1.00  

3  1303.73  -14.29  -1.34  
   -0.21  0.02  -0.98  
   -0.08  -1.00  -0.01  
   -0.97  0.08  0.21  

6  1384.10  179.49  270.57  
   0.89  -0.02  -0.46  
   -0.46  -0.17  -0.87  
   -0.06  0.99  -0.16  

4  1231.40  164.75  -63.85  
   0.66  -0.71  0.23  
   0.68  0.45  -0.58  
   0.31  0.54  0.79  

5  1163.09  254.05  183.06  
   -0.03  0.67  0.75  
   -0.32  0.70  -0.64  
   -0.95  -0.26  0.19  

7  1220.24  -193.77  -85.28  
   0.58  0.76  0.31  
   -0.77  0.38  0.52  
   0.27  -0.54  0.80  

9  1389.91  -195.56  262.09  
   0.89  -0.02  -0.46  
   0.44  -0.22  0.87  
   -0.12  -0.97  -0.19  

8  1158.18  -273.69  189.31  
   -0.15  -0.67  0.72  
   0.26  0.68  0.69  
   -0.95  0.29  0.07  

2  856.36  -40.18  577.75  
   0.77  -0.64  0.02  
   0.64  0.77  0.03  
   -0.04  -0.01  1.00  

4  1231.85  164.31  -64.29  
   0.67  -0.71  0.22  
   0.68  0.46  -0.57  
   0.30  0.54  0.79  

3  1303.73  -14.29  -0.89  
   -0.21  0.02  -0.98  
   -0.08  -1.00  -0.01  
   -0.98  0.08  0.21  

5  1166.66  261.19  179.93  
   -0.04  0.71  0.70  
   -0.33  0.65  -0.68  
   -0.94  -0.26  0.21  

6  1381.87  170.56  266.10  
   0.85  -0.03  -0.52  
   -0.52  -0.15  -0.84  
   -0.05  0.99  -0.14  

7  1219.80  -193.33  -85.72  
   0.58  0.75  0.31  
   -0.77  0.38  0.52  
   0.27  -0.54  0.80  

8  1160.41  -278.61  187.97  
   -0.15  -0.71  0.69  
   0.26  0.64  0.72  
   -0.95  0.29  0.09  

9  1386.78  -188.86  260.75  
   0.86  -0.01  -0.51  
   0.49  -0.22  0.84  
   -0.12  -0.97  -0.19  

2  856.36  -40.63  577.75  
   0.77  -0.64  0.02  
   0.64  0.77  0.03  
   -0.04  -0.01  1.00  

4  1231.85  164.75  -64.29  
   0.67  -0.71  0.22  
   0.68  0.46  -0.57  
   0.30  0.54  0.79  

3  1303.29  -13.84  -0.89  
   -0.21  0.02  -0.98  
   -0.08  -1.00  -0.01  
   -0.97  0.08  0.21  

5  1170.68  265.21  178.15  
   -0.05  0.74  0.67  
   -0.34  0.62  -0.71  
   -0.94  -0.26  0.22  

6  1379.64  164.31  267.00  
   0.82  -0.05  -0.57  
   -0.57  -0.15  -0.81  
   -0.04  0.99  -0.15  

9  1384.99  -180.83  264.32  
   0.84  0.01  -0.55  
   0.53  -0.23  0.81  
   -0.11  -0.97  -0.20  

8  1162.20  -280.84  186.63  
   -0.16  -0.74  0.65  
   0.25  0.61  0.75  
   -0.95  0.28  0.09  

7  1219.80  -193.33  -85.28  
   0.58  0.75  0.31  
   -0.77  0.38  0.52  
   0.27  -0.54  0.80  

2  856.36  -40.63  577.75  
   0.77  -0.64  0.02  
   0.64  0.77  0.03  
   -0.04  -0.01  1.00  

6  1376.51  157.61  265.21  
   0.78  -0.07  -0.62  
   -0.63  -0.13  -0.77  
   -0.03  0.99  -0.15  

4  1231.85  164.75  -64.74  
   0.67  -0.70  0.22  
   0.68  0.47  -0.57  
   0.30  0.54  0.79  

5  1174.70  275.93  175.47  
   -0.05  0.78  0.63  
   -0.35  0.57  -0.74  
   -0.94  -0.26  0.24  

3  1303.73  -14.29  -0.89  
   -0.21  0.02  -0.98  
   -0.08  -1.00  -0.01  
   -0.97  0.08  0.21  

7  1219.80  -193.77  -85.72  
   0.58  0.75  0.31  
   -0.77  0.38  0.52  
   0.27  -0.54  0.80  

8  1164.88  -287.98  183.06  
   -0.16  -0.77  0.61  
   0.26  0.57  0.78  
   -0.95  0.28  0.11  

9  1380.98  -174.58  264.77  
   0.81  0.03  -0.59  
   0.58  -0.23  0.78  
   -0.11  -0.97  -0.20  

2  856.36  -40.18  577.75  
   0.77  -0.64  0.02  
   0.64  0.77  0.03  
   -0.04  -0.01  1.00  

4  1231.85  164.75  -65.19  
   0.68  -0.70  0.22  
   0.67  0.47  -0.57  
   0.29  0.54  0.79  

3  1303.73  -14.73  -1.79  
   -0.21  0.02  -0.98  
   -0.08  -1.00  -0.01  
   -0.97  0.08  0.21  

8  1168.00  -294.68  181.27  
   -0.16  -0.80  0.57  
   0.26  0.53  0.81  
   -0.95  0.28  0.12  

6  1373.83  151.36  265.66  
   0.73  -0.10  -0.68  
   -0.69  -0.12  -0.72  
   -0.01  0.99  -0.15  

5  1180.95  282.62  168.77  
   -0.06  0.82  0.57  
   -0.36  0.52  -0.78  
   -0.93  -0.26  0.26  

7  1219.80  -193.33  -85.72  
   0.58  0.75  0.31  
   -0.77  0.38  0.51  
   0.27  -0.54  0.80  

9  1378.30  -166.09  266.10  
   0.77  0.05  -0.64  
   0.63  -0.21  0.75  
   -0.10  -0.98  -0.20  

3  1303.73  -15.18  -1.79  
   -0.21  0.02  -0.98  
   -0.08  -1.00  -0.00  
   -0.97  0.08  0.21  

2  856.36  -40.18  577.75  
   0.77  -0.64  0.02  
   0.64  0.77  0.03  
   -0.04  -0.01  1.00  

4  1232.74  163.41  -66.08  
   0.68  -0.69  0.22  
   0.67  0.48  -0.57  
   0.29  0.54  0.79  

5  1186.31  287.98  167.43  
   -0.07  0.84  0.53  
   -0.37  0.48  -0.80  
   -0.93  -0.25  0.28  

9  1374.73  -167.88  266.10  
   0.74  0.07  -0.67  
   0.67  -0.20  0.72  
   -0.08  -0.98  -0.19  

8  1170.68  -300.93  178.15  
   -0.17  -0.83  0.54  
   0.27  0.49  0.83  
   -0.95  0.28  0.14  

7  1219.80  -193.77  -85.72  
   0.58  0.75  0.31  
   -0.77  0.38  0.51  
   0.26  -0.54  0.80  

6  1370.26  145.11  267.44  
   0.69  -0.12  -0.72  
   -0.73  -0.10  -0.68  
   0.01  0.99  -0.16  

2  856.36  -40.18  577.75  
   0.77  -0.64  0.02  
   0.64  0.77  0.03  
   -0.04  -0.01  1.00  

4  1233.19  163.41  -66.53  
   0.69  -0.69  0.22  
   0.67  0.48  -0.57  
   0.28  0.54  0.79  

3  1303.73  -15.18  -1.79  
   -0.21  0.02  -0.98  
   -0.08  -1.00  -0.01  
   -0.97  0.08  0.21  

5  1188.99  292.00  165.20  
   -0.07  0.86  0.50  
   -0.38  0.44  -0.81  
   -0.92  -0.25  0.30  

7  1219.80  -193.77  -85.72  
   0.59  0.75  0.31  
   -0.77  0.39  0.51  
   0.26  -0.54  0.80  

6  1367.14  143.32  267.44  
   0.65  -0.13  -0.75  
   -0.76  -0.09  -0.65  
   0.02  0.99  -0.16  

8  1172.91  -309.41  171.45  
   -0.17  -0.86  0.49  
   0.28  0.43  0.86  
   -0.94  0.28  0.17  

9  1369.37  -162.52  266.55  
   0.69  0.09  -0.71  
   0.72  -0.18  0.67  
   -0.06  -0.98  -0.19  

2  856.36  -40.18  577.75  
   0.77  -0.64  0.02  
   0.64  0.77  0.03  
   -0.04  -0.01  1.00  

5  1193.90  300.04  159.39  
   -0.08  0.88  0.47  
   -0.40  0.40  -0.82  
   -0.91  -0.25  0.32  

4  1233.64  163.86  -66.97  
   0.69  -0.69  0.22  
   0.67  0.48  -0.57  
   0.28  0.54  0.79  

6  1363.12  141.54  264.32  
   0.61  -0.15  -0.78  
   -0.79  -0.07  -0.61  
   0.04  0.99  -0.16  

3  1303.73  -15.18  -1.79  
   -0.21  0.02  -0.98  
   -0.08  -1.00  -0.00  
   -0.97  0.08  0.21  

7  1219.80  -193.77  -86.17  
   0.59  0.75  0.32  
   -0.77  0.39  0.51  
   0.26  -0.54  0.80  

8  1176.04  -320.58  165.20  
   -0.16  -0.88  0.44  
   0.31  0.38  0.87  
   -0.94  0.28  0.21  

9  1362.67  -166.99  269.68  
   0.65  0.12  -0.75  
   0.76  -0.14  0.64  
   -0.03  -0.98  -0.18  

2  855.91  -40.63  578.20  
   0.77  -0.64  0.02  
   0.64  0.77  0.03  
   -0.04  -0.01  1.00  

3  1303.73  -15.63  -1.79  
   -0.21  0.02  -0.98  
   -0.08  -1.00  -0.00  
   -0.97  0.08  0.21  

6  1359.99  141.98  265.66  
   0.56  -0.17  -0.81  
   -0.82  -0.04  -0.57  
   0.06  0.99  -0.16  

5  1200.60  307.18  151.80  
   -0.09  0.90  0.42  
   -0.42  0.34  -0.84  
   -0.90  -0.25  0.35  

4  1234.08  163.41  -66.97  
   0.69  -0.69  0.22  
   0.67  0.49  -0.56  
   0.27  0.54  0.80  

7  1219.80  -193.33  -86.17  
   0.59  0.74  0.32  
   -0.77  0.39  0.51  
   0.26  -0.54  0.80  

8  1180.50  -330.40  157.16  
   -0.17  -0.90  0.40  
   0.34  0.33  0.88  
   -0.93  0.28  0.25  

9  1357.31  -170.11  268.78  
   0.61  0.13  -0.78  
   0.79  -0.11  0.60  
   -0.00  -0.99  -0.17  

2  856.36  -40.63  578.20  
   0.77  -0.64  0.02  
   0.64  0.77  0.03  
   -0.04  -0.01  1.00  

4  1235.42  162.97  -68.31  
   0.70  -0.68  0.23  
   0.66  0.50  -0.56  
   0.26  0.54  0.80  

3  1303.73  -15.18  -1.79  
   -0.21  0.02  -0.98  
   -0.08  -1.00  -0.00  
   -0.98  0.08  0.21  

5  1208.19  311.65  147.79  
   -0.10  0.92  0.37  
   -0.44  0.29  -0.85  
   -0.89  -0.25  0.37  

7  1219.80  -192.43  -86.62  
   0.59  0.74  0.32  
   -0.77  0.39  0.51  
   0.25  -0.54  0.80  

6  1359.10  141.09  266.10  
   0.51  -0.18  -0.84  
   -0.85  -0.01  -0.52  
   0.08  0.98  -0.16  

9  1354.63  -170.56  267.00  
   0.58  0.14  -0.80  
   0.82  -0.08  0.57  
   0.02  -0.99  -0.16  

8  1184.52  -337.10  151.36  
   -0.18  -0.91  0.37  
   0.35  0.29  0.89  
   -0.92  0.29  0.27  

3  1304.18  -15.63  -1.34  
   -0.20  0.02  -0.98  
   -0.08  -1.00  0.00  
   -0.98  0.08  0.20  

2  856.36  -40.63  578.20  
   0.77  -0.64  0.02  
   0.64  0.77  0.03  
   -0.04  -0.01  1.00  

4  1236.76  162.97  -68.31  
   0.71  -0.67  0.23  
   0.66  0.51  -0.55  
   0.26  0.54  0.80  

5  1215.78  316.56  143.32  
   -0.12  0.94  0.33  
   -0.45  0.25  -0.86  
   -0.89  -0.25  0.39  

6  1356.42  137.96  265.21  
   0.46  -0.19  -0.87  
   -0.88  0.01  -0.47  
   0.10  0.98  -0.16  

8  1188.54  -343.35  147.79  
   -0.19  -0.92  0.34  
   0.37  0.26  0.89  
   -0.91  0.29  0.29  

9  1353.74  -174.58  265.21  
   0.55  0.14  -0.82  
   0.83  -0.06  0.55  
   0.03  -0.99  -0.15  

7  1219.80  -192.88  -87.06  
   0.59  0.74  0.32  
   -0.77  0.40  0.51  
   0.25  -0.55  0.80  

2  856.36  -40.63  577.75  
   0.77  -0.64  0.02  
   0.64  0.77  0.03  
   -0.04  -0.01  1.00  

3  1303.73  -16.07  -1.34  
   -0.20  0.01  -0.98  
   -0.08  -1.00  0.00  
   -0.98  0.08  0.20  

6  1356.42  134.39  263.43  
   0.41  -0.19  -0.89  
   -0.91  0.04  -0.42  
   0.11  0.98  -0.16  

5  1226.94  321.47  136.62  
   -0.14  0.95  0.28  
   -0.46  0.19  -0.87  
   -0.88  -0.25  0.41  

7  1219.80  -192.88  -87.51  
   0.59  0.74  0.32  
   -0.77  0.40  0.50  
   0.24  -0.55  0.80  

4  1238.10  162.97  -70.10  
   0.71  -0.66  0.23  
   0.66  0.52  -0.55  
   0.24  0.54  0.81  

8  1195.24  -349.60  139.75  
   -0.21  -0.93  0.31  
   0.39  0.22  0.89  
   -0.90  0.31  0.32  

9  1352.85  -180.38  261.64  
   0.52  0.14  -0.84  
   0.85  -0.04  0.52  
   0.04  -0.99  -0.14  

2  856.36  -40.63  577.75  
   0.77  -0.64  0.02  
   0.64  0.77  0.03  
   -0.04  -0.01  1.00  

4  1240.33  162.07  -70.99  
   0.72  -0.65  0.23  
   0.65  0.53  -0.54  
   0.23  0.54  0.81  

3  1303.73  -16.52  -0.45  
   -0.20  0.01  -0.98  
   -0.08  -1.00  0.01  
   -0.98  0.08  0.20  

5  1236.76  324.59  132.16  
   -0.16  0.96  0.23  
   -0.47  0.13  -0.87  
   -0.87  -0.24  0.43  

6  1353.74  132.61  266.10  
   0.35  -0.20  -0.92  
   -0.93  0.06  -0.37  
   0.13  0.98  -0.17  

7  1219.35  -193.33  -87.96  
   0.60  0.73  0.33  
   -0.77  0.40  0.50  
   0.23  -0.55  0.80  

8  1203.28  -359.42  132.61  
   -0.23  -0.94  0.27  
   0.41  0.16  0.90  
   -0.88  0.31  0.35  

9  1354.19  -185.29  258.96  
   0.47  0.14  -0.87  
   0.88  -0.01  0.48  
   0.06  -0.99  -0.13  

2  856.36  -40.63  577.75  
   0.77  -0.64  0.02  
   0.64  0.77  0.03  
   -0.04  -0.01  1.00  

5  1242.57  325.93  131.27  
   -0.16  0.97  0.20  
   -0.47  0.10  -0.87  
   -0.87  -0.24  0.44  

3  1303.73  -16.97  -1.34  
   -0.20  0.01  -0.98  
   -0.08  -1.00  0.01  
   -0.98  0.08  0.20  

4  1242.12  161.63  -72.78  
   0.73  -0.64  0.23  
   0.65  0.54  -0.54  
   0.22  0.54  0.81  

6  1353.74  132.61  267.89  
   0.32  -0.21  -0.93  
   -0.94  0.08  -0.34  
   0.14  0.98  -0.17  

7  1219.80  -193.33  -89.74  
   0.60  0.73  0.33  
   -0.77  0.41  0.49  
   0.22  -0.55  0.81  

9  1356.42  -183.06  258.07  
   0.44  0.14  -0.89  
   0.90  0.01  0.44  
   0.07  -0.99  -0.12  

8  1210.87  -361.21  128.14  
   -0.25  -0.94  0.24  
   0.42  0.11  0.90  
   -0.87  0.32  0.36  

2  856.36  -40.63  578.20  
   0.77  -0.64  0.02  
   0.64  0.77  0.03  
   -0.04  -0.01  1.00  

5  1246.58  327.27  127.25  
   -0.18  0.97  0.19  
   -0.48  0.08  -0.87  
   -0.86  -0.25  0.45  

4  1243.01  161.18  -73.22  
   0.74  -0.64  0.23  
   0.64  0.55  -0.54  
   0.21  0.54  0.81  

3  1303.73  -17.86  -0.89  
   -0.19  0.00  -0.98  
   -0.08  -1.00  0.01  
   -0.98  0.08  0.19  

6  1355.08  133.95  266.55  
   0.29  -0.19  -0.94  
   -0.94  0.10  -0.32  
   0.15  0.98  -0.15  

8  1217.56  -363.88  126.80  
   -0.27  -0.94  0.20  
   0.42  0.07  0.90  
   -0.86  0.33  0.38  

9  1356.87  -182.17  257.18  
   0.40  0.13  -0.91  
   0.91  0.03  0.41  
   0.08  -0.99  -0.11  

7  1220.24  -192.88  -89.74  
   0.60  0.72  0.33  
   -0.77  0.42  0.49  
   0.21  -0.55  0.81  

2  856.36  -40.63  578.20  
   0.77  -0.64  0.02  
   0.64  0.77  0.03  
   -0.04  -0.01  1.00  

4  1243.91  160.29  -73.67  
   0.74  -0.62  0.24  
   0.64  0.56  -0.53  
   0.20  0.55  0.81  

3  1304.18  -18.75  -1.34  
   -0.19  -0.00  -0.98  
   -0.08  -1.00  0.02  
   -0.98  0.08  0.19  

6  1359.54  134.39  263.87  
   0.27  -0.16  -0.95  
   -0.95  0.11  -0.29  
   0.16  0.98  -0.12  

5  1254.62  329.51  122.78  
   -0.20  0.96  0.18  
   -0.49  0.06  -0.87  
   -0.85  -0.26  0.46  

7  1220.69  -192.88  -89.30  
   0.61  0.72  0.33  
   -0.77  0.42  0.49  
   0.21  -0.55  0.81  

8  1226.49  -367.46  120.10  
   -0.29  -0.94  0.16  
   0.42  0.02  0.91  
   -0.86  0.33  0.39  

9  1357.31  -176.81  257.62  
   0.35  0.12  -0.93  
   0.93  0.05  0.35  
   0.09  -0.99  -0.09  

2  856.36  -40.63  578.20  
   0.77  -0.64  0.02  
   0.64  0.77  0.03  
   -0.04  -0.01  1.00  

3  1304.18  -17.41  -2.68  
   -0.18  -0.01  -0.98  
   -0.08  -1.00  0.03  
   -0.98  0.09  0.18  

4  1245.24  160.73  -73.67  
   0.75  -0.61  0.24  
   0.63  0.56  -0.53  
   0.19  0.55  0.81  

5  1260.43  330.40  121.00  
   -0.21  0.96  0.16  
   -0.49  0.04  -0.87  
   -0.85  -0.26  0.46  

6  1363.56  131.71  260.75  
   0.25  -0.13  -0.96  
   -0.96  0.12  -0.27  
   0.15  0.98  -0.10  

7  1221.58  -192.43  -89.30  
   0.61  0.72  0.33  
   -0.76  0.43  0.48  
   0.21  -0.55  0.81  

8  1234.53  -366.56  122.78  
   -0.31  -0.94  0.11  
   0.41  -0.03  0.91  
   -0.86  0.33  0.40  

9  1356.42  -171.90  256.73  
   0.30  0.11  -0.95  
   0.95  0.07  0.31  
   0.10  -0.99  -0.08  

2  856.36  -40.63  578.20  
   0.77  -0.64  0.02  
   0.64  0.77  0.03  
   -0.04  -0.01  1.00  

3  1303.73  -17.41  -2.68  
   -0.17  -0.02  -0.98  
   -0.09  -1.00  0.04  
   -0.98  0.09  0.17  

4  1247.92  160.29  -74.56  
   0.76  -0.60  0.24  
   0.62  0.58  -0.53  
   0.18  0.56  0.81  

6  1364.90  127.69  258.07  
   0.22  -0.11  -0.97  
   -0.96  0.12  -0.23  
   0.14  0.99  -0.08  

8  1243.91  -367.90  120.10  
   -0.34  -0.94  0.08  
   0.41  -0.07  0.91  
   -0.85  0.34  0.40  

5  1267.57  329.95  122.34  
   -0.22  0.97  0.13  
   -0.48  0.01  -0.88  
   -0.85  -0.26  0.46  

7  1221.58  -192.43  -90.19  
   0.61  0.72  0.33  
   -0.76  0.43  0.48  
   0.20  -0.55  0.81  

9  1360.88  -169.66  251.82  
   0.26  0.08  -0.96  
   0.96  0.08  0.27  
   0.10  -0.99  -0.05  

3  1303.73  -16.97  -3.57  
   -0.17  -0.03  -0.99  
   -0.09  -1.00  0.04  
   -0.98  0.09  0.16  

2  856.36  -40.63  577.75  
   0.77  -0.64  0.02  
   0.64  0.77  0.03  
   -0.04  -0.01  1.00  

4  1249.26  160.29  -75.01  
   0.77  -0.59  0.25  
   0.61  0.58  -0.53  
   0.17  0.56  0.81  

5  1271.59  331.74  121.00  
   -0.23  0.97  0.12  
   -0.48  -0.01  -0.88  
   -0.85  -0.26  0.47  

6  1365.35  127.69  256.28  
   0.20  -0.08  -0.98  
   -0.97  0.13  -0.21  
   0.14  0.99  -0.06  

7  1222.03  -191.54  -90.19  
   0.62  0.71  0.33  
   -0.76  0.44  0.47  
   0.19  -0.55  0.81  

9  1361.33  -165.65  251.37  
   0.21  0.07  -0.97  
   0.97  0.09  0.22  
   0.11  -0.99  -0.04  

8  1253.28  -366.12  117.87  
   -0.36  -0.93  0.04  
   0.40  -0.11  0.91  
   -0.84  0.35  0.41  

2  856.36  -40.63  577.75  
   0.77  -0.64  0.02  
   0.64  0.77  0.03  
   -0.04  -0.01  1.00  

4  1251.05  158.95  -75.90  
   0.78  -0.58  0.25  
   0.61  0.59  -0.53  
   0.16  0.56  0.81  

3  1303.73  -17.41  -3.13  
   -0.16  -0.03  -0.99  
   -0.08  -1.00  0.05  
   -0.98  0.09  0.16  

6  1365.80  125.02  254.05  
   0.18  -0.07  -0.98  
   -0.97  0.13  -0.19  
   0.14  0.99  -0.05  

5  1274.27  331.74  117.87  
   -0.23  0.97  0.11  
   -0.49  -0.02  -0.87  
   -0.84  -0.25  0.47  

7  1223.37  -191.99  -91.08  
   0.62  0.71  0.34  
   -0.76  0.45  0.47  
   0.18  -0.55  0.82  

9  1360.88  -163.86  250.03  
   0.18  0.06  -0.98  
   0.98  0.10  0.19  
   0.11  -0.99  -0.04  

8  1259.53  -371.47  112.96  
   -0.38  -0.93  0.02  
   0.40  -0.14  0.91  
   -0.84  0.35  0.42  

2  856.36  -40.63  577.75  
   0.77  -0.64  0.02  
   0.64  0.77  0.03  
   -0.04  -0.01  1.00  

4  1252.39  158.95  -76.35  
   0.78  -0.57  0.25  
   0.60  0.59  -0.53  
   0.16  0.56  0.81  

3  1303.29  -17.86  -3.13  
   -0.16  -0.04  -0.99  
   -0.09  -0.99  0.05  
   -0.98  0.09  0.16  

5  1276.50  331.74  115.64  
   -0.22  0.97  0.10  
   -0.49  -0.03  -0.87  
   -0.84  -0.24  0.48  

6  1365.80  124.57  252.71  
   0.17  -0.07  -0.98  
   -0.98  0.13  -0.18  
   0.14  0.99  -0.04  

7  1223.81  -191.10  -90.64  
   0.63  0.70  0.34  
   -0.76  0.46  0.47  
   0.17  -0.55  0.82  

8  1265.34  -368.35  112.07  
   -0.38  -0.92  -0.01  
   0.39  -0.17  0.90  
   -0.84  0.34  0.43  

9  1360.44  -159.84  247.80  
   0.15  0.05  -0.99  
   0.98  0.11  0.15  
   0.11  -0.99  -0.03  

2  856.36  -40.18  578.20  
   0.77  -0.64  0.02  
   0.64  0.77  0.03  
   -0.04  -0.01  1.00  

3  1303.29  -18.31  -3.13  
   -0.16  -0.04  -0.99  
   -0.09  -0.99  0.06  
   -0.98  0.09  0.16  

4  1254.17  158.50  -77.24  
   0.79  -0.56  0.25  
   0.60  0.60  -0.53  
   0.15  0.57  0.81  

6  1364.46  124.57  250.03  
   0.16  -0.06  -0.99  
   -0.98  0.13  -0.17  
   0.14  0.99  -0.04  

5  1279.62  332.63  114.30  
   -0.22  0.97  0.09  
   -0.49  -0.03  -0.87  
   -0.84  -0.24  0.48  

8  1269.36  -368.35  112.96  
   -0.38  -0.92  -0.03  
   0.39  -0.19  0.90  
   -0.84  0.34  0.43  

7  1225.15  -191.54  -91.98  
   0.64  0.69  0.34  
   -0.75  0.47  0.46  
   0.16  -0.55  0.82  

9  1360.44  -158.95  248.25  
   0.13  0.04  -0.99  
   0.98  0.11  0.13  
   0.11  -0.99  -0.03  

2  856.36  -40.18  578.20  
   0.77  -0.64  0.02  
   0.64  0.77  0.03  
   -0.04  -0.01  1.00  

3  1303.29  -18.75  -2.68  
   -0.16  -0.05  -0.99  
   -0.09  -0.99  0.06  
   -0.98  0.09  0.15  

4  1255.51  157.61  -77.69  
   0.79  -0.56  0.25  
   0.59  0.60  -0.53  
   0.15  0.57  0.81  

5  1281.86  332.63  114.30  
   -0.22  0.97  0.08  
   -0.49  -0.04  -0.87  
   -0.84  -0.23  0.49  

7  1226.94  -191.99  -92.87  
   0.65  0.68  0.35  
   -0.75  0.47  0.46  
   0.15  -0.56  0.82  

6  1364.90  125.02  248.69  
   0.15  -0.06  -0.99  
   -0.98  0.13  -0.16  
   0.14  0.99  -0.03  

8  1276.95  -369.69  109.84  
   -0.39  -0.92  -0.06  
   0.38  -0.22  0.90  
   -0.84  0.33  0.44  

9  1362.67  -158.95  244.67  
   0.11  0.03  -0.99  
   0.99  0.11  0.11  
   0.11  -0.99  -0.02  

2  856.36  -40.18  577.75  
   0.77  -0.64  0.02  
   0.64  0.77  0.03  
   -0.04  -0.01  1.00  

4  1255.96  157.61  -78.13  
   0.79  -0.56  0.25  
   0.59  0.61  -0.53  
   0.14  0.57  0.81  

3  1303.29  -18.75  -2.68  
   -0.16  -0.05  -0.99  
   -0.09  -0.99  0.06  
   -0.98  0.09  0.15  

5  1282.75  332.18  114.75  
   -0.22  0.97  0.08  
   -0.49  -0.04  -0.87  
   -0.84  -0.23  0.49  

6  1364.90  125.02  249.14  
   0.15  -0.05  -0.99  
   -0.98  0.13  -0.16  
   0.14  0.99  -0.03  

7  1227.83  -191.54  -92.42  
   0.65  0.68  0.35  
   -0.75  0.48  0.46  
   0.15  -0.56  0.82  

8  1280.07  -368.80  108.94  
   -0.40  -0.91  -0.07  
   0.38  -0.24  0.89  
   -0.83  0.33  0.44  

9  1363.56  -157.16  245.57  
   0.09  0.03  -1.00  
   0.99  0.11  0.10  
   0.12  -0.99  -0.02  

2  856.36  -40.63  578.20  
   0.77  -0.64  0.02  
   0.64  0.77  0.03  
   -0.04  -0.01  1.00  

3  1303.73  -18.75  -2.68  
   -0.16  -0.05  -0.99  
   -0.09  -0.99  0.06  
   -0.98  0.09  0.15  

5  1283.64  333.08  114.75  
   -0.22  0.97  0.07  
   -0.49  -0.05  -0.87  
   -0.84  -0.23  0.49  

4  1256.41  157.16  -78.13  
   0.79  -0.55  0.25  
   0.59  0.61  -0.53  
   0.14  0.57  0.81  

6  1365.80  124.12  249.14  
   0.15  -0.05  -0.99  
   -0.98  0.13  -0.15  
   0.14  0.99  -0.03  

8  1281.86  -367.90  108.50  
   -0.40  -0.91  -0.08  
   0.38  -0.25  0.89  
   -0.83  0.32  0.45  

9  1364.01  -157.16  244.67  
   0.09  0.02  -1.00  
   0.99  0.12  0.09  
   0.12  -0.99  -0.01  

7  1228.28  -191.99  -93.32  
   0.65  0.68  0.35  
   -0.75  0.48  0.46  
   0.14  -0.56  0.82  

2  856.36  -40.18  577.75  
   0.77  -0.64  0.02  
   0.64  0.77  0.03  
   -0.04  -0.01  1.00  

4  1257.30  157.16  -78.13  
   0.80  -0.55  0.25  
   0.59  0.61  -0.53  
   0.14  0.57  0.81  

6  1365.35  124.12  249.14  
   0.14  -0.05  -0.99  
   -0.98  0.13  -0.15  
   0.14  0.99  -0.03  

3  1303.29  -18.31  -2.68  
   -0.16  -0.05  -0.99  
   -0.09  -0.99  0.06  
   -0.98  0.09  0.15  

5  1284.98  332.63  113.41  
   -0.22  0.97  0.07  
   -0.49  -0.05  -0.87  
   -0.84  -0.23  0.49  

7  1228.72  -191.54  -93.76  
   0.65  0.67  0.35  
   -0.74  0.48  0.46  
   0.14  -0.56  0.82  

9  1363.56  -156.27  244.67  
   0.08  0.02  -1.00  
   0.99  0.12  0.09  
   0.12  -0.99  -0.01  

8  1281.86  -367.46  108.05  
   -0.40  -0.91  -0.08  
   0.38  -0.25  0.89  
   -0.83  0.32  0.45  

2  856.36  -40.63  578.20  
   0.77  -0.64  0.02  
   0.64  0.77  0.03  
   -0.04  -0.01  1.00  

3  1303.29  -18.75  -2.68  
   -0.16  -0.05  -0.99  
   -0.08  -0.99  0.07  
   -0.98  0.09  0.15  

4  1257.75  157.16  -78.13  
   0.80  -0.55  0.25  
   0.59  0.61  -0.53  
   0.14  0.57  0.81  

7  1228.72  -191.54  -93.76  
   0.65  0.67  0.35  
   -0.74  0.48  0.46  
   0.14  -0.56  0.82  

5  1285.43  332.63  114.30  
   -0.22  0.97  0.07  
   -0.49  -0.05  -0.87  
   -0.84  -0.22  0.49  

8  1282.30  -367.01  107.60  
   -0.40  -0.91  -0.09  
   0.38  -0.25  0.89  
   -0.83  0.32  0.45  

6  1366.24  123.23  248.69  
   0.14  -0.04  -0.99  
   -0.98  0.13  -0.14  
   0.13  0.99  -0.03  

9  1363.56  -156.27  244.67  
   0.08  0.02  -1.00  
   0.99  0.12  0.09  
   0.12  -0.99  -0.01  

2  856.36  -40.63  577.75  
   0.77  -0.64  0.02  
   0.64  0.77  0.03  
   -0.04  -0.01  1.00  

4  1258.19  157.16  -78.13  
   0.80  -0.55  0.25  
   0.58  0.61  -0.54  
   0.14  0.57  0.81  

5  1285.88  332.63  114.30  
   -0.22  0.97  0.07  
   -0.49  -0.05  -0.87  
   -0.84  -0.23  0.49  

3  1303.73  -18.75  -2.23  
   -0.16  -0.05  -0.99  
   -0.08  -0.99  0.07  
   -0.98  0.09  0.15  

6  1366.69  122.78  248.69  
   0.14  -0.04  -0.99  
   -0.98  0.13  -0.14  
   0.13  0.99  -0.02  

7  1228.72  -191.10  -93.76  
   0.65  0.67  0.35  
   -0.74  0.48  0.46  
   0.14  -0.56  0.82  

8  1281.86  -367.01  107.16  
   -0.40  -0.91  -0.09  
   0.38  -0.25  0.89  
   -0.83  0.32  0.45  

9  1364.90  -156.72  244.23  
   0.09  0.02  -1.00  
   0.99  0.12  0.09  
   0.12  -0.99  -0.01  

2  856.36  -40.18  577.75  
   0.77  -0.64  0.02  
   0.64  0.77  0.03  
   -0.04  -0.01  1.00  

3  1303.73  -18.75  -2.23  
   -0.16  -0.05  -0.99  
   -0.08  -0.99  0.07  
   -0.98  0.09  0.15  

4  1258.19  157.61  -78.58  
   0.80  -0.55  0.25  
   0.58  0.61  -0.54  
   0.14  0.57  0.81  

6  1368.03  122.34  249.58  
   0.15  -0.04  -0.99  
   -0.98  0.13  -0.15  
   0.13  0.99  -0.02  

5  1284.09  332.63  116.09  
   -0.22  0.97  0.08  
   -0.49  -0.04  -0.87  
   -0.84  -0.23  0.49  

7  1228.28  -191.10  -94.21  
   0.65  0.67  0.35  
   -0.74  0.48  0.46  
   0.14  -0.56  0.82  

9  1365.80  -156.27  242.44  
   0.09  0.01  -1.00  
   0.99  0.12  0.10  
   0.12  -0.99  0.00  

8  1280.07  -367.46  107.16  
   -0.40  -0.91  -0.08  
   0.39  -0.24  0.89  
   -0.83  0.33  0.45  

2  856.36  -40.18  577.75  
   0.77  -0.64  0.02  
   0.64  0.77  0.03  
   -0.04  -0.01  1.00  

6  1371.60  121.89  249.58  
   0.17  -0.03  -0.99  
   -0.98  0.12  -0.17  
   0.12  0.99  -0.01  

5  1282.30  330.84  117.43  
   -0.22  0.97  0.10  
   -0.49  -0.03  -0.87  
   -0.84  -0.24  0.48  

3  1303.73  -18.75  -2.68  
   -0.16  -0.05  -0.99  
   -0.08  -0.99  0.07  
   -0.98  0.09  0.15  

4  1258.19  157.61  -78.58  
   0.80  -0.55  0.25  
   0.58  0.61  -0.54  
   0.14  0.58  0.81  

7  1228.28  -191.10  -93.76  
   0.65  0.67  0.35  
   -0.74  0.48  0.46  
   0.14  -0.56  0.82  

9  1369.37  -155.82  242.44  
   0.11  0.00  -0.99  
   0.99  0.12  0.11  
   0.12  -0.99  0.01  

8  1278.28  -366.12  108.94  
   -0.40  -0.91  -0.05  
   0.39  -0.22  0.89  
   -0.83  0.34  0.44  

2  856.36  -40.18  578.20  
   0.77  -0.64  0.02  
   0.64  0.77  0.03  
   -0.04  -0.01  1.00  

3  1302.84  -19.65  -1.34  
   -0.17  -0.05  -0.98  
   -0.09  -0.99  0.06  
   -0.98  0.10  0.17  

4  1257.75  157.61  -78.13  
   0.80  -0.55  0.25  
   0.58  0.61  -0.54  
   0.14  0.58  0.80  

5  1279.62  330.84  119.66  
   -0.23  0.96  0.13  
   -0.49  -0.00  -0.87  
   -0.84  -0.26  0.48  

8  1272.48  -365.22  112.07  
   -0.40  -0.92  -0.02  
   0.39  -0.19  0.90  
   -0.83  0.35  0.43  

7  1227.83  -191.10  -93.76  
   0.65  0.67  0.35  
   -0.74  0.48  0.46  
   0.15  -0.56  0.82  

6  1374.73  126.80  247.80  
   0.20  -0.03  -0.98  
   -0.97  0.12  -0.20  
   0.12  0.99  -0.01  

9  1372.05  -160.29  244.23  
   0.16  0.01  -0.99  
   0.98  0.11  0.16  
   0.11  -0.99  0.01  

2  856.36  -40.18  577.75  
   0.77  -0.64  0.02  
   0.64  0.77  0.03  
   -0.04  -0.01  1.00  

3  1302.84  -20.09  -3.57  
   -0.20  -0.04  -0.98  
   -0.09  -0.99  0.05  
   -0.98  0.10  0.19  

4  1257.75  157.16  -77.69  
   0.80  -0.55  0.25  
   0.58  0.61  -0.54  
   0.14  0.58  0.80  

5  1277.39  328.61  119.66  
   -0.23  0.96  0.17  
   -0.49  0.03  -0.87  
   -0.84  -0.28  0.47  

6  1381.87  127.25  246.91  
   0.24  -0.04  -0.97  
   -0.96  0.10  -0.24  
   0.11  0.99  -0.01  

7  1226.49  -191.99  -93.76  
   0.65  0.68  0.35  
   -0.75  0.47  0.47  
   0.15  -0.56  0.81  

8  1264.89  -363.88  115.64  
   -0.40  -0.92  0.05  
   0.40  -0.13  0.91  
   -0.83  0.38  0.41  

9  1378.74  -158.95  243.78  
   0.22  -0.00  -0.98  
   0.97  0.09  0.22  
   0.09  -1.00  0.02  

2  856.36  -40.63  578.20  
   0.77  -0.64  0.02  
   0.64  0.77  0.03  
   -0.04  -0.01  1.00  

3  1302.39  -19.65  -1.79  
   -0.19  -0.04  -0.98  
   -0.08  -1.00  0.05  
   -0.98  0.09  0.18  

4  1256.41  158.06  -76.80  
   0.80  -0.55  0.25  
   0.58  0.60  -0.54  
   0.15  0.58  0.80  

5  1269.36  326.83  125.46  
   -0.23  0.94  0.24  
   -0.49  0.10  -0.86  
   -0.84  -0.32  0.44  

7  1224.26  -191.10  -93.76  
   0.64  0.68  0.35  
   -0.75  0.47  0.47  
   0.16  -0.56  0.81  

8  1255.96  -360.31  124.57  
   -0.39  -0.91  0.13  
   0.40  -0.04  0.92  
   -0.83  0.41  0.38  

6  1391.69  134.84  243.33  
   0.33  -0.03  -0.94  
   -0.94  0.08  -0.33  
   0.08  1.00  -0.01  

9  1388.57  -164.31  239.32  
   0.31  -0.02  -0.95  
   0.95  0.06  0.31  
   0.05  -1.00  0.04  

2  856.36  -40.63  577.75  
   0.77  -0.64  0.02  
   0.64  0.77  0.03  
   -0.04  -0.01  1.00  

3  1301.95  -19.20  -0.89  
   -0.19  -0.04  -0.98  
   -0.08  -1.00  0.05  
   -0.98  0.08  0.18  

4  1255.51  158.50  -76.35  
   0.80  -0.55  0.25  
   0.59  0.60  -0.55  
   0.15  0.58  0.80  

5  1260.43  321.92  130.37  
   -0.22  0.92  0.32  
   -0.48  0.18  -0.86  
   -0.85  -0.35  0.41  

6  1398.84  131.27  239.76  
   0.39  -0.02  -0.92  
   -0.92  0.04  -0.39  
   0.05  1.00  -0.00  

7  1223.37  -191.99  -92.42  
   0.64  0.69  0.34  
   -0.75  0.46  0.47  
   0.17  -0.56  0.81  

8  1244.80  -357.19  133.05  
   -0.38  -0.90  0.22  
   0.40  0.06  0.92  
   -0.84  0.44  0.33  

9  1394.82  -166.99  236.64  
   0.39  -0.04  -0.92  
   0.92  0.03  0.39  
   0.01  -1.00  0.05  

2  856.36  -40.63  578.20  
   0.77  -0.64  0.02  
   0.64  0.77  0.03  
   -0.04  -0.01  1.00  

4  1254.62  158.50  -75.01  
   0.79  -0.56  0.25  
   0.59  0.59  -0.55  
   0.17  0.58  0.80  

3  1301.95  -19.20  -0.89  
   -0.19  -0.04  -0.98  
   -0.07  -1.00  0.05  
   -0.98  0.08  0.18  

6  1403.30  137.96  236.64  
   0.47  -0.00  -0.88  
   -0.88  0.01  -0.47  
   0.01  1.00  0.00  

5  1249.71  317.90  140.20  
   -0.21  0.90  0.39  
   -0.47  0.26  -0.84  
   -0.86  -0.36  0.37  

7  1222.92  -191.10  -91.53  
   0.63  0.70  0.34  
   -0.76  0.45  0.47  
   0.18  -0.56  0.81  

9  1402.41  -166.54  233.96  
   0.48  -0.06  -0.88  
   0.88  0.00  0.48  
   -0.03  -1.00  0.06  

8  1232.74  -344.69  146.45  
   -0.36  -0.88  0.30  
   0.38  0.15  0.91  
   -0.85  0.44  0.28  

2  856.36  -40.63  577.75  
   0.77  -0.64  0.02  
   0.64  0.77  0.03  
   -0.04  -0.01  1.00  

4  1253.28  158.95  -74.12  
   0.79  -0.57  0.24  
   0.59  0.58  -0.56  
   0.17  0.58  0.79  

3  1301.95  -18.31  -0.45  
   -0.18  -0.04  -0.98  
   -0.07  -1.00  0.05  
   -0.98  0.08  0.18  

5  1242.12  308.97  150.02  
   -0.19  0.87  0.46  
   -0.46  0.33  -0.82  
   -0.87  -0.37  0.33  

6  1408.66  144.66  235.74  
   0.55  0.02  -0.84  
   -0.84  -0.02  -0.55  
   -0.02  1.00  0.01  

7  1221.58  -191.10  -91.08  
   0.62  0.71  0.34  
   -0.76  0.44  0.48  
   0.19  -0.55  0.81  

8  1224.26  -333.97  156.27  
   -0.35  -0.85  0.39  
   0.37  0.26  0.89  
   -0.86  0.46  0.22  

9  1410.00  -172.79  233.96  
   0.57  -0.08  -0.82  
   0.82  -0.03  0.57  
   -0.07  -1.00  0.05  

2  856.36  -40.63  577.75  
   0.77  -0.64  0.02  
   0.64  0.77  0.03  
   -0.04  -0.01  1.00  

4  1252.39  161.18  -71.88  
   0.78  -0.58  0.24  
   0.60  0.57  -0.56  
   0.18  0.58  0.79  

3  1301.50  -17.86  0.00  
   -0.18  -0.04  -0.98  
   -0.07  -1.00  0.05  
   -0.98  0.07  0.18  

6  1416.25  155.38  234.85  
   0.64  0.05  -0.77  
   -0.77  -0.03  -0.64  
   -0.06  1.00  0.02  

5  1228.28  298.25  158.06  
   -0.18  0.82  0.55  
   -0.45  0.43  -0.78  
   -0.88  -0.38  0.29  

7  1220.69  -190.20  -91.53  
   0.62  0.71  0.34  
   -0.76  0.43  0.48  
   0.20  -0.55  0.81  

9  1415.80  -174.58  230.39  
   0.64  -0.11  -0.76  
   0.76  -0.06  0.65  
   -0.12  -0.99  0.05  

8  1214.44  -324.15  165.20  
   -0.34  -0.81  0.48  
   0.36  0.36  0.86  
   -0.87  0.47  0.17  

2  856.36  -40.63  577.75  
   0.77  -0.64  0.02  
   0.64  0.77  0.03  
   -0.04  -0.01  1.00  

3  1301.50  -17.41  0.00  
   -0.19  -0.03  -0.98  
   -0.06  -1.00  0.05  
   -0.98  0.07  0.18  

4  1251.50  162.52  -70.10  
   0.77  -0.59  0.24  
   0.60  0.56  -0.57  
   0.20  0.58  0.79  

5  1218.01  289.77  165.20  
   -0.16  0.76  0.63  
   -0.43  0.52  -0.74  
   -0.89  -0.39  0.25  

6  1418.48  163.86  233.96  
   0.72  0.08  -0.69  
   -0.69  -0.05  -0.72  
   -0.09  1.00  0.02  

8  1205.51  -311.20  175.02  
   -0.32  -0.76  0.56  
   0.35  0.45  0.82  
   -0.88  0.46  0.12  

7  1220.24  -190.20  -89.74  
   0.61  0.72  0.33  
   -0.77  0.43  0.48  
   0.21  -0.55  0.81  

9  1421.16  -181.27  229.05  
   0.72  -0.14  -0.68  
   0.68  -0.08  0.73  
   -0.16  -0.99  0.04  

2  856.36  -40.63  578.20  
   0.77  -0.64  0.02  
   0.64  0.77  0.03  
   -0.04  -0.01  1.00  

3  1301.50  -16.97  0.00  
   -0.19  -0.03  -0.98  
   -0.06  -1.00  0.05  
   -0.98  0.07  0.19  

5  1210.42  279.05  171.00  
   -0.14  0.71  0.69  
   -0.42  0.59  -0.69  
   -0.90  -0.39  0.22  

4  1250.16  161.63  -69.21  
   0.76  -0.60  0.24  
   0.61  0.55  -0.57  
   0.21  0.58  0.79  

6  1420.71  171.00  238.42  
   0.78  0.09  -0.62  
   -0.62  -0.05  -0.78  
   -0.10  0.99  0.01  

8  1194.79  -294.23  186.63  
   -0.30  -0.69  0.66  
   0.34  0.58  0.74  
   -0.89  0.44  0.06  

7  1219.35  -191.10  -88.85  
   0.60  0.73  0.33  
   -0.77  0.41  0.49  
   0.22  -0.55  0.81  

9  1425.62  -192.88  225.47  
   0.80  -0.18  -0.58  
   0.57  -0.11  0.82  
   -0.21  -0.98  0.01  

2  856.36  -40.63  577.75  
   0.77  -0.64  0.02  
   0.64  0.77  0.03  
   -0.04  -0.01  1.00  

3  1301.50  -16.97  0.45  
   -0.19  -0.03  -0.98  
   -0.06  -1.00  0.04  
   -0.98  0.07  0.19  

4  1250.16  162.52  -68.31  
   0.76  -0.60  0.24  
   0.61  0.55  -0.57  
   0.21  0.58  0.79  

5  1202.83  272.36  176.36  
   -0.12  0.65  0.75  
   -0.42  0.65  -0.63  
   -0.90  -0.39  0.20  

7  1218.90  -191.54  -87.96  
   0.59  0.74  0.33  
   -0.77  0.40  0.49  
   0.23  -0.54  0.81  

6  1423.39  187.52  238.42  
   0.84  0.11  -0.54  
   -0.54  -0.06  -0.84  
   -0.12  0.99  0.01  

8  1189.43  -282.62  192.43  
   -0.29  -0.61  0.74  
   0.34  0.66  0.67  
   -0.90  0.44  0.02  

9  1426.52  -204.94  225.47  
   0.85  -0.21  -0.48  
   0.47  -0.12  0.87  
   -0.24  -0.97  -0.00  

3  1301.50  -16.97  0.45  
   -0.19  -0.03  -0.98  
   -0.06  -1.00  0.04  
   -0.98  0.07  0.19  

2  856.36  -40.63  577.75  
   0.77  -0.64  0.02  
   0.64  0.77  0.03  
   -0.04  -0.01  1.00  

4  1249.26  162.97  -68.31  
   0.76  -0.61  0.24  
   0.62  0.54  -0.57  
   0.22  0.58  0.79  

6  1427.41  208.06  236.19  
   0.89  0.13  -0.44  
   -0.44  -0.06  -0.90  
   -0.14  0.99  0.01  

5  1197.92  262.53  179.93  
   -0.11  0.57  0.81  
   -0.43  0.71  -0.56  
   -0.90  -0.41  0.17  

7  1217.56  -192.43  -87.96  
   0.59  0.74  0.33  
   -0.77  0.39  0.50  
   0.24  -0.54  0.80  

8  1184.52  -271.02  196.01  
   -0.28  -0.54  0.80  
   0.35  0.71  0.61  
   -0.89  0.45  -0.01  

9  1428.30  -224.14  217.88  
   0.89  -0.25  -0.39  
   0.37  -0.10  0.92  
   -0.27  -0.96  0.00  

2  856.36  -40.18  577.75  
   0.77  -0.64  0.02  
   0.64  0.77  0.03  
   -0.04  -0.01  1.00  

3  1301.50  -16.97  0.00  
   -0.19  -0.03  -0.98  
   -0.06  -1.00  0.04  
   -0.98  0.07  0.19  

4  1248.82  163.41  -67.42  
   0.75  -0.62  0.24  
   0.62  0.54  -0.57  
   0.22  0.57  0.79  

5  1193.90  253.60  181.72  
   -0.10  0.48  0.87  
   -0.44  0.76  -0.48  
   -0.89  -0.43  0.14  

6  1425.18  227.71  234.85  
   0.93  0.15  -0.33  
   -0.33  -0.06  -0.94  
   -0.16  0.99  -0.00  

7  1217.12  -191.99  -87.51  
   0.58  0.75  0.32  
   -0.78  0.39  0.50  
   0.25  -0.54  0.80  

8  1181.40  -258.07  201.81  
   -0.27  -0.42  0.87  
   0.36  0.79  0.49  
   -0.89  0.45  -0.06  

9  1428.30  -241.55  213.42  
   0.92  -0.29  -0.26  
   0.24  -0.09  0.97  
   -0.31  -0.95  -0.01  

2  856.36  -40.63  577.75  
   0.77  -0.64  0.02  
   0.64  0.77  0.03  
   -0.04  -0.01  1.00  

3  1301.06  -17.41  0.45  
   -0.19  -0.03  -0.98  
   -0.06  -1.00  0.04  
   -0.98  0.07  0.19  

4  1248.37  163.41  -66.97  
   0.75  -0.62  0.24  
   0.62  0.54  -0.57  
   0.23  0.57  0.79  

5  1190.33  249.58  184.84  
   -0.09  0.40  0.91  
   -0.46  0.80  -0.40  
   -0.88  -0.45  0.11  

6  1426.07  248.25  234.85  
   0.96  0.17  -0.24  
   -0.24  -0.05  -0.97  
   -0.17  0.98  -0.01  

7  1217.12  -191.99  -86.17  
   0.58  0.75  0.32  
   -0.78  0.38  0.50  
   0.25  -0.54  0.80  

8  1179.61  -250.92  205.83  
   -0.25  -0.31  0.92  
   0.38  0.84  0.39  
   -0.89  0.45  -0.09  

9  1427.86  -264.32  206.72  
   0.93  -0.33  -0.14  
   0.13  -0.06  0.99  
   -0.33  -0.94  -0.02  

2  856.36  -40.63  577.75  
   0.77  -0.64  0.02  
   0.64  0.77  0.03  
   -0.04  -0.01  1.00  

4  1247.92  162.97  -66.53  
   0.74  -0.63  0.23  
   0.63  0.53  -0.57  
   0.23  0.57  0.79  

3  1301.50  -17.86  0.00  
   -0.19  -0.03  -0.98  
   -0.06  -1.00  0.04  
   -0.98  0.07  0.19  

5  1187.20  243.33  188.42  
   -0.08  0.32  0.94  
   -0.47  0.82  -0.32  
   -0.88  -0.47  0.09  

6  1424.29  268.34  230.83  
   0.97  0.19  -0.14  
   -0.14  -0.04  -0.99  
   -0.20  0.98  -0.01  

7  1217.12  -191.99  -86.62  
   0.58  0.75  0.32  
   -0.78  0.38  0.50  
   0.25  -0.54  0.80  

8  1179.17  -241.55  206.72  
   -0.24  -0.22  0.95  
   0.40  0.86  0.30  
   -0.88  0.45  -0.12  

9  1424.73  -280.39  205.38  
   0.94  -0.35  -0.03  
   0.02  -0.03  1.00  
   -0.35  -0.94  -0.02  

2  856.36  -40.63  577.75  
   0.77  -0.64  0.02  
   0.64  0.77  0.03  
   -0.04  -0.01  1.00  

3  1301.50  -17.41  0.00  
   -0.19  -0.03  -0.98  
   -0.06  -1.00  0.04  
   -0.98  0.07  0.19  

4  1247.92  163.86  -66.08  
   0.74  -0.63  0.24  
   0.63  0.53  -0.57  
   0.23  0.57  0.79  

6  1417.59  290.66  226.81  
   0.97  0.22  -0.03  
   -0.02  -0.03  -1.00  
   -0.22  0.97  -0.03  

5  1184.52  234.85  190.65  
   -0.06  0.23  0.97  
   -0.48  0.85  -0.23  
   -0.88  -0.48  0.05  

8  1180.50  -232.62  212.97  
   -0.22  -0.10  0.97  
   0.42  0.89  0.19  
   -0.88  0.44  -0.15  

7  1217.12  -191.99  -86.62  
   0.57  0.75  0.32  
   -0.78  0.38  0.50  
   0.26  -0.54  0.80  

9  1414.91  -304.95  201.36  
   0.92  -0.38  0.11  
   -0.12  0.00  0.99  
   -0.38  -0.93  -0.04  

2  856.36  -40.18  577.75  
   0.77  -0.64  0.02  
   0.64  0.77  0.03  
   -0.04  -0.01  1.00  

3  1301.95  -17.41  0.00  
   -0.19  -0.03  -0.98  
   -0.06  -1.00  0.04  
   -0.98  0.07  0.19  

4  1247.48  163.86  -65.63  
   0.74  -0.63  0.24  
   0.63  0.52  -0.57  
   0.24  0.57  0.79  

6  1413.57  307.18  226.81  
   0.97  0.24  0.07  
   0.08  -0.03  -1.00  
   -0.24  0.97  -0.05  

7  1217.12  -191.99  -85.72  
   0.57  0.76  0.32  
   -0.78  0.37  0.50  
   0.26  -0.54  0.80  

5  1183.63  226.81  194.67  
   -0.05  0.14  0.99  
   -0.48  0.87  -0.15  
   -0.88  -0.48  0.03  

8  1184.52  -221.01  215.21  
   -0.21  0.03  0.98  
   0.43  0.90  0.06  
   -0.88  0.43  -0.20  

9  1404.19  -328.61  194.22  
   0.88  -0.41  0.24  
   -0.25  0.03  0.97  
   -0.40  -0.91  -0.08  

2  856.36  -40.18  577.75  
   0.77  -0.64  0.02  
   0.64  0.77  0.03  
   -0.04  -0.01  1.00  

3  1301.50  -16.97  0.45  
   -0.19  -0.03  -0.98  
   -0.06  -1.00  0.04  
   -0.98  0.07  0.19  

4  1247.48  163.86  -65.19  
   0.74  -0.63  0.24  
   0.63  0.52  -0.57  
   0.24  0.57  0.78  

5  1181.84  223.69  199.13  
   -0.03  0.07  1.00  
   -0.49  0.87  -0.08  
   -0.87  -0.49  0.01  

6  1403.75  325.49  226.37  
   0.95  0.26  0.16  
   0.17  -0.01  -0.99  
   -0.25  0.97  -0.05  

7  1216.67  -191.99  -85.72  
   0.57  0.76  0.32  
   -0.78  0.37  0.50  
   0.26  -0.54  0.80  

8  1186.31  -216.10  218.33  
   -0.19  0.14  0.97  
   0.45  0.89  -0.04  
   -0.87  0.43  -0.23  

9  1391.25  -354.06  191.10  
   0.83  -0.42  0.36  
   -0.37  0.06  0.93  
   -0.41  -0.90  -0.10  

2  856.36  -40.18  578.20  
   0.77  -0.64  0.02  
   0.64  0.77  0.03  
   -0.04  -0.01  1.00  

3  1301.50  -16.97  0.45  
   -0.19  -0.03  -0.98  
   -0.06  -1.00  0.04  
   -0.98  0.07  0.19  

4  1247.03  164.31  -65.63  
   0.74  -0.63  0.24  
   0.63  0.52  -0.58  
   0.24  0.57  0.78  

6  1398.84  341.56  224.58  
   0.93  0.28  0.24  
   0.25  -0.00  -0.97  
   -0.27  0.96  -0.07  

5  1184.97  218.78  201.81  
   -0.03  0.01  1.00  
   -0.50  0.87  -0.02  
   -0.87  -0.50  -0.02  

7  1216.22  -192.43  -85.28  
   0.57  0.76  0.32  
   -0.78  0.37  0.51  
   0.27  -0.53  0.80  

8  1188.54  -214.76  218.78  
   -0.17  0.23  0.96  
   0.47  0.87  -0.12  
   -0.87  0.43  -0.26  

9  1379.19  -374.15  187.97  
   0.78  -0.44  0.44  
   -0.45  0.08  0.89  
   -0.43  -0.90  -0.13  

2  856.36  -40.63  578.20  
   0.77  -0.64  0.02  
   0.64  0.77  0.03  
   -0.04  -0.01  1.00  

4  1246.58  164.31  -65.19  
   0.74  -0.64  0.24  
   0.63  0.52  -0.58  
   0.24  0.57  0.78  

3  1301.50  -16.97  0.45  
   -0.19  -0.03  -0.98  
   -0.06  -1.00  0.04  
   -0.98  0.07  0.19  

6  1389.91  358.97  223.69  
   0.89  0.31  0.33  
   0.34  0.01  -0.94  
   -0.29  0.95  -0.10  

5  1187.65  212.08  204.49  
   -0.03  -0.07  1.00  
   -0.50  0.87  0.05  
   -0.87  -0.50  -0.06  

7  1216.22  -191.99  -85.28  
   0.56  0.76  0.32  
   -0.78  0.37  0.51  
   0.27  -0.53  0.80  

8  1191.67  -212.97  220.12  
   -0.15  0.31  0.94  
   0.49  0.85  -0.20  
   -0.86  0.42  -0.28  

9  1365.35  -391.12  187.52  
   0.73  -0.45  0.52  
   -0.54  0.11  0.84  
   -0.43  -0.89  -0.16  

2  856.36  -40.18  577.75  
   0.77  -0.64  0.02  
   0.64  0.77  0.03  
   -0.04  -0.01  1.00  

3  1301.95  -16.97  0.45  
   -0.19  -0.03  -0.98  
   -0.06  -1.00  0.04  
   -0.98  0.07  0.19  

4  1247.03  163.41  -65.19  
   0.74  -0.64  0.23  
   0.63  0.52  -0.58  
   0.25  0.57  0.78  

5  1189.43  205.38  207.62  
   -0.02  -0.13  0.99  
   -0.50  0.86  0.10  
   -0.87  -0.49  -0.08  

9  1352.85  -407.64  185.29  
   0.67  -0.46  0.58  
   -0.60  0.13  0.79  
   -0.44  -0.88  -0.19  

7  1216.22  -192.43  -85.28  
   0.56  0.76  0.32  
   -0.78  0.37  0.50  
   0.27  -0.53  0.80  

8  1194.35  -213.42  220.56  
   -0.14  0.38  0.92  
   0.50  0.83  -0.27  
   -0.86  0.42  -0.30  

6  1381.42  370.58  222.35  
   0.85  0.34  0.40  
   0.42  0.03  -0.91  
   -0.32  0.94  -0.12  

2  856.36  -40.18  577.75  
   0.77  -0.64  0.02  
   0.64  0.77  0.03  
   -0.04  -0.01  1.00  

3  1301.95  -17.41  0.00  
   -0.20  -0.03  -0.98  
   -0.06  -1.00  0.05  
   -0.98  0.07  0.19  

4  1246.58  163.86  -64.29  
   0.73  -0.64  0.23  
   0.63  0.52  -0.58  
   0.25  0.57  0.78  

5  1193.90  196.90  211.19  
   -0.02  -0.20  0.98  
   -0.49  0.86  0.16  
   -0.87  -0.48  -0.11  

6  1367.58  388.89  222.80  
   0.79  0.37  0.49  
   0.51  0.04  -0.86  
   -0.33  0.93  -0.16  

7  1215.78  -192.88  -84.83  
   0.56  0.77  0.31  
   -0.78  0.36  0.51  
   0.27  -0.53  0.80  

9  1339.45  -413.44  188.42  
   0.61  -0.47  0.64  
   -0.66  0.15  0.73  
   -0.44  -0.87  -0.22  

8  1197.02  -207.17  223.24  
   -0.13  0.44  0.89  
   0.49  0.81  -0.33  
   -0.86  0.40  -0.32  

2  856.36  -40.63  578.20  
   0.77  -0.64  0.02  
   0.64  0.77  0.03  
   -0.04  -0.01  1.00  

3  1301.95  -17.41  0.00  
   -0.20  -0.03  -0.98  
   -0.06  -1.00  0.05  
   -0.98  0.07  0.19  

4  1247.03  163.41  -64.29  
   0.73  -0.64  0.23  
   0.63  0.51  -0.58  
   0.25  0.57  0.78  

5  1198.36  191.99  214.31  
   -0.02  -0.26  0.96  
   -0.49  0.84  0.22  
   -0.87  -0.47  -0.15  

6  1359.54  394.69  221.90  
   0.73  0.40  0.55  
   0.59  0.05  -0.81  
   -0.35  0.91  -0.20  

7  1215.78  -193.33  -84.83  
   0.55  0.77  0.31  
   -0.78  0.36  0.50  
   0.28  -0.53  0.80  

8  1201.49  -205.83  227.26  
   -0.12  0.51  0.85  
   0.50  0.77  -0.39  
   -0.86  0.38  -0.34  

9  1325.17  -429.52  189.31  
   0.52  -0.48  0.70  
   -0.73  0.17  0.66  
   -0.44  -0.86  -0.26  

2  856.36  -40.63  578.20  
   0.77  -0.64  0.02  
   0.64  0.77  0.03  
   -0.04  -0.01  1.00  

6  1348.83  408.09  221.46  
   0.66  0.43  0.61  
   0.65  0.07  -0.75  
   -0.37  0.90  -0.24  

5  1204.61  187.52  216.54  
   -0.03  -0.32  0.95  
   -0.49  0.83  0.27  
   -0.87  -0.45  -0.19  

4  1246.58  163.41  -64.29  
   0.73  -0.64  0.23  
   0.63  0.51  -0.59  
   0.26  0.57  0.78  

3  1302.39  -18.75  -0.45  
   -0.20  -0.04  -0.98  
   -0.06  -1.00  0.05  
   -0.98  0.07  0.19  

7  1213.99  -192.88  -83.49  
   0.54  0.78  0.31  
   -0.79  0.35  0.50  
   0.28  -0.52  0.81  

8  1211.31  -204.04  225.92  
   -0.12  0.58  0.80  
   0.50  0.73  -0.46  
   -0.86  0.35  -0.38  

9  1313.11  -441.13  188.86  
   0.43  -0.51  0.75  
   -0.79  0.18  0.58  
   -0.43  -0.84  -0.32  

3  1302.84  -17.86  -0.45  
   -0.20  -0.04  -0.98  
   -0.06  -1.00  0.05  
   -0.98  0.07  0.20  

2  856.36  -40.18  577.75  
   0.77  -0.64  0.02  
   0.64  0.77  0.03  
   -0.04  -0.01  1.00  

4  1246.14  162.97  -64.29  
   0.73  -0.64  0.22  
   0.63  0.51  -0.59  
   0.27  0.57  0.78  

8  1216.67  -205.38  227.26  
   -0.13  0.62  0.77  
   0.51  0.71  -0.49  
   -0.85  0.33  -0.41  

5  1207.74  184.40  219.67  
   -0.04  -0.36  0.93  
   -0.48  0.82  0.30  
   -0.87  -0.44  -0.21  

6  1341.24  413.44  223.24  
   0.61  0.45  0.65  
   0.70  0.08  -0.71  
   -0.37  0.89  -0.27  

7  1211.76  -192.88  -83.94  
   0.53  0.79  0.31  
   -0.80  0.34  0.49  
   0.28  -0.51  0.81  

9  1305.07  -448.27  191.10  
   0.37  -0.53  0.76  
   -0.82  0.18  0.53  
   -0.42  -0.83  -0.37  

2  856.36  -40.63  577.75  
   0.77  -0.64  0.02  
   0.64  0.77  0.03  
   -0.04  -0.01  1.00  

3  1303.73  -18.75  -0.45  
   -0.20  -0.04  -0.98  
   -0.07  -1.00  0.06  
   -0.98  0.08  0.20  

4  1247.03  162.52  -64.74  
   0.73  -0.65  0.21  
   0.62  0.51  -0.60  
   0.28  0.56  0.78  

5  1211.76  181.27  224.14  
   -0.04  -0.41  0.91  
   -0.48  0.81  0.34  
   -0.88  -0.42  -0.23  

6  1329.63  420.59  230.39  
   0.54  0.46  0.70  
   0.75  0.10  -0.65  
   -0.37  0.88  -0.30  

7  1208.63  -192.43  -85.28  
   0.50  0.81  0.31  
   -0.82  0.32  0.47  
   0.28  -0.49  0.82  

8  1218.01  -207.17  224.14  
   -0.13  0.65  0.75  
   0.51  0.69  -0.51  
   -0.85  0.32  -0.42  

9  1297.04  -453.63  191.99  
   0.33  -0.54  0.78  
   -0.85  0.19  0.49  
   -0.41  -0.82  -0.39  

2  856.36  -40.18  577.75  
   0.77  -0.64  0.02  
   0.64  0.77  0.03  
   -0.04  -0.01  1.00  

3  1304.63  -20.09  -1.34  
   -0.20  -0.05  -0.98  
   -0.07  -1.00  0.07  
   -0.98  0.08  0.20  

4  1246.58  162.52  -63.40  
   0.72  -0.67  0.19  
   0.63  0.50  -0.60  
   0.30  0.55  0.78  

5  1215.33  176.81  228.15  
   -0.04  -0.46  0.89  
   -0.47  0.79  0.39  
   -0.88  -0.40  -0.25  

6  1314.45  425.95  237.08  
   0.46  0.49  0.74  
   0.81  0.10  -0.58  
   -0.36  0.86  -0.35  

7  1205.95  -190.20  -86.17  
   0.47  0.82  0.31  
   -0.83  0.31  0.46  
   0.28  -0.48  0.83  

8  1218.01  -203.60  223.69  
   -0.12  0.69  0.71  
   0.52  0.66  -0.55  
   -0.85  0.30  -0.44  

9  1287.66  -457.65  197.35  
   0.27  -0.57  0.78  
   -0.88  0.19  0.45  
   -0.40  -0.80  -0.45  

2  856.36  -40.18  577.75  
   0.77  -0.64  0.02  
   0.64  0.77  0.03  
   -0.04  -0.01  1.00  

4  1244.80  162.52  -65.63  
   0.70  -0.69  0.19  
   0.64  0.49  -0.59  
   0.31  0.54  0.78  

5  1215.33  175.91  227.71  
   -0.04  -0.49  0.87  
   -0.47  0.78  0.42  
   -0.88  -0.39  -0.26  

3  1305.97  -20.54  -1.34  
   -0.20  -0.05  -0.98  
   -0.07  -1.00  0.07  
   -0.98  0.08  0.20  

6  1301.50  432.64  240.66  
   0.41  0.50  0.76  
   0.84  0.11  -0.53  
   -0.35  0.86  -0.38  

7  1204.61  -192.43  -87.96  
   0.45  0.84  0.31  
   -0.84  0.29  0.45  
   0.29  -0.47  0.84  

8  1217.12  -206.28  221.90  
   -0.11  0.70  0.70  
   0.52  0.65  -0.56  
   -0.85  0.30  -0.44  

9  1280.96  -460.77  194.22  
   0.26  -0.55  0.79  
   -0.88  0.20  0.42  
   -0.39  -0.81  -0.44  

3  1306.41  -20.54  -1.34  
   -0.20  -0.05  -0.98  
   -0.07  -1.00  0.07  
   -0.98  0.08  0.20  

2  856.80  -40.63  577.75  
   0.77  -0.64  0.02  
   0.64  0.77  0.03  
   -0.04  -0.01  1.00  

4  1243.01  163.41  -65.19  
   0.68  -0.71  0.19  
   0.65  0.48  -0.58  
   0.32  0.52  0.79  

5  1213.99  173.24  229.05  
   -0.04  -0.53  0.85  
   -0.47  0.76  0.45  
   -0.88  -0.38  -0.28  

6  1286.32  437.11  240.66  
   0.34  0.52  0.78  
   0.87  0.13  -0.47  
   -0.35  0.84  -0.41  

9  1270.25  -463.45  198.24  
   0.23  -0.56  0.80  
   -0.90  0.20  0.40  
   -0.38  -0.80  -0.46  

7  1202.83  -189.31  -88.40  
   0.44  0.84  0.31  
   -0.85  0.28  0.45  
   0.29  -0.46  0.84  

8  1214.88  -206.28  221.01  
   -0.10  0.72  0.69  
   0.53  0.62  -0.58  
   -0.85  0.30  -0.44  

4  1241.23  162.52  -65.63  
   0.67  -0.72  0.18  
   0.66  0.47  -0.58  
   0.33  0.51  0.79  

2  856.36  -40.63  577.75  
   0.77  -0.64  0.02  
   0.64  0.77  0.03  
   -0.04  -0.01  1.00  

5  1214.44  173.24  228.60  
   -0.04  -0.56  0.83  
   -0.47  0.74  0.48  
   -0.88  -0.37  -0.30  

3  1307.31  -20.54  -1.34  
   -0.20  -0.05  -0.98  
   -0.07  -1.00  0.06  
   -0.98  0.08  0.20  

8  1216.22  -206.72  218.78  
   -0.10  0.74  0.66  
   0.53  0.60  -0.60  
   -0.84  0.30  -0.46  

6  1278.28  439.34  241.55  
   0.30  0.55  0.78  
   0.89  0.14  -0.44  
   -0.35  0.82  -0.45  

7  1201.04  -188.86  -88.40  
   0.42  0.85  0.31  
   -0.86  0.27  0.44  
   0.29  -0.45  0.84  

9  1264.00  -468.81  196.90  
   0.19  -0.58  0.79  
   -0.91  0.20  0.37  
   -0.38  -0.79  -0.49  

2  856.36  -40.18  578.20  
   0.77  -0.64  0.02  
   0.64  0.77  0.03  
   -0.04  -0.01  1.00  

3  1307.75  -20.09  -1.79  
   -0.20  -0.05  -0.98  
   -0.07  -1.00  0.06  
   -0.98  0.08  0.20  

5  1215.33  174.13  227.71  
   -0.05  -0.58  0.81  
   -0.47  0.73  0.50  
   -0.88  -0.36  -0.31  

4  1240.33  163.41  -66.97  
   0.65  -0.74  0.18  
   0.68  0.47  -0.57  
   0.33  0.49  0.80  

6  1270.69  442.47  239.76  
   0.26  0.57  0.78  
   0.90  0.15  -0.41  
   -0.35  0.81  -0.47  

7  1198.36  -185.29  -92.42  
   0.40  0.86  0.31  
   -0.87  0.25  0.42  
   0.28  -0.44  0.85  

8  1217.12  -208.51  214.31  
   -0.09  0.77  0.63  
   0.55  0.57  -0.61  
   -0.83  0.29  -0.47  

9  1255.51  -471.04  191.99  
   0.16  -0.61  0.78  
   -0.91  0.22  0.35  
   -0.38  -0.77  -0.52  

2  856.36  -40.18  578.20  
   0.77  -0.64  0.02  
   0.64  0.77  0.03  
   -0.04  -0.01  1.00  

3  1307.75  -20.09  -3.13  
   -0.20  -0.05  -0.98  
   -0.07  -1.00  0.07  
   -0.98  0.08  0.20  

4  1241.23  163.86  -69.21  
   0.64  -0.75  0.17  
   0.69  0.46  -0.56  
   0.34  0.48  0.81  

5  1213.10  172.79  226.37  
   -0.03  -0.60  0.80  
   -0.48  0.71  0.51  
   -0.88  -0.37  -0.31  

6  1259.09  446.04  239.76  
   0.22  0.57  0.79  
   0.91  0.17  -0.38  
   -0.35  0.80  -0.48  

7  1197.02  -183.95  -94.21  
   0.39  0.87  0.31  
   -0.88  0.24  0.41  
   0.28  -0.43  0.86  

8  1213.99  -207.17  212.08  
   -0.07  0.78  0.62  
   0.55  0.55  -0.63  
   -0.83  0.30  -0.47  

9  1247.03  -473.27  189.31  
   0.13  -0.62  0.78  
   -0.91  0.23  0.34  
   -0.39  -0.75  -0.53  

2  856.36  -40.18  578.20  
   0.77  -0.64  0.02  
   0.64  0.77  0.03  
   -0.04  -0.01  1.00  

4  1240.78  162.52  -71.44  
   0.63  -0.76  0.17  
   0.70  0.45  -0.55  
   0.35  0.46  0.82  

3  1309.09  -20.54  -4.46  
   -0.20  -0.06  -0.98  
   -0.07  -1.00  0.07  
   -0.98  0.08  0.20  

5  1210.87  172.34  225.03  
   -0.02  -0.61  0.79  
   -0.48  0.70  0.53  
   -0.88  -0.37  -0.31  

6  1251.94  446.04  241.10  
   0.20  0.58  0.79  
   0.92  0.17  -0.36  
   -0.34  0.79  -0.50  

7  1196.13  -183.51  -94.21  
   0.38  0.87  0.31  
   -0.88  0.24  0.41  
   0.28  -0.43  0.86  

8  1214.88  -208.51  210.74  
   -0.07  0.79  0.61  
   0.55  0.54  -0.64  
   -0.83  0.29  -0.47  

9  1246.14  -473.72  187.97  
   0.11  -0.65  0.76  
   -0.92  0.23  0.33  
   -0.39  -0.73  -0.57  

2  856.36  -40.18  577.75  
   0.77  -0.64  0.02  
   0.64  0.77  0.03  
   -0.04  -0.01  1.00  

4  1240.33  162.07  -70.99  
   0.62  -0.77  0.16  
   0.71  0.45  -0.55  
   0.35  0.45  0.82  

3  1309.09  -20.54  -4.91  
   -0.20  -0.06  -0.98  
   -0.07  -0.99  0.07  
   -0.98  0.08  0.20  

5  1208.19  173.24  225.03  
   -0.01  -0.61  0.79  
   -0.49  0.69  0.53  
   -0.87  -0.38  -0.31  

6  1247.92  447.38  238.87  
   0.19  0.58  0.79  
   0.92  0.18  -0.35  
   -0.35  0.79  -0.50  

7  1196.58  -183.51  -94.21  
   0.38  0.87  0.31  
   -0.88  0.24  0.41  
   0.28  -0.43  0.86  

8  1215.33  -208.51  210.74  
   -0.07  0.79  0.61  
   0.55  0.54  -0.64  
   -0.83  0.29  -0.48  

9  1246.14  -473.27  187.97  
   0.11  -0.65  0.76  
   -0.91  0.23  0.33  
   -0.39  -0.73  -0.56  

4  1241.23  161.18  -72.33  
   0.61  -0.77  0.16  
   0.71  0.45  -0.55  
   0.35  0.45  0.82  

2  856.36  -40.18  577.75  
   0.77  -0.64  0.02  
   0.64  0.77  0.03  
   -0.04  -0.01  1.00  

5  1206.85  173.24  223.69  
   -0.00  -0.62  0.79  
   -0.49  0.69  0.54  
   -0.87  -0.38  -0.30  

3  1309.99  -20.54  -4.91  
   -0.20  -0.06  -0.98  
   -0.07  -0.99  0.07  
   -0.98  0.08  0.20  

6  1244.80  448.27  237.53  
   0.19  0.58  0.79  
   0.92  0.18  -0.35  
   -0.35  0.79  -0.50  

8  1214.44  -208.06  210.74  
   -0.06  0.79  0.60  
   0.55  0.53  -0.64  
   -0.83  0.29  -0.47  

7  1197.02  -183.51  -94.65  
   0.37  0.87  0.31  
   -0.88  0.23  0.41  
   0.29  -0.43  0.86  

9  1245.69  -473.72  187.52  
   0.11  -0.64  0.76  
   -0.91  0.23  0.33  
   -0.39  -0.73  -0.56  

2  856.36  -40.63  578.20  
   0.77  -0.64  0.02  
   0.64  0.77  0.03  
   -0.04  -0.01  1.00  

3  1309.99  -19.65  -4.91  
   -0.20  -0.06  -0.98  
   -0.07  -0.99  0.08  
   -0.98  0.08  0.19  

4  1242.12  161.63  -72.33  
   0.61  -0.78  0.16  
   0.71  0.45  -0.55  
   0.35  0.45  0.82  

6  1244.35  448.27  235.74  
   0.19  0.58  0.79  
   0.92  0.18  -0.35  
   -0.35  0.79  -0.50  

5  1206.40  173.24  223.24  
   0.00  -0.62  0.79  
   -0.49  0.69  0.54  
   -0.87  -0.39  -0.30  

7  1197.02  -183.06  -94.21  
   0.37  0.88  0.31  
   -0.88  0.23  0.41  
   0.29  -0.42  0.86  

8  1213.10  -206.72  210.74  
   -0.06  0.80  0.60  
   0.55  0.53  -0.65  
   -0.83  0.29  -0.47  

9  1243.01  -473.27  188.86  
   0.11  -0.65  0.76  
   -0.91  0.23  0.33  
   -0.39  -0.73  -0.56  

2  856.36  -40.18  577.75  
   0.77  -0.64  0.02  
   0.64  0.77  0.03  
   -0.04  -0.01  1.00  

3  1311.32  -20.09  -4.02  
   -0.20  -0.07  -0.98  
   -0.07  -0.99  0.08  
   -0.98  0.08  0.19  

4  1242.57  161.63  -72.33  
   0.61  -0.78  0.16  
   0.71  0.45  -0.55  
   0.35  0.45  0.82  

5  1206.85  173.24  223.24  
   0.00  -0.61  0.79  
   -0.49  0.69  0.53  
   -0.87  -0.39  -0.30  

7  1197.02  -183.06  -93.76  
   0.37  0.88  0.31  
   -0.88  0.23  0.41  
   0.29  -0.42  0.86  

6  1246.14  448.27  234.40  
   0.19  0.58  0.79  
   0.92  0.18  -0.36  
   -0.35  0.80  -0.49  

8  1212.65  -207.62  210.74  
   -0.05  0.80  0.60  
   0.55  0.52  -0.65  
   -0.83  0.29  -0.47  

9  1242.12  -473.72  188.42  
   0.11  -0.65  0.76  
   -0.91  0.23  0.33  
   -0.39  -0.73  -0.57  

2  856.36  -40.18  577.75  
   0.77  -0.64  0.02  
   0.64  0.77  0.03  
   -0.04  -0.01  1.00  

3  1311.77  -21.43  -4.91  
   -0.20  -0.07  -0.98  
   -0.07  -0.99  0.09  
   -0.98  0.08  0.19  

4  1243.01  161.63  -72.78  
   0.61  -0.77  0.16  
   0.71  0.45  -0.55  
   0.35  0.44  0.82  

5  1207.74  174.13  223.24  
   0.00  -0.61  0.79  
   -0.49  0.69  0.53  
   -0.87  -0.39  -0.30  

6  1247.92  448.27  233.96  
   0.20  0.58  0.79  
   0.91  0.18  -0.36  
   -0.35  0.80  -0.49  

7  1197.02  -183.51  -94.21  
   0.36  0.88  0.30  
   -0.89  0.23  0.41  
   0.29  -0.42  0.86  

8  1212.65  -207.62  210.74  
   -0.05  0.80  0.60  
   0.55  0.52  -0.65  
   -0.83  0.29  -0.47  

9  1242.57  -473.27  187.97  
   0.11  -0.65  0.75  
   -0.91  0.23  0.33  
   -0.39  -0.72  -0.57  

2  856.36  -40.18  577.75  
   0.77  -0.64  0.02  
   0.64  0.77  0.03  
   -0.04  -0.01  1.00  

4  1243.46  161.63  -72.78  
   0.61  -0.78  0.16  
   0.71  0.45  -0.55  
   0.35  0.44  0.82  

3  1311.77  -21.43  -4.46  
   -0.20  -0.07  -0.98  
   -0.07  -0.99  0.09  
   -0.98  0.08  0.19  

6  1247.48  449.16  233.51  
   0.20  0.58  0.79  
   0.91  0.18  -0.36  
   -0.35  0.80  -0.49  

5  1207.29  173.68  223.24  
   0.00  -0.61  0.79  
   -0.49  0.69  0.53  
   -0.87  -0.39  -0.30  

7  1197.02  -183.51  -94.21  
   0.36  0.88  0.30  
   -0.89  0.23  0.41  
   0.29  -0.42  0.86  

8  1212.21  -207.62  210.74  
   -0.05  0.80  0.60  
   0.55  0.52  -0.65  
   -0.83  0.29  -0.47  

9  1242.57  -473.72  187.97  
   0.11  -0.66  0.75  
   -0.91  0.23  0.33  
   -0.39  -0.72  -0.58  

2  856.36  -40.18  577.75  
   0.77  -0.64  0.02  
   0.64  0.77  0.03  
   -0.04  -0.01  1.00  

5  1207.29  174.58  222.35  
   0.00  -0.61  0.79  
   -0.50  0.69  0.53  
   -0.87  -0.40  -0.30  

6  1247.48  450.06  232.62  
   0.20  0.58  0.79  
   0.91  0.18  -0.37  
   -0.36  0.80  -0.49  

4  1243.46  161.63  -72.78  
   0.61  -0.78  0.16  
   0.71  0.45  -0.54  
   0.35  0.44  0.82  

3  1311.77  -20.98  -4.46  
   -0.20  -0.07  -0.98  
   -0.07  -0.99  0.09  
   -0.98  0.09  0.19  

7  1197.02  -183.51  -94.21  
   0.36  0.88  0.30  
   -0.88  0.23  0.41  
   0.29  -0.42  0.86  

8  1212.65  -207.17  210.29  
   -0.05  0.80  0.60  
   0.55  0.52  -0.65  
   -0.83  0.29  -0.47  

9  1243.01  -472.83  189.31  
   0.11  -0.66  0.74  
   -0.91  0.22  0.34  
   -0.39  -0.71  -0.58  

2  856.36  -40.18  577.75  
   0.77  -0.64  0.02  
   0.64  0.77  0.03  
   -0.04  -0.01  1.00  

3  1311.77  -20.98  -4.46  
   -0.20  -0.07  -0.98  
   -0.07  -0.99  0.09  
   -0.98  0.09  0.19  

5  1207.29  175.47  221.46  
   0.00  -0.61  0.79  
   -0.50  0.69  0.53  
   -0.87  -0.40  -0.30  

4  1243.91  161.18  -73.22  
   0.61  -0.78  0.15  
   0.71  0.45  -0.54  
   0.35  0.44  0.83  

6  1247.92  450.50  232.17  
   0.20  0.58  0.79  
   0.91  0.18  -0.37  
   -0.36  0.80  -0.49  

8  1212.65  -207.62  210.29  
   -0.05  0.80  0.60  
   0.55  0.52  -0.65  
   -0.83  0.29  -0.47  

9  1242.12  -473.72  189.31  
   0.10  -0.67  0.73  
   -0.91  0.22  0.34  
   -0.39  -0.70  -0.59  

7  1197.92  -183.51  -94.21  
   0.36  0.88  0.30  
   -0.88  0.23  0.41  
   0.29  -0.42  0.86  

2  856.36  -40.18  577.75  
   0.77  -0.64  0.02  
   0.64  0.77  0.03  
   -0.04  -0.01  1.00  

3  1311.77  -20.98  -4.91  
   -0.20  -0.07  -0.98  
   -0.07  -0.99  0.09  
   -0.98  0.09  0.19  

4  1243.91  161.18  -73.22  
   0.61  -0.78  0.15  
   0.71  0.45  -0.54  
   0.35  0.44  0.83  

5  1207.29  175.47  221.46  
   0.00  -0.61  0.80  
   -0.50  0.69  0.53  
   -0.87  -0.40  -0.30  

8  1212.65  -207.62  209.85  
   -0.05  0.80  0.60  
   0.55  0.52  -0.65  
   -0.83  0.29  -0.47  

7  1197.92  -183.06  -94.21  
   0.36  0.88  0.30  
   -0.88  0.23  0.41  
   0.29  -0.41  0.86  

6  1248.82  450.50  231.28  
   0.21  0.58  0.79  
   0.91  0.18  -0.37  
   -0.36  0.79  -0.49  

9  1242.57  -474.61  188.42  
   0.10  -0.68  0.73  
   -0.91  0.22  0.34  
   -0.39  -0.70  -0.59  

2  855.91  -40.18  578.20  
   0.77  -0.64  0.02  
   0.64  0.77  0.03  
   -0.04  -0.01  1.00  

3  1311.77  -20.98  -4.46  
   -0.19  -0.07  -0.98  
   -0.07  -0.99  0.09  
   -0.98  0.09  0.19  

5  1207.29  176.81  220.12  
   0.00  -0.59  0.80  
   -0.51  0.69  0.51  
   -0.86  -0.41  -0.30  

4  1244.35  161.18  -73.22  
   0.61  -0.78  0.15  
   0.71  0.45  -0.54  
   0.35  0.44  0.83  

6  1254.17  451.84  229.05  
   0.23  0.58  0.78  
   0.90  0.18  -0.39  
   -0.37  0.80  -0.48  

9  1247.03  -475.51  184.84  
   0.12  -0.68  0.73  
   -0.91  0.22  0.36  
   -0.40  -0.70  -0.59  

8  1213.10  -208.95  209.85  
   -0.06  0.79  0.60  
   0.55  0.53  -0.64  
   -0.83  0.30  -0.47  

7  1198.36  -183.51  -94.21  
   0.37  0.88  0.30  
   -0.88  0.23  0.41  
   0.29  -0.41  0.86  

2  856.36  -40.18  578.20  
   0.77  -0.64  0.02  
   0.64  0.77  0.03  
   -0.04  -0.01  1.00  

3  1311.32  -20.98  -4.46  
   -0.19  -0.07  -0.98  
   -0.07  -0.99  0.09  
   -0.98  0.08  0.19  

4  1244.35  160.73  -73.22  
   0.62  -0.77  0.15  
   0.70  0.45  -0.55  
   0.35  0.44  0.82  

6  1267.57  446.93  229.49  
   0.27  0.58  0.77  
   0.89  0.15  -0.43  
   -0.36  0.80  -0.48  

5  1209.08  179.93  221.90  
   -0.02  -0.57  0.82  
   -0.50  0.72  0.48  
   -0.87  -0.40  -0.30  

7  1198.81  -183.51  -93.76  
   0.38  0.88  0.30  
   -0.88  0.24  0.41  
   0.29  -0.42  0.86  

8  1215.33  -208.06  209.85  
   -0.09  0.76  0.64  
   0.55  0.57  -0.61  
   -0.83  0.30  -0.47  

9  1261.32  -471.93  182.61  
   0.16  -0.68  0.71  
   -0.90  0.20  0.40  
   -0.41  -0.71  -0.58  

3  1310.88  -20.09  -4.46  
   -0.19  -0.07  -0.98  
   -0.07  -0.99  0.08  
   -0.98  0.08  0.19  

2  856.36  -40.18  577.75  
   0.77  -0.64  0.02  
   0.64  0.77  0.03  
   -0.04  -0.01  1.00  

4  1243.01  162.07  -72.33  
   0.62  -0.77  0.15  
   0.70  0.46  -0.55  
   0.35  0.45  0.82  

5  1211.31  179.93  222.80  
   -0.04  -0.54  0.84  
   -0.49  0.74  0.46  
   -0.87  -0.39  -0.30  

6  1278.28  446.04  235.74  
   0.31  0.57  0.76  
   0.89  0.12  -0.45  
   -0.35  0.81  -0.47  

8  1216.22  -207.17  210.29  
   -0.12  0.73  0.67  
   0.55  0.61  -0.57  
   -0.83  0.30  -0.47  

7  1199.26  -183.51  -93.76  
   0.39  0.87  0.29  
   -0.87  0.25  0.41  
   0.28  -0.42  0.86  

9  1278.28  -465.24  181.72  
   0.22  -0.68  0.70  
   -0.88  0.17  0.44  
   -0.41  -0.71  -0.56  

2  856.36  -40.18  578.20  
   0.77  -0.64  0.02  
   0.64  0.77  0.03  
   -0.04  -0.01  1.00  

3  1310.43  -20.09  -3.57  
   -0.19  -0.07  -0.98  
   -0.07  -0.99  0.08  
   -0.98  0.08  0.19  

5  1211.76  178.15  222.35  
   -0.06  -0.50  0.86  
   -0.47  0.77  0.42  
   -0.88  -0.39  -0.28  

4  1243.46  161.63  -72.78  
   0.63  -0.76  0.15  
   0.70  0.46  -0.55  
   0.35  0.45  0.82  

6  1295.25  438.89  237.98  
   0.37  0.57  0.73  
   0.87  0.07  -0.49  
   -0.33  0.82  -0.47  

7  1201.04  -184.40  -93.76  
   0.40  0.87  0.29  
   -0.87  0.26  0.42  
   0.28  -0.42  0.86  

9  1294.36  -462.56  180.38  
   0.28  -0.67  0.68  
   -0.87  0.13  0.48  
   -0.41  -0.73  -0.55  

8  1217.12  -209.40  211.63  
   -0.14  0.69  0.71  
   0.54  0.66  -0.52  
   -0.83  0.31  -0.46  

2  856.36  -40.18  578.20  
   0.77  -0.64  0.02  
   0.64  0.77  0.03  
   -0.04  -0.01  1.00  

3  1309.99  -19.65  -4.02  
   -0.19  -0.06  -0.98  
   -0.06  -0.99  0.07  
   -0.98  0.08  0.19  

4  1243.46  162.07  -71.88  
   0.63  -0.76  0.15  
   0.69  0.46  -0.55  
   0.35  0.45  0.82  

6  1309.09  433.54  241.99  
   0.44  0.54  0.72  
   0.84  0.03  -0.54  
   -0.31  0.84  -0.44  

5  1208.63  179.04  222.35  
   -0.06  -0.44  0.89  
   -0.47  0.81  0.36  
   -0.88  -0.39  -0.26  

7  1203.28  -183.06  -93.32  
   0.42  0.86  0.29  
   -0.86  0.28  0.42  
   0.28  -0.43  0.86  

8  1218.46  -205.38  214.31  
   -0.17  0.64  0.75  
   0.53  0.70  -0.48  
   -0.83  0.31  -0.46  

9  1309.99  -450.50  186.18  
   0.35  -0.66  0.67  
   -0.85  0.09  0.52  
   -0.40  -0.75  -0.53  

2  856.36  -40.63  577.75  
   0.77  -0.64  0.02  
   0.64  0.77  0.03  
   -0.04  -0.01  1.00  

3  1310.43  -18.31  -2.68  
   -0.19  -0.06  -0.98  
   -0.06  -1.00  0.07  
   -0.98  0.08  0.18  

4  1243.46  162.52  -71.88  
   0.63  -0.76  0.15  
   0.69  0.46  -0.55  
   0.35  0.45  0.82  

5  1204.17  186.18  220.12  
   -0.06  -0.38  0.92  
   -0.47  0.83  0.31  
   -0.88  -0.41  -0.23  

6  1325.17  425.95  246.91  
   0.53  0.49  0.69  
   0.80  -0.02  -0.61  
   -0.29  0.87  -0.40  

7  1204.61  -184.40  -93.32  
   0.42  0.86  0.29  
   -0.86  0.28  0.42  
   0.28  -0.43  0.86  

8  1218.01  -207.62  213.87  
   -0.19  0.59  0.78  
   0.52  0.74  -0.43  
   -0.83  0.33  -0.45  

9  1324.72  -448.27  185.29  
   0.41  -0.64  0.65  
   -0.82  0.05  0.57  
   -0.40  -0.76  -0.51  

2  856.36  -40.63  578.20  
   0.77  -0.64  0.02  
   0.64  0.77  0.03  
   -0.04  -0.01  1.00  

3  1310.88  -18.31  -2.68  
   -0.19  -0.05  -0.98  
   -0.06  -1.00  0.07  
   -0.98  0.07  0.18  

4  1243.91  162.52  -72.33  
   0.63  -0.76  0.16  
   0.69  0.46  -0.55  
   0.35  0.46  0.82  

5  1198.36  190.20  216.99  
   -0.07  -0.29  0.95  
   -0.46  0.86  0.23  
   -0.89  -0.42  -0.20  

6  1342.13  418.80  253.16  
   0.64  0.43  0.64  
   0.73  -0.07  -0.68  
   -0.26  0.90  -0.36  

7  1205.95  -184.84  -92.87  
   0.43  0.86  0.29  
   -0.86  0.29  0.42  
   0.28  -0.43  0.86  

8  1213.10  -204.94  214.31  
   -0.20  0.52  0.83  
   0.50  0.78  -0.37  
   -0.84  0.34  -0.42  

9  1339.45  -434.88  191.54  
   0.49  -0.61  0.62  
   -0.78  0.00  0.62  
   -0.38  -0.79  -0.48  

2  856.36  -40.63  578.20  
   0.77  -0.64  0.02  
   0.64  0.77  0.03  
   -0.04  -0.01  1.00  

3  1310.88  -17.86  -1.79  
   -0.19  -0.05  -0.98  
   -0.06  -1.00  0.06  
   -0.98  0.07  0.18  

4  1243.91  163.86  -71.44  
   0.63  -0.76  0.15  
   0.69  0.46  -0.55  
   0.35  0.46  0.82  

5  1195.24  196.90  216.10  
   -0.08  -0.20  0.98  
   -0.45  0.88  0.14  
   -0.89  -0.43  -0.16  

8  1208.63  -209.85  215.21  
   -0.22  0.44  0.87  
   0.50  0.82  -0.29  
   -0.84  0.37  -0.40  

6  1362.22  400.50  257.18  
   0.74  0.38  0.56  
   0.64  -0.11  -0.76  
   -0.23  0.92  -0.33  

7  1206.40  -184.40  -92.42  
   0.44  0.85  0.29  
   -0.86  0.29  0.43  
   0.28  -0.43  0.86  

9  1354.19  -425.95  194.67  
   0.58  -0.57  0.58  
   -0.73  -0.04  0.69  
   -0.37  -0.82  -0.44  

2  856.36  -40.18  578.20  
   0.77  -0.64  0.02  
   0.64  0.77  0.03  
   -0.04  -0.01  1.00  

4  1243.91  164.31  -70.99  
   0.63  -0.76  0.15  
   0.69  0.47  -0.55  
   0.35  0.46  0.82  

3  1310.88  -18.31  -1.79  
   -0.19  -0.05  -0.98  
   -0.06  -1.00  0.06  
   -0.98  0.07  0.18  

7  1206.40  -185.29  -92.42  
   0.44  0.85  0.29  
   -0.85  0.30  0.43  
   0.28  -0.44  0.86  

5  1193.01  207.62  210.74  
   -0.10  -0.07  0.99  
   -0.45  0.90  0.02  
   -0.89  -0.44  -0.12  

6  1388.57  375.49  260.75  
   0.85  0.30  0.44  
   0.50  -0.15  -0.85  
   -0.19  0.94  -0.28  

8  1203.28  -216.10  213.42  
   -0.24  0.34  0.91  
   0.49  0.85  -0.19  
   -0.84  0.40  -0.37  

9  1373.39  -409.43  195.11  
   0.68  -0.52  0.51  
   -0.64  -0.08  0.77  
   -0.36  -0.85  -0.39  

2  856.36  -40.63  578.20  
   0.77  -0.64  0.02  
   0.64  0.77  0.03  
   -0.04  -0.01  1.00  

3  1310.88  -18.31  -1.34  
   -0.19  -0.05  -0.98  
   -0.06  -1.00  0.06  
   -0.98  0.07  0.18  

4  1243.91  164.31  -70.10  
   0.64  -0.75  0.15  
   0.69  0.47  -0.56  
   0.35  0.46  0.82  

5  1193.01  214.31  209.85  
   -0.12  0.02  0.99  
   -0.44  0.90  -0.07  
   -0.89  -0.44  -0.09  

6  1404.64  355.40  268.34  
   0.91  0.24  0.35  
   0.39  -0.17  -0.90  
   -0.16  0.95  -0.25  

9  1388.12  -392.01  203.15  
   0.77  -0.46  0.44  
   -0.55  -0.11  0.83  
   -0.34  -0.88  -0.34  

7  1206.85  -185.74  -92.42  
   0.45  0.85  0.29  
   -0.85  0.30  0.43  
   0.28  -0.44  0.85  

8  1200.15  -219.22  213.42  
   -0.26  0.23  0.94  
   0.47  0.88  -0.09  
   -0.84  0.42  -0.34  

2  856.36  -40.18  578.20  
   0.77  -0.64  0.02  
   0.64  0.77  0.03  
   -0.04  -0.01  1.00  

4  1244.35  164.75  -70.10  
   0.64  -0.75  0.15  
   0.68  0.47  -0.55  
   0.35  0.46  0.82  

3  1311.32  -18.31  -1.34  
   -0.19  -0.05  -0.98  
   -0.06  -1.00  0.06  
   -0.98  0.07  0.18  

6  1420.27  334.42  266.55  
   0.96  0.19  0.22  
   0.25  -0.17  -0.95  
   -0.14  0.97  -0.21  

5  1192.11  225.92  204.94  
   -0.13  0.14  0.98  
   -0.44  0.88  -0.19  
   -0.89  -0.45  -0.05  

7  1207.74  -186.63  -90.64  
   0.45  0.84  0.29  
   -0.85  0.30  0.44  
   0.28  -0.44  0.85  

8  1196.13  -229.05  213.87  
   -0.27  0.12  0.95  
   0.46  0.89  0.01  
   -0.85  0.44  -0.30  

9  1407.77  -372.81  206.72  
   0.85  -0.41  0.34  
   -0.43  -0.13  0.90  
   -0.32  -0.90  -0.28  

2  856.36  -40.63  578.20  
   0.77  -0.64  0.02  
   0.64  0.77  0.03  
   -0.04  -0.01  1.00  

3  1311.32  -18.31  -0.89  
   -0.19  -0.04  -0.98  
   -0.06  -1.00  0.06  
   -0.98  0.07  0.18  

4  1244.35  163.86  -69.65  
   0.65  -0.75  0.15  
   0.68  0.48  -0.55  
   0.34  0.46  0.82  

5  1192.56  238.87  199.13  
   -0.14  0.28  0.95  
   -0.44  0.84  -0.31  
   -0.89  -0.46  0.00  

7  1208.63  -186.63  -91.08  
   0.45  0.84  0.29  
   -0.85  0.31  0.44  
   0.28  -0.45  0.85  

6  1428.30  308.07  265.66  
   0.99  0.12  0.07  
   0.09  -0.16  -0.98  
   -0.11  0.98  -0.17  

9  1421.16  -346.92  212.53  
   0.91  -0.34  0.22  
   -0.28  -0.14  0.95  
   -0.29  -0.93  -0.22  

8  1192.56  -240.66  208.51  
   -0.29  -0.01  0.96  
   0.45  0.88  0.15  
   -0.84  0.47  -0.25  

3  1310.88  -18.75  -1.34  
   -0.19  -0.04  -0.98  
   -0.07  -1.00  0.06  
   -0.98  0.07  0.18  

2  856.36  -40.63  578.20  
   0.77  -0.64  0.02  
   0.64  0.77  0.03  
   -0.04  -0.01  1.00  

4  1244.80  163.41  -70.10  
   0.65  -0.75  0.15  
   0.68  0.48  -0.55  
   0.34  0.46  0.82  

6  1435.00  279.95  266.55  
   0.99  0.07  -0.08  
   -0.07  -0.15  -0.99  
   -0.08  0.99  -0.14  

5  1194.79  248.25  193.33  
   -0.16  0.39  0.91  
   -0.44  0.80  -0.42  
   -0.89  -0.46  0.04  

8  1189.88  -255.84  203.60  
   -0.30  -0.15  0.94  
   0.44  0.85  0.28  
   -0.84  0.50  -0.20  

9  1430.09  -327.27  217.44  
   0.96  -0.27  0.09  
   -0.13  -0.13  0.98  
   -0.26  -0.95  -0.16  

7  1208.63  -187.08  -90.64  
   0.46  0.84  0.29  
   -0.84  0.31  0.44  
   0.28  -0.45  0.85  

3  1310.88  -19.65  -0.45  
   -0.18  -0.04  -0.98  
   -0.07  -1.00  0.06  
   -0.98  0.07  0.18  

2  856.36  -40.18  577.75  
   0.77  -0.64  0.02  
   0.64  0.77  0.03  
   -0.04  -0.01  1.00  

4  1245.24  162.97  -70.10  
   0.65  -0.74  0.15  
   0.68  0.49  -0.55  
   0.34  0.46  0.82  

6  1439.47  254.94  266.10  
   0.97  0.03  -0.23  
   -0.22  -0.13  -0.97  
   -0.06  0.99  -0.12  

8  1188.99  -271.46  196.01  
   -0.32  -0.28  0.91  
   0.44  0.80  0.40  
   -0.84  0.53  -0.14  

7  1208.63  -187.52  -90.64  
   0.46  0.84  0.30  
   -0.84  0.31  0.44  
   0.28  -0.45  0.85  

5  1199.70  263.87  187.52  
   -0.17  0.49  0.85  
   -0.44  0.74  -0.51  
   -0.88  -0.47  0.09  

9  1438.13  -304.95  216.10  
   0.97  -0.22  -0.06  
   0.03  -0.12  0.99  
   -0.22  -0.97  -0.11  

2  856.36  -40.18  577.75  
   0.77  -0.64  0.02  
   0.64  0.77  0.03  
   -0.04  -0.01  1.00  

3  1310.88  -19.65  -0.45  
   -0.18  -0.04  -0.98  
   -0.07  -1.00  0.06  
   -0.98  0.07  0.18  

5  1205.51  275.03  180.83  
   -0.19  0.57  0.80  
   -0.45  0.67  -0.59  
   -0.87  -0.47  0.13  

4  1245.24  162.52  -69.21  
   0.66  -0.74  0.14  
   0.67  0.49  -0.55  
   0.34  0.46  0.82  

6  1441.70  240.21  264.32  
   0.94  0.00  -0.35  
   -0.35  -0.10  -0.93  
   -0.04  1.00  -0.09  

8  1189.43  -288.43  186.18  
   -0.33  -0.42  0.85  
   0.44  0.72  0.53  
   -0.83  0.55  -0.06  

7  1209.08  -187.08  -91.08  
   0.46  0.83  0.30  
   -0.84  0.31  0.44  
   0.28  -0.46  0.85  

9  1440.81  -282.18  225.92  
   0.96  -0.15  -0.22  
   0.21  -0.09  0.97  
   -0.17  -0.98  -0.05  

2  856.36  -40.18  578.20  
   0.77  -0.64  0.02  
   0.64  0.77  0.03  
   -0.04  -0.01  1.00  

4  1246.14  162.52  -69.65  
   0.66  -0.73  0.14  
   0.67  0.50  -0.55  
   0.33  0.46  0.82  

3  1310.88  -20.09  -0.45  
   -0.18  -0.04  -0.98  
   -0.06  -1.00  0.06  
   -0.98  0.07  0.18  

5  1210.87  283.96  174.58  
   -0.21  0.64  0.74  
   -0.45  0.61  -0.65  
   -0.87  -0.47  0.16  

6  1439.02  218.78  262.98  
   0.89  -0.02  -0.46  
   -0.46  -0.08  -0.89  
   -0.02  1.00  -0.08  

7  1209.08  -187.08  -91.98  
   0.47  0.83  0.30  
   -0.84  0.31  0.44  
   0.27  -0.46  0.85  

9  1440.81  -261.19  231.28  
   0.93  -0.11  -0.35  
   0.35  -0.06  0.94  
   -0.12  -0.99  -0.02  

8  1191.67  -300.93  178.59  
   -0.35  -0.52  0.78  
   0.43  0.65  0.63  
   -0.83  0.55  0.00  

2  856.36  -40.18  578.20  
   0.77  -0.64  0.02  
   0.64  0.77  0.03  
   -0.04  -0.01  1.00  

3  1310.43  -20.09  -0.45  
   -0.18  -0.04  -0.98  
   -0.06  -1.00  0.05  
   -0.98  0.07  0.18  

4  1245.69  162.52  -70.10  
   0.67  -0.73  0.14  
   0.67  0.50  -0.55  
   0.33  0.46  0.82  

5  1216.67  291.11  173.24  
   -0.22  0.69  0.69  
   -0.45  0.56  -0.70  
   -0.87  -0.46  0.19  

6  1438.13  205.38  262.09  
   0.85  -0.04  -0.53  
   -0.53  -0.06  -0.84  
   -0.00  1.00  -0.07  

8  1198.36  -311.65  172.79  
   -0.36  -0.60  0.71  
   0.43  0.57  0.70  
   -0.83  0.56  0.05  

7  1209.08  -186.63  -92.42  
   0.47  0.83  0.30  
   -0.84  0.32  0.44  
   0.27  -0.46  0.85  

9  1440.81  -239.76  236.64  
   0.88  -0.08  -0.47  
   0.47  -0.03  0.88  
   -0.08  -1.00  0.01  

2  856.36  -40.18  578.20  
   0.77  -0.64  0.02  
   0.64  0.77  0.03  
   -0.04  -0.01  1.00  

3  1310.88  -20.09  -0.45  
   -0.18  -0.04  -0.98  
   -0.06  -1.00  0.05  
   -0.98  0.07  0.18  

5  1222.03  296.02  168.32  
   -0.23  0.74  0.63  
   -0.45  0.50  -0.74  
   -0.86  -0.46  0.22  

4  1245.69  162.52  -69.65  
   0.67  -0.73  0.14  
   0.67  0.50  -0.55  
   0.33  0.46  0.82  

6  1433.66  187.52  261.64  
   0.78  -0.06  -0.62  
   -0.62  -0.04  -0.78  
   0.02  1.00  -0.07  

7  1208.63  -186.18  -92.42  
   0.48  0.82  0.30  
   -0.84  0.33  0.44  
   0.26  -0.46  0.85  

9  1437.68  -231.73  234.85  
   0.82  -0.07  -0.57  
   0.57  0.00  0.82  
   -0.05  -1.00  0.04  

8  1205.51  -324.15  164.31  
   -0.38  -0.67  0.64  
   0.43  0.48  0.76  
   -0.82  0.57  0.11  

2  856.36  -40.63  577.75  
   0.77  -0.64  0.02  
   0.64  0.77  0.03  
   -0.04  -0.01  1.00  

3  1309.99  -19.65  -0.89  
   -0.18  -0.04  -0.98  
   -0.06  -1.00  0.05  
   -0.98  0.07  0.18  

4  1245.69  162.52  -70.54  
   0.68  -0.72  0.14  
   0.66  0.51  -0.55  
   0.32  0.46  0.83  

5  1229.17  303.61  161.18  
   -0.24  0.78  0.58  
   -0.46  0.43  -0.78  
   -0.85  -0.46  0.25  

6  1430.54  181.72  261.64  
   0.73  -0.06  -0.68  
   -0.68  -0.01  -0.73  
   0.04  1.00  -0.05  

8  1211.76  -330.40  157.61  
   -0.40  -0.72  0.57  
   0.43  0.40  0.81  
   -0.81  0.57  0.15  

9  1434.11  -216.99  234.40  
   0.76  -0.06  -0.65  
   0.65  0.02  0.76  
   -0.03  -1.00  0.06  

7  1209.08  -185.74  -92.42  
   0.48  0.82  0.30  
   -0.84  0.33  0.43  
   0.26  -0.46  0.85  

6  1425.18  168.32  259.85  
   0.66  -0.08  -0.75  
   -0.75  0.01  -0.66  
   0.06  1.00  -0.05  

2  856.36  -40.63  577.75  
   0.77  -0.64  0.02  
   0.64  0.77  0.03  
   -0.04  -0.01  1.00  

4  1246.14  162.52  -70.54  
   0.68  -0.72  0.14  
   0.66  0.52  -0.54  
   0.31  0.47  0.83  

5  1237.21  307.18  155.38  
   -0.26  0.82  0.52  
   -0.46  0.37  -0.81  
   -0.85  -0.44  0.28  

3  1309.99  -19.65  -0.45  
   -0.18  -0.04  -0.98  
   -0.06  -1.00  0.05  
   -0.98  0.07  0.18  

9  1427.41  -205.38  239.32  
   0.69  -0.04  -0.72  
   0.72  0.04  0.69  
   -0.00  -1.00  0.06  

8  1217.12  -337.54  149.13  
   -0.41  -0.76  0.50  
   0.42  0.33  0.84  
   -0.81  0.56  0.19  

7  1209.53  -185.29  -92.87  
   0.48  0.82  0.30  
   -0.84  0.34  0.43  
   0.25  -0.46  0.85  

2  856.36  -40.63  577.75  
   0.77  -0.64  0.02  
   0.64  0.77  0.03  
   -0.04  -0.01  1.00  

5  1241.23  312.09  150.91  
   -0.25  0.85  0.46  
   -0.46  0.31  -0.83  
   -0.85  -0.42  0.32  

6  1417.14  157.61  260.30  
   0.60  -0.09  -0.80  
   -0.80  0.03  -0.60  
   0.08  1.00  -0.05  

3  1309.99  -20.09  -0.89  
   -0.18  -0.04  -0.98  
   -0.06  -1.00  0.05  
   -0.98  0.07  0.18  

4  1246.58  162.07  -71.44  
   0.69  -0.71  0.15  
   0.66  0.52  -0.54  
   0.31  0.47  0.83  

7  1208.63  -185.74  -92.87  
   0.49  0.82  0.30  
   -0.84  0.34  0.43  
   0.25  -0.46  0.85  

8  1219.80  -342.45  145.11  
   -0.41  -0.79  0.46  
   0.42  0.28  0.86  
   -0.81  0.55  0.21  

9  1421.61  -195.56  237.08  
   0.64  -0.05  -0.77  
   0.77  0.05  0.64  
   0.01  -1.00  0.06  

2  855.91  -40.18  578.20  
   0.77  -0.64  0.02  
   0.64  0.77  0.03  
   -0.04  -0.01  1.00  

3  1309.99  -19.65  -0.45  
   -0.18  -0.04  -0.98  
   -0.06  -1.00  0.05  
   -0.98  0.07  0.18  

4  1246.14  161.63  -72.33  
   0.69  -0.71  0.15  
   0.66  0.53  -0.54  
   0.30  0.47  0.83  

6  1405.53  150.02  264.77  
   0.54  -0.10  -0.84  
   -0.84  0.05  -0.54  
   0.09  0.99  -0.06  

7  1208.63  -185.74  -93.32  
   0.49  0.82  0.30  
   -0.84  0.34  0.43  
   0.24  -0.46  0.85  

8  1222.03  -342.01  145.55  
   -0.42  -0.81  0.41  
   0.41  0.24  0.88  
   -0.81  0.54  0.23  

5  1241.23  316.56  147.79  
   -0.25  0.88  0.41  
   -0.46  0.27  -0.85  
   -0.85  -0.40  0.34  

9  1412.68  -188.42  239.76  
   0.59  -0.05  -0.81  
   0.81  0.06  0.59  
   0.02  -1.00  0.07  

2  856.36  -40.18  577.75  
   0.77  -0.64  0.02  
   0.64  0.77  0.03  
   -0.04  -0.01  1.00  

3  1309.54  -19.65  -0.45  
   -0.18  -0.04  -0.98  
   -0.06  -1.00  0.05  
   -0.98  0.07  0.18  

4  1245.69  161.63  -73.22  
   0.70  -0.70  0.15  
   0.66  0.54  -0.53  
   0.29  0.47  0.83  

5  1247.03  317.90  142.43  
   -0.26  0.90  0.36  
   -0.47  0.21  -0.86  
   -0.85  -0.38  0.36  

6  1399.28  142.43  261.64  
   0.47  -0.08  -0.88  
   -0.88  0.07  -0.48  
   0.10  0.99  -0.04  

7  1208.19  -186.18  -94.21  
   0.49  0.81  0.31  
   -0.84  0.35  0.42  
   0.24  -0.47  0.85  

9  1407.32  -181.27  233.96  
   0.53  -0.06  -0.84  
   0.85  0.07  0.53  
   0.03  -1.00  0.09  

8  1225.60  -346.92  137.96  
   -0.43  -0.83  0.37  
   0.41  0.18  0.89  
   -0.81  0.53  0.26  

