3  1310.43  -21.43  -4.02  
   -0.19  0.16  -0.97  
   -0.28  -0.95  -0.10  
   -0.94  0.25  0.22  

4  1196.13  174.58  -70.54  
   0.40  -0.90  0.18  
   0.84  0.29  -0.46  
   0.36  0.33  0.87  

2  854.57  -38.84  579.54  
   0.32  -0.95  -0.01  
   0.94  0.32  0.08  
   -0.07  -0.04  1.00  

5  1173.36  202.70  239.32  
   -0.21  0.26  0.94  
   -0.21  0.93  -0.31  
   -0.95  -0.26  -0.14  

6  1280.07  289.77  524.17  
   0.41  -0.89  0.18  
   0.10  -0.15  -0.98  
   0.91  0.42  0.03  

7  1177.83  -201.36  -75.46  
   0.47  0.85  0.23  
   -0.83  0.33  0.45  
   0.31  -0.40  0.86  

8  1160.86  -237.98  233.96  
   -0.30  -0.33  0.89  
   0.17  0.90  0.39  
   -0.94  0.27  -0.21  

9  1272.48  -289.32  509.89  
   0.36  0.91  0.20  
   -0.05  -0.20  0.98  
   0.93  -0.37  -0.02  

2  854.57  -38.84  579.54  
   0.32  -0.95  -0.01  
   0.94  0.32  0.08  
   -0.07  -0.04  1.00  

3  1310.43  -21.43  -3.57  
   -0.19  0.16  -0.97  
   -0.28  -0.95  -0.10  
   -0.94  0.25  0.22  

4  1197.02  174.58  -70.99  
   0.40  -0.90  0.17  
   0.84  0.29  -0.46  
   0.36  0.33  0.87  

5  1173.81  202.70  239.76  
   -0.21  0.26  0.94  
   -0.21  0.93  -0.31  
   -0.95  -0.26  -0.14  

6  1280.52  290.21  523.28  
   0.41  -0.89  0.18  
   0.10  -0.15  -0.98  
   0.91  0.42  0.03  

7  1177.83  -201.36  -75.01  
   0.47  0.85  0.23  
   -0.83  0.33  0.46  
   0.31  -0.40  0.86  

8  1160.41  -237.53  233.96  
   -0.30  -0.33  0.89  
   0.17  0.90  0.39  
   -0.94  0.27  -0.21  

9  1272.48  -289.32  510.33  
   0.36  0.91  0.20  
   -0.05  -0.20  0.98  
   0.93  -0.37  -0.02  

3  1310.88  -21.88  -3.57  
   -0.19  0.16  -0.97  
   -0.28  -0.95  -0.10  
   -0.94  0.26  0.22  

2  854.57  -38.40  579.54  
   0.32  -0.95  -0.01  
   0.94  0.32  0.08  
   -0.07  -0.04  1.00  

4  1198.81  172.79  -71.44  
   0.40  -0.90  0.17  
   0.84  0.29  -0.46  
   0.36  0.33  0.87  

5  1174.25  202.70  239.32  
   -0.21  0.27  0.94  
   -0.21  0.93  -0.31  
   -0.95  -0.26  -0.14  

6  1280.52  292.00  523.73  
   0.41  -0.89  0.17  
   0.10  -0.15  -0.98  
   0.91  0.42  0.03  

7  1179.61  -202.26  -75.01  
   0.46  0.86  0.23  
   -0.83  0.33  0.46  
   0.32  -0.40  0.86  

8  1160.41  -237.98  234.40  
   -0.29  -0.33  0.90  
   0.17  0.90  0.39  
   -0.94  0.27  -0.21  

9  1272.03  -290.66  510.33  
   0.36  0.91  0.21  
   -0.05  -0.20  0.98  
   0.93  -0.36  -0.02  

2  854.57  -38.84  579.54  
   0.32  -0.95  -0.01  
   0.94  0.32  0.08  
   -0.07  -0.04  1.00  

4  1200.15  172.34  -71.44  
   0.40  -0.90  0.16  
   0.84  0.29  -0.46  
   0.36  0.32  0.87  

5  1174.70  202.70  237.53  
   -0.20  0.26  0.94  
   -0.21  0.93  -0.30  
   -0.96  -0.26  -0.13  

3  1311.32  -22.32  -2.23  
   -0.18  0.16  -0.97  
   -0.28  -0.95  -0.10  
   -0.94  0.26  0.22  

6  1279.62  292.00  524.62  
   0.41  -0.90  0.17  
   0.10  -0.14  -0.98  
   0.91  0.42  0.03  

7  1180.50  -202.70  -74.12  
   0.46  0.86  0.22  
   -0.83  0.32  0.46  
   0.32  -0.40  0.86  

8  1160.41  -237.53  233.96  
   -0.26  -0.33  0.91  
   0.17  0.91  0.38  
   -0.95  0.25  -0.19  

9  1272.03  -289.77  511.22  
   0.36  0.91  0.21  
   -0.05  -0.20  0.98  
   0.93  -0.36  -0.02  

2  854.57  -38.84  579.09  
   0.32  -0.95  -0.01  
   0.94  0.32  0.08  
   -0.07  -0.04  1.00  

4  1201.49  171.45  -71.44  
   0.40  -0.90  0.16  
   0.84  0.29  -0.46  
   0.37  0.32  0.87  

3  1312.22  -24.11  -1.79  
   -0.18  0.15  -0.97  
   -0.28  -0.95  -0.10  
   -0.94  0.26  0.22  

5  1175.59  203.60  236.64  
   -0.19  0.26  0.95  
   -0.21  0.93  -0.30  
   -0.96  -0.26  -0.12  

6  1279.18  292.89  524.62  
   0.41  -0.90  0.17  
   0.10  -0.14  -0.99  
   0.91  0.42  0.03  

7  1181.84  -204.49  -73.67  
   0.46  0.86  0.22  
   -0.83  0.32  0.46  
   0.33  -0.39  0.86  

9  1271.14  -291.11  511.22  
   0.36  0.91  0.21  
   -0.05  -0.20  0.98  
   0.93  -0.36  -0.02  

8  1159.52  -239.76  233.51  
   -0.25  -0.33  0.91  
   0.17  0.91  0.37  
   -0.95  0.25  -0.17  

4  1204.61  170.11  -71.88  
   0.40  -0.90  0.16  
   0.84  0.29  -0.46  
   0.37  0.32  0.87  

2  854.57  -38.40  579.54  
   0.32  -0.95  -0.01  
   0.94  0.32  0.08  
   -0.07  -0.04  1.00  

3  1313.11  -24.56  -0.89  
   -0.18  0.15  -0.97  
   -0.28  -0.95  -0.10  
   -0.94  0.26  0.21  

5  1174.25  206.72  233.96  
   -0.17  0.28  0.95  
   -0.22  0.92  -0.31  
   -0.96  -0.26  -0.09  

6  1274.27  296.02  522.83  
   0.39  -0.91  0.15  
   0.10  -0.12  -0.99  
   0.92  0.40  0.05  

8  1157.29  -241.99  232.62  
   -0.23  -0.33  0.92  
   0.18  0.91  0.37  
   -0.96  0.25  -0.16  

7  1184.08  -204.94  -73.22  
   0.45  0.87  0.21  
   -0.83  0.32  0.47  
   0.34  -0.39  0.86  

9  1265.78  -292.45  514.80  
   0.34  0.92  0.21  
   -0.05  -0.20  0.98  
   0.94  -0.35  -0.02  

2  854.57  -38.84  579.54  
   0.32  -0.95  -0.01  
   0.94  0.32  0.08  
   -0.07  -0.04  1.00  

4  1211.31  168.77  -71.88  
   0.40  -0.90  0.15  
   0.83  0.29  -0.47  
   0.38  0.32  0.87  

5  1170.68  209.85  228.60  
   -0.13  0.29  0.95  
   -0.24  0.92  -0.32  
   -0.96  -0.27  -0.05  

6  1263.55  304.06  521.05  
   0.36  -0.92  0.14  
   0.11  -0.11  -0.99  
   0.93  0.37  0.07  

3  1317.13  -25.90  1.34  
   -0.17  0.15  -0.97  
   -0.28  -0.95  -0.10  
   -0.94  0.26  0.20  

7  1189.43  -206.28  -72.78  
   0.45  0.87  0.21  
   -0.82  0.31  0.47  
   0.35  -0.38  0.86  

9  1255.07  -298.25  516.14  
   0.32  0.93  0.20  
   -0.06  -0.19  0.98  
   0.95  -0.33  -0.01  

8  1153.72  -245.12  230.39  
   -0.20  -0.34  0.92  
   0.19  0.91  0.38  
   -0.96  0.25  -0.11  

2  854.57  -38.40  579.54  
   0.32  -0.95  -0.01  
   0.94  0.32  0.08  
   -0.07  -0.04  1.00  

4  1218.90  169.66  -72.78  
   0.39  -0.91  0.15  
   0.84  0.28  -0.47  
   0.38  0.31  0.87  

3  1322.49  -26.79  3.13  
   -0.16  0.15  -0.98  
   -0.28  -0.95  -0.10  
   -0.95  0.26  0.20  

6  1245.24  316.11  518.37  
   0.31  -0.94  0.12  
   0.13  -0.08  -0.99  
   0.94  0.32  0.09  

8  1152.38  -253.60  222.35  
   -0.14  -0.39  0.91  
   0.21  0.89  0.41  
   -0.97  0.25  -0.04  

7  1198.81  -205.83  -71.88  
   0.45  0.87  0.19  
   -0.82  0.31  0.48  
   0.36  -0.37  0.85  

9  1239.44  -309.41  514.35  
   0.28  0.95  0.17  
   -0.07  -0.15  0.99  
   0.96  -0.28  0.02  

5  1164.88  216.99  221.01  
   -0.08  0.32  0.94  
   -0.27  0.91  -0.33  
   -0.96  -0.28  0.02  

2  854.57  -38.40  579.54  
   0.32  -0.95  -0.01  
   0.94  0.32  0.08  
   -0.07  -0.04  1.00  

4  1227.83  170.11  -71.44  
   0.38  -0.91  0.14  
   0.84  0.28  -0.47  
   0.39  0.30  0.87  

5  1157.29  228.15  212.53  
   -0.01  0.37  0.93  
   -0.29  0.89  -0.36  
   -0.96  -0.27  0.10  

3  1327.84  -25.45  7.59  
   -0.15  0.15  -0.98  
   -0.27  -0.96  -0.11  
   -0.95  0.25  0.18  

6  1220.69  326.83  513.90  
   0.24  -0.97  0.07  
   0.13  -0.04  -0.99  
   0.96  0.25  0.12  

7  1208.63  -204.94  -71.88  
   0.45  0.87  0.17  
   -0.81  0.32  0.50  
   0.38  -0.37  0.85  

9  1224.71  -325.49  510.33  
   0.22  0.97  0.11  
   -0.08  -0.09  0.99  
   0.97  -0.23  0.06  

8  1147.46  -262.98  214.76  
   -0.08  -0.45  0.89  
   0.23  0.86  0.46  
   -0.97  0.24  0.04  

2  854.57  -38.40  579.54  
   0.32  -0.95  -0.01  
   0.94  0.32  0.08  
   -0.07  -0.04  1.00  

5  1146.57  239.32  197.35  
   0.07  0.44  0.89  
   -0.32  0.86  -0.40  
   -0.94  -0.26  0.20  

6  1193.45  344.24  502.74  
   0.16  -0.99  0.00  
   0.14  0.02  -0.99  
   0.98  0.16  0.15  

4  1234.98  169.22  -73.22  
   0.38  -0.92  0.13  
   0.84  0.28  -0.46  
   0.39  0.29  0.88  

3  1331.42  -26.34  9.82  
   -0.14  0.15  -0.98  
   -0.27  -0.96  -0.11  
   -0.95  0.25  0.18  

7  1215.33  -205.38  -73.22  
   0.45  0.88  0.16  
   -0.80  0.32  0.51  
   0.39  -0.36  0.85  

8  1140.32  -281.73  198.69  
   -0.02  -0.53  0.85  
   0.26  0.82  0.51  
   -0.96  0.23  0.13  

9  1197.47  -346.03  501.85  
   0.14  0.99  0.03  
   -0.09  -0.01  1.00  
   0.99  -0.14  0.08  

2  854.57  -38.40  579.54  
   0.32  -0.95  -0.01  
   0.94  0.32  0.08  
   -0.07  -0.04  1.00  

3  1332.76  -25.00  12.50  
   -0.14  0.15  -0.98  
   -0.27  -0.96  -0.11  
   -0.95  0.25  0.17  

4  1239.44  169.66  -76.80  
   0.37  -0.92  0.13  
   0.85  0.27  -0.46  
   0.38  0.28  0.88  

5  1133.62  248.69  182.61  
   0.16  0.51  0.85  
   -0.34  0.83  -0.44  
   -0.93  -0.22  0.30  

6  1156.39  356.74  491.58  
   0.06  -1.00  -0.06  
   0.15  0.07  -0.99  
   0.99  0.05  0.15  

7  1220.24  -205.83  -73.22  
   0.45  0.88  0.15  
   -0.80  0.33  0.51  
   0.40  -0.35  0.85  

8  1131.84  -290.21  187.97  
   0.06  -0.64  0.77  
   0.29  0.75  0.60  
   -0.96  0.18  0.23  

9  1167.56  -360.76  492.03  
   0.06  1.00  -0.04  
   -0.09  0.04  0.99  
   0.99  -0.06  0.09  

2  854.57  -38.84  579.09  
   0.32  -0.95  -0.01  
   0.94  0.32  0.08  
   -0.07  -0.04  1.00  

4  1243.01  167.43  -79.92  
   0.36  -0.93  0.12  
   0.85  0.27  -0.45  
   0.38  0.26  0.88  

3  1333.65  -24.56  13.84  
   -0.13  0.15  -0.98  
   -0.27  -0.96  -0.11  
   -0.95  0.25  0.17  

5  1122.46  250.48  168.32  
   0.24  0.53  0.81  
   -0.35  0.83  -0.44  
   -0.91  -0.18  0.38  

6  1121.57  363.88  473.72  
   -0.02  -1.00  -0.08  
   0.16  0.07  -0.98  
   0.99  -0.03  0.16  

8  1123.80  -300.93  173.24  
   0.13  -0.66  0.74  
   0.32  0.73  0.60  
   -0.94  0.16  0.30  

7  1225.15  -206.72  -74.56  
   0.46  0.88  0.14  
   -0.79  0.33  0.51  
   0.40  -0.35  0.85  

9  1136.75  -378.17  481.31  
   -0.01  1.00  -0.03  
   -0.12  0.03  0.99  
   0.99  0.02  0.12  

3  1336.77  -25.00  15.18  
   -0.12  0.15  -0.98  
   -0.27  -0.96  -0.11  
   -0.96  0.25  0.16  

2  854.57  -38.84  579.09  
   0.32  -0.95  -0.01  
   0.94  0.32  0.08  
   -0.07  -0.04  1.00  

4  1248.82  166.54  -82.15  
   0.35  -0.93  0.11  
   0.85  0.27  -0.45  
   0.39  0.25  0.89  

5  1112.19  254.50  146.45  
   0.32  0.57  0.76  
   -0.36  0.81  -0.46  
   -0.88  -0.13  0.46  

6  1085.40  370.14  453.18  
   -0.12  -0.99  -0.11  
   0.17  0.09  -0.98  
   0.98  -0.14  0.16  

7  1232.74  -207.17  -78.13  
   0.47  0.87  0.13  
   -0.79  0.35  0.51  
   0.40  -0.35  0.85  

9  1110.85  -390.23  461.22  
   -0.08  1.00  -0.03  
   -0.14  0.02  0.99  
   0.99  0.09  0.14  

8  1118.89  -306.73  157.16  
   0.21  -0.69  0.69  
   0.33  0.72  0.61  
   -0.92  0.10  0.38  

2  854.57  -38.40  579.54  
   0.32  -0.95  -0.01  
   0.94  0.32  0.08  
   -0.07  -0.04  1.00  

5  1103.26  255.84  126.80  
   0.40  0.58  0.71  
   -0.37  0.81  -0.46  
   -0.84  -0.08  0.54  

3  1341.24  -23.22  16.52  
   -0.11  0.15  -0.98  
   -0.27  -0.96  -0.12  
   -0.96  0.25  0.15  

4  1253.73  164.75  -85.28  
   0.34  -0.94  0.10  
   0.86  0.27  -0.44  
   0.38  0.23  0.89  

6  1053.70  373.26  427.29  
   -0.20  -0.97  -0.13  
   0.18  0.09  -0.98  
   0.96  -0.22  0.15  

7  1242.57  -207.17  -80.37  
   0.48  0.87  0.12  
   -0.78  0.36  0.51  
   0.40  -0.34  0.85  

8  1117.55  -311.65  141.54  
   0.28  -0.72  0.64  
   0.34  0.69  0.64  
   -0.90  0.04  0.44  

9  1082.72  -396.48  447.38  
   -0.17  0.98  -0.06  
   -0.14  0.04  0.99  
   0.97  0.18  0.14  

4  1258.19  162.07  -89.74  
   0.32  -0.94  0.09  
   0.87  0.25  -0.43  
   0.38  0.21  0.90  

2  854.57  -38.84  579.09  
   0.32  -0.95  -0.01  
   0.94  0.32  0.08  
   -0.07  -0.04  1.00  

5  1091.65  253.16  104.48  
   0.48  0.57  0.67  
   -0.38  0.82  -0.43  
   -0.79  -0.05  0.61  

6  1016.20  379.07  396.92  
   -0.29  -0.95  -0.11  
   0.20  0.06  -0.98  
   0.94  -0.31  0.17  

3  1346.15  -23.22  17.86  
   -0.09  0.16  -0.98  
   -0.28  -0.95  -0.13  
   -0.96  0.26  0.13  

7  1252.84  -208.51  -82.15  
   0.49  0.87  0.11  
   -0.77  0.37  0.52  
   0.41  -0.34  0.85  

9  1052.81  -400.94  424.16  
   -0.26  0.96  -0.07  
   -0.14  0.03  0.99  
   0.95  0.27  0.13  

8  1113.98  -312.99  123.23  
   0.36  -0.73  0.58  
   0.34  0.68  0.65  
   -0.87  -0.04  0.49  

4  1263.55  162.07  -91.98  
   0.30  -0.95  0.08  
   0.88  0.24  -0.42  
   0.38  0.20  0.91  

2  854.57  -38.84  579.09  
   0.32  -0.95  -0.01  
   0.94  0.32  0.08  
   -0.07  -0.04  1.00  

3  1351.95  -20.54  15.63  
   -0.07  0.16  -0.99  
   -0.29  -0.95  -0.13  
   -0.96  0.27  0.11  

6  986.73  380.85  362.99  
   -0.38  -0.91  -0.14  
   0.20  0.07  -0.98  
   0.90  -0.40  0.16  

5  1086.30  251.82  80.81  
   0.55  0.56  0.61  
   -0.38  0.83  -0.42  
   -0.74  -0.00  0.67  

7  1261.76  -208.95  -82.15  
   0.48  0.87  0.10  
   -0.77  0.37  0.52  
   0.41  -0.32  0.85  

8  1107.73  -313.88  106.71  
   0.44  -0.72  0.54  
   0.34  0.69  0.64  
   -0.83  -0.10  0.55  

9  1024.24  -401.39  400.05  
   -0.34  0.94  -0.08  
   -0.15  0.03  0.99  
   0.93  0.35  0.13  

2  854.57  -38.84  579.09  
   0.32  -0.95  -0.01  
   0.94  0.32  0.08  
   -0.07  -0.04  1.00  

6  958.16  382.19  331.29  
   -0.48  -0.86  -0.18  
   0.20  0.09  -0.98  
   0.86  -0.50  0.13  

5  1082.72  252.71  60.72  
   0.62  0.56  0.55  
   -0.38  0.83  -0.42  
   -0.69  0.05  0.73  

3  1355.97  -22.32  16.97  
   -0.05  0.15  -0.99  
   -0.29  -0.95  -0.13  
   -0.96  0.28  0.09  

7  1266.68  -209.40  -85.72  
   0.47  0.88  0.09  
   -0.78  0.37  0.51  
   0.41  -0.31  0.86  

4  1272.03  162.07  -93.32  
   0.28  -0.96  0.06  
   0.88  0.23  -0.41  
   0.38  0.17  0.91  

8  1101.48  -313.43  87.51  
   0.51  -0.69  0.52  
   0.34  0.71  0.61  
   -0.79  -0.14  0.60  

9  995.66  -400.94  373.71  
   -0.41  0.91  -0.06  
   -0.15  -0.00  0.99  
   0.90  0.42  0.14  

2  854.57  -38.40  579.54  
   0.32  -0.95  -0.01  
   0.94  0.32  0.08  
   -0.07  -0.04  1.00  

3  1360.44  -21.43  17.41  
   -0.04  0.14  -0.99  
   -0.29  -0.95  -0.12  
   -0.96  0.28  0.08  

4  1277.84  162.52  -95.10  
   0.26  -0.96  0.04  
   0.89  0.22  -0.40  
   0.37  0.14  0.92  

5  1082.28  250.48  43.76  
   0.68  0.54  0.49  
   -0.37  0.83  -0.41  
   -0.63  0.10  0.77  

6  937.62  380.40  298.25  
   -0.55  -0.81  -0.19  
   0.20  0.10  -0.97  
   0.81  -0.57  0.11  

9  972.00  -400.94  348.70  
   -0.48  0.88  -0.05  
   -0.15  -0.03  0.99  
   0.87  0.48  0.15  

8  1097.01  -307.63  75.01  
   0.57  -0.66  0.49  
   0.34  0.73  0.59  
   -0.74  -0.17  0.64  

7  1274.71  -206.72  -85.28  
   0.45  0.89  0.07  
   -0.79  0.36  0.50  
   0.42  -0.28  0.86  

2  854.57  -38.40  579.54  
   0.32  -0.95  -0.01  
   0.94  0.32  0.08  
   -0.07  -0.04  1.00  

5  1082.28  248.69  29.02  
   0.73  0.52  0.44  
   -0.36  0.84  -0.41  
   -0.58  0.14  0.80  

3  1364.90  -21.88  21.88  
   -0.02  0.13  -0.99  
   -0.29  -0.95  -0.11  
   -0.96  0.29  0.06  

4  1284.09  160.73  -95.10  
   0.24  -0.97  0.02  
   0.89  0.22  -0.39  
   0.38  0.11  0.92  

6  922.44  374.60  275.03  
   -0.61  -0.76  -0.21  
   0.19  0.12  -0.97  
   0.77  -0.64  0.07  

9  954.14  -403.18  326.83  
   -0.53  0.85  -0.04  
   -0.16  -0.05  0.99  
   0.83  0.53  0.16  

8  1095.67  -308.52  62.06  
   0.62  -0.64  0.46  
   0.34  0.74  0.57  
   -0.71  -0.20  0.68  

7  1279.18  -207.62  -83.94  
   0.43  0.90  0.05  
   -0.79  0.35  0.50  
   0.43  -0.26  0.86  

2  855.02  -38.84  579.09  
   0.32  -0.95  -0.01  
   0.94  0.32  0.08  
   -0.07  -0.04  1.00  

5  1083.62  239.76  16.52  
   0.77  0.50  0.40  
   -0.34  0.85  -0.40  
   -0.54  0.17  0.82  

6  907.70  361.21  252.71  
   -0.67  -0.71  -0.21  
   0.17  0.13  -0.98  
   0.72  -0.69  0.03  

4  1291.23  159.39  -95.10  
   0.22  -0.97  -0.01  
   0.90  0.21  -0.39  
   0.38  0.07  0.92  

3  1369.81  -22.32  22.32  
   -0.01  0.12  -0.99  
   -0.30  -0.95  -0.11  
   -0.96  0.29  0.05  

7  1284.09  -208.06  -83.49  
   0.41  0.91  0.03  
   -0.80  0.34  0.50  
   0.44  -0.23  0.87  

8  1095.67  -306.29  50.01  
   0.66  -0.61  0.43  
   0.35  0.76  0.55  
   -0.67  -0.21  0.71  

9  941.19  -404.96  304.06  
   -0.57  0.82  -0.05  
   -0.17  -0.06  0.98  
   0.80  0.57  0.18  

2  855.02  -38.84  579.09  
   0.32  -0.95  -0.01  
   0.94  0.32  0.08  
   -0.07  -0.04  1.00  

4  1299.72  155.38  -95.55  
   0.19  -0.98  -0.04  
   0.90  0.19  -0.38  
   0.38  0.04  0.92  

3  1376.06  -23.22  26.79  
   0.00  0.11  -0.99  
   -0.30  -0.95  -0.11  
   -0.95  0.30  0.03  

7  1293.47  -211.19  -79.92  
   0.39  0.92  0.00  
   -0.80  0.34  0.50  
   0.45  -0.20  0.87  

5  1086.30  232.62  8.93  
   0.80  0.46  0.38  
   -0.31  0.87  -0.39  
   -0.50  0.19  0.84  

6  897.88  346.03  235.30  
   -0.71  -0.67  -0.20  
   0.15  0.14  -0.98  
   0.69  -0.72  -0.00  

9  930.03  -403.62  285.30  
   -0.62  0.78  -0.06  
   -0.17  -0.06  0.98  
   0.76  0.62  0.17  

8  1098.80  -304.06  41.52  
   0.70  -0.59  0.40  
   0.34  0.77  0.54  
   -0.63  -0.24  0.74  

2  855.02  -38.84  579.09  
   0.32  -0.95  -0.01  
   0.94  0.32  0.08  
   -0.07  -0.04  1.00  

4  1307.31  154.04  -95.55  
   0.17  -0.98  -0.06  
   0.91  0.18  -0.38  
   0.38  0.01  0.92  

3  1383.21  -25.00  29.47  
   0.02  0.11  -0.99  
   -0.30  -0.95  -0.11  
   -0.95  0.30  0.01  

5  1090.76  226.81  -0.45  
   0.83  0.44  0.35  
   -0.30  0.87  -0.39  
   -0.48  0.22  0.85  

6  894.31  337.54  218.33  
   -0.74  -0.64  -0.21  
   0.13  0.16  -0.98  
   0.66  -0.75  -0.04  

9  923.33  -400.94  265.66  
   -0.66  0.75  -0.09  
   -0.17  -0.04  0.98  
   0.73  0.67  0.15  

7  1300.61  -212.08  -77.69  
   0.38  0.93  -0.03  
   -0.80  0.34  0.49  
   0.47  -0.17  0.87  

8  1103.71  -300.48  33.04  
   0.73  -0.57  0.37  
   0.33  0.78  0.53  
   -0.59  -0.26  0.76  

2  854.57  -38.84  579.09  
   0.32  -0.95  -0.01  
   0.94  0.32  0.08  
   -0.07  -0.04  1.00  

6  888.95  335.31  191.99  
   -0.78  -0.58  -0.22  
   0.14  0.19  -0.97  
   0.60  -0.79  -0.07  

5  1097.46  224.14  -12.95  
   0.85  0.42  0.30  
   -0.30  0.88  -0.38  
   -0.43  0.23  0.87  

4  1316.68  151.36  -95.99  
   0.14  -0.99  -0.09  
   0.91  0.17  -0.37  
   0.38  -0.02  0.92  

3  1389.01  -25.00  33.93  
   0.04  0.11  -0.99  
   -0.30  -0.95  -0.11  
   -0.95  0.31  -0.01  

7  1310.88  -212.97  -78.13  
   0.35  0.93  -0.06  
   -0.81  0.34  0.48  
   0.47  -0.13  0.87  

9  911.27  -395.59  241.10  
   -0.71  0.70  -0.09  
   -0.17  -0.04  0.98  
   0.68  0.72  0.15  

8  1108.17  -296.02  20.09  
   0.78  -0.53  0.34  
   0.32  0.80  0.51  
   -0.54  -0.28  0.79  

2  854.57  -38.84  579.09  
   0.32  -0.95  -0.01  
   0.94  0.32  0.08  
   -0.07  -0.04  1.00  

5  1102.37  221.90  -22.77  
   0.88  0.40  0.26  
   -0.30  0.88  -0.36  
   -0.37  0.24  0.90  

3  1393.92  -24.56  39.74  
   0.06  0.10  -0.99  
   -0.30  -0.95  -0.11  
   -0.95  0.30  -0.03  

6  884.04  335.31  166.54  
   -0.82  -0.52  -0.23  
   0.15  0.20  -0.97  
   0.55  -0.83  -0.08  

4  1324.27  150.02  -93.32  
   0.12  -0.99  -0.12  
   0.92  0.16  -0.37  
   0.38  -0.07  0.92  

8  1109.07  -293.34  5.80  
   0.81  -0.49  0.31  
   0.32  0.82  0.48  
   -0.49  -0.29  0.82  

7  1317.58  -213.42  -78.13  
   0.33  0.94  -0.09  
   -0.82  0.33  0.47  
   0.48  -0.08  0.88  

9  901.45  -392.91  211.63  
   -0.75  0.65  -0.09  
   -0.17  -0.07  0.98  
   0.64  0.75  0.16  

2  854.57  -38.84  579.09  
   0.32  -0.95  -0.01  
   0.94  0.32  0.08  
   -0.07  -0.04  1.00  

3  1397.94  -26.34  42.42  
   0.07  0.09  -0.99  
   -0.30  -0.95  -0.11  
   -0.95  0.30  -0.04  

5  1107.28  218.78  -33.93  
   0.90  0.38  0.23  
   -0.29  0.89  -0.34  
   -0.33  0.24  0.91  

4  1329.18  150.02  -92.42  
   0.09  -0.98  -0.15  
   0.92  0.14  -0.36  
   0.38  -0.11  0.92  

6  880.47  331.29  143.32  
   -0.85  -0.47  -0.24  
   0.15  0.21  -0.97  
   0.50  -0.86  -0.10  

7  1325.61  -211.63  -78.13  
   0.30  0.95  -0.12  
   -0.83  0.32  0.46  
   0.47  -0.04  0.88  

9  893.86  -391.12  181.27  
   -0.79  0.60  -0.10  
   -0.18  -0.07  0.98  
   0.58  0.79  0.17  

8  1113.98  -289.32  -7.59  
   0.84  -0.47  0.27  
   0.32  0.84  0.45  
   -0.44  -0.29  0.85  

2  855.02  -38.84  579.09  
   0.32  -0.95  -0.01  
   0.94  0.32  0.08  
   -0.07  -0.04  1.00  

3  1401.96  -26.34  45.09  
   0.09  0.09  -0.99  
   -0.30  -0.95  -0.11  
   -0.95  0.30  -0.06  

7  1332.76  -211.19  -76.80  
   0.28  0.95  -0.16  
   -0.83  0.32  0.45  
   0.48  0.01  0.88  

4  1334.99  146.00  -93.32  
   0.06  -0.98  -0.17  
   0.93  0.12  -0.36  
   0.37  -0.14  0.92  

5  1110.41  214.31  -44.20  
   0.91  0.35  0.20  
   -0.28  0.90  -0.32  
   -0.29  0.24  0.93  

6  876.90  326.38  120.10  
   -0.88  -0.42  -0.23  
   0.16  0.20  -0.97  
   0.45  -0.88  -0.11  

8  1118.44  -285.75  -17.41  
   0.87  -0.44  0.23  
   0.32  0.85  0.43  
   -0.39  -0.30  0.87  

9  888.95  -391.12  154.93  
   -0.83  0.54  -0.13  
   -0.19  -0.06  0.98  
   0.53  0.84  0.15  

5  1116.66  211.19  -60.72  
   0.93  0.34  0.15  
   -0.28  0.91  -0.30  
   -0.24  0.23  0.94  

2  854.57  -38.40  579.09  
   0.32  -0.95  -0.01  
   0.94  0.32  0.08  
   -0.07  -0.04  1.00  

4  1339.90  142.88  -92.87  
   0.04  -0.98  -0.19  
   0.93  0.10  -0.35  
   0.36  -0.17  0.92  

3  1406.87  -25.90  50.45  
   0.11  0.09  -0.99  
   -0.30  -0.95  -0.12  
   -0.95  0.31  -0.08  

6  876.00  327.27  89.30  
   -0.90  -0.36  -0.24  
   0.17  0.21  -0.96  
   0.40  -0.91  -0.13  

9  886.72  -389.78  127.69  
   -0.86  0.49  -0.14  
   -0.20  -0.06  0.98  
   0.47  0.87  0.15  

8  1125.59  -281.73  -29.02  
   0.89  -0.42  0.19  
   0.31  0.85  0.42  
   -0.34  -0.31  0.89  

7  1339.01  -211.19  -74.56  
   0.26  0.94  -0.20  
   -0.84  0.32  0.44  
   0.48  0.06  0.88  

2  855.02  -38.84  579.09  
   0.32  -0.95  -0.01  
   0.94  0.32  0.08  
   -0.07  -0.04  1.00  

3  1409.55  -25.90  54.92  
   0.13  0.09  -0.99  
   -0.30  -0.95  -0.13  
   -0.95  0.31  -0.10  

4  1345.26  141.98  -92.87  
   0.01  -0.97  -0.22  
   0.94  0.09  -0.34  
   0.35  -0.21  0.91  

5  1124.69  211.63  -72.33  
   0.94  0.33  0.11  
   -0.29  0.92  -0.27  
   -0.19  0.22  0.96  

6  878.23  333.52  61.17  
   -0.92  -0.30  -0.25  
   0.20  0.20  -0.96  
   0.33  -0.94  -0.12  

8  1131.39  -279.50  -34.83  
   0.91  -0.40  0.15  
   0.31  0.86  0.41  
   -0.29  -0.33  0.90  

9  886.27  -388.44  101.80  
   -0.89  0.42  -0.17  
   -0.21  -0.05  0.98  
   0.40  0.91  0.13  

7  1345.26  -208.51  -72.33  
   0.24  0.94  -0.24  
   -0.84  0.32  0.43  
   0.48  0.10  0.87  

2  854.57  -38.84  579.09  
   0.32  -0.95  -0.01  
   0.94  0.32  0.08  
   -0.07  -0.04  1.00  

5  1132.28  211.63  -76.80  
   0.94  0.32  0.08  
   -0.29  0.92  -0.27  
   -0.16  0.23  0.96  

6  884.49  334.86  49.11  
   -0.93  -0.26  -0.26  
   0.21  0.20  -0.96  
   0.30  -0.95  -0.13  

3  1415.36  -24.11  60.28  
   0.15  0.08  -0.98  
   -0.29  -0.95  -0.13  
   -0.94  0.31  -0.12  

4  1354.63  142.88  -91.08  
   -0.00  -0.97  -0.24  
   0.94  0.08  -0.34  
   0.35  -0.23  0.91  

7  1351.95  -210.29  -72.78  
   0.22  0.94  -0.26  
   -0.85  0.31  0.42  
   0.48  0.13  0.87  

9  888.50  -385.76  80.81  
   -0.91  0.38  -0.18  
   -0.22  -0.06  0.97  
   0.35  0.92  0.14  

8  1138.54  -275.48  -43.76  
   0.92  -0.38  0.12  
   0.31  0.87  0.39  
   -0.25  -0.32  0.91  

2  854.57  -38.84  579.09  
   0.32  -0.95  -0.01  
   0.94  0.32  0.08  
   -0.07  -0.04  1.00  

4  1361.78  144.21  -86.62  
   -0.02  -0.96  -0.27  
   0.94  0.07  -0.34  
   0.35  -0.26  0.90  

5  1140.32  209.40  -78.58  
   0.95  0.30  0.05  
   -0.28  0.93  -0.26  
   -0.13  0.23  0.96  

3  1420.71  -23.66  63.85  
   0.17  0.08  -0.98  
   -0.29  -0.95  -0.13  
   -0.94  0.30  -0.14  

6  885.38  326.38  33.93  
   -0.94  -0.22  -0.24  
   0.19  0.22  -0.96  
   0.26  -0.95  -0.16  

9  889.84  -378.17  58.04  
   -0.93  0.32  -0.18  
   -0.21  -0.07  0.97  
   0.30  0.95  0.13  

8  1146.13  -268.34  -50.45  
   0.93  -0.35  0.09  
   0.30  0.88  0.37  
   -0.21  -0.32  0.93  

7  1360.88  -203.15  -68.76  
   0.19  0.93  -0.30  
   -0.86  0.31  0.41  
   0.48  0.18  0.86  

2  854.57  -38.84  579.09  
   0.32  -0.95  -0.01  
   0.94  0.32  0.08  
   -0.07  -0.04  1.00  

4  1368.47  146.45  -85.72  
   -0.05  -0.96  -0.29  
   0.94  0.05  -0.34  
   0.34  -0.29  0.89  

3  1425.62  -21.43  69.65  
   0.19  0.08  -0.98  
   -0.28  -0.95  -0.13  
   -0.94  0.30  -0.16  

5  1147.02  205.38  -87.06  
   0.96  0.27  0.03  
   -0.26  0.93  -0.25  
   -0.09  0.23  0.97  

6  886.27  318.79  17.86  
   -0.96  -0.18  -0.22  
   0.18  0.22  -0.96  
   0.22  -0.96  -0.18  

7  1367.14  -203.15  -69.21  
   0.17  0.93  -0.33  
   -0.86  0.31  0.41  
   0.48  0.21  0.85  

8  1154.16  -267.00  -59.38  
   0.94  -0.34  0.06  
   0.30  0.88  0.36  
   -0.17  -0.32  0.93  

9  895.65  -378.17  36.17  
   -0.95  0.26  -0.20  
   -0.22  -0.07  0.97  
   0.24  0.96  0.12  

2  854.57  -38.40  579.09  
   0.32  -0.95  -0.01  
   0.94  0.32  0.08  
   -0.07  -0.04  1.00  

3  1430.54  -18.75  74.56  
   0.21  0.08  -0.97  
   -0.28  -0.95  -0.14  
   -0.94  0.30  -0.18  

4  1375.62  148.23  -83.05  
   -0.08  -0.95  -0.31  
   0.94  0.04  -0.34  
   0.33  -0.31  0.89  

6  891.18  318.34  -0.89  
   -0.97  -0.13  -0.22  
   0.18  0.24  -0.95  
   0.17  -0.96  -0.20  

7  1375.17  -200.03  -66.53  
   0.17  0.92  -0.36  
   -0.86  0.31  0.40  
   0.48  0.24  0.84  

5  1154.16  205.38  -93.32  
   0.97  0.26  -0.01  
   -0.25  0.94  -0.24  
   -0.05  0.24  0.97  

8  1164.88  -264.32  -61.17  
   0.94  -0.34  0.02  
   0.31  0.88  0.36  
   -0.14  -0.33  0.93  

9  905.47  -380.40  23.22  
   -0.95  0.23  -0.21  
   -0.23  -0.06  0.97  
   0.21  0.97  0.11  

2  854.57  -38.84  579.09  
   0.32  -0.95  -0.01  
   0.94  0.32  0.08  
   -0.07  -0.04  1.00  

3  1435.89  -15.63  79.92  
   0.23  0.08  -0.97  
   -0.28  -0.95  -0.15  
   -0.93  0.31  -0.20  

5  1165.32  206.72  -102.24  
   0.97  0.25  -0.05  
   -0.25  0.94  -0.23  
   -0.01  0.23  0.97  

6  899.67  321.92  -23.22  
   -0.97  -0.08  -0.22  
   0.20  0.23  -0.95  
   0.12  -0.97  -0.21  

4  1382.76  146.00  -82.60  
   -0.09  -0.94  -0.33  
   0.94  0.03  -0.33  
   0.32  -0.34  0.88  

7  1384.99  -198.24  -61.17  
   0.16  0.91  -0.39  
   -0.86  0.32  0.40  
   0.48  0.27  0.83  

9  912.61  -382.19  11.61  
   -0.95  0.20  -0.22  
   -0.24  -0.06  0.97  
   0.18  0.98  0.10  

8  1172.91  -265.21  -65.19  
   0.94  -0.33  -0.00  
   0.31  0.88  0.36  
   -0.12  -0.34  0.93  

2  854.57  -38.40  579.09  
   0.32  -0.95  -0.01  
   0.94  0.32  0.08  
   -0.07  -0.04  1.00  

7  1391.25  -196.01  -58.94  
   0.15  0.90  -0.41  
   -0.86  0.32  0.39  
   0.48  0.30  0.82  

4  1389.91  144.66  -82.15  
   -0.10  -0.93  -0.35  
   0.95  0.02  -0.33  
   0.31  -0.37  0.88  

6  908.15  324.15  -38.40  
   -0.97  -0.04  -0.22  
   0.21  0.22  -0.95  
   0.08  -0.97  -0.21  

5  1172.91  206.28  -106.71  
   0.97  0.24  -0.08  
   -0.26  0.94  -0.22  
   0.02  0.23  0.97  

3  1440.81  -15.63  81.71  
   0.25  0.08  -0.96  
   -0.29  -0.95  -0.15  
   -0.93  0.31  -0.22  

8  1180.50  -263.87  -69.65  
   0.95  -0.32  -0.03  
   0.31  0.88  0.35  
   -0.09  -0.34  0.94  

9  918.86  -378.62  -1.79  
   -0.96  0.16  -0.22  
   -0.23  -0.05  0.97  
   0.15  0.99  0.08  

2  854.57  -38.40  579.54  
   0.32  -0.95  -0.01  
   0.94  0.32  0.08  
   -0.07  -0.04  1.00  

4  1395.26  146.89  -79.03  
   -0.11  -0.92  -0.37  
   0.95  0.02  -0.32  
   0.31  -0.39  0.87  

3  1445.27  -12.95  87.96  
   0.27  0.07  -0.96  
   -0.29  -0.95  -0.15  
   -0.92  0.32  -0.24  

5  1180.95  205.83  -108.94  
   0.97  0.24  -0.10  
   -0.25  0.94  -0.22  
   0.04  0.23  0.97  

6  915.29  323.70  -43.76  
   -0.98  -0.01  -0.21  
   0.21  0.24  -0.95  
   0.06  -0.97  -0.23  

7  1397.50  -196.45  -56.70  
   0.13  0.89  -0.44  
   -0.87  0.31  0.39  
   0.48  0.33  0.81  

8  1188.99  -262.53  -73.67  
   0.95  -0.31  -0.06  
   0.31  0.89  0.35  
   -0.06  -0.35  0.93  

9  924.67  -379.07  -16.07  
   -0.97  0.12  -0.23  
   -0.23  -0.03  0.97  
   0.11  0.99  0.06  

2  854.57  -38.84  579.09  
   0.32  -0.95  -0.01  
   0.94  0.32  0.08  
   -0.07  -0.04  1.00  

4  1403.75  147.34  -74.56  
   -0.11  -0.91  -0.39  
   0.95  0.02  -0.32  
   0.30  -0.41  0.86  

3  1447.95  -16.07  92.42  
   0.29  0.06  -0.96  
   -0.29  -0.95  -0.15  
   -0.91  0.32  -0.25  

5  1190.77  205.83  -109.39  
   0.97  0.23  -0.12  
   -0.25  0.94  -0.22  
   0.06  0.24  0.97  

7  1404.19  -195.56  -53.13  
   0.12  0.88  -0.46  
   -0.87  0.32  0.38  
   0.48  0.35  0.80  

6  924.22  323.25  -49.11  
   -0.98  0.02  -0.21  
   0.21  0.24  -0.95  
   0.03  -0.97  -0.24  

8  1196.58  -263.43  -74.56  
   0.95  -0.30  -0.08  
   0.31  0.88  0.35  
   -0.03  -0.36  0.93  

9  932.71  -379.51  -22.77  
   -0.97  0.09  -0.23  
   -0.23  -0.02  0.97  
   0.08  1.00  0.04  

2  854.57  -38.84  579.54  
   0.32  -0.95  -0.01  
   0.94  0.32  0.08  
   -0.07  -0.04  1.00  

3  1455.09  -13.39  98.23  
   0.31  0.06  -0.95  
   -0.29  -0.95  -0.15  
   -0.91  0.32  -0.27  

4  1412.68  146.89  -70.54  
   -0.12  -0.90  -0.41  
   0.95  0.02  -0.32  
   0.30  -0.42  0.85  

5  1201.04  205.38  -109.39  
   0.96  0.23  -0.14  
   -0.25  0.94  -0.21  
   0.08  0.24  0.97  

6  934.94  322.81  -56.70  
   -0.98  0.05  -0.21  
   0.22  0.24  -0.95  
   0.01  -0.97  -0.24  

7  1412.23  -193.33  -48.22  
   0.11  0.87  -0.47  
   -0.87  0.32  0.38  
   0.49  0.37  0.79  

8  1207.74  -260.30  -73.22  
   0.95  -0.29  -0.10  
   0.31  0.88  0.36  
   -0.01  -0.38  0.93  

9  942.98  -377.28  -26.34  
   -0.97  0.06  -0.23  
   -0.23  0.00  0.97  
   0.06  1.00  0.01  

2  854.57  -38.84  579.09  
   0.32  -0.95  -0.01  
   0.94  0.32  0.08  
   -0.07  -0.04  1.00  

4  1426.52  147.79  -65.19  
   -0.13  -0.89  -0.43  
   0.95  0.02  -0.33  
   0.30  -0.45  0.84  

3  1463.58  -15.63  105.82  
   0.33  0.05  -0.94  
   -0.29  -0.95  -0.15  
   -0.90  0.32  -0.30  

5  1216.67  206.72  -110.28  
   0.96  0.22  -0.16  
   -0.25  0.94  -0.22  
   0.11  0.25  0.96  

6  949.67  322.36  -64.74  
   -0.98  0.08  -0.21  
   0.22  0.25  -0.94  
   -0.02  -0.97  -0.26  

7  1423.39  -195.11  -42.86  
   0.10  0.86  -0.49  
   -0.87  0.32  0.39  
   0.49  0.39  0.78  

8  1220.69  -261.19  -74.56  
   0.95  -0.28  -0.13  
   0.30  0.88  0.36  
   0.01  -0.38  0.92  

9  956.37  -375.94  -34.38  
   -0.97  0.04  -0.23  
   -0.23  0.01  0.97  
   0.04  1.00  0.00  

2  854.57  -38.40  579.09  
   0.32  -0.95  -0.01  
   0.94  0.32  0.08  
   -0.07  -0.04  1.00  

3  1472.06  -14.29  112.96  
   0.35  0.04  -0.93  
   -0.28  -0.95  -0.15  
   -0.89  0.32  -0.32  

4  1436.79  149.57  -56.70  
   -0.14  -0.88  -0.46  
   0.94  0.02  -0.33  
   0.30  -0.48  0.83  

5  1230.06  207.17  -110.28  
   0.96  0.21  -0.19  
   -0.25  0.94  -0.22  
   0.13  0.26  0.96  

6  963.07  324.15  -74.56  
   -0.97  0.11  -0.20  
   0.23  0.24  -0.94  
   -0.06  -0.96  -0.26  

8  1233.64  -261.19  -76.80  
   0.95  -0.27  -0.15  
   0.31  0.88  0.36  
   0.04  -0.39  0.92  

7  1437.23  -195.11  -40.18  
   0.09  0.85  -0.52  
   -0.87  0.32  0.38  
   0.49  0.41  0.77  

9  969.76  -377.73  -45.99  
   -0.97  0.01  -0.24  
   -0.24  0.01  0.97  
   0.01  1.00  -0.01  

2  854.57  -38.40  579.09  
   0.32  -0.95  -0.01  
   0.94  0.32  0.08  
   -0.07  -0.04  1.00  

7  1443.93  -193.33  -33.93  
   0.08  0.84  -0.54  
   -0.87  0.32  0.38  
   0.49  0.44  0.75  

6  972.00  323.25  -84.83  
   -0.97  0.15  -0.20  
   0.23  0.23  -0.94  
   -0.09  -0.96  -0.26  

3  1476.97  -10.27  120.10  
   0.37  0.04  -0.93  
   -0.28  -0.95  -0.15  
   -0.88  0.32  -0.34  

5  1238.55  207.62  -112.07  
   0.96  0.20  -0.21  
   -0.24  0.95  -0.22  
   0.16  0.26  0.95  

4  1445.72  150.02  -52.69  
   -0.15  -0.87  -0.47  
   0.94  0.02  -0.33  
   0.29  -0.50  0.82  

8  1242.12  -260.75  -77.69  
   0.95  -0.26  -0.18  
   0.31  0.88  0.36  
   0.06  -0.40  0.92  

9  979.14  -378.17  -53.58  
   -0.97  -0.02  -0.24  
   -0.24  0.01  0.97  
   -0.02  1.00  -0.02  

2  854.57  -38.40  579.09  
   0.32  -0.95  -0.01  
   0.94  0.32  0.08  
   -0.07  -0.04  1.00  

3  1479.20  -12.50  123.23  
   0.38  0.03  -0.92  
   -0.28  -0.95  -0.15  
   -0.88  0.32  -0.36  

4  1449.29  148.68  -51.35  
   -0.15  -0.86  -0.49  
   0.94  0.01  -0.33  
   0.29  -0.51  0.81  

5  1242.57  207.17  -114.30  
   0.95  0.19  -0.23  
   -0.24  0.95  -0.21  
   0.18  0.25  0.95  

6  974.23  322.81  -93.32  
   -0.96  0.17  -0.20  
   0.24  0.23  -0.94  
   -0.12  -0.96  -0.26  

7  1447.06  -191.99  -31.25  
   0.07  0.83  -0.55  
   -0.87  0.32  0.38  
   0.49  0.45  0.75  

8  1245.24  -260.30  -78.58  
   0.95  -0.26  -0.19  
   0.31  0.88  0.36  
   0.07  -0.40  0.91  

9  980.93  -378.62  -58.04  
   -0.97  -0.04  -0.24  
   -0.24  0.01  0.97  
   -0.03  1.00  -0.02  

3  1479.65  -12.95  123.68  
   0.39  0.03  -0.92  
   -0.28  -0.95  -0.15  
   -0.88  0.32  -0.36  

4  1449.29  149.13  -50.90  
   -0.16  -0.86  -0.49  
   0.94  0.01  -0.33  
   0.29  -0.51  0.81  

2  854.57  -38.40  579.54  
   0.32  -0.95  -0.01  
   0.94  0.32  0.08  
   -0.07  -0.04  1.00  

6  973.78  325.49  -95.99  
   -0.96  0.18  -0.20  
   0.24  0.23  -0.94  
   -0.13  -0.96  -0.27  

5  1242.57  207.62  -115.64  
   0.95  0.19  -0.23  
   -0.24  0.95  -0.21  
   0.18  0.25  0.95  

8  1245.24  -259.41  -79.03  
   0.95  -0.26  -0.19  
   0.31  0.88  0.36  
   0.08  -0.40  0.91  

7  1446.61  -192.43  -32.15  
   0.07  0.83  -0.55  
   -0.87  0.32  0.38  
   0.49  0.45  0.75  

9  979.59  -378.17  -62.06  
   -0.97  -0.05  -0.24  
   -0.24  0.02  0.97  
   -0.04  1.00  -0.03  

2  854.57  -38.84  579.09  
   0.32  -0.95  -0.01  
   0.94  0.32  0.08  
   -0.07  -0.04  1.00  

5  1240.78  209.40  -115.19  
   0.95  0.19  -0.24  
   -0.25  0.95  -0.21  
   0.18  0.26  0.95  

4  1448.84  148.68  -51.35  
   -0.16  -0.86  -0.49  
   0.94  0.01  -0.33  
   0.29  -0.51  0.81  

6  971.55  329.51  -95.10  
   -0.96  0.19  -0.21  
   0.25  0.23  -0.94  
   -0.13  -0.95  -0.27  

3  1477.86  -12.50  122.34  
   0.39  0.03  -0.92  
   -0.28  -0.95  -0.15  
   -0.88  0.31  -0.36  

7  1445.72  -192.43  -32.15  
   0.07  0.83  -0.55  
   -0.87  0.32  0.37  
   0.49  0.46  0.74  

8  1242.57  -260.75  -82.60  
   0.95  -0.25  -0.20  
   0.31  0.88  0.36  
   0.08  -0.40  0.91  

9  975.57  -378.17  -65.19  
   -0.97  -0.06  -0.24  
   -0.24  0.03  0.97  
   -0.05  1.00  -0.04  

2  854.57  -38.40  579.54  
   0.32  -0.95  -0.01  
   0.94  0.32  0.08  
   -0.07  -0.04  1.00  

4  1446.61  149.57  -53.58  
   -0.16  -0.86  -0.49  
   0.94  0.02  -0.33  
   0.29  -0.51  0.81  

3  1476.52  -11.61  123.68  
   0.39  0.03  -0.92  
   -0.28  -0.95  -0.14  
   -0.88  0.31  -0.36  

6  970.21  332.63  -94.21  
   -0.96  0.19  -0.22  
   0.26  0.24  -0.94  
   -0.13  -0.95  -0.28  

5  1237.65  211.63  -116.53  
   0.95  0.20  -0.24  
   -0.25  0.94  -0.21  
   0.18  0.26  0.95  

8  1238.10  -260.30  -82.60  
   0.95  -0.25  -0.20  
   0.31  0.88  0.36  
   0.09  -0.40  0.91  

7  1442.14  -191.10  -33.93  
   0.07  0.83  -0.55  
   -0.87  0.32  0.37  
   0.49  0.46  0.75  

9  971.55  -376.39  -65.19  
   -0.97  -0.06  -0.24  
   -0.24  0.03  0.97  
   -0.05  1.00  -0.05  

2  854.57  -38.84  579.09  
   0.32  -0.95  -0.01  
   0.94  0.32  0.08  
   -0.07  -0.04  1.00  

4  1443.48  149.57  -53.13  
   -0.16  -0.86  -0.49  
   0.94  0.02  -0.33  
   0.29  -0.51  0.81  

3  1474.29  -11.61  121.00  
   0.38  0.03  -0.92  
   -0.27  -0.95  -0.14  
   -0.88  0.31  -0.36  

5  1236.32  211.19  -117.43  
   0.95  0.21  -0.24  
   -0.26  0.94  -0.20  
   0.18  0.26  0.95  

6  969.76  335.31  -99.12  
   -0.95  0.21  -0.23  
   0.27  0.23  -0.93  
   -0.14  -0.95  -0.27  

9  967.98  -375.05  -64.74  
   -0.97  -0.06  -0.23  
   -0.23  0.03  0.97  
   -0.05  1.00  -0.05  

8  1235.42  -259.41  -83.49  
   0.95  -0.25  -0.20  
   0.30  0.88  0.36  
   0.08  -0.40  0.91  

7  1439.47  -191.99  -35.27  
   0.06  0.83  -0.55  
   -0.87  0.31  0.37  
   0.48  0.45  0.75  

2  854.57  -38.84  579.54  
   0.32  -0.95  -0.01  
   0.94  0.32  0.08  
   -0.07  -0.04  1.00  

4  1441.70  150.91  -53.13  
   -0.16  -0.86  -0.49  
   0.94  0.02  -0.33  
   0.29  -0.51  0.81  

3  1472.95  -11.16  121.00  
   0.38  0.03  -0.92  
   -0.27  -0.95  -0.14  
   -0.88  0.31  -0.36  

6  970.21  336.65  -98.23  
   -0.95  0.21  -0.23  
   0.27  0.23  -0.93  
   -0.14  -0.95  -0.28  

5  1235.42  212.08  -118.32  
   0.95  0.21  -0.24  
   -0.26  0.94  -0.20  
   0.18  0.26  0.95  

7  1438.13  -191.99  -36.61  
   0.06  0.84  -0.55  
   -0.87  0.31  0.37  
   0.48  0.45  0.75  

9  967.09  -375.49  -64.29  
   -0.97  -0.06  -0.23  
   -0.23  0.04  0.97  
   -0.05  1.00  -0.05  

8  1234.53  -259.85  -83.94  
   0.95  -0.25  -0.19  
   0.30  0.88  0.36  
   0.08  -0.40  0.91  

2  854.57  -38.84  579.09  
   0.32  -0.95  -0.01  
   0.94  0.32  0.08  
   -0.07  -0.04  1.00  

3  1472.95  -10.72  120.55  
   0.38  0.03  -0.92  
   -0.27  -0.95  -0.14  
   -0.88  0.31  -0.36  

4  1441.70  151.80  -52.69  
   -0.15  -0.86  -0.48  
   0.94  0.02  -0.34  
   0.30  -0.50  0.81  

5  1234.53  216.10  -108.94  
   0.95  0.22  -0.23  
   -0.27  0.94  -0.22  
   0.17  0.27  0.95  

6  968.87  341.11  -79.03  
   -0.95  0.19  -0.23  
   0.27  0.25  -0.93  
   -0.12  -0.95  -0.30  

8  1233.19  -261.19  -77.69  
   0.95  -0.26  -0.18  
   0.31  0.87  0.37  
   0.06  -0.41  0.91  

7  1438.57  -191.10  -37.06  
   0.07  0.84  -0.54  
   -0.87  0.31  0.37  
   0.48  0.45  0.75  

9  967.09  -380.40  -46.43  
   -0.97  -0.03  -0.24  
   -0.24  0.06  0.97  
   -0.02  1.00  -0.06  

2  854.57  -38.84  579.54  
   0.32  -0.95  -0.01  
   0.94  0.32  0.08  
   -0.07  -0.04  1.00  

4  1442.14  150.91  -50.90  
   -0.14  -0.87  -0.47  
   0.94  0.04  -0.34  
   0.32  -0.48  0.81  

3  1472.95  -10.27  120.10  
   0.38  0.03  -0.93  
   -0.27  -0.95  -0.14  
   -0.89  0.30  -0.35  

5  1231.40  216.99  -102.24  
   0.95  0.23  -0.20  
   -0.28  0.93  -0.22  
   0.13  0.27  0.95  

6  967.09  343.35  -58.94  
   -0.96  0.16  -0.24  
   0.28  0.25  -0.93  
   -0.08  -0.96  -0.28  

9  965.75  -385.76  -20.98  
   -0.97  0.03  -0.24  
   -0.24  0.06  0.97  
   0.04  1.00  -0.05  

8  1231.85  -267.89  -68.76  
   0.95  -0.28  -0.15  
   0.32  0.86  0.40  
   0.02  -0.43  0.90  

7  1436.34  -194.67  -39.29  
   0.08  0.86  -0.51  
   -0.87  0.31  0.38  
   0.49  0.41  0.77  

2  854.57  -38.84  579.09  
   0.32  -0.95  -0.01  
   0.94  0.32  0.08  
   -0.07  -0.04  1.00  

3  1472.06  -10.27  117.87  
   0.36  0.04  -0.93  
   -0.27  -0.95  -0.14  
   -0.89  0.30  -0.33  

5  1223.37  218.78  -94.65  
   0.96  0.24  -0.16  
   -0.28  0.93  -0.22  
   0.10  0.26  0.96  

4  1439.02  152.70  -51.35  
   -0.13  -0.88  -0.45  
   0.94  0.04  -0.35  
   0.32  -0.47  0.82  

6  960.39  343.35  -40.18  
   -0.96  0.11  -0.25  
   0.27  0.23  -0.93  
   -0.05  -0.97  -0.26  

8  1224.71  -268.34  -58.94  
   0.95  -0.31  -0.11  
   0.32  0.85  0.42  
   -0.03  -0.43  0.90  

7  1433.66  -191.54  -36.17  
   0.10  0.86  -0.49  
   -0.86  0.32  0.39  
   0.50  0.39  0.78  

9  961.73  -387.10  6.25  
   -0.97  0.10  -0.24  
   -0.24  0.03  0.97  
   0.10  0.99  -0.01  

2  854.57  -38.84  579.54  
   0.32  -0.95  -0.01  
   0.94  0.32  0.08  
   -0.07  -0.04  1.00  

3  1468.49  -10.72  115.19  
   0.34  0.05  -0.94  
   -0.27  -0.95  -0.15  
   -0.90  0.31  -0.31  

4  1429.64  155.82  -51.35  
   -0.12  -0.90  -0.42  
   0.93  0.05  -0.35  
   0.34  -0.43  0.84  

5  1209.08  218.78  -80.81  
   0.96  0.26  -0.09  
   -0.27  0.93  -0.23  
   0.03  0.25  0.97  

6  951.90  343.79  -4.46  
   -0.96  0.04  -0.27  
   0.27  0.22  -0.94  
   0.03  -0.97  -0.23  

8  1214.88  -274.14  -42.42  
   0.94  -0.33  -0.06  
   0.32  0.84  0.44  
   -0.10  -0.44  0.89  

9  956.82  -391.12  42.86  
   -0.96  0.18  -0.23  
   -0.24  0.02  0.97  
   0.18  0.98  0.02  

7  1428.30  -191.54  -34.83  
   0.13  0.88  -0.46  
   -0.85  0.33  0.41  
   0.51  0.33  0.79  

2  854.57  -38.84  579.09  
   0.32  -0.95  -0.01  
   0.94  0.32  0.08  
   -0.07  -0.04  1.00  

4  1419.82  154.93  -57.60  
   -0.08  -0.92  -0.38  
   0.93  0.06  -0.36  
   0.35  -0.38  0.85  

3  1462.68  -12.50  108.50  
   0.31  0.06  -0.95  
   -0.27  -0.95  -0.15  
   -0.91  0.30  -0.28  

5  1195.69  224.58  -66.97  
   0.96  0.29  -0.01  
   -0.29  0.93  -0.24  
   -0.06  0.24  0.97  

6  945.21  351.38  36.17  
   -0.95  -0.04  -0.29  
   0.28  0.22  -0.93  
   0.10  -0.97  -0.20  

7  1418.48  -192.88  -41.97  
   0.17  0.90  -0.40  
   -0.84  0.34  0.42  
   0.52  0.26  0.82  

8  1203.28  -282.62  -28.57  
   0.92  -0.39  0.01  
   0.34  0.81  0.47  
   -0.19  -0.43  0.88  

9  954.14  -399.60  84.39  
   -0.93  0.27  -0.25  
   -0.24  0.04  0.97  
   0.27  0.96  0.03  

2  854.57  -38.84  579.09  
   0.32  -0.95  -0.01  
   0.94  0.32  0.08  
   -0.07  -0.04  1.00  

6  941.19  358.97  76.80  
   -0.94  -0.14  -0.32  
   0.29  0.21  -0.94  
   0.20  -0.97  -0.15  

3  1455.99  -11.16  99.12  
   0.28  0.08  -0.96  
   -0.27  -0.95  -0.16  
   -0.92  0.31  -0.24  

4  1406.43  158.06  -61.17  
   -0.05  -0.94  -0.33  
   0.93  0.08  -0.36  
   0.37  -0.32  0.87  

5  1180.50  229.05  -49.11  
   0.94  0.32  0.07  
   -0.30  0.92  -0.25  
   -0.15  0.22  0.96  

7  1408.66  -194.22  -44.20  
   0.21  0.91  -0.35  
   -0.83  0.36  0.44  
   0.52  0.20  0.83  

9  954.58  -406.30  127.25  
   -0.90  0.37  -0.25  
   -0.25  0.04  0.97  
   0.36  0.93  0.06  

8  1192.56  -287.54  -12.95  
   0.90  -0.44  0.07  
   0.35  0.79  0.50  
   -0.28  -0.42  0.86  

2  854.57  -38.84  579.54  
   0.32  -0.95  -0.01  
   0.94  0.32  0.08  
   -0.07  -0.04  1.00  

3  1446.61  -13.39  91.08  
   0.25  0.09  -0.96  
   -0.28  -0.95  -0.16  
   -0.93  0.31  -0.21  

4  1396.16  158.50  -66.08  
   -0.01  -0.96  -0.28  
   0.92  0.10  -0.37  
   0.38  -0.27  0.89  

8  1182.29  -293.34  1.79  
   0.87  -0.48  0.13  
   0.35  0.77  0.53  
   -0.35  -0.41  0.84  

6  939.85  360.76  122.34  
   -0.91  -0.24  -0.33  
   0.28  0.21  -0.94  
   0.29  -0.95  -0.12  

5  1166.66  229.49  -30.81  
   0.92  0.35  0.16  
   -0.30  0.91  -0.27  
   -0.24  0.20  0.95  

7  1394.37  -199.58  -50.01  
   0.24  0.92  -0.30  
   -0.82  0.36  0.45  
   0.53  0.14  0.84  

9  953.24  -410.77  163.86  
   -0.86  0.45  -0.23  
   -0.24  0.04  0.97  
   0.45  0.89  0.08  

2  854.57  -38.84  579.54  
   0.32  -0.95  -0.01  
   0.94  0.32  0.08  
   -0.07  -0.04  1.00  

4  1380.98  160.73  -69.65  
   0.02  -0.97  -0.24  
   0.92  0.11  -0.38  
   0.40  -0.21  0.89  

5  1151.48  233.96  -12.95  
   0.90  0.37  0.24  
   -0.30  0.91  -0.28  
   -0.33  0.18  0.93  

3  1437.23  -15.63  81.71  
   0.22  0.10  -0.97  
   -0.28  -0.95  -0.16  
   -0.93  0.31  -0.18  

6  939.85  361.65  164.75  
   -0.89  -0.32  -0.34  
   0.28  0.21  -0.94  
   0.37  -0.92  -0.10  

8  1167.11  -292.89  16.52  
   0.84  -0.52  0.18  
   0.35  0.76  0.55  
   -0.42  -0.39  0.82  

9  951.90  -408.98  196.45  
   -0.82  0.53  -0.22  
   -0.23  0.04  0.97  
   0.52  0.85  0.09  

7  1380.98  -200.47  -54.92  
   0.26  0.93  -0.25  
   -0.81  0.36  0.47  
   0.52  0.08  0.85  

2  854.57  -38.84  579.54  
   0.32  -0.95  -0.01  
   0.94  0.32  0.08  
   -0.07  -0.04  1.00  

6  943.42  365.22  204.94  
   -0.85  -0.41  -0.34  
   0.28  0.20  -0.94  
   0.45  -0.89  -0.06  

7  1366.24  -200.47  -61.17  
   0.29  0.94  -0.21  
   -0.81  0.35  0.47  
   0.52  0.03  0.86  

3  1426.96  -15.18  73.67  
   0.19  0.10  -0.98  
   -0.28  -0.95  -0.15  
   -0.94  0.31  -0.15  

5  1141.21  234.85  7.59  
   0.86  0.40  0.32  
   -0.31  0.90  -0.30  
   -0.41  0.16  0.90  

4  1368.92  160.73  -73.67  
   0.06  -0.98  -0.21  
   0.91  0.14  -0.39  
   0.40  -0.17  0.90  

8  1153.72  -295.13  26.79  
   0.80  -0.54  0.25  
   0.34  0.76  0.55  
   -0.49  -0.36  0.80  

9  951.46  -405.41  228.15  
   -0.78  0.60  -0.19  
   -0.22  0.03  0.97  
   0.59  0.80  0.11  

2  854.57  -38.84  579.09  
   0.32  -0.95  -0.01  
   0.94  0.32  0.08  
   -0.07  -0.04  1.00  

4  1355.97  162.97  -77.24  
   0.10  -0.98  -0.17  
   0.90  0.16  -0.40  
   0.42  -0.11  0.90  

3  1418.03  -15.18  65.19  
   0.16  0.10  -0.98  
   -0.29  -0.95  -0.14  
   -0.94  0.30  -0.12  

5  1130.94  237.08  30.81  
   0.81  0.41  0.41  
   -0.30  0.90  -0.31  
   -0.50  0.12  0.86  

6  952.80  363.44  249.14  
   -0.80  -0.51  -0.32  
   0.26  0.18  -0.95  
   0.54  -0.84  -0.01  

7  1346.60  -200.47  -66.53  
   0.30  0.94  -0.16  
   -0.81  0.34  0.48  
   0.51  -0.02  0.86  

8  1140.32  -293.79  41.97  
   0.76  -0.57  0.32  
   0.34  0.76  0.55  
   -0.56  -0.31  0.77  

9  955.92  -401.39  261.19  
   -0.72  0.67  -0.17  
   -0.21  0.02  0.98  
   0.66  0.74  0.12  

2  854.57  -38.84  579.09  
   0.32  -0.95  -0.01  
   0.94  0.32  0.08  
   -0.07  -0.04  1.00  

3  1403.75  -13.84  54.47  
   0.13  0.10  -0.99  
   -0.29  -0.95  -0.13  
   -0.95  0.30  -0.09  

4  1339.90  165.20  -81.26  
   0.14  -0.98  -0.12  
   0.89  0.18  -0.41  
   0.42  -0.05  0.90  

5  1122.91  238.87  55.36  
   0.76  0.44  0.49  
   -0.31  0.89  -0.32  
   -0.58  0.10  0.81  

7  1330.08  -200.47  -71.88  
   0.32  0.94  -0.10  
   -0.81  0.33  0.49  
   0.49  -0.08  0.87  

6  966.64  365.22  291.55  
   -0.74  -0.60  -0.31  
   0.25  0.18  -0.95  
   0.62  -0.78  0.02  

8  1130.05  -295.13  56.70  
   0.70  -0.60  0.38  
   0.34  0.75  0.56  
   -0.62  -0.27  0.73  

9  963.07  -399.16  294.23  
   -0.65  0.74  -0.15  
   -0.20  0.03  0.98  
   0.73  0.67  0.13  

2  854.57  -38.84  579.09  
   0.32  -0.95  -0.01  
   0.94  0.32  0.08  
   -0.07  -0.04  1.00  

3  1394.82  -16.07  43.76  
   0.10  0.10  -0.99  
   -0.29  -0.95  -0.12  
   -0.95  0.30  -0.06  

4  1324.72  166.99  -84.83  
   0.18  -0.98  -0.09  
   0.89  0.20  -0.41  
   0.42  -0.01  0.91  

5  1118.00  241.55  72.78  
   0.69  0.46  0.56  
   -0.31  0.89  -0.34  
   -0.65  0.07  0.76  

6  983.16  365.22  329.06  
   -0.68  -0.68  -0.29  
   0.24  0.17  -0.96  
   0.70  -0.71  0.05  

7  1311.32  -200.03  -76.35  
   0.35  0.94  -0.06  
   -0.80  0.33  0.50  
   0.48  -0.13  0.87  

8  1120.23  -295.57  70.10  
   0.65  -0.63  0.43  
   0.35  0.74  0.57  
   -0.68  -0.22  0.70  

9  974.68  -399.60  321.92  
   -0.60  0.79  -0.14  
   -0.20  0.03  0.98  
   0.78  0.61  0.14  

2  854.57  -38.84  579.09  
   0.32  -0.95  -0.01  
   0.94  0.32  0.08  
   -0.07  -0.04  1.00  

3  1384.10  -16.52  36.17  
   0.07  0.10  -0.99  
   -0.29  -0.95  -0.11  
   -0.95  0.30  -0.04  

4  1310.43  172.34  -84.83  
   0.22  -0.97  -0.06  
   0.87  0.22  -0.43  
   0.43  0.04  0.90  

5  1116.66  243.33  95.99  
   0.62  0.48  0.62  
   -0.31  0.88  -0.37  
   -0.72  0.04  0.69  

8  1114.87  -296.91  86.62  
   0.58  -0.65  0.50  
   0.36  0.75  0.56  
   -0.73  -0.15  0.66  

6  1005.04  365.22  364.33  
   -0.60  -0.76  -0.24  
   0.23  0.13  -0.97  
   0.77  -0.63  0.10  

7  1295.25  -198.24  -79.47  
   0.36  0.93  -0.01  
   -0.80  0.32  0.50  
   0.47  -0.17  0.87  

9  991.64  -400.94  351.83  
   -0.51  0.85  -0.10  
   -0.21  -0.01  0.98  
   0.83  0.52  0.18  

2  854.57  -38.84  579.09  
   0.32  -0.95  -0.01  
   0.94  0.32  0.08  
   -0.07  -0.04  1.00  

3  1375.17  -16.97  27.68  
   0.03  0.10  -0.99  
   -0.29  -0.95  -0.10  
   -0.96  0.29  -0.00  

4  1297.93  171.90  -85.72  
   0.26  -0.96  -0.02  
   0.87  0.25  -0.43  
   0.42  0.09  0.90  

5  1119.78  244.23  120.10  
   0.51  0.49  0.71  
   -0.31  0.87  -0.38  
   -0.80  -0.02  0.60  

6  1041.20  361.21  405.85  
   -0.49  -0.85  -0.19  
   0.21  0.09  -0.97  
   0.85  -0.52  0.13  

7  1277.84  -197.79  -84.83  
   0.39  0.92  0.04  
   -0.80  0.32  0.50  
   0.45  -0.23  0.86  

8  1113.98  -298.70  105.37  
   0.47  -0.66  0.58  
   0.37  0.75  0.56  
   -0.80  -0.05  0.59  

9  1028.25  -404.96  384.42  
   -0.39  0.92  -0.06  
   -0.21  -0.03  0.98  
   0.90  0.40  0.20  

2  854.57  -38.84  579.54  
   0.32  -0.95  -0.01  
   0.94  0.32  0.08  
   -0.07  -0.04  1.00  

4  1285.43  176.36  -87.06  
   0.31  -0.95  0.02  
   0.86  0.27  -0.44  
   0.41  0.15  0.90  

3  1364.90  -14.29  20.09  
   0.01  0.11  -0.99  
   -0.29  -0.95  -0.11  
   -0.96  0.29  0.03  

5  1129.61  246.91  142.88  
   0.41  0.51  0.76  
   -0.30  0.86  -0.41  
   -0.86  -0.06  0.50  

6  1077.81  358.08  439.79  
   -0.38  -0.91  -0.15  
   0.18  0.08  -0.98  
   0.90  -0.40  0.14  

8  1119.34  -296.91  126.80  
   0.36  -0.69  0.62  
   0.36  0.72  0.59  
   -0.86  0.01  0.51  

7  1264.89  -196.01  -87.96  
   0.42  0.90  0.07  
   -0.80  0.33  0.50  
   0.43  -0.27  0.86  

9  1067.54  -397.37  417.02  
   -0.28  0.96  -0.05  
   -0.19  -0.01  0.98  
   0.94  0.28  0.18  

2  854.57  -38.40  579.09  
   0.32  -0.95  -0.01  
   0.94  0.32  0.08  
   -0.07  -0.04  1.00  

3  1355.97  -14.73  13.84  
   -0.02  0.12  -0.99  
   -0.29  -0.95  -0.11  
   -0.96  0.29  0.05  

4  1273.37  176.81  -87.96  
   0.34  -0.94  0.05  
   0.85  0.28  -0.44  
   0.40  0.19  0.90  

5  1137.64  246.01  164.75  
   0.30  0.51  0.80  
   -0.30  0.85  -0.43  
   -0.91  -0.11  0.41  

8  1123.80  -295.13  145.55  
   0.26  -0.67  0.70  
   0.35  0.74  0.58  
   -0.90  0.09  0.43  

6  1119.78  354.96  464.34  
   -0.27  -0.96  -0.12  
   0.17  0.08  -0.98  
   0.95  -0.28  0.14  

9  1101.48  -386.66  443.81  
   -0.16  0.99  0.01  
   -0.17  -0.04  0.98  
   0.97  0.16  0.18  

7  1252.84  -196.45  -91.08  
   0.44  0.89  0.11  
   -0.80  0.33  0.51  
   0.41  -0.31  0.85  

2  854.57  -38.84  579.09  
   0.32  -0.95  -0.01  
   0.94  0.32  0.08  
   -0.07  -0.04  1.00  

4  1260.43  177.70  -86.17  
   0.36  -0.93  0.08  
   0.84  0.29  -0.45  
   0.40  0.23  0.89  

3  1346.60  -13.39  8.93  
   -0.04  0.13  -0.99  
   -0.29  -0.95  -0.11  
   -0.96  0.28  0.08  

6  1153.27  353.17  483.99  
   -0.16  -0.98  -0.08  
   0.15  0.06  -0.99  
   0.97  -0.17  0.14  

5  1145.68  247.35  179.93  
   0.20  0.49  0.85  
   -0.30  0.85  -0.43  
   -0.93  -0.17  0.32  

7  1239.44  -195.11  -91.53  
   0.45  0.88  0.13  
   -0.79  0.33  0.51  
   0.40  -0.34  0.85  

8  1127.82  -287.54  164.75  
   0.16  -0.64  0.75  
   0.34  0.75  0.57  
   -0.93  0.16  0.34  

9  1135.41  -375.05  462.56  
   -0.05  1.00  0.06  
   -0.15  -0.07  0.99  
   0.99  0.04  0.15  

2  854.57  -38.84  579.09  
   0.32  -0.95  -0.01  
   0.94  0.32  0.08  
   -0.07  -0.04  1.00  

4  1249.26  179.04  -84.83  
   0.38  -0.92  0.11  
   0.84  0.29  -0.47  
   0.40  0.27  0.88  

3  1337.22  -16.07  4.02  
   -0.07  0.13  -0.99  
   -0.29  -0.95  -0.10  
   -0.95  0.28  0.10  

6  1189.43  353.17  499.17  
   -0.06  -1.00  -0.05  
   0.14  0.04  -0.99  
   0.99  -0.06  0.14  

5  1155.50  246.91  196.45  
   0.10  0.48  0.87  
   -0.29  0.85  -0.43  
   -0.95  -0.22  0.22  

7  1226.94  -195.56  -90.19  
   0.45  0.88  0.15  
   -0.80  0.32  0.51  
   0.40  -0.35  0.84  

8  1135.41  -284.86  179.93  
   0.05  -0.58  0.81  
   0.33  0.78  0.54  
   -0.94  0.24  0.23  

9  1176.93  -367.46  475.51  
   0.08  0.99  0.13  
   -0.14  -0.11  0.98  
   0.99  -0.10  0.13  

2  854.57  -38.84  579.09  
   0.32  -0.95  -0.01  
   0.94  0.32  0.08  
   -0.07  -0.04  1.00  

4  1238.10  179.49  -81.71  
   0.39  -0.91  0.14  
   0.83  0.29  -0.48  
   0.40  0.30  0.87  

3  1332.31  -15.63  5.80  
   -0.08  0.13  -0.99  
   -0.29  -0.95  -0.10  
   -0.95  0.28  0.12  

5  1164.88  243.78  204.49  
   0.01  0.44  0.90  
   -0.29  0.86  -0.42  
   -0.96  -0.26  0.13  

8  1145.23  -281.29  192.88  
   -0.05  -0.54  0.84  
   0.33  0.79  0.52  
   -0.94  0.30  0.14  

6  1219.35  350.49  505.42  
   0.04  -1.00  -0.00  
   0.13  0.01  -0.99  
   0.99  0.04  0.13  

9  1214.88  -362.99  482.65  
   0.19  0.97  0.15  
   -0.13  -0.13  0.98  
   0.97  -0.21  0.10  

7  1216.67  -195.11  -88.85  
   0.46  0.87  0.16  
   -0.79  0.32  0.52  
   0.40  -0.37  0.84  

2  854.57  -38.84  579.54  
   0.32  -0.95  -0.01  
   0.94  0.32  0.08  
   -0.07  -0.04  1.00  

5  1169.79  239.32  216.10  
   -0.07  0.40  0.91  
   -0.28  0.87  -0.40  
   -0.96  -0.28  0.05  

3  1324.27  -14.73  4.02  
   -0.10  0.14  -0.98  
   -0.29  -0.95  -0.11  
   -0.95  0.27  0.14  

4  1226.94  179.04  -78.58  
   0.40  -0.90  0.16  
   0.82  0.28  -0.49  
   0.40  0.33  0.86  

6  1240.78  345.13  512.56  
   0.13  -0.99  0.04  
   0.12  -0.02  -0.99  
   0.98  0.13  0.12  

7  1206.85  -195.56  -86.17  
   0.47  0.87  0.17  
   -0.79  0.32  0.52  
   0.39  -0.38  0.84  

8  1155.50  -278.16  204.49  
   -0.14  -0.50  0.85  
   0.32  0.79  0.52  
   -0.94  0.34  0.05  

9  1248.37  -351.83  486.67  
   0.28  0.95  0.16  
   -0.13  -0.13  0.98  
   0.95  -0.29  0.08  

2  854.57  -38.84  579.09  
   0.32  -0.95  -0.01  
   0.94  0.32  0.08  
   -0.07  -0.04  1.00  

3  1317.13  -15.63  0.89  
   -0.13  0.16  -0.98  
   -0.29  -0.95  -0.12  
   -0.95  0.27  0.17  

4  1212.65  178.59  -76.80  
   0.40  -0.90  0.18  
   0.83  0.27  -0.49  
   0.40  0.35  0.85  

6  1263.55  338.88  514.35  
   0.23  -0.97  0.11  
   0.12  -0.08  -0.99  
   0.97  0.24  0.10  

5  1174.25  231.28  227.26  
   -0.15  0.33  0.93  
   -0.27  0.89  -0.36  
   -0.95  -0.30  -0.04  

7  1198.81  -196.45  -85.28  
   0.48  0.86  0.18  
   -0.79  0.33  0.52  
   0.38  -0.39  0.84  

8  1166.22  -269.23  214.76  
   -0.21  -0.43  0.88  
   0.30  0.82  0.48  
   -0.93  0.37  -0.04  

9  1275.61  -349.15  483.54  
   0.35  0.91  0.21  
   -0.14  -0.17  0.98  
   0.93  -0.37  0.07  

2  854.57  -38.84  579.09  
   0.32  -0.95  -0.01  
   0.94  0.32  0.08  
   -0.07  -0.04  1.00  

3  1309.99  -15.18  -0.45  
   -0.14  0.18  -0.97  
   -0.28  -0.95  -0.14  
   -0.95  0.26  0.19  

4  1201.49  180.83  -73.22  
   0.40  -0.90  0.19  
   0.83  0.26  -0.50  
   0.40  0.36  0.84  

5  1180.50  221.90  232.62  
   -0.21  0.27  0.94  
   -0.25  0.91  -0.32  
   -0.94  -0.30  -0.13  

7  1190.33  -196.01  -81.71  
   0.49  0.85  0.19  
   -0.79  0.34  0.51  
   0.37  -0.40  0.84  

8  1170.68  -260.75  219.67  
   -0.27  -0.36  0.89  
   0.28  0.86  0.43  
   -0.92  0.37  -0.13  

6  1281.86  328.61  516.58  
   0.31  -0.93  0.18  
   0.12  -0.15  -0.98  
   0.94  0.32  0.06  

9  1289.89  -335.76  486.67  
   0.39  0.89  0.24  
   -0.13  -0.20  0.97  
   0.91  -0.41  0.04  

3  1303.73  -14.73  -1.79  
   -0.17  0.20  -0.97  
   -0.28  -0.95  -0.14  
   -0.95  0.24  0.21  

2  854.57  -38.84  579.09  
   0.32  -0.95  -0.01  
   0.94  0.32  0.08  
   -0.07  -0.04  1.00  

4  1192.56  179.49  -71.88  
   0.40  -0.89  0.20  
   0.82  0.26  -0.50  
   0.40  0.37  0.84  

6  1297.93  316.11  513.90  
   0.38  -0.90  0.22  
   0.10  -0.19  -0.98  
   0.92  0.39  0.02  

5  1181.84  213.87  240.66  
   -0.26  0.23  0.94  
   -0.23  0.93  -0.29  
   -0.94  -0.29  -0.19  

7  1184.52  -195.56  -80.81  
   0.50  0.85  0.19  
   -0.79  0.35  0.51  
   0.37  -0.40  0.84  

8  1170.24  -253.16  222.35  
   -0.30  -0.31  0.90  
   0.26  0.88  0.39  
   -0.92  0.35  -0.18  

9  1300.16  -326.38  485.33  
   0.43  0.88  0.23  
   -0.12  -0.19  0.97  
   0.90  -0.44  0.03  

2  854.57  -38.84  579.54  
   0.32  -0.95  -0.01  
   0.94  0.32  0.08  
   -0.07  -0.04  1.00  

3  1298.38  -12.95  -3.57  
   -0.18  0.20  -0.96  
   -0.28  -0.95  -0.15  
   -0.94  0.24  0.23  

4  1182.74  179.04  -69.21  
   0.40  -0.89  0.21  
   0.83  0.25  -0.50  
   0.40  0.37  0.84  

5  1175.59  211.19  241.10  
   -0.28  0.22  0.93  
   -0.23  0.93  -0.29  
   -0.93  -0.29  -0.21  

6  1300.61  309.41  513.46  
   0.41  -0.88  0.22  
   0.09  -0.20  -0.97  
   0.91  0.42  -0.00  

7  1176.93  -197.35  -79.03  
   0.50  0.84  0.20  
   -0.79  0.34  0.51  
   0.36  -0.41  0.84  

8  1165.32  -246.46  228.15  
   -0.32  -0.28  0.91  
   0.25  0.90  0.37  
   -0.92  0.34  -0.21  

9  1301.95  -321.92  485.33  
   0.44  0.88  0.20  
   -0.12  -0.17  0.98  
   0.89  -0.45  0.03  

3  1290.79  -14.73  -6.25  
   -0.20  0.20  -0.96  
   -0.28  -0.95  -0.14  
   -0.94  0.24  0.25  

2  854.57  -38.84  579.09  
   0.32  -0.95  -0.01  
   0.94  0.32  0.08  
   -0.07  -0.04  1.00  

4  1172.91  176.36  -68.76  
   0.40  -0.89  0.22  
   0.83  0.25  -0.50  
   0.39  0.38  0.84  

5  1168.00  208.06  243.78  
   -0.28  0.22  0.93  
   -0.23  0.93  -0.29  
   -0.93  -0.29  -0.21  

6  1291.68  306.29  515.69  
   0.41  -0.88  0.23  
   0.09  -0.21  -0.97  
   0.91  0.42  -0.01  

7  1163.54  -200.03  -78.13  
   0.49  0.84  0.22  
   -0.80  0.33  0.49  
   0.34  -0.42  0.84  

8  1157.29  -243.78  231.28  
   -0.33  -0.26  0.91  
   0.25  0.90  0.35  
   -0.91  0.34  -0.24  

9  1290.79  -317.00  489.35  
   0.43  0.89  0.18  
   -0.12  -0.14  0.98  
   0.90  -0.44  0.04  

2  854.57  -38.84  579.09  
   0.32  -0.95  -0.01  
   0.94  0.32  0.08  
   -0.07  -0.04  1.00  

5  1160.86  205.38  240.66  
   -0.28  0.21  0.94  
   -0.23  0.93  -0.28  
   -0.93  -0.30  -0.21  

4  1164.88  173.24  -68.31  
   0.41  -0.88  0.23  
   0.83  0.26  -0.49  
   0.38  0.39  0.84  

3  1284.54  -18.31  -8.04  
   -0.22  0.20  -0.96  
   -0.28  -0.95  -0.14  
   -0.93  0.24  0.26  

6  1280.07  305.84  513.90  
   0.40  -0.88  0.25  
   0.10  -0.22  -0.97  
   0.91  0.42  -0.00  

8  1150.59  -242.89  232.17  
   -0.34  -0.24  0.91  
   0.24  0.91  0.33  
   -0.91  0.33  -0.25  

7  1154.61  -202.26  -77.24  
   0.49  0.84  0.24  
   -0.81  0.33  0.49  
   0.33  -0.43  0.84  

9  1277.39  -321.47  491.58  
   0.40  0.89  0.22  
   -0.13  -0.18  0.97  
   0.91  -0.42  0.05  

4  1160.41  171.45  -68.76  
   0.41  -0.88  0.24  
   0.84  0.26  -0.48  
   0.36  0.40  0.84  

2  854.57  -38.84  579.54  
   0.32  -0.95  -0.01  
   0.94  0.32  0.08  
   -0.07  -0.04  1.00  

5  1156.39  203.60  238.42  
   -0.28  0.21  0.94  
   -0.24  0.93  -0.28  
   -0.93  -0.30  -0.21  

3  1280.96  -20.09  -9.82  
   -0.23  0.19  -0.95  
   -0.28  -0.95  -0.12  
   -0.93  0.24  0.27  

6  1274.27  306.73  512.56  
   0.40  -0.88  0.26  
   0.11  -0.23  -0.97  
   0.91  0.42  0.01  

9  1269.80  -320.13  493.37  
   0.40  0.89  0.24  
   -0.14  -0.20  0.97  
   0.91  -0.42  0.04  

8  1143.89  -243.33  233.51  
   -0.34  -0.22  0.91  
   0.25  0.92  0.32  
   -0.91  0.33  -0.26  

7  1147.02  -204.04  -75.90  
   0.48  0.84  0.26  
   -0.82  0.32  0.48  
   0.32  -0.44  0.84  

2  854.57  -38.84  579.54  
   0.32  -0.95  -0.01  
   0.94  0.32  0.08  
   -0.07  -0.04  1.00  

3  1279.62  -22.32  -12.06  
   -0.24  0.18  -0.95  
   -0.29  -0.95  -0.10  
   -0.93  0.25  0.28  

5  1154.61  202.70  237.08  
   -0.27  0.20  0.94  
   -0.24  0.93  -0.27  
   -0.93  -0.30  -0.20  

4  1159.07  171.00  -70.99  
   0.42  -0.88  0.24  
   0.84  0.27  -0.48  
   0.35  0.40  0.85  

6  1270.25  308.97  509.89  
   0.40  -0.88  0.27  
   0.12  -0.24  -0.96  
   0.91  0.42  0.01  

7  1141.66  -204.94  -76.35  
   0.46  0.84  0.28  
   -0.83  0.30  0.47  
   0.31  -0.45  0.84  

9  1262.21  -324.59  491.13  
   0.40  0.88  0.27  
   -0.15  -0.23  0.96  
   0.90  -0.42  0.04  

8  1138.98  -242.89  232.17  
   -0.34  -0.20  0.92  
   0.26  0.92  0.29  
   -0.91  0.33  -0.26  

2  854.57  -38.84  579.09  
   0.32  -0.95  -0.01  
   0.94  0.32  0.08  
   -0.07  -0.04  1.00  

3  1279.62  -22.77  -12.95  
   -0.24  0.17  -0.95  
   -0.30  -0.95  -0.10  
   -0.92  0.26  0.28  

4  1159.52  170.11  -72.33  
   0.42  -0.87  0.24  
   0.84  0.27  -0.47  
   0.35  0.41  0.85  

6  1268.91  307.18  509.89  
   0.40  -0.88  0.27  
   0.12  -0.24  -0.96  
   0.91  0.41  0.01  

7  1140.77  -204.49  -76.35  
   0.46  0.84  0.28  
   -0.84  0.30  0.46  
   0.30  -0.45  0.84  

5  1154.61  202.70  236.64  
   -0.26  0.19  0.95  
   -0.24  0.93  -0.26  
   -0.93  -0.30  -0.20  

8  1138.09  -241.55  232.17  
   -0.34  -0.19  0.92  
   0.25  0.92  0.29  
   -0.91  0.33  -0.26  

9  1259.09  -323.70  492.03  
   0.40  0.87  0.28  
   -0.15  -0.24  0.96  
   0.91  -0.42  0.04  

2  854.57  -38.84  579.54  
   0.32  -0.95  -0.01  
   0.94  0.32  0.08  
   -0.07  -0.04  1.00  

4  1159.52  170.11  -72.33  
   0.43  -0.87  0.25  
   0.84  0.28  -0.47  
   0.34  0.41  0.85  

3  1280.07  -22.32  -12.95  
   -0.24  0.17  -0.96  
   -0.30  -0.95  -0.10  
   -0.92  0.26  0.28  

5  1155.06  201.81  236.64  
   -0.26  0.19  0.95  
   -0.24  0.94  -0.26  
   -0.93  -0.30  -0.20  

6  1268.91  307.18  509.44  
   0.40  -0.88  0.27  
   0.12  -0.25  -0.96  
   0.91  0.41  0.01  

7  1140.77  -204.04  -76.80  
   0.46  0.84  0.29  
   -0.84  0.30  0.46  
   0.30  -0.45  0.84  

8  1138.54  -239.76  232.17  
   -0.34  -0.20  0.92  
   0.25  0.92  0.29  
   -0.91  0.32  -0.26  

9  1258.64  -320.13  493.37  
   0.39  0.87  0.29  
   -0.14  -0.25  0.96  
   0.91  -0.42  0.03  

