2  683.12  -32.59  567.93  
   0.95  -0.31  0.07  
   0.31  0.95  0.00  
   -0.07  0.02  1.00  

4  1059.51  133.05  -41.97  
   0.82  -0.47  0.33  
   0.58  0.71  -0.41  
   -0.04  0.53  0.85  

6  945.21  302.27  400.50  
   -0.22  -0.17  -0.96  
   0.33  0.91  -0.24  
   0.92  -0.37  -0.14  

3  1155.06  -39.74  65.19  
   -0.34  -0.11  -0.93  
   -0.12  -0.98  0.16  
   -0.93  0.17  0.32  

5  954.58  233.06  134.39  
   0.34  0.83  0.43  
   -0.40  0.54  -0.74  
   -0.85  0.08  0.52  

7  1018.43  -183.95  -37.06  
   0.86  0.08  0.51  
   -0.32  0.85  0.41  
   -0.40  -0.52  0.75  

9  917.53  -365.22  410.32  
   -0.21  0.53  -0.82  
   -0.19  0.80  0.57  
   0.96  0.28  -0.07  

8  914.40  -269.23  145.55  
   0.32  -0.59  0.74  
   0.35  0.80  0.48  
   -0.88  0.10  0.47  

2  683.12  -32.59  567.93  
   0.95  -0.31  0.07  
   0.31  0.95  0.00  
   -0.07  0.02  1.00  

4  1062.19  132.61  -42.42  
   0.82  -0.49  0.31  
   0.58  0.71  -0.40  
   -0.03  0.50  0.86  

3  1155.95  -40.18  65.19  
   -0.33  -0.11  -0.94  
   -0.12  -0.98  0.16  
   -0.93  0.17  0.31  

5  950.12  235.74  122.78  
   0.39  0.83  0.39  
   -0.41  0.54  -0.74  
   -0.82  0.14  0.55  

6  925.12  304.50  388.89  
   -0.28  -0.13  -0.95  
   0.33  0.92  -0.22  
   0.90  -0.37  -0.21  

7  1019.77  -183.51  -38.40  
   0.86  0.10  0.50  
   -0.33  0.85  0.41  
   -0.38  -0.52  0.76  

8  908.60  -267.44  137.52  
   0.37  -0.59  0.72  
   0.35  0.80  0.48  
   -0.86  0.07  0.51  

9  898.33  -362.99  402.73  
   -0.26  0.51  -0.82  
   -0.19  0.81  0.56  
   0.95  0.30  -0.11  

2  683.12  -32.59  567.93  
   0.95  -0.31  0.07  
   0.31  0.95  0.00  
   -0.07  0.02  1.00  

4  1063.08  132.16  -44.20  
   0.81  -0.50  0.29  
   0.58  0.71  -0.39  
   -0.02  0.49  0.87  

3  1156.84  -40.18  65.19  
   -0.33  -0.12  -0.94  
   -0.12  -0.98  0.16  
   -0.94  0.17  0.31  

6  905.02  306.73  376.39  
   -0.33  -0.08  -0.94  
   0.33  0.92  -0.20  
   0.88  -0.37  -0.28  

5  946.10  237.08  113.41  
   0.44  0.83  0.35  
   -0.41  0.53  -0.74  
   -0.80  0.19  0.57  

7  1021.56  -182.17  -40.18  
   0.87  0.11  0.49  
   -0.34  0.85  0.41  
   -0.37  -0.52  0.77  

8  904.58  -267.44  129.93  
   0.41  -0.59  0.69  
   0.35  0.80  0.48  
   -0.84  0.05  0.54  

9  884.04  -362.99  395.14  
   -0.30  0.49  -0.82  
   -0.19  0.81  0.55  
   0.94  0.32  -0.15  

3  1158.18  -40.18  64.74  
   -0.33  -0.12  -0.94  
   -0.12  -0.98  0.16  
   -0.94  0.17  0.31  

4  1066.20  130.37  -46.88  
   0.81  -0.52  0.27  
   0.59  0.72  -0.37  
   -0.01  0.46  0.89  

2  683.12  -32.59  568.37  
   0.95  -0.31  0.07  
   0.31  0.95  0.00  
   -0.07  0.02  1.00  

5  942.08  235.74  102.24  
   0.49  0.81  0.32  
   -0.41  0.54  -0.73  
   -0.77  0.23  0.60  

6  884.04  309.41  361.65  
   -0.40  -0.06  -0.92  
   0.34  0.92  -0.21  
   0.85  -0.39  -0.34  

7  1022.45  -181.72  -41.97  
   0.87  0.13  0.48  
   -0.34  0.85  0.40  
   -0.35  -0.52  0.78  

9  867.07  -360.76  387.10  
   -0.34  0.47  -0.81  
   -0.18  0.82  0.55  
   0.92  0.33  -0.20  

8  900.11  -266.10  122.78  
   0.45  -0.59  0.67  
   0.35  0.80  0.48  
   -0.82  0.02  0.57  

2  683.12  -32.59  567.93  
   0.95  -0.31  0.07  
   0.31  0.95  0.00  
   -0.07  0.02  1.00  

4  1067.54  128.14  -48.67  
   0.80  -0.54  0.25  
   0.60  0.72  -0.35  
   0.00  0.43  0.90  

3  1159.52  -40.63  64.74  
   -0.33  -0.12  -0.94  
   -0.13  -0.98  0.17  
   -0.94  0.17  0.30  

6  863.95  308.07  346.92  
   -0.46  -0.04  -0.89  
   0.35  0.91  -0.22  
   0.82  -0.41  -0.40  

5  938.06  231.73  93.32  
   0.54  0.78  0.30  
   -0.41  0.56  -0.72  
   -0.73  0.27  0.62  

7  1024.68  -181.72  -42.86  
   0.87  0.15  0.46  
   -0.36  0.84  0.40  
   -0.33  -0.52  0.79  

8  895.65  -265.66  114.30  
   0.49  -0.59  0.64  
   0.34  0.81  0.48  
   -0.80  -0.02  0.60  

9  847.87  -356.29  378.17  
   -0.40  0.44  -0.81  
   -0.17  0.83  0.54  
   0.90  0.35  -0.25  

4  1067.99  125.91  -52.24  
   0.79  -0.56  0.24  
   0.61  0.72  -0.32  
   0.01  0.40  0.92  

5  932.26  227.71  84.83  
   0.58  0.76  0.29  
   -0.40  0.58  -0.71  
   -0.70  0.29  0.64  

3  1160.41  -40.63  64.74  
   -0.33  -0.12  -0.94  
   -0.13  -0.98  0.17  
   -0.94  0.18  0.30  

2  683.12  -32.59  568.37  
   0.95  -0.31  0.07  
   0.31  0.95  0.00  
   -0.07  0.02  1.00  

6  842.52  305.84  331.29  
   -0.51  -0.03  -0.86  
   0.35  0.90  -0.24  
   0.78  -0.42  -0.45  

9  832.69  -354.06  369.24  
   -0.44  0.42  -0.80  
   -0.16  0.83  0.53  
   0.89  0.36  -0.30  

7  1026.02  -181.72  -44.20  
   0.88  0.16  0.45  
   -0.36  0.84  0.40  
   -0.31  -0.52  0.80  

8  890.74  -264.32  106.26  
   0.53  -0.58  0.62  
   0.34  0.81  0.48  
   -0.78  -0.05  0.63  

2  683.12  -32.59  568.37  
   0.95  -0.31  0.07  
   0.31  0.95  0.00  
   -0.07  0.02  1.00  

3  1160.41  -41.52  64.29  
   -0.33  -0.11  -0.94  
   -0.14  -0.98  0.16  
   -0.93  0.18  0.31  

4  1067.99  123.68  -53.58  
   0.78  -0.58  0.22  
   0.62  0.72  -0.30  
   0.01  0.38  0.93  

5  927.79  224.14  77.24  
   0.62  0.73  0.28  
   -0.40  0.60  -0.69  
   -0.68  0.32  0.66  

8  886.27  -262.53  100.01  
   0.57  -0.57  0.60  
   0.33  0.82  0.47  
   -0.76  -0.07  0.65  

7  1026.47  -182.17  -45.09  
   0.88  0.18  0.44  
   -0.37  0.83  0.41  
   -0.29  -0.52  0.80  

6  826.44  303.16  318.79  
   -0.56  -0.02  -0.83  
   0.35  0.90  -0.25  
   0.76  -0.43  -0.50  

9  816.62  -350.04  361.65  
   -0.47  0.41  -0.78  
   -0.15  0.84  0.53  
   0.87  0.37  -0.34  

2  683.12  -32.59  568.37  
   0.95  -0.31  0.07  
   0.31  0.95  0.00  
   -0.07  0.02  1.00  

3  1160.86  -41.52  64.74  
   -0.33  -0.11  -0.94  
   -0.14  -0.98  0.16  
   -0.93  0.18  0.31  

6  814.83  300.04  308.97  
   -0.59  0.01  -0.81  
   0.34  0.91  -0.24  
   0.73  -0.42  -0.54  

5  925.56  222.35  71.88  
   0.64  0.72  0.27  
   -0.39  0.61  -0.69  
   -0.66  0.34  0.67  

4  1069.78  122.34  -54.02  
   0.78  -0.59  0.20  
   0.63  0.72  -0.29  
   0.03  0.36  0.93  

7  1026.91  -181.27  -45.54  
   0.88  0.20  0.42  
   -0.39  0.83  0.40  
   -0.27  -0.52  0.81  

8  881.81  -258.96  93.32  
   0.60  -0.55  0.58  
   0.32  0.83  0.46  
   -0.74  -0.09  0.67  

9  801.89  -343.79  352.72  
   -0.51  0.38  -0.77  
   -0.14  0.85  0.51  
   0.85  0.37  -0.38  

2  682.67  -32.59  568.37  
   0.95  -0.31  0.07  
   0.31  0.95  0.00  
   -0.07  0.02  1.00  

4  1071.56  121.89  -55.36  
   0.77  -0.61  0.18  
   0.63  0.72  -0.29  
   0.04  0.34  0.94  

5  922.88  220.56  67.42  
   0.68  0.69  0.24  
   -0.38  0.61  -0.70  
   -0.63  0.38  0.68  

3  1159.97  -41.08  65.19  
   -0.33  -0.11  -0.94  
   -0.14  -0.98  0.16  
   -0.93  0.18  0.31  

6  798.31  296.02  296.91  
   -0.64  0.04  -0.77  
   0.34  0.91  -0.23  
   0.69  -0.41  -0.60  

9  784.47  -339.77  339.77  
   -0.56  0.35  -0.75  
   -0.14  0.86  0.50  
   0.82  0.38  -0.43  

8  877.79  -257.62  84.39  
   0.63  -0.54  0.56  
   0.31  0.84  0.45  
   -0.71  -0.11  0.70  

7  1026.91  -179.93  -47.77  
   0.88  0.22  0.41  
   -0.39  0.83  0.40  
   -0.25  -0.52  0.82  

2  682.67  -32.59  568.37  
   0.95  -0.31  0.07  
   0.31  0.95  0.00  
   -0.07  0.02  1.00  

4  1071.12  121.44  -55.81  
   0.76  -0.62  0.17  
   0.64  0.71  -0.28  
   0.05  0.32  0.94  

3  1159.97  -41.52  64.74  
   -0.33  -0.10  -0.94  
   -0.14  -0.98  0.15  
   -0.93  0.18  0.31  

5  919.31  216.99  64.29  
   0.70  0.67  0.24  
   -0.36  0.62  -0.69  
   -0.62  0.40  0.68  

6  787.60  291.55  289.77  
   -0.67  0.05  -0.74  
   0.34  0.91  -0.24  
   0.66  -0.41  -0.62  

7  1029.59  -179.93  -49.11  
   0.89  0.23  0.39  
   -0.39  0.82  0.41  
   -0.23  -0.52  0.82  

8  876.90  -257.18  78.13  
   0.66  -0.53  0.53  
   0.31  0.83  0.46  
   -0.68  -0.14  0.72  

9  773.31  -336.65  330.84  
   -0.60  0.31  -0.74  
   -0.13  0.87  0.47  
   0.79  0.38  -0.48  

5  917.97  214.31  59.38  
   0.72  0.65  0.22  
   -0.36  0.63  -0.69  
   -0.59  0.42  0.69  

2  683.12  -32.59  568.37  
   0.95  -0.31  0.07  
   0.31  0.95  0.00  
   -0.07  0.02  1.00  

6  775.54  291.11  276.82  
   -0.70  0.08  -0.71  
   0.35  0.90  -0.25  
   0.62  -0.42  -0.66  

4  1071.12  119.21  -55.81  
   0.76  -0.63  0.16  
   0.65  0.71  -0.27  
   0.06  0.31  0.95  

3  1159.07  -41.52  65.19  
   -0.33  -0.09  -0.94  
   -0.14  -0.98  0.15  
   -0.93  0.18  0.31  

7  1030.49  -179.93  -51.35  
   0.89  0.25  0.38  
   -0.40  0.81  0.42  
   -0.20  -0.52  0.83  

9  756.79  -329.06  320.13  
   -0.64  0.28  -0.72  
   -0.12  0.89  0.45  
   0.76  0.37  -0.53  

8  872.88  -254.05  70.54  
   0.69  -0.51  0.51  
   0.30  0.84  0.45  
   -0.66  -0.16  0.74  

4  1071.12  118.76  -56.70  
   0.76  -0.64  0.15  
   0.65  0.71  -0.26  
   0.06  0.29  0.95  

2  682.67  -32.59  568.37  
   0.95  -0.31  0.07  
   0.31  0.95  0.00  
   -0.07  0.02  1.00  

3  1158.18  -41.52  64.74  
   -0.34  -0.09  -0.94  
   -0.14  -0.98  0.15  
   -0.93  0.18  0.32  

5  916.63  213.42  57.60  
   0.74  0.64  0.21  
   -0.35  0.63  -0.69  
   -0.58  0.43  0.69  

8  869.75  -250.92  64.29  
   0.72  -0.49  0.48  
   0.28  0.85  0.44  
   -0.63  -0.18  0.75  

6  767.95  291.11  269.23  
   -0.72  0.09  -0.68  
   0.35  0.90  -0.25  
   0.59  -0.43  -0.69  

7  1030.93  -179.04  -52.69  
   0.89  0.27  0.36  
   -0.42  0.81  0.42  
   -0.18  -0.52  0.83  

9  742.50  -323.70  307.63  
   -0.68  0.25  -0.69  
   -0.12  0.89  0.44  
   0.72  0.38  -0.57  

2  682.67  -32.59  568.37  
   0.95  -0.31  0.07  
   0.31  0.95  0.00  
   -0.07  0.02  1.00  

3  1155.50  -40.63  64.74  
   -0.34  -0.08  -0.94  
   -0.14  -0.98  0.14  
   -0.93  0.18  0.32  

4  1067.54  117.43  -57.60  
   0.75  -0.65  0.15  
   0.66  0.71  -0.25  
   0.06  0.29  0.96  

6  758.58  285.75  267.00  
   -0.74  0.08  -0.67  
   0.35  0.90  -0.27  
   0.58  -0.43  -0.69  

5  910.83  209.40  58.04  
   0.74  0.63  0.22  
   -0.33  0.64  -0.69  
   -0.58  0.44  0.69  

8  869.31  -252.71  63.85  
   0.73  -0.50  0.47  
   0.28  0.84  0.46  
   -0.63  -0.20  0.75  

7  1030.49  -179.04  -52.69  
   0.89  0.27  0.36  
   -0.41  0.81  0.42  
   -0.17  -0.53  0.83  

9  735.81  -325.04  302.27  
   -0.70  0.22  -0.68  
   -0.13  0.90  0.43  
   0.70  0.39  -0.60  

2  682.67  -32.15  568.37  
   0.95  -0.31  0.07  
   0.31  0.95  0.00  
   -0.07  0.02  1.00  

5  903.24  208.51  54.02  
   0.76  0.61  0.22  
   -0.33  0.65  -0.68  
   -0.56  0.45  0.70  

6  744.29  288.43  253.16  
   -0.77  0.10  -0.63  
   0.36  0.88  -0.30  
   0.53  -0.46  -0.71  

3  1151.04  -38.84  63.40  
   -0.35  -0.07  -0.93  
   -0.15  -0.98  0.12  
   -0.92  0.18  0.34  

4  1061.74  117.43  -58.04  
   0.74  -0.66  0.15  
   0.67  0.70  -0.25  
   0.06  0.28  0.96  

7  1028.70  -178.59  -54.02  
   0.90  0.27  0.34  
   -0.41  0.80  0.43  
   -0.16  -0.53  0.83  

8  865.73  -251.37  60.28  
   0.74  -0.50  0.45  
   0.27  0.84  0.47  
   -0.61  -0.23  0.76  

9  722.86  -325.04  291.55  
   -0.74  0.18  -0.65  
   -0.15  0.90  0.42  
   0.65  0.40  -0.64  

2  683.12  -32.59  568.37  
   0.95  -0.31  0.07  
   0.31  0.95  0.00  
   -0.07  0.02  1.00  

5  903.68  210.29  51.35  
   0.77  0.61  0.20  
   -0.34  0.65  -0.68  
   -0.54  0.45  0.71  

4  1061.29  117.43  -58.49  
   0.74  -0.66  0.14  
   0.67  0.70  -0.24  
   0.06  0.27  0.96  

3  1148.36  -39.29  63.40  
   -0.36  -0.07  -0.93  
   -0.14  -0.98  0.13  
   -0.92  0.18  0.34  

6  741.61  295.13  246.01  
   -0.78  0.12  -0.62  
   0.38  0.87  -0.31  
   0.50  -0.48  -0.72  

9  709.46  -321.92  280.84  
   -0.78  0.14  -0.61  
   -0.16  0.90  0.41  
   0.61  0.42  -0.68  

7  1026.91  -177.70  -55.36  
   0.90  0.28  0.34  
   -0.41  0.80  0.43  
   -0.15  -0.53  0.84  

8  862.61  -248.25  57.60  
   0.76  -0.48  0.44  
   0.26  0.84  0.48  
   -0.60  -0.25  0.76  

2  683.12  -32.59  567.93  
   0.95  -0.31  0.07  
   0.31  0.95  0.00  
   -0.07  0.02  1.00  

3  1147.46  -39.29  62.95  
   -0.36  -0.07  -0.93  
   -0.14  -0.98  0.13  
   -0.92  0.18  0.35  

4  1061.74  116.53  -59.38  
   0.74  -0.66  0.13  
   0.67  0.70  -0.24  
   0.07  0.26  0.96  

5  901.90  208.51  49.11  
   0.78  0.59  0.20  
   -0.33  0.66  -0.68  
   -0.53  0.46  0.71  

6  735.36  290.66  239.76  
   -0.79  0.13  -0.60  
   0.37  0.87  -0.31  
   0.48  -0.47  -0.74  

7  1029.59  -177.70  -55.81  
   0.90  0.29  0.32  
   -0.42  0.80  0.44  
   -0.13  -0.53  0.84  

8  862.61  -247.35  54.02  
   0.78  -0.47  0.42  
   0.25  0.84  0.48  
   -0.58  -0.27  0.77  

9  701.43  -322.81  267.89  
   -0.81  0.10  -0.58  
   -0.17  0.90  0.40  
   0.56  0.42  -0.71  

2  683.12  -32.59  567.93  
   0.95  -0.31  0.07  
   0.31  0.95  0.00  
   -0.07  0.02  1.00  

3  1147.46  -39.29  63.40  
   -0.36  -0.06  -0.93  
   -0.15  -0.98  0.12  
   -0.92  0.18  0.35  

5  900.56  205.83  47.77  
   0.78  0.59  0.20  
   -0.32  0.66  -0.67  
   -0.53  0.46  0.71  

4  1061.29  115.64  -59.38  
   0.73  -0.67  0.12  
   0.68  0.70  -0.23  
   0.07  0.25  0.96  

8  864.84  -248.69  54.47  
   0.78  -0.48  0.41  
   0.25  0.83  0.50  
   -0.58  -0.28  0.77  

7  1030.49  -178.59  -56.26  
   0.90  0.29  0.32  
   -0.41  0.80  0.44  
   -0.12  -0.53  0.84  

6  731.34  288.43  235.74  
   -0.80  0.13  -0.59  
   0.37  0.87  -0.32  
   0.47  -0.47  -0.75  

9  700.09  -324.59  264.77  
   -0.82  0.07  -0.57  
   -0.19  0.90  0.39  
   0.54  0.42  -0.73  

2  682.67  -32.59  568.37  
   0.95  -0.31  0.07  
   0.31  0.95  0.00  
   -0.07  0.02  1.00  

6  730.45  288.43  233.51  
   -0.80  0.13  -0.58  
   0.38  0.87  -0.32  
   0.46  -0.48  -0.75  

4  1060.85  115.19  -59.83  
   0.73  -0.67  0.12  
   0.68  0.70  -0.23  
   0.07  0.25  0.97  

5  900.11  205.38  47.33  
   0.79  0.58  0.20  
   -0.32  0.67  -0.67  
   -0.53  0.46  0.71  

3  1146.57  -39.29  63.85  
   -0.36  -0.06  -0.93  
   -0.15  -0.98  0.12  
   -0.92  0.18  0.35  

7  1030.04  -179.49  -57.15  
   0.90  0.30  0.31  
   -0.41  0.80  0.44  
   -0.12  -0.53  0.84  

8  863.05  -248.69  52.69  
   0.79  -0.47  0.40  
   0.25  0.83  0.50  
   -0.57  -0.29  0.77  

9  693.84  -325.04  257.62  
   -0.84  0.05  -0.55  
   -0.19  0.90  0.39  
   0.51  0.43  -0.74  

2  682.67  -32.59  568.37  
   0.95  -0.31  0.07  
   0.31  0.95  0.00  
   -0.07  0.02  1.00  

5  899.22  204.49  45.99  
   0.79  0.58  0.20  
   -0.33  0.67  -0.67  
   -0.52  0.46  0.72  

4  1060.40  113.85  -59.83  
   0.73  -0.67  0.12  
   0.68  0.70  -0.23  
   0.07  0.25  0.97  

3  1146.13  -39.74  63.85  
   -0.37  -0.06  -0.93  
   -0.15  -0.98  0.12  
   -0.92  0.18  0.35  

6  731.79  289.32  233.96  
   -0.80  0.13  -0.59  
   0.38  0.86  -0.33  
   0.46  -0.48  -0.74  

8  863.95  -249.58  54.47  
   0.78  -0.47  0.40  
   0.24  0.83  0.50  
   -0.57  -0.30  0.77  

9  696.52  -325.93  260.30  
   -0.83  0.05  -0.55  
   -0.20  0.90  0.38  
   0.52  0.43  -0.74  

7  1030.49  -179.93  -57.15  
   0.90  0.30  0.31  
   -0.41  0.80  0.44  
   -0.11  -0.53  0.84  

3  1146.13  -40.18  63.85  
   -0.37  -0.06  -0.93  
   -0.15  -0.98  0.12  
   -0.92  0.18  0.35  

2  682.67  -32.59  568.37  
   0.95  -0.31  0.07  
   0.31  0.95  0.00  
   -0.07  0.02  1.00  

4  1059.95  113.85  -60.28  
   0.73  -0.67  0.13  
   0.68  0.70  -0.23  
   0.06  0.25  0.96  

6  734.91  289.32  240.66  
   -0.79  0.12  -0.60  
   0.38  0.86  -0.33  
   0.48  -0.49  -0.73  

5  900.56  204.94  50.45  
   0.78  0.60  0.21  
   -0.33  0.66  -0.67  
   -0.54  0.46  0.71  

7  1029.15  -180.83  -56.26  
   0.90  0.29  0.31  
   -0.41  0.80  0.45  
   -0.12  -0.53  0.84  

8  864.39  -250.48  58.49  
   0.77  -0.48  0.42  
   0.24  0.82  0.51  
   -0.59  -0.30  0.75  

9  700.98  -326.38  269.23  
   -0.82  0.06  -0.57  
   -0.20  0.91  0.38  
   0.54  0.42  -0.73  

2  683.12  -32.15  568.37  
   0.95  -0.31  0.07  
   0.31  0.95  0.00  
   -0.07  0.02  1.00  

4  1057.27  112.96  -60.72  
   0.73  -0.67  0.13  
   0.68  0.70  -0.22  
   0.06  0.25  0.97  

5  896.54  203.15  48.22  
   0.78  0.59  0.21  
   -0.32  0.67  -0.67  
   -0.53  0.45  0.72  

3  1143.89  -40.63  62.95  
   -0.37  -0.06  -0.93  
   -0.15  -0.98  0.12  
   -0.92  0.18  0.35  

6  728.66  287.54  235.30  
   -0.80  0.12  -0.59  
   0.38  0.86  -0.34  
   0.47  -0.50  -0.73  

7  1027.81  -181.27  -57.60  
   0.90  0.29  0.31  
   -0.41  0.80  0.45  
   -0.12  -0.53  0.84  

9  690.26  -325.04  258.07  
   -0.84  0.05  -0.54  
   -0.20  0.90  0.38  
   0.50  0.43  -0.75  

8  860.38  -248.69  53.58  
   0.79  -0.47  0.40  
   0.24  0.83  0.50  
   -0.57  -0.30  0.76  

2  683.12  -32.59  567.93  
   0.95  -0.31  0.07  
   0.31  0.95  0.00  
   -0.07  0.02  1.00  

5  896.99  203.60  48.22  
   0.78  0.59  0.21  
   -0.33  0.67  -0.67  
   -0.53  0.45  0.72  

3  1143.45  -40.63  63.40  
   -0.37  -0.06  -0.93  
   -0.15  -0.98  0.12  
   -0.92  0.18  0.36  

6  730.45  289.77  235.30  
   -0.80  0.12  -0.59  
   0.38  0.86  -0.34  
   0.46  -0.50  -0.73  

4  1056.83  113.41  -60.72  
   0.73  -0.67  0.13  
   0.68  0.70  -0.22  
   0.06  0.25  0.97  

7  1027.36  -180.38  -57.60  
   0.90  0.30  0.31  
   -0.41  0.80  0.44  
   -0.11  -0.53  0.84  

9  688.48  -324.15  254.94  
   -0.84  0.04  -0.53  
   -0.20  0.90  0.38  
   0.50  0.43  -0.76  

8  859.93  -247.80  52.24  
   0.79  -0.46  0.40  
   0.24  0.83  0.50  
   -0.57  -0.30  0.77  

2  682.67  -32.59  568.37  
   0.95  -0.31  0.07  
   0.31  0.95  0.00  
   -0.07  0.02  1.00  

4  1056.83  113.41  -59.83  
   0.74  -0.66  0.13  
   0.67  0.70  -0.23  
   0.06  0.26  0.96  

3  1143.00  -40.18  63.40  
   -0.37  -0.06  -0.93  
   -0.15  -0.98  0.12  
   -0.92  0.18  0.36  

5  897.88  205.38  53.58  
   0.77  0.60  0.21  
   -0.33  0.66  -0.68  
   -0.55  0.45  0.70  

6  736.70  289.77  246.01  
   -0.78  0.12  -0.61  
   0.38  0.87  -0.32  
   0.49  -0.48  -0.73  

8  861.27  -249.58  56.26  
   0.78  -0.48  0.41  
   0.24  0.83  0.51  
   -0.58  -0.30  0.76  

7  1026.47  -180.38  -57.60  
   0.91  0.29  0.31  
   -0.41  0.80  0.44  
   -0.12  -0.53  0.84  

9  696.52  -325.93  263.43  
   -0.83  0.05  -0.56  
   -0.20  0.90  0.38  
   0.52  0.43  -0.74  

2  683.12  -32.59  567.93  
   0.95  -0.31  0.07  
   0.31  0.95  0.00  
   -0.07  0.02  1.00  

3  1143.00  -41.08  63.40  
   -0.37  -0.06  -0.93  
   -0.15  -0.98  0.12  
   -0.92  0.18  0.36  

4  1055.04  115.19  -58.49  
   0.75  -0.65  0.15  
   0.66  0.71  -0.24  
   0.05  0.28  0.96  

5  901.45  206.28  62.95  
   0.74  0.63  0.24  
   -0.32  0.65  -0.69  
   -0.59  0.43  0.68  

6  750.99  289.32  265.66  
   -0.75  0.09  -0.65  
   0.38  0.87  -0.31  
   0.54  -0.48  -0.69  

9  714.38  -322.81  287.98  
   -0.79  0.08  -0.61  
   -0.19  0.91  0.37  
   0.58  0.41  -0.70  

7  1026.47  -180.38  -55.36  
   0.91  0.27  0.32  
   -0.39  0.81  0.44  
   -0.14  -0.53  0.84  

8  865.29  -248.69  70.10  
   0.74  -0.50  0.45  
   0.23  0.82  0.53  
   -0.63  -0.29  0.72  

2  683.12  -32.59  568.37  
   0.95  -0.31  0.07  
   0.31  0.95  0.00  
   -0.07  0.02  1.00  

4  1056.38  117.43  -56.70  
   0.76  -0.62  0.18  
   0.65  0.72  -0.26  
   0.03  0.31  0.95  

3  1143.89  -41.52  64.29  
   -0.37  -0.07  -0.93  
   -0.15  -0.98  0.13  
   -0.92  0.18  0.36  

5  909.04  211.19  74.12  
   0.70  0.67  0.25  
   -0.33  0.62  -0.71  
   -0.63  0.41  0.66  

6  771.97  294.23  285.75  
   -0.71  0.08  -0.70  
   0.39  0.88  -0.29  
   0.59  -0.47  -0.65  

7  1025.13  -182.61  -54.47  
   0.91  0.24  0.34  
   -0.38  0.81  0.44  
   -0.17  -0.53  0.83  

8  870.64  -251.82  79.92  
   0.70  -0.53  0.48  
   0.23  0.80  0.55  
   -0.68  -0.27  0.68  

9  734.47  -325.04  308.97  
   -0.74  0.10  -0.66  
   -0.19  0.91  0.36  
   0.64  0.39  -0.66  

2  682.67  -32.15  568.37  
   0.95  -0.31  0.07  
   0.31  0.95  0.00  
   -0.07  0.02  1.00  

4  1056.83  119.66  -54.92  
   0.78  -0.59  0.20  
   0.62  0.73  -0.29  
   0.02  0.35  0.94  

6  795.19  299.14  308.07  
   -0.66  0.08  -0.75  
   0.39  0.88  -0.26  
   0.64  -0.46  -0.61  

3  1144.79  -41.08  65.19  
   -0.37  -0.07  -0.93  
   -0.14  -0.98  0.13  
   -0.92  0.18  0.35  

5  916.19  216.10  85.72  
   0.65  0.71  0.26  
   -0.34  0.59  -0.73  
   -0.67  0.39  0.63  

7  1025.13  -183.06  -53.13  
   0.91  0.22  0.35  
   -0.37  0.82  0.44  
   -0.19  -0.53  0.83  

8  874.22  -255.84  86.17  
   0.67  -0.56  0.49  
   0.25  0.79  0.56  
   -0.70  -0.26  0.67  

9  750.99  -329.51  322.36  
   -0.71  0.11  -0.70  
   -0.20  0.92  0.34  
   0.68  0.38  -0.63  

2  682.67  -32.15  568.37  
   0.95  -0.31  0.07  
   0.31  0.95  0.00  
   -0.07  0.02  1.00  

3  1147.02  -41.52  65.19  
   -0.37  -0.08  -0.93  
   -0.14  -0.98  0.14  
   -0.92  0.18  0.35  

4  1058.61  123.23  -51.35  
   0.80  -0.56  0.22  
   0.61  0.73  -0.32  
   0.02  0.39  0.92  

5  926.90  221.46  96.44  
   0.61  0.75  0.25  
   -0.35  0.54  -0.77  
   -0.71  0.38  0.59  

8  882.70  -260.30  95.55  
   0.62  -0.60  0.50  
   0.26  0.77  0.59  
   -0.74  -0.23  0.64  

9  774.65  -336.20  338.88  
   -0.66  0.11  -0.74  
   -0.21  0.93  0.32  
   0.72  0.36  -0.59  

7  1026.02  -183.95  -51.79  
   0.91  0.20  0.36  
   -0.36  0.82  0.45  
   -0.21  -0.54  0.82  

6  821.08  302.27  328.17  
   -0.60  0.07  -0.80  
   0.39  0.89  -0.22  
   0.70  -0.45  -0.56  

2  683.12  -32.59  567.93  
   0.95  -0.31  0.07  
   0.31  0.95  0.00  
   -0.07  0.02  1.00  

4  1061.74  123.68  -50.90  
   0.81  -0.54  0.23  
   0.59  0.74  -0.33  
   0.01  0.40  0.92  

3  1149.25  -41.52  65.19  
   -0.36  -0.09  -0.93  
   -0.13  -0.98  0.14  
   -0.92  0.17  0.34  

5  937.17  228.15  101.35  
   0.57  0.79  0.24  
   -0.37  0.50  -0.78  
   -0.74  0.35  0.58  

6  842.96  309.86  339.33  
   -0.55  0.09  -0.83  
   0.40  0.90  -0.17  
   0.73  -0.43  -0.53  

8  889.40  -264.32  101.80  
   0.59  -0.62  0.51  
   0.27  0.75  0.60  
   -0.76  -0.22  0.62  

7  1028.70  -185.29  -50.45  
   0.91  0.18  0.37  
   -0.34  0.82  0.46  
   -0.22  -0.54  0.81  

9  791.62  -339.77  350.94  
   -0.62  0.11  -0.77  
   -0.21  0.93  0.29  
   0.75  0.35  -0.56  

2  683.12  -32.59  568.37  
   0.95  -0.31  0.07  
   0.31  0.95  0.00  
   -0.07  0.02  1.00  

4  1064.87  125.02  -49.11  
   0.83  -0.51  0.24  
   0.56  0.75  -0.35  
   0.00  0.42  0.91  

3  1151.48  -42.42  66.53  
   -0.35  -0.10  -0.93  
   -0.13  -0.98  0.15  
   -0.93  0.17  0.33  

5  949.67  233.06  109.84  
   0.52  0.83  0.22  
   -0.39  0.46  -0.80  
   -0.76  0.33  0.56  

6  870.20  315.22  352.28  
   -0.50  0.11  -0.86  
   0.42  0.90  -0.13  
   0.76  -0.42  -0.49  

9  809.48  -340.22  362.10  
   -0.59  0.11  -0.80  
   -0.21  0.93  0.29  
   0.78  0.34  -0.52  

8  895.65  -266.10  108.94  
   0.56  -0.64  0.53  
   0.28  0.74  0.61  
   -0.78  -0.20  0.59  

7  1029.15  -186.18  -49.56  
   0.91  0.16  0.38  
   -0.34  0.82  0.46  
   -0.23  -0.55  0.80  

2  683.12  -32.59  567.93  
   0.95  -0.31  0.07  
   0.31  0.95  0.00  
   -0.07  0.02  1.00  

3  1153.72  -41.08  67.42  
   -0.34  -0.11  -0.94  
   -0.12  -0.98  0.16  
   -0.93  0.17  0.32  

4  1068.44  128.59  -47.77  
   0.84  -0.48  0.25  
   0.55  0.75  -0.37  
   -0.01  0.45  0.89  

5  961.28  237.08  118.76  
   0.47  0.85  0.23  
   -0.40  0.43  -0.81  
   -0.79  0.29  0.54  

6  896.09  319.24  367.01  
   -0.44  0.11  -0.89  
   0.42  0.90  -0.10  
   0.79  -0.42  -0.45  

7  1031.38  -185.74  -48.67  
   0.91  0.14  0.38  
   -0.33  0.82  0.46  
   -0.25  -0.55  0.80  

8  903.24  -268.78  115.19  
   0.52  -0.67  0.52  
   0.28  0.71  0.64  
   -0.80  -0.19  0.56  

9  828.67  -342.90  372.37  
   -0.55  0.11  -0.83  
   -0.22  0.94  0.27  
   0.81  0.33  -0.49  

2  683.12  -32.59  567.93  
   0.95  -0.31  0.07  
   0.31  0.95  0.00  
   -0.07  0.02  1.00  

6  916.19  315.22  382.64  
   -0.40  0.09  -0.91  
   0.41  0.91  -0.09  
   0.82  -0.41  -0.40  

5  967.53  237.98  128.59  
   0.42  0.87  0.25  
   -0.39  0.42  -0.82  
   -0.82  0.25  0.52  

4  1068.44  129.93  -45.09  
   0.84  -0.47  0.26  
   0.54  0.75  -0.39  
   -0.02  0.47  0.88  

3  1154.61  -40.18  67.42  
   -0.33  -0.11  -0.94  
   -0.12  -0.98  0.15  
   -0.94  0.16  0.31  

7  1034.06  -185.29  -49.11  
   0.91  0.12  0.39  
   -0.31  0.83  0.47  
   -0.26  -0.55  0.79  

8  910.38  -273.25  118.76  
   0.50  -0.69  0.52  
   0.30  0.70  0.65  
   -0.81  -0.17  0.56  

9  842.96  -348.70  377.28  
   -0.52  0.09  -0.85  
   -0.23  0.94  0.24  
   0.82  0.32  -0.47  

2  683.12  -32.59  567.93  
   0.95  -0.31  0.07  
   0.31  0.95  0.00  
   -0.07  0.02  1.00  

4  1067.10  131.71  -43.31  
   0.85  -0.45  0.28  
   0.53  0.74  -0.41  
   -0.03  0.50  0.87  

3  1154.16  -40.18  66.97  
   -0.33  -0.10  -0.94  
   -0.11  -0.98  0.15  
   -0.94  0.16  0.32  

5  974.68  238.42  137.96  
   0.37  0.89  0.27  
   -0.39  0.41  -0.83  
   -0.84  0.20  0.50  

6  939.85  312.54  395.14  
   -0.34  0.07  -0.94  
   0.40  0.91  -0.08  
   0.85  -0.40  -0.34  

8  917.53  -276.37  125.91  
   0.45  -0.72  0.53  
   0.31  0.68  0.66  
   -0.83  -0.14  0.53  

7  1033.61  -185.74  -48.22  
   0.91  0.10  0.39  
   -0.29  0.83  0.48  
   -0.28  -0.55  0.79  

9  864.84  -352.72  386.66  
   -0.48  0.09  -0.87  
   -0.24  0.94  0.22  
   0.84  0.32  -0.43  

3  1154.16  -39.74  66.53  
   -0.33  -0.10  -0.94  
   -0.11  -0.98  0.15  
   -0.94  0.15  0.32  

2  683.12  -32.59  567.93  
   0.95  -0.31  0.07  
   0.31  0.95  0.00  
   -0.07  0.02  1.00  

4  1066.20  131.71  -42.42  
   0.85  -0.43  0.29  
   0.52  0.74  -0.42  
   -0.03  0.51  0.86  

5  980.93  237.08  145.11  
   0.32  0.90  0.28  
   -0.39  0.40  -0.83  
   -0.86  0.16  0.48  

6  957.71  309.86  404.96  
   -0.29  0.06  -0.95  
   0.40  0.91  -0.07  
   0.87  -0.40  -0.29  

8  925.12  -279.05  133.95  
   0.41  -0.74  0.53  
   0.31  0.66  0.68  
   -0.86  -0.12  0.50  

7  1032.72  -187.08  -47.33  
   0.91  0.08  0.40  
   -0.28  0.83  0.49  
   -0.29  -0.56  0.78  

9  884.04  -351.83  398.26  
   -0.44  0.08  -0.90  
   -0.23  0.95  0.20  
   0.87  0.30  -0.40  

2  683.12  -32.59  568.37  
   0.95  -0.31  0.07  
   0.31  0.95  0.00  
   -0.07  0.02  1.00  

4  1063.53  132.16  -41.97  
   0.85  -0.42  0.31  
   0.52  0.74  -0.43  
   -0.05  0.53  0.85  

3  1154.61  -39.74  66.53  
   -0.33  -0.10  -0.94  
   -0.11  -0.98  0.15  
   -0.94  0.15  0.32  

5  986.28  235.30  151.80  
   0.28  0.91  0.31  
   -0.38  0.40  -0.83  
   -0.88  0.11  0.46  

6  974.68  304.95  414.34  
   -0.25  0.03  -0.97  
   0.39  0.92  -0.07  
   0.89  -0.39  -0.24  

7  1031.38  -187.97  -45.54  
   0.91  0.06  0.41  
   -0.28  0.83  0.49  
   -0.31  -0.56  0.77  

8  930.03  -279.95  141.98  
   0.37  -0.75  0.54  
   0.31  0.65  0.69  
   -0.88  -0.09  0.47  

9  901.90  -353.17  407.64  
   -0.40  0.08  -0.91  
   -0.23  0.95  0.19  
   0.89  0.29  -0.36  

2  683.12  -32.59  568.37  
   0.95  -0.31  0.07  
   0.31  0.95  0.00  
   -0.07  0.02  1.00  

4  1061.29  131.71  -40.63  
   0.85  -0.41  0.32  
   0.52  0.73  -0.44  
   -0.06  0.54  0.84  

3  1153.27  -39.74  65.63  
   -0.34  -0.10  -0.94  
   -0.11  -0.98  0.15  
   -0.93  0.15  0.32  

5  990.75  233.96  159.39  
   0.23  0.91  0.34  
   -0.37  0.41  -0.83  
   -0.90  0.06  0.43  

6  993.43  300.48  423.27  
   -0.20  0.00  -0.98  
   0.38  0.92  -0.07  
   0.90  -0.39  -0.18  

7  1027.81  -188.42  -43.31  
   0.90  0.05  0.42  
   -0.28  0.82  0.49  
   -0.33  -0.56  0.76  

8  936.72  -279.95  150.91  
   0.32  -0.77  0.55  
   0.31  0.64  0.71  
   -0.90  -0.05  0.44  

9  924.22  -352.72  417.91  
   -0.34  0.10  -0.93  
   -0.23  0.95  0.19  
   0.91  0.28  -0.30  

2  682.67  -32.59  568.37  
   0.95  -0.31  0.07  
   0.31  0.95  0.00  
   -0.07  0.02  1.00  

3  1151.48  -39.74  65.63  
   -0.34  -0.10  -0.93  
   -0.11  -0.98  0.15  
   -0.93  0.15  0.32  

6  1014.86  293.34  430.86  
   -0.14  -0.04  -0.99  
   0.36  0.93  -0.08  
   0.92  -0.37  -0.11  

7  1024.24  -188.86  -41.52  
   0.90  0.03  0.44  
   -0.27  0.82  0.50  
   -0.35  -0.57  0.75  

4  1057.72  132.16  -39.29  
   0.85  -0.40  0.34  
   0.52  0.73  -0.45  
   -0.07  0.56  0.83  

5  995.21  230.83  167.88  
   0.18  0.91  0.38  
   -0.36  0.42  -0.83  
   -0.92  0.01  0.40  

8  943.87  -281.29  159.84  
   0.26  -0.78  0.58  
   0.31  0.63  0.71  
   -0.92  -0.01  0.40  

9  946.99  -350.49  427.73  
   -0.28  0.12  -0.95  
   -0.22  0.96  0.18  
   0.93  0.26  -0.24  

2  683.12  -32.59  567.93  
   0.95  -0.31  0.07  
   0.31  0.95  0.00  
   -0.07  0.02  1.00  

4  1055.49  133.50  -37.06  
   0.85  -0.39  0.34  
   0.52  0.72  -0.46  
   -0.07  0.57  0.82  

5  999.23  228.60  175.47  
   0.13  0.91  0.40  
   -0.35  0.42  -0.84  
   -0.93  -0.03  0.37  

3  1150.14  -39.74  65.19  
   -0.35  -0.10  -0.93  
   -0.11  -0.98  0.15  
   -0.93  0.15  0.33  

6  1032.72  286.64  438.00  
   -0.08  -0.06  -0.99  
   0.34  0.94  -0.09  
   0.94  -0.35  -0.05  

7  1022.45  -187.97  -40.18  
   0.89  0.01  0.45  
   -0.26  0.83  0.50  
   -0.37  -0.56  0.74  

9  973.78  -342.01  438.45  
   -0.22  0.13  -0.97  
   -0.20  0.96  0.18  
   0.95  0.24  -0.18  

8  952.80  -277.71  171.00  
   0.20  -0.78  0.59  
   0.28  0.62  0.73  
   -0.94  0.03  0.34  

2  682.67  -32.59  568.37  
   0.95  -0.31  0.07  
   0.31  0.95  0.00  
   -0.07  0.02  1.00  

3  1149.25  -38.84  65.19  
   -0.35  -0.10  -0.93  
   -0.11  -0.98  0.15  
   -0.93  0.15  0.33  

4  1052.81  133.50  -34.83  
   0.85  -0.39  0.35  
   0.52  0.71  -0.47  
   -0.07  0.58  0.81  

5  1004.59  228.15  180.83  
   0.09  0.90  0.43  
   -0.34  0.43  -0.84  
   -0.93  -0.07  0.35  

6  1048.35  283.07  442.91  
   -0.04  -0.09  -1.00  
   0.33  0.94  -0.10  
   0.94  -0.34  -0.01  

8  961.28  -272.36  179.49  
   0.15  -0.78  0.60  
   0.25  0.62  0.74  
   -0.96  0.04  0.29  

7  1021.11  -187.97  -39.74  
   0.89  -0.00  0.45  
   -0.25  0.83  0.50  
   -0.38  -0.56  0.74  

9  992.98  -327.27  447.82  
   -0.18  0.13  -0.98  
   -0.18  0.97  0.16  
   0.97  0.20  -0.15  

2  683.12  -32.59  567.93  
   0.95  -0.31  0.07  
   0.31  0.95  0.00  
   -0.07  0.02  1.00  

3  1147.91  -39.29  65.19  
   -0.35  -0.10  -0.93  
   -0.11  -0.98  0.15  
   -0.93  0.15  0.33  

6  1063.97  277.27  446.04  
   0.01  -0.10  -0.99  
   0.32  0.94  -0.10  
   0.95  -0.32  0.04  

5  1009.95  225.03  187.52  
   0.05  0.90  0.44  
   -0.33  0.43  -0.84  
   -0.94  -0.11  0.32  

4  1051.02  134.39  -33.04  
   0.85  -0.38  0.36  
   0.51  0.71  -0.48  
   -0.07  0.59  0.80  

9  1007.27  -320.58  453.63  
   -0.14  0.17  -0.98  
   -0.16  0.97  0.19  
   0.98  0.18  -0.10  

8  963.51  -267.44  187.08  
   0.11  -0.76  0.64  
   0.23  0.65  0.72  
   -0.97  0.07  0.25  

7  1017.98  -187.97  -38.40  
   0.88  -0.01  0.47  
   -0.26  0.83  0.50  
   -0.39  -0.56  0.73  

2  683.12  -32.59  568.37  
   0.95  -0.31  0.07  
   0.31  0.95  0.00  
   -0.07  0.02  1.00  

3  1146.57  -40.63  64.74  
   -0.35  -0.10  -0.93  
   -0.10  -0.98  0.15  
   -0.93  0.15  0.34  

5  1017.09  221.46  194.67  
   -0.01  0.88  0.47  
   -0.32  0.44  -0.84  
   -0.95  -0.16  0.28  

4  1049.24  135.28  -30.81  
   0.86  -0.37  0.36  
   0.51  0.71  -0.49  
   -0.08  0.60  0.79  

6  1086.74  270.57  449.16  
   0.07  -0.15  -0.99  
   0.31  0.94  -0.12  
   0.95  -0.30  0.11  

7  1017.09  -188.86  -37.06  
   0.88  -0.01  0.48  
   -0.26  0.83  0.50  
   -0.40  -0.56  0.73  

9  1026.47  -318.34  456.31  
   -0.08  0.23  -0.97  
   -0.15  0.96  0.24  
   0.99  0.16  -0.04  

8  969.76  -265.66  192.88  
   0.06  -0.73  0.68  
   0.23  0.67  0.71  
   -0.97  0.11  0.20  

3  1145.23  -40.63  64.74  
   -0.36  -0.10  -0.93  
   -0.10  -0.98  0.14  
   -0.93  0.15  0.34  

2  683.12  -32.59  567.93  
   0.95  -0.31  0.07  
   0.31  0.95  0.00  
   -0.07  0.02  1.00  

4  1047.90  135.28  -29.91  
   0.86  -0.36  0.36  
   0.51  0.70  -0.50  
   -0.08  0.61  0.79  

6  1109.96  265.66  449.16  
   0.13  -0.18  -0.98  
   0.30  0.94  -0.13  
   0.95  -0.28  0.17  

5  1027.36  219.22  200.03  
   -0.07  0.87  0.49  
   -0.31  0.45  -0.84  
   -0.95  -0.21  0.24  

7  1016.20  -189.76  -36.61  
   0.88  -0.02  0.48  
   -0.25  0.83  0.50  
   -0.41  -0.56  0.72  

8  980.93  -263.43  200.92  
   -0.00  -0.72  0.70  
   0.22  0.68  0.70  
   -0.98  0.15  0.16  

9  1054.60  -313.43  459.43  
   -0.01  0.26  -0.97  
   -0.14  0.96  0.26  
   0.99  0.14  0.03  

2  683.12  -32.59  567.93  
   0.95  -0.31  0.07  
   0.31  0.95  0.00  
   -0.07  0.02  1.00  

3  1144.79  -41.08  65.19  
   -0.36  -0.09  -0.93  
   -0.10  -0.99  0.14  
   -0.93  0.14  0.34  

6  1129.16  263.87  446.93  
   0.18  -0.20  -0.96  
   0.30  0.94  -0.14  
   0.94  -0.26  0.23  

5  1035.40  217.88  203.15  
   -0.12  0.86  0.50  
   -0.31  0.45  -0.84  
   -0.94  -0.25  0.21  

4  1047.90  134.84  -28.13  
   0.86  -0.35  0.36  
   0.50  0.70  -0.51  
   -0.08  0.62  0.78  

7  1016.20  -190.20  -36.17  
   0.88  -0.03  0.48  
   -0.25  0.82  0.51  
   -0.41  -0.56  0.72  

8  990.30  -261.64  204.94  
   -0.05  -0.70  0.71  
   0.21  0.69  0.70  
   -0.98  0.18  0.11  

9  1076.03  -311.20  461.66  
   0.04  0.29  -0.96  
   -0.13  0.95  0.28  
   0.99  0.11  0.07  

3  1143.00  -40.63  65.63  
   -0.36  -0.09  -0.93  
   -0.10  -0.99  0.13  
   -0.93  0.14  0.35  

2  683.12  -32.59  568.37  
   0.95  -0.31  0.07  
   0.31  0.95  0.00  
   -0.07  0.02  1.00  

4  1046.56  135.28  -26.79  
   0.86  -0.35  0.37  
   0.50  0.70  -0.51  
   -0.08  0.62  0.78  

5  1039.42  217.44  208.51  
   -0.16  0.83  0.53  
   -0.30  0.47  -0.83  
   -0.94  -0.29  0.17  

6  1144.79  262.09  445.59  
   0.22  -0.24  -0.94  
   0.29  0.94  -0.17  
   0.93  -0.24  0.28  

9  1095.23  -307.18  461.22  
   0.09  0.34  -0.94  
   -0.12  0.94  0.33  
   0.99  0.08  0.13  

7  1015.31  -190.65  -34.83  
   0.88  -0.03  0.48  
   -0.25  0.82  0.51  
   -0.41  -0.57  0.71  

8  995.66  -257.62  210.74  
   -0.10  -0.67  0.73  
   0.20  0.71  0.68  
   -0.97  0.22  0.06  

2  683.12  -32.59  567.93  
   0.95  -0.31  0.07  
   0.31  0.95  0.00  
   -0.07  0.02  1.00  

6  1157.73  254.50  448.27  
   0.26  -0.27  -0.93  
   0.26  0.94  -0.20  
   0.93  -0.19  0.32  

3  1141.21  -39.74  64.74  
   -0.37  -0.08  -0.93  
   -0.10  -0.99  0.13  
   -0.93  0.14  0.35  

5  1042.99  214.76  213.87  
   -0.20  0.81  0.55  
   -0.27  0.49  -0.83  
   -0.94  -0.31  0.13  

4  1045.22  136.18  -25.45  
   0.86  -0.35  0.37  
   0.50  0.70  -0.51  
   -0.08  0.63  0.78  

7  1013.07  -190.65  -34.83  
   0.87  -0.03  0.48  
   -0.25  0.82  0.51  
   -0.41  -0.57  0.71  

8  1005.48  -253.60  214.76  
   -0.16  -0.66  0.74  
   0.18  0.72  0.67  
   -0.97  0.24  0.00  

9  1114.87  -300.04  459.43  
   0.15  0.37  -0.92  
   -0.10  0.93  0.36  
   0.98  0.04  0.17  

2  683.12  -32.59  567.93  
   0.95  -0.31  0.07  
   0.31  0.95  0.00  
   -0.07  0.02  1.00  

3  1139.87  -39.29  64.74  
   -0.37  -0.08  -0.92  
   -0.10  -0.99  0.12  
   -0.92  0.13  0.36  

4  1043.88  137.07  -24.11  
   0.86  -0.35  0.37  
   0.50  0.69  -0.52  
   -0.07  0.63  0.77  

5  1045.67  210.29  218.78  
   -0.22  0.80  0.56  
   -0.25  0.51  -0.82  
   -0.94  -0.32  0.08  

6  1167.11  244.23  448.27  
   0.30  -0.29  -0.91  
   0.24  0.94  -0.23  
   0.93  -0.15  0.35  

7  1012.18  -191.10  -34.83  
   0.87  -0.04  0.48  
   -0.25  0.82  0.51  
   -0.42  -0.57  0.71  

9  1132.28  -293.79  458.09  
   0.19  0.37  -0.91  
   -0.08  0.93  0.36  
   0.98  0.01  0.20  

8  1012.63  -252.71  218.33  
   -0.20  -0.66  0.73  
   0.16  0.71  0.69  
   -0.97  0.26  -0.03  

2  683.12  -32.59  567.93  
   0.95  -0.31  0.07  
   0.31  0.95  0.00  
   -0.07  0.02  1.00  

3  1137.64  -39.74  64.29  
   -0.38  -0.07  -0.92  
   -0.10  -0.99  0.12  
   -0.92  0.13  0.37  

4  1042.54  137.52  -23.66  
   0.86  -0.35  0.37  
   0.50  0.69  -0.52  
   -0.07  0.63  0.77  

8  1011.29  -251.37  220.12  
   -0.22  -0.62  0.75  
   0.16  0.73  0.66  
   -0.96  0.27  -0.06  

6  1168.00  233.96  450.95  
   0.31  -0.32  -0.89  
   0.21  0.94  -0.27  
   0.93  -0.11  0.36  

5  1045.67  204.04  221.90  
   -0.23  0.79  0.57  
   -0.22  0.53  -0.82  
   -0.95  -0.32  0.05  

7  1010.39  -191.99  -33.49  
   0.87  -0.04  0.49  
   -0.25  0.82  0.51  
   -0.42  -0.57  0.71  

9  1137.64  -292.89  456.31  
   0.21  0.38  -0.90  
   -0.07  0.93  0.37  
   0.97  -0.01  0.23  

2  683.12  -32.59  568.37  
   0.95  -0.31  0.07  
   0.31  0.95  0.00  
   -0.07  0.02  1.00  

3  1136.75  -40.18  64.29  
   -0.39  -0.07  -0.92  
   -0.10  -0.99  0.12  
   -0.92  0.14  0.38  

4  1040.76  135.73  -23.66  
   0.86  -0.35  0.37  
   0.50  0.70  -0.50  
   -0.08  0.62  0.78  

5  1038.97  200.03  224.58  
   -0.24  0.75  0.62  
   -0.21  0.58  -0.79  
   -0.95  -0.32  0.02  

6  1163.98  231.73  452.29  
   0.31  -0.37  -0.87  
   0.20  0.92  -0.32  
   0.93  -0.08  0.37  

8  1007.27  -252.71  222.80  
   -0.22  -0.63  0.74  
   0.15  0.73  0.67  
   -0.96  0.25  -0.07  

9  1130.05  -288.43  461.22  
   0.22  0.40  -0.89  
   -0.03  0.92  0.40  
   0.98  -0.06  0.21  

7  1009.95  -193.77  -32.15  
   0.87  -0.05  0.49  
   -0.25  0.82  0.52  
   -0.42  -0.57  0.70  

2  683.12  -32.59  568.37  
   0.95  -0.31  0.07  
   0.31  0.95  0.00  
   -0.07  0.02  1.00  

3  1136.30  -41.08  63.85  
   -0.39  -0.07  -0.92  
   -0.10  -0.99  0.12  
   -0.91  0.14  0.38  

4  1040.31  135.73  -24.56  
   0.86  -0.35  0.37  
   0.50  0.71  -0.50  
   -0.09  0.61  0.78  

6  1161.75  232.62  450.50  
   0.32  -0.39  -0.86  
   0.21  0.92  -0.34  
   0.92  -0.07  0.37  

5  1036.74  198.24  225.47  
   -0.25  0.73  0.63  
   -0.21  0.60  -0.77  
   -0.94  -0.33  0.01  

7  1010.39  -194.67  -31.70  
   0.87  -0.05  0.49  
   -0.24  0.82  0.52  
   -0.42  -0.57  0.70  

8  1004.59  -249.58  225.47  
   -0.23  -0.61  0.76  
   0.13  0.75  0.65  
   -0.96  0.25  -0.09  

9  1123.80  -290.21  466.13  
   0.21  0.52  -0.83  
   -0.01  0.85  0.53  
   0.98  -0.10  0.19  

2  682.67  -32.59  568.37  
   0.95  -0.31  0.07  
   0.31  0.95  0.00  
   -0.07  0.02  1.00  

5  1033.61  196.90  225.03  
   -0.25  0.72  0.64  
   -0.22  0.61  -0.76  
   -0.94  -0.33  0.00  

3  1136.75  -40.63  62.95  
   -0.40  -0.07  -0.92  
   -0.10  -0.99  0.12  
   -0.91  0.14  0.38  

4  1039.42  135.28  -25.00  
   0.86  -0.35  0.38  
   0.51  0.71  -0.49  
   -0.10  0.61  0.79  

6  1158.18  233.96  450.95  
   0.32  -0.41  -0.85  
   0.21  0.91  -0.36  
   0.92  -0.06  0.38  

8  1003.25  -251.37  224.14  
   -0.23  -0.63  0.75  
   0.13  0.74  0.66  
   -0.97  0.24  -0.09  

7  1010.84  -196.01  -31.25  
   0.87  -0.06  0.49  
   -0.24  0.82  0.52  
   -0.43  -0.57  0.70  

9  1121.12  -290.21  466.58  
   0.22  0.54  -0.81  
   -0.00  0.83  0.56  
   0.98  -0.12  0.18  

2  683.12  -32.59  567.93  
   0.95  -0.31  0.07  
   0.31  0.95  0.00  
   -0.07  0.02  1.00  

4  1038.97  134.84  -25.45  
   0.86  -0.35  0.38  
   0.51  0.71  -0.49  
   -0.10  0.61  0.78  

3  1136.75  -40.63  62.51  
   -0.40  -0.07  -0.92  
   -0.10  -0.99  0.12  
   -0.91  0.14  0.38  

6  1157.73  234.40  450.95  
   0.32  -0.42  -0.85  
   0.21  0.91  -0.37  
   0.92  -0.06  0.38  

5  1033.16  196.90  225.47  
   -0.25  0.72  0.65  
   -0.22  0.61  -0.76  
   -0.94  -0.33  0.00  

7  1009.95  -196.01  -31.70  
   0.87  -0.06  0.50  
   -0.24  0.82  0.52  
   -0.44  -0.57  0.70  

8  1001.02  -251.82  224.58  
   -0.22  -0.62  0.75  
   0.13  0.74  0.65  
   -0.97  0.24  -0.08  

9  1119.78  -292.00  466.13  
   0.22  0.55  -0.80  
   -0.00  0.82  0.57  
   0.98  -0.12  0.18  

2  683.12  -32.59  568.37  
   0.95  -0.31  0.07  
   0.31  0.95  0.00  
   -0.07  0.02  1.00  

5  1032.27  197.35  225.92  
   -0.25  0.72  0.65  
   -0.22  0.61  -0.76  
   -0.94  -0.33  0.00  

4  1038.97  135.28  -25.45  
   0.86  -0.35  0.39  
   0.51  0.71  -0.49  
   -0.11  0.61  0.78  

3  1136.75  -40.63  62.95  
   -0.39  -0.07  -0.92  
   -0.10  -0.99  0.12  
   -0.91  0.14  0.38  

6  1157.73  233.51  450.06  
   0.33  -0.42  -0.84  
   0.21  0.90  -0.37  
   0.92  -0.05  0.38  

7  1009.50  -195.56  -31.70  
   0.86  -0.06  0.50  
   -0.24  0.82  0.52  
   -0.44  -0.57  0.70  

8  1000.13  -251.82  225.03  
   -0.22  -0.62  0.75  
   0.13  0.75  0.65  
   -0.97  0.24  -0.08  

9  1118.89  -291.11  465.68  
   0.22  0.56  -0.80  
   -0.00  0.82  0.57  
   0.97  -0.13  0.18  

3  1136.75  -40.63  62.51  
   -0.39  -0.07  -0.92  
   -0.10  -0.99  0.12  
   -0.92  0.14  0.38  

2  682.67  -32.59  568.37  
   0.95  -0.31  0.07  
   0.31  0.95  0.00  
   -0.07  0.02  1.00  

4  1038.97  136.18  -25.45  
   0.85  -0.35  0.39  
   0.51  0.71  -0.48  
   -0.11  0.61  0.78  

5  1031.83  196.90  225.92  
   -0.25  0.71  0.65  
   -0.22  0.62  -0.76  
   -0.94  -0.33  0.00  

6  1157.73  233.96  449.16  
   0.33  -0.43  -0.84  
   0.21  0.90  -0.38  
   0.92  -0.05  0.39  

8  1000.13  -250.92  225.03  
   -0.22  -0.62  0.75  
   0.13  0.75  0.65  
   -0.97  0.24  -0.08  

7  1009.95  -195.11  -31.70  
   0.86  -0.06  0.50  
   -0.24  0.82  0.52  
   -0.44  -0.57  0.70  

9  1118.44  -291.55  465.68  
   0.22  0.56  -0.80  
   -0.00  0.82  0.57  
   0.97  -0.13  0.18  

2  683.12  -32.59  567.93  
   0.95  -0.31  0.07  
   0.31  0.95  0.00  
   -0.07  0.02  1.00  

4  1038.52  135.73  -25.45  
   0.85  -0.35  0.39  
   0.51  0.71  -0.48  
   -0.11  0.61  0.78  

5  1030.93  196.90  225.47  
   -0.25  0.71  0.66  
   -0.22  0.62  -0.75  
   -0.94  -0.33  0.00  

3  1136.75  -40.18  62.95  
   -0.39  -0.07  -0.92  
   -0.10  -0.99  0.12  
   -0.92  0.14  0.37  

6  1157.29  234.40  449.61  
   0.33  -0.43  -0.84  
   0.21  0.90  -0.38  
   0.92  -0.05  0.39  

7  1009.95  -194.67  -31.25  
   0.86  -0.06  0.50  
   -0.24  0.82  0.51  
   -0.44  -0.56  0.70  

8  999.68  -250.48  225.03  
   -0.22  -0.62  0.76  
   0.13  0.75  0.65  
   -0.97  0.24  -0.08  

9  1118.44  -291.55  465.68  
   0.23  0.56  -0.80  
   -0.00  0.82  0.57  
   0.97  -0.13  0.19  

2  682.67  -32.59  568.37  
   0.95  -0.31  0.07  
   0.31  0.95  0.00  
   -0.07  0.02  1.00  

3  1136.30  -40.18  63.40  
   -0.39  -0.07  -0.92  
   -0.10  -0.99  0.12  
   -0.92  0.14  0.37  

4  1038.08  136.18  -25.00  
   0.85  -0.35  0.39  
   0.51  0.71  -0.49  
   -0.11  0.62  0.78  

5  1030.49  198.24  225.47  
   -0.23  0.72  0.65  
   -0.22  0.61  -0.76  
   -0.95  -0.32  0.02  

6  1157.73  234.85  450.06  
   0.33  -0.43  -0.84  
   0.20  0.90  -0.38  
   0.92  -0.04  0.39  

7  1008.61  -193.77  -31.25  
   0.86  -0.06  0.50  
   -0.24  0.82  0.51  
   -0.45  -0.56  0.70  

9  1118.00  -292.89  465.24  
   0.23  0.56  -0.79  
   -0.00  0.82  0.58  
   0.97  -0.13  0.19  

8  998.34  -250.03  224.58  
   -0.22  -0.61  0.76  
   0.14  0.75  0.64  
   -0.97  0.25  -0.08  

2  683.12  -32.59  567.93  
   0.95  -0.31  0.07  
   0.31  0.95  0.00  
   -0.07  0.02  1.00  

3  1135.86  -39.74  62.95  
   -0.39  -0.08  -0.92  
   -0.10  -0.99  0.12  
   -0.92  0.14  0.37  

4  1037.18  137.07  -24.11  
   0.85  -0.35  0.39  
   0.51  0.70  -0.50  
   -0.10  0.62  0.78  

7  1007.72  -193.33  -31.70  
   0.86  -0.06  0.51  
   -0.25  0.82  0.51  
   -0.45  -0.56  0.70  

8  997.89  -249.14  224.58  
   -0.22  -0.61  0.76  
   0.14  0.75  0.64  
   -0.97  0.25  -0.08  

6  1157.29  234.40  450.50  
   0.34  -0.43  -0.84  
   0.20  0.90  -0.38  
   0.92  -0.04  0.39  

5  1030.04  199.13  225.03  
   -0.23  0.72  0.65  
   -0.22  0.61  -0.76  
   -0.95  -0.32  0.02  

9  1118.00  -292.45  465.24  
   0.23  0.57  -0.79  
   -0.00  0.81  0.58  
   0.97  -0.13  0.19  

