2 	  42.89	   0.04	   4.55
	 -0.098	 -0.638	 -0.763
	  0.093	 -0.770	  0.631
	 -0.991	 -0.009	  0.135

3 	  41.59	   0.42	   2.92
	  0.353	 -0.138	  0.925
	 -0.029	  0.987	  0.158
	 -0.935	 -0.082	  0.344

4 	  36.77	  -6.31	  -2.25
	  0.599	 -0.799	  0.053
	  0.669	  0.463	 -0.581
	  0.440	  0.383	  0.812

5 	  39.59	  -7.51	   8.47
	  0.570	 -0.015	  0.822
	  0.663	 -0.582	 -0.471
	  0.485	  0.813	 -0.322

6 	  47.90	  -3.92	  13.08
	  0.818	  0.332	  0.470
	 -0.165	  0.918	 -0.361
	 -0.551	  0.217	  0.805

7 	  37.39	   7.22	  -1.56
	  0.531	  0.818	  0.221
	 -0.707	  0.284	  0.648
	  0.467	 -0.501	  0.729

8 	  39.73	   7.68	   9.88
	  0.559	 -0.051	  0.827
	 -0.707	 -0.551	  0.443
	  0.433	 -0.833	 -0.345

9 	  47.95	   4.10	  13.27
	  0.777	 -0.483	  0.404
	  0.028	  0.667	  0.744
	 -0.629	 -0.567	  0.532

2 	  42.64	  -0.53	   4.22
	 -0.494	 -0.589	 -0.640
	  0.012	 -0.740	  0.672
	 -0.870	  0.324	  0.372

3 	  41.57	   0.37	   2.92
	  0.355	 -0.140	  0.924
	 -0.025	  0.987	  0.159
	 -0.934	 -0.079	  0.347

4 	  36.77	  -6.31	  -2.27
	  0.599	 -0.799	  0.052
	  0.668	  0.463	 -0.582
	  0.441	  0.384	  0.811

5 	  39.60	  -7.49	   8.46
	  0.570	 -0.015	  0.821
	  0.664	 -0.580	 -0.472
	  0.483	  0.814	 -0.321

6 	  47.94	  -3.90	  13.08
	  0.817	  0.332	  0.470
	 -0.166	  0.918	 -0.359
	 -0.552	  0.215	  0.806

7 	  37.37	   7.22	  -1.56
	  0.532	  0.817	  0.221
	 -0.705	  0.283	  0.649
	  0.468	 -0.502	  0.727

8 	  39.74	   7.68	   9.88
	  0.561	 -0.053	  0.826
	 -0.708	 -0.548	  0.446
	  0.429	 -0.835	 -0.345

9 	  47.94	   4.10	  13.27
	  0.774	 -0.484	  0.407
	  0.030	  0.671	  0.740
	 -0.632	 -0.562	  0.534

2 	  42.77	   0.35	   4.46
	 -0.102	 -0.603	 -0.791
	  0.366	 -0.762	  0.534
	 -0.925	 -0.235	  0.299

3 	  41.52	   0.44	   2.95
	  0.358	 -0.135	  0.923
	 -0.029	  0.987	  0.156
	 -0.933	 -0.083	  0.350

4 	  36.76	  -6.28	  -2.27
	  0.600	 -0.798	  0.052
	  0.667	  0.463	 -0.583
	  0.441	  0.385	  0.810

5 	  39.60	  -7.49	   8.46
	  0.571	 -0.015	  0.821
	  0.664	 -0.579	 -0.473
	  0.483	  0.815	 -0.321

6 	  47.95	  -3.92	  13.06
	  0.818	  0.330	  0.471
	 -0.166	  0.919	 -0.357
	 -0.551	  0.214	  0.807

7 	  37.34	   7.24	  -1.55
	  0.530	  0.817	  0.225
	 -0.703	  0.275	  0.655
	  0.473	 -0.506	  0.721

8 	  39.73	   7.66	   9.90
	  0.561	 -0.054	  0.826
	 -0.707	 -0.550	  0.444
	  0.431	 -0.833	 -0.347

9 	  47.94	   4.08	  13.29
	  0.775	 -0.483	  0.406
	  0.030	  0.671	  0.741
	 -0.631	 -0.562	  0.535

2 	  42.61	  -0.46	   4.27
	 -0.475	 -0.660	 -0.583
	  0.115	 -0.703	  0.702
	 -0.873	  0.266	  0.410

3 	  41.48	   0.42	   2.99
	  0.359	 -0.135	  0.923
	 -0.027	  0.987	  0.155
	 -0.933	 -0.080	  0.351

4 	  36.74	  -6.26	  -2.27
	  0.600	 -0.798	  0.053
	  0.665	  0.461	 -0.588
	  0.444	  0.388	  0.807

5 	  39.60	  -7.47	   8.46
	  0.571	 -0.015	  0.821
	  0.665	 -0.578	 -0.473
	  0.482	  0.816	 -0.320

6 	  47.94	  -3.92	  13.06
	  0.818	  0.329	  0.471
	 -0.164	  0.919	 -0.357
	 -0.551	  0.214	  0.807

7 	  37.32	   7.26	  -1.55
	  0.530	  0.817	  0.226
	 -0.702	  0.274	  0.657
	  0.475	 -0.507	  0.719

8 	  39.71	   7.65	   9.88
	  0.563	 -0.056	  0.824
	 -0.708	 -0.548	  0.446
	  0.427	 -0.835	 -0.348

9 	  47.94	   4.08	  13.25
	  0.775	 -0.483	  0.406
	  0.032	  0.673	  0.738
	 -0.631	 -0.560	  0.538

2 	  42.36	   0.14	   4.29
	 -0.424	 -0.499	 -0.756
	  0.462	 -0.837	  0.293
	 -0.779	 -0.225	  0.586

3 	  41.34	   0.40	   3.18
	  0.342	 -0.131	  0.930
	 -0.023	  0.989	  0.148
	 -0.939	 -0.072	  0.335

4 	  36.70	  -6.26	  -2.27
	  0.599	 -0.799	  0.053
	  0.663	  0.458	 -0.592
	  0.448	  0.390	  0.804

5 	  39.59	  -7.47	   8.44
	  0.572	 -0.015	  0.820
	  0.665	 -0.577	 -0.474
	  0.480	  0.816	 -0.320

6 	  47.94	  -3.92	  13.06
	  0.818	  0.327	  0.472
	 -0.162	  0.920	 -0.357
	 -0.551	  0.216	  0.806

7 	  37.30	   7.28	  -1.53
	  0.530	  0.817	  0.227
	 -0.701	  0.271	  0.660
	  0.478	 -0.509	  0.716

8 	  39.73	   7.61	   9.90
	  0.563	 -0.058	  0.824
	 -0.707	 -0.549	  0.445
	  0.427	 -0.833	 -0.350

9 	  47.94	   4.08	  13.27
	  0.776	 -0.482	  0.406
	  0.033	  0.674	  0.738
	 -0.630	 -0.560	  0.539

2 	  40.82	   0.53	  -1.14
	 -0.449	 -0.442	 -0.777
	  0.417	 -0.872	  0.255
	 -0.790	 -0.209	  0.575

3 	  41.73	   0.47	   2.57
	  0.381	 -0.139	  0.914
	 -0.000	  0.988	  0.151
	 -0.925	 -0.058	  0.376

4 	  36.79	  -6.28	  -2.32
	  0.609	 -0.792	  0.037
	  0.659	  0.479	 -0.580
	  0.441	  0.377	  0.814

5 	  39.62	  -7.49	   8.38
	  0.567	 -0.020	  0.823
	  0.660	 -0.587	 -0.469
	  0.492	  0.809	 -0.320

6 	  47.95	  -3.94	  13.08
	  0.816	  0.330	  0.475
	 -0.150	  0.914	 -0.378
	 -0.559	  0.237	  0.795

7 	  37.44	   7.28	  -1.60
	  0.542	  0.812	  0.216
	 -0.704	  0.298	  0.644
	  0.459	 -0.501	  0.733

8 	  39.76	   7.66	   9.90
	  0.567	 -0.058	  0.821
	 -0.703	 -0.554	  0.446
	  0.430	 -0.830	 -0.355

9 	  47.94	   4.06	  13.27
	  0.773	 -0.486	  0.408
	  0.029	  0.670	  0.741
	 -0.634	 -0.561	  0.532

2 	  40.69	   0.12	  -1.18
	 -0.583	 -0.505	 -0.637
	  0.258	 -0.858	  0.444
	 -0.771	  0.095	  0.630

3 	  41.68	   0.49	   2.62
	  0.379	 -0.142	  0.914
	 -0.002	  0.988	  0.154
	 -0.925	 -0.061	  0.375

4 	  36.76	  -6.26	  -2.32
	  0.607	 -0.793	  0.039
	  0.658	  0.476	 -0.583
	  0.444	  0.379	  0.812

5 	  39.60	  -7.47	   8.40
	  0.569	 -0.019	  0.822
	  0.661	 -0.584	 -0.472
	  0.489	  0.811	 -0.320

6 	  47.95	  -3.96	  13.08
	  0.817	  0.327	  0.475
	 -0.149	  0.915	 -0.375
	 -0.557	  0.235	  0.796

7 	  37.37	   7.31	  -1.55
	  0.539	  0.813	  0.221
	 -0.705	  0.291	  0.647
	  0.462	 -0.505	  0.729

8 	  39.76	   7.68	   9.91
	  0.568	 -0.058	  0.821
	 -0.701	 -0.556	  0.446
	  0.431	 -0.829	 -0.357

9 	  47.94	   4.06	  13.27
	  0.774	 -0.485	  0.406
	  0.029	  0.669	  0.743
	 -0.632	 -0.563	  0.532

2 	  40.62	   0.65	  -1.25
	 -0.560	 -0.387	 -0.732
	  0.421	 -0.894	  0.151
	 -0.713	 -0.224	  0.664

3 	  41.61	   0.51	   2.64
	  0.374	 -0.145	  0.916
	 -0.016	  0.986	  0.162
	 -0.927	 -0.075	  0.367

4 	  36.74	  -6.22	  -2.30
	  0.607	 -0.794	  0.039
	  0.659	  0.475	 -0.583
	  0.444	  0.380	  0.811

5 	  39.59	  -7.47	   8.40
	  0.570	 -0.020	  0.821
	  0.661	 -0.582	 -0.473
	  0.487	  0.813	 -0.319

6 	  47.95	  -3.96	  13.06
	  0.818	  0.326	  0.474
	 -0.149	  0.916	 -0.372
	 -0.556	  0.233	  0.798

7 	  37.34	   7.33	  -1.51
	  0.535	  0.814	  0.224
	 -0.706	  0.284	  0.649
	  0.465	 -0.505	  0.727

8 	  39.73	   7.66	   9.93
	  0.568	 -0.059	  0.820
	 -0.700	 -0.559	  0.444
	  0.432	 -0.827	 -0.359

9 	  47.92	   4.08	  13.29
	  0.776	 -0.484	  0.404
	  0.029	  0.668	  0.743
	 -0.630	 -0.565	  0.532

2 	  40.96	   0.72	  -0.81
	 -0.187	 -0.539	 -0.821
	  0.443	 -0.792	  0.419
	 -0.877	 -0.286	  0.387

3 	  41.61	   0.53	   2.67
	  0.379	 -0.156	  0.912
	 -0.021	  0.984	  0.176
	 -0.925	 -0.086	  0.370

4 	  36.72	  -6.24	  -2.29
	  0.603	 -0.796	  0.043
	  0.661	  0.470	 -0.585
	  0.445	  0.381	  0.810

5 	  39.59	  -7.45	   8.42
	  0.570	 -0.019	  0.821
	  0.661	 -0.582	 -0.473
	  0.486	  0.813	 -0.320

6 	  47.95	  -3.94	  13.06
	  0.819	  0.325	  0.473
	 -0.149	  0.916	 -0.372
	 -0.554	  0.234	  0.799

7 	  37.32	   7.31	  -1.51
	  0.534	  0.815	  0.225
	 -0.706	  0.283	  0.650
	  0.466	 -0.506	  0.726

8 	  39.71	   7.65	   9.93
	  0.570	 -0.059	  0.819
	 -0.698	 -0.560	  0.445
	  0.433	 -0.826	 -0.360

9 	  47.94	   4.10	  13.29
	  0.777	 -0.484	  0.403
	  0.030	  0.668	  0.743
	 -0.629	 -0.566	  0.534

2 	  40.71	  -0.07	  -0.95
	 -0.533	 -0.654	 -0.537
	  0.222	 -0.721	  0.656
	 -0.816	  0.231	  0.530

3 	  41.57	   0.53	   2.65
	  0.377	 -0.149	  0.914
	 -0.020	  0.985	  0.169
	 -0.926	 -0.082	  0.368

4 	  36.70	  -6.24	  -2.27
	  0.603	 -0.797	  0.045
	  0.661	  0.468	 -0.586
	  0.445	  0.383	  0.809

5 	  39.57	  -7.45	   8.44
	  0.570	 -0.018	  0.821
	  0.661	 -0.582	 -0.472
	  0.486	  0.812	 -0.321

6 	  47.95	  -3.96	  13.04
	  0.820	  0.324	  0.471
	 -0.148	  0.916	 -0.372
	 -0.552	  0.235	  0.799

7 	  37.32	   7.31	  -1.51
	  0.533	  0.815	  0.224
	 -0.705	  0.282	  0.651
	  0.467	 -0.505	  0.725

8 	  39.69	   7.65	   9.93
	  0.573	 -0.058	  0.817
	 -0.698	 -0.557	  0.450
	  0.429	 -0.829	 -0.360

9 	  47.94	   4.10	  13.27
	  0.777	 -0.484	  0.403
	  0.031	  0.669	  0.742
	 -0.629	 -0.565	  0.535

2 	  35.19	   0.91	  -4.94
	  0.665	 -0.095	 -0.740
	  0.209	  0.976	  0.062
	  0.717	 -0.196	  0.669

3 	  41.78	   0.44	   2.69
	  0.367	 -0.144	  0.919
	 -0.017	  0.987	  0.161
	 -0.930	 -0.075	  0.360

4 	  36.84	  -6.31	  -2.27
	  0.601	 -0.798	  0.047
	  0.669	  0.470	 -0.575
	  0.437	  0.377	  0.816

5 	  39.60	  -7.49	   8.47
	  0.564	 -0.017	  0.825
	  0.662	 -0.588	 -0.465
	  0.493	  0.809	 -0.321

6 	  47.95	  -3.94	  13.10
	  0.819	  0.328	  0.469
	 -0.153	  0.915	 -0.373
	 -0.552	  0.234	  0.800

7 	  37.49	   7.22	  -1.56
	  0.530	  0.817	  0.225
	 -0.714	  0.287	  0.638
	  0.457	 -0.500	  0.736

8 	  39.74	   7.63	   9.93
	  0.570	 -0.054	  0.820
	 -0.697	 -0.560	  0.447
	  0.435	 -0.826	 -0.357

9 	  47.94	   4.10	  13.27
	  0.775	 -0.484	  0.406
	  0.030	  0.670	  0.741
	 -0.631	 -0.563	  0.534

2 	  35.46	   0.07	  -5.15
	  0.822	 -0.199	 -0.532
	  0.019	  0.945	 -0.325
	  0.568	  0.257	  0.782

3 	  41.77	   0.42	   2.71
	  0.365	 -0.144	  0.920
	 -0.019	  0.986	  0.162
	 -0.931	 -0.077	  0.357

4 	  36.84	  -6.31	  -2.27
	  0.601	 -0.798	  0.047
	  0.669	  0.470	 -0.576
	  0.437	  0.378	  0.816

5 	  39.62	  -7.49	   8.47
	  0.565	 -0.016	  0.824
	  0.661	 -0.588	 -0.465
	  0.492	  0.809	 -0.322

6 	  47.97	  -3.96	  13.10
	  0.820	  0.328	  0.469
	 -0.153	  0.915	 -0.373
	 -0.552	  0.234	  0.800

7 	  37.49	   7.22	  -1.56
	  0.529	  0.818	  0.225
	 -0.714	  0.286	  0.639
	  0.458	 -0.499	  0.735

8 	  39.74	   7.63	   9.93
	  0.570	 -0.054	  0.819
	 -0.696	 -0.561	  0.448
	  0.435	 -0.826	 -0.357

9 	  47.95	   4.08	  13.27
	  0.775	 -0.484	  0.406
	  0.031	  0.671	  0.740
	 -0.631	 -0.562	  0.535

2 	  34.72	   0.32	  -4.41
	  0.331	 -0.131	 -0.934
	 -0.149	  0.970	 -0.189
	  0.932	  0.201	  0.302

3 	  41.80	   0.46	   2.65
	  0.366	 -0.148	  0.918
	 -0.019	  0.986	  0.166
	 -0.930	 -0.078	  0.358

4 	  36.86	  -6.24	  -2.32
	  0.608	 -0.793	  0.037
	  0.664	  0.483	 -0.570
	  0.434	  0.371	  0.821

5 	  39.66	  -7.47	   8.42
	  0.566	 -0.018	  0.824
	  0.663	 -0.584	 -0.468
	  0.490	  0.811	 -0.318

6 	  47.95	  -3.92	  13.08
	  0.817	  0.329	  0.472
	 -0.155	  0.916	 -0.370
	 -0.554	  0.229	  0.800

7 	  37.46	   7.28	  -1.53
	  0.528	  0.818	  0.226
	 -0.713	  0.283	  0.641
	  0.461	 -0.500	  0.733

8 	  39.74	   7.63	   9.95
	  0.571	 -0.057	  0.818
	 -0.695	 -0.563	  0.446
	  0.436	 -0.824	 -0.361

9 	  47.95	   4.08	  13.27
	  0.775	 -0.484	  0.407
	  0.030	  0.671	  0.741
	 -0.631	 -0.562	  0.534

2 	  34.68	   1.27	  -4.17
	  0.249	  0.149	 -0.957
	  0.233	  0.950	  0.209
	  0.940	 -0.275	  0.202

3 	  41.82	   0.49	   2.64
	  0.367	 -0.151	  0.918
	 -0.019	  0.985	  0.169
	 -0.930	 -0.079	  0.359

4 	  36.88	  -6.22	  -2.34
	  0.608	 -0.793	  0.035
	  0.664	  0.484	 -0.568
	  0.434	  0.369	  0.822

5 	  39.66	  -7.47	   8.40
	  0.566	 -0.020	  0.824
	  0.663	 -0.583	 -0.470
	  0.489	  0.812	 -0.317

6 	  47.97	  -3.90	  13.08
	  0.817	  0.329	  0.474
	 -0.157	  0.917	 -0.367
	 -0.556	  0.225	  0.800

7 	  37.46	   7.31	  -1.51
	  0.529	  0.818	  0.228
	 -0.713	  0.282	  0.642
	  0.461	 -0.502	  0.732

8 	  39.74	   7.63	   9.97
	  0.572	 -0.059	  0.818
	 -0.694	 -0.565	  0.444
	  0.437	 -0.823	 -0.364

9 	  47.97	   4.08	  13.27
	  0.775	 -0.484	  0.406
	  0.030	  0.670	  0.741
	 -0.631	 -0.562	  0.534

2 	  35.30	   1.49	  -4.78
	  0.646	 -0.083	 -0.759
	  0.418	  0.870	  0.260
	  0.639	 -0.485	  0.597

3 	  41.82	   0.49	   2.64
	  0.365	 -0.152	  0.918
	 -0.020	  0.985	  0.171
	 -0.931	 -0.080	  0.356

4 	  36.88	  -6.22	  -2.34
	  0.609	 -0.792	  0.034
	  0.664	  0.486	 -0.568
	  0.433	  0.368	  0.823

5 	  39.66	  -7.47	   8.38
	  0.565	 -0.020	  0.824
	  0.664	 -0.581	 -0.470
	  0.488	  0.814	 -0.315

6 	  47.97	  -3.90	  13.08
	  0.816	  0.329	  0.475
	 -0.157	  0.917	 -0.366
	 -0.556	  0.224	  0.800

7 	  37.48	   7.31	  -1.51
	  0.529	  0.818	  0.228
	 -0.713	  0.282	  0.641
	  0.460	 -0.502	  0.732

8 	  39.74	   7.63	   9.97
	  0.571	 -0.059	  0.818
	 -0.695	 -0.565	  0.444
	  0.437	 -0.823	 -0.364

9 	  47.97	   4.06	  13.27
	  0.775	 -0.484	  0.406
	  0.030	  0.670	  0.741
	 -0.632	 -0.562	  0.534

2 	  33.66	   1.02	   0.67
	  0.171	 -0.625	 -0.762
	  0.296	  0.770	 -0.565
	  0.939	 -0.129	  0.316

3 	  43.15	   0.86	   3.08
	  0.220	 -0.187	  0.957
	 -0.003	  0.981	  0.192
	 -0.975	 -0.045	  0.216

4 	  38.69	  -5.43	  -2.92
	  0.573	 -0.818	  0.043
	  0.736	  0.491	 -0.466
	  0.360	  0.299	  0.884

5 	  39.94	  -7.33	   8.10
	  0.460	 -0.079	  0.884
	  0.692	 -0.591	 -0.414
	  0.555	  0.803	 -0.217

6 	  48.02	  -3.88	  13.22
	  0.804	  0.327	  0.496
	 -0.165	  0.925	 -0.343
	 -0.571	  0.193	  0.797

7 	  39.92	   7.95	  -1.78
	  0.549	  0.780	  0.300
	 -0.771	  0.335	  0.541
	  0.321	 -0.528	  0.786

8 	  40.04	   8.05	  10.02
	  0.435	 -0.072	  0.897
	 -0.751	 -0.579	  0.318
	  0.497	 -0.812	 -0.307

9 	  48.04	   4.11	  13.36
	  0.763	 -0.520	  0.384
	  0.046	  0.637	  0.769
	 -0.645	 -0.569	  0.510

2 	  33.98	   0.86	   0.46
	  0.510	 -0.473	 -0.719
	  0.337	  0.878	 -0.339
	  0.791	 -0.069	  0.607

3 	  43.14	   0.76	   3.02
	  0.226	 -0.180	  0.957
	 -0.001	  0.983	  0.185
	 -0.974	 -0.043	  0.221

4 	  38.60	  -5.68	  -2.81
	  0.562	 -0.824	  0.063
	  0.742	  0.469	 -0.479
	  0.365	  0.316	  0.876

5 	  39.87	  -7.37	   8.19
	  0.461	 -0.068	  0.885
	  0.686	 -0.605	 -0.404
	  0.563	  0.793	 -0.232

6 	  48.02	  -3.85	  13.18
	  0.810	  0.331	  0.483
	 -0.169	  0.922	 -0.348
	 -0.561	  0.200	  0.803

7 	  39.88	   7.80	  -1.85
	  0.551	  0.781	  0.292
	 -0.770	  0.341	  0.539
	  0.321	 -0.522	  0.790

8 	  40.08	   8.00	   9.93
	  0.438	 -0.065	  0.896
	 -0.752	 -0.573	  0.326
	  0.492	 -0.817	 -0.300

9 	  48.04	   4.10	  13.36
	  0.760	 -0.517	  0.392
	  0.046	  0.646	  0.762
	 -0.648	 -0.562	  0.515

2 	  33.50	   0.98	   1.27
	 -0.014	 -0.713	 -0.701
	  0.271	  0.672	 -0.688
	  0.962	 -0.200	  0.184

3 	  43.05	   0.74	   3.02
	  0.233	 -0.178	  0.956
	  0.000	  0.983	  0.182
	 -0.972	 -0.042	  0.229

4 	  38.53	  -5.70	  -2.76
	  0.564	 -0.823	  0.065
	  0.740	  0.469	 -0.482
	  0.366	  0.320	  0.874

5 	  39.87	  -7.35	   8.21
	  0.464	 -0.066	  0.883
	  0.687	 -0.603	 -0.406
	  0.559	  0.795	 -0.235

6 	  48.02	  -3.87	  13.18
	  0.811	  0.330	  0.482
	 -0.169	  0.922	 -0.346
	 -0.559	  0.199	  0.804

7 	  39.78	   7.79	  -1.83
	  0.551	  0.782	  0.290
	 -0.768	  0.339	  0.543
	  0.326	 -0.522	  0.788

8 	  40.06	   8.00	   9.95
	  0.441	 -0.064	  0.895
	 -0.751	 -0.573	  0.329
	  0.491	 -0.817	 -0.301

9 	  48.02	   4.10	  13.34
	  0.761	 -0.516	  0.392
	  0.046	  0.647	  0.761
	 -0.647	 -0.562	  0.516

2 	  33.59	   1.55	   1.63
	 -0.259	 -0.362	 -0.896
	  0.401	  0.803	 -0.440
	  0.879	 -0.473	 -0.063

3 	  43.05	   0.76	   3.01
	  0.234	 -0.179	  0.955
	 -0.002	  0.983	  0.184
	 -0.972	 -0.045	  0.230

4 	  38.53	  -5.70	  -2.79
	  0.564	 -0.823	  0.064
	  0.739	  0.469	 -0.483
	  0.367	  0.320	  0.873

5 	  39.87	  -7.35	   8.19
	  0.466	 -0.065	  0.882
	  0.687	 -0.601	 -0.408
	  0.557	  0.796	 -0.236

6 	  48.02	  -3.87	  13.20
	  0.811	  0.330	  0.483
	 -0.170	  0.923	 -0.345
	 -0.560	  0.198	  0.805

7 	  39.78	   7.79	  -1.83
	  0.551	  0.782	  0.290
	 -0.768	  0.339	  0.543
	  0.327	 -0.522	  0.788

8 	  40.06	   8.00	   9.95
	  0.443	 -0.064	  0.894
	 -0.750	 -0.573	  0.330
	  0.491	 -0.817	 -0.302

9 	  48.02	   4.11	  13.36
	  0.762	 -0.515	  0.392
	  0.046	  0.647	  0.761
	 -0.646	 -0.562	  0.517

2 	  33.68	   1.39	   1.09
	  0.065	 -0.537	 -0.841
	  0.476	  0.757	 -0.447
	  0.877	 -0.371	  0.305

3 	  43.03	   0.74	   3.01
	  0.234	 -0.179	  0.955
	 -0.001	  0.983	  0.184
	 -0.972	 -0.044	  0.230

4 	  38.55	  -5.68	  -2.79
	  0.566	 -0.822	  0.064
	  0.739	  0.471	 -0.481
	  0.365	  0.320	  0.874

5 	  39.87	  -7.35	   8.19
	  0.466	 -0.065	  0.882
	  0.688	 -0.600	 -0.408
	  0.556	  0.797	 -0.235

6 	  48.02	  -3.87	  13.20
	  0.811	  0.330	  0.483
	 -0.170	  0.923	 -0.345
	 -0.560	  0.198	  0.804

7 	  39.78	   7.79	  -1.81
	  0.551	  0.782	  0.291
	 -0.769	  0.339	  0.542
	  0.325	 -0.523	  0.788

8 	  40.06	   7.98	   9.95
	  0.442	 -0.065	  0.894
	 -0.751	 -0.572	  0.330
	  0.491	 -0.817	 -0.302

9 	  48.04	   4.10	  13.36
	  0.762	 -0.515	  0.393
	  0.046	  0.648	  0.760
	 -0.646	 -0.561	  0.517

2 	  41.19	   2.25	  -1.16
	  0.477	 -0.559	  0.679
	  0.345	  0.829	  0.440
	 -0.808	  0.024	  0.588

3 	  41.78	   0.76	   2.48
	  0.387	 -0.168	  0.906
	 -0.007	  0.982	  0.185
	 -0.922	 -0.078	  0.379

4 	  36.74	  -5.98	  -2.44
	  0.622	 -0.783	 -0.001
	  0.644	  0.513	 -0.568
	  0.445	  0.352	  0.823

5 	  39.69	  -7.40	   8.21
	  0.572	 -0.031	  0.820
	  0.670	 -0.558	 -0.489
	  0.472	  0.829	 -0.299

6 	  47.95	  -3.92	  13.11
	  0.811	  0.319	  0.490
	 -0.143	  0.920	 -0.365
	 -0.568	  0.225	  0.792

7 	  37.25	   7.61	  -1.37
	  0.489	  0.845	  0.213
	 -0.725	  0.259	  0.638
	  0.484	 -0.467	  0.740

8 	  39.69	   7.75	  10.14
	  0.579	 -0.074	  0.812
	 -0.690	 -0.575	  0.439
	  0.435	 -0.814	 -0.384

9 	  47.97	   4.15	  13.29
	  0.784	 -0.490	  0.380
	  0.026	  0.638	  0.769
	 -0.620	 -0.594	  0.513

2 	  41.17	   2.11	  -0.83
	  0.315	 -0.547	  0.776
	  0.407	  0.816	  0.410
	 -0.858	  0.186	  0.479

3 	  41.73	   0.77	   2.50
	  0.388	 -0.171	  0.905
	 -0.006	  0.982	  0.187
	 -0.921	 -0.079	  0.380

4 	  36.70	  -5.94	  -2.44
	  0.623	 -0.782	 -0.001
	  0.643	  0.513	 -0.568
	  0.445	  0.353	  0.823

5 	  39.69	  -7.37	   8.21
	  0.572	 -0.032	  0.820
	  0.672	 -0.555	 -0.490
	  0.470	  0.831	 -0.296

6 	  47.95	  -3.90	  13.11
	  0.811	  0.319	  0.490
	 -0.144	  0.921	 -0.362
	 -0.568	  0.223	  0.792

7 	  37.21	   7.63	  -1.35
	  0.488	  0.846	  0.214
	 -0.725	  0.255	  0.640
	  0.487	 -0.468	  0.737

8 	  39.67	   7.75	  10.14
	  0.580	 -0.075	  0.811
	 -0.689	 -0.577	  0.439
	  0.434	 -0.813	 -0.387

9 	  47.97	   4.17	  13.29
	  0.785	 -0.490	  0.379
	  0.026	  0.637	  0.770
	 -0.619	 -0.595	  0.513

2 	  40.83	   2.16	  -1.41
	  0.592	 -0.553	  0.586
	  0.455	  0.830	  0.323
	 -0.665	  0.075	  0.743

3 	  41.64	   0.81	   2.53
	  0.393	 -0.166	  0.904
	 -0.016	  0.982	  0.187
	 -0.919	 -0.089	  0.383

4 	  36.65	  -5.94	  -2.39
	  0.624	 -0.781	  0.002
	  0.640	  0.511	 -0.574
	  0.447	  0.359	  0.819

5 	  39.67	  -7.37	   8.23
	  0.573	 -0.031	  0.818
	  0.672	 -0.553	 -0.492
	  0.468	  0.833	 -0.296

6 	  47.94	  -3.92	  13.11
	  0.811	  0.318	  0.491
	 -0.144	  0.922	 -0.360
	 -0.567	  0.221	  0.793

7 	  37.11	   7.63	  -1.30
	  0.499	  0.838	  0.221
	 -0.716	  0.255	  0.649
	  0.488	 -0.483	  0.727

8 	  39.66	   7.73	  10.18
	  0.585	 -0.077	  0.807
	 -0.687	 -0.575	  0.443
	  0.430	 -0.814	 -0.389

9 	  47.94	   4.17	  13.31
	  0.786	 -0.488	  0.378
	  0.027	  0.639	  0.769
	 -0.617	 -0.595	  0.515

2 	  40.69	   2.81	  -1.41
	  0.784	 -0.404	  0.471
	  0.188	  0.878	  0.441
	 -0.592	 -0.257	  0.764

3 	  41.59	   0.84	   2.55
	  0.395	 -0.167	  0.903
	 -0.019	  0.981	  0.189
	 -0.918	 -0.092	  0.385

4 	  36.65	  -5.91	  -2.39
	  0.625	 -0.781	  0.003
	  0.639	  0.509	 -0.576
	  0.448	  0.362	  0.817

5 	  39.67	  -7.35	   8.24
	  0.575	 -0.031	  0.817
	  0.672	 -0.551	 -0.494
	  0.465	  0.834	 -0.296

6 	  47.94	  -3.90	  13.08
	  0.812	  0.316	  0.489
	 -0.144	  0.923	 -0.357
	 -0.565	  0.219	  0.795

7 	  37.05	   7.65	  -1.28
	  0.495	  0.840	  0.220
	 -0.715	  0.250	  0.653
	  0.493	 -0.482	  0.724

8 	  39.64	   7.72	  10.20
	  0.587	 -0.078	  0.806
	 -0.687	 -0.575	  0.444
	  0.428	 -0.814	 -0.391

9 	  47.94	   4.18	  13.31
	  0.787	 -0.488	  0.377
	  0.027	  0.639	  0.768
	 -0.616	 -0.595	  0.516

2 	  40.99	   2.87	  -0.93
	  0.570	 -0.565	  0.596
	  0.120	  0.775	  0.620
	 -0.812	 -0.282	  0.510

3 	  41.59	   0.83	   2.58
	  0.395	 -0.168	  0.903
	 -0.019	  0.981	  0.190
	 -0.918	 -0.092	  0.385

4 	  36.62	  -5.91	  -2.37
	  0.623	 -0.782	  0.005
	  0.640	  0.506	 -0.578
	  0.449	  0.363	  0.816

5 	  39.66	  -7.33	   8.26
	  0.575	 -0.030	  0.817
	  0.673	 -0.551	 -0.494
	  0.465	  0.834	 -0.297

6 	  47.94	  -3.92	  13.10
	  0.813	  0.315	  0.489
	 -0.143	  0.923	 -0.357
	 -0.564	  0.220	  0.796

7 	  37.07	   7.65	  -1.27
	  0.486	  0.846	  0.218
	 -0.718	  0.244	  0.652
	  0.499	 -0.474	  0.726

8 	  39.64	   7.72	  10.18
	  0.587	 -0.078	  0.805
	 -0.686	 -0.575	  0.445
	  0.428	 -0.814	 -0.391

9 	  47.94	   4.18	  13.31
	  0.787	 -0.487	  0.377
	  0.028	  0.640	  0.768
	 -0.616	 -0.594	  0.518

2 	  39.92	   5.33	  -0.63
	  0.625	 -0.119	  0.771
	  0.188	  0.982	 -0.001
	 -0.757	  0.145	  0.636

3 	  41.54	   0.97	   2.67
	  0.396	 -0.176	  0.901
	 -0.036	  0.978	  0.206
	 -0.917	 -0.114	  0.380

4 	  36.67	  -5.75	  -2.39
	  0.622	 -0.783	  0.004
	  0.644	  0.509	 -0.570
	  0.444	  0.358	  0.821

5 	  39.66	  -7.26	   8.26
	  0.577	 -0.036	  0.816
	  0.669	 -0.551	 -0.497
	  0.467	  0.833	 -0.294

6 	  47.95	  -3.88	  13.11
	  0.814	  0.311	  0.490
	 -0.143	  0.926	 -0.350
	 -0.562	  0.214	  0.798

7 	  36.84	   7.77	  -1.09
	  0.487	  0.834	  0.257
	 -0.707	  0.204	  0.677
	  0.513	 -0.512	  0.689

8 	  39.59	   7.77	  10.30
	  0.603	 -0.083	  0.793
	 -0.674	 -0.586	  0.450
	  0.427	 -0.806	 -0.409

9 	  47.92	   4.20	  13.32
	  0.793	 -0.486	  0.367
	  0.028	  0.631	  0.775
	 -0.609	 -0.604	  0.514

2 	  40.04	   5.15	  -0.19
	  0.395	 -0.121	  0.910
	  0.255	  0.966	  0.017
	 -0.882	  0.226	  0.413

3 	  41.54	   0.97	   2.65
	  0.397	 -0.176	  0.900
	 -0.039	  0.977	  0.208
	 -0.917	 -0.117	  0.381

4 	  36.67	  -5.75	  -2.39
	  0.623	 -0.782	  0.004
	  0.643	  0.510	 -0.570
	  0.444	  0.358	  0.821

5 	  39.66	  -7.26	   8.24
	  0.577	 -0.036	  0.816
	  0.669	 -0.551	 -0.498
	  0.467	  0.833	 -0.294

6 	  47.95	  -3.87	  13.11
	  0.814	  0.311	  0.490
	 -0.144	  0.926	 -0.349
	 -0.563	  0.213	  0.798

7 	  36.84	   7.77	  -1.09
	  0.488	  0.834	  0.256
	 -0.706	  0.204	  0.678
	  0.513	 -0.511	  0.689

8 	  39.59	   7.75	  10.30
	  0.604	 -0.084	  0.792
	 -0.674	 -0.585	  0.452
	  0.425	 -0.807	 -0.410

9 	  47.94	   4.22	  13.32
	  0.794	 -0.485	  0.366
	  0.028	  0.630	  0.776
	 -0.608	 -0.606	  0.514

2 	  39.87	   5.12	  -0.63
	  0.607	 -0.039	  0.793
	  0.221	  0.967	 -0.122
	 -0.763	  0.249	  0.596

3 	  41.54	   0.97	   2.67
	  0.399	 -0.174	  0.900
	 -0.041	  0.977	  0.207
	 -0.916	 -0.119	  0.383

4 	  36.67	  -5.77	  -2.37
	  0.624	 -0.781	  0.004
	  0.643	  0.510	 -0.571
	  0.444	  0.359	  0.821

5 	  39.66	  -7.26	   8.26
	  0.576	 -0.036	  0.816
	  0.670	 -0.551	 -0.497
	  0.468	  0.833	 -0.294

6 	  47.95	  -3.87	  13.10
	  0.814	  0.311	  0.490
	 -0.144	  0.926	 -0.349
	 -0.563	  0.214	  0.798

7 	  36.83	   7.73	  -1.11
	  0.497	  0.836	  0.232
	 -0.692	  0.221	  0.687
	  0.523	 -0.502	  0.688

8 	  39.59	   7.75	  10.28
	  0.606	 -0.082	  0.791
	 -0.674	 -0.582	  0.455
	  0.423	 -0.809	 -0.408

9 	  47.90	   4.22	  13.32
	  0.793	 -0.485	  0.367
	  0.027	  0.631	  0.775
	 -0.608	 -0.605	  0.513

2 	  39.80	   5.55	  -0.97
	  0.743	 -0.005	  0.669
	  0.021	  0.999	 -0.016
	 -0.669	  0.025	  0.742

3 	  41.59	   1.00	   2.62
	  0.398	 -0.174	  0.901
	 -0.037	  0.978	  0.205
	 -0.917	 -0.115	  0.382

4 	  36.70	  -5.75	  -2.43
	  0.627	 -0.778	 -0.002
	  0.641	  0.518	 -0.566
	  0.441	  0.354	  0.824

5 	  39.67	  -7.26	   8.24
	  0.576	 -0.036	  0.816
	  0.669	 -0.552	 -0.497
	  0.469	  0.833	 -0.294

6 	  47.95	  -3.87	  13.10
	  0.813	  0.312	  0.491
	 -0.145	  0.926	 -0.349
	 -0.564	  0.212	  0.798

7 	  36.86	   7.77	  -1.12
	  0.496	  0.837	  0.228
	 -0.695	  0.225	  0.682
	  0.520	 -0.498	  0.694

8 	  39.60	   7.75	  10.27
	  0.604	 -0.084	  0.792
	 -0.676	 -0.581	  0.454
	  0.422	 -0.810	 -0.408

9 	  47.92	   4.20	  13.31
	  0.792	 -0.487	  0.368
	  0.026	  0.630	  0.776
	 -0.609	 -0.605	  0.512

2 	  40.04	   5.61	  -0.69
	  0.570	 -0.153	  0.807
	  0.028	  0.985	  0.166
	 -0.821	 -0.072	  0.566

3 	  41.66	   0.97	   2.53
	  0.394	 -0.179	  0.901
	 -0.034	  0.977	  0.208
	 -0.918	 -0.113	  0.379

4 	  36.72	  -5.75	  -2.44
	  0.629	 -0.777	 -0.005
	  0.642	  0.523	 -0.561
	  0.438	  0.350	  0.828

5 	  39.69	  -7.28	   8.19
	  0.575	 -0.037	  0.817
	  0.669	 -0.553	 -0.497
	  0.470	  0.832	 -0.293

6 	  47.95	  -3.87	  13.08
	  0.811	  0.313	  0.493
	 -0.146	  0.926	 -0.348
	 -0.566	  0.210	  0.797

7 	  36.93	   7.79	  -1.14
	  0.498	  0.836	  0.229
	 -0.697	  0.229	  0.679
	  0.516	 -0.498	  0.697

8 	  39.64	   7.77	  10.25
	  0.603	 -0.084	  0.793
	 -0.676	 -0.581	  0.453
	  0.423	 -0.810	 -0.407

9 	  47.94	   4.18	  13.31
	  0.791	 -0.487	  0.369
	  0.026	  0.630	  0.776
	 -0.611	 -0.605	  0.511

2 	  39.27	   7.14	  -1.79
	  0.867	 -0.036	  0.497
	 -0.022	  0.994	  0.110
	 -0.498	 -0.106	  0.861

3 	  41.52	   1.02	   2.64
	  0.402	 -0.181	  0.898
	 -0.050	  0.974	  0.218
	 -0.914	 -0.132	  0.382

4 	  36.69	  -5.71	  -2.44
	  0.630	 -0.776	 -0.004
	  0.639	  0.521	 -0.566
	  0.441	  0.354	  0.825

5 	  39.69	  -7.28	   8.19
	  0.578	 -0.037	  0.815
	  0.672	 -0.545	 -0.502
	  0.462	  0.838	 -0.290

6 	  47.95	  -3.87	  13.08
	  0.812	  0.312	  0.493
	 -0.147	  0.927	 -0.344
	 -0.565	  0.206	  0.799

7 	  36.72	   7.79	  -1.00
	  0.492	  0.834	  0.249
	 -0.695	  0.204	  0.689
	  0.524	 -0.513	  0.680

8 	  39.53	   7.73	  10.39
	  0.610	 -0.085	  0.788
	 -0.666	 -0.593	  0.452
	  0.429	 -0.801	 -0.419

9 	  47.90	   4.24	  13.31
	  0.798	 -0.484	  0.359
	  0.028	  0.625	  0.780
	 -0.602	 -0.613	  0.512

2 	  39.55	   7.01	  -1.46
	  0.715	 -0.038	  0.698
	  0.033	  0.999	  0.020
	 -0.698	  0.009	  0.716

3 	  41.52	   1.02	   2.64
	  0.403	 -0.180	  0.897
	 -0.049	  0.974	  0.218
	 -0.914	 -0.132	  0.384

4 	  36.69	  -5.71	  -2.44
	  0.630	 -0.776	 -0.004
	  0.638	  0.521	 -0.566
	  0.441	  0.354	  0.824

5 	  39.69	  -7.28	   8.19
	  0.578	 -0.038	  0.815
	  0.672	 -0.544	 -0.502
	  0.462	  0.838	 -0.289

6 	  47.95	  -3.87	  13.08
	  0.812	  0.311	  0.494
	 -0.148	  0.928	 -0.342
	 -0.565	  0.205	  0.799

7 	  36.69	   7.79	  -0.98
	  0.492	  0.837	  0.240
	 -0.690	  0.206	  0.694
	  0.531	 -0.507	  0.678

8 	  39.53	   7.75	  10.39
	  0.612	 -0.085	  0.786
	 -0.665	 -0.593	  0.453
	  0.427	 -0.801	 -0.419

9 	  47.92	   4.22	  13.31
	  0.798	 -0.484	  0.358
	  0.028	  0.624	  0.781
	 -0.601	 -0.614	  0.512

2 	  39.22	   6.47	  -1.67
	  0.874	  0.088	  0.478
	  0.086	  0.939	 -0.331
	 -0.478	  0.330	  0.813

3 	  41.50	   1.02	   2.64
	  0.404	 -0.180	  0.896
	 -0.049	  0.974	  0.217
	 -0.913	 -0.132	  0.385

4 	  36.69	  -5.71	  -2.43
	  0.630	 -0.776	 -0.003
	  0.638	  0.521	 -0.567
	  0.441	  0.355	  0.824

5 	  39.69	  -7.28	   8.19
	  0.577	 -0.038	  0.815
	  0.672	 -0.544	 -0.502
	  0.463	  0.838	 -0.289

6 	  47.95	  -3.85	  13.10
	  0.811	  0.312	  0.495
	 -0.148	  0.928	 -0.343
	 -0.566	  0.204	  0.798

7 	  36.70	   7.77	  -1.00
	  0.492	  0.840	  0.230
	 -0.688	  0.213	  0.694
	  0.534	 -0.500	  0.682

8 	  39.53	   7.75	  10.37
	  0.613	 -0.084	  0.785
	 -0.665	 -0.592	  0.455
	  0.427	 -0.801	 -0.419

9 	  47.90	   4.24	  13.32
	  0.798	 -0.484	  0.358
	  0.028	  0.625	  0.780
	 -0.602	 -0.613	  0.512

2 	  38.83	   7.17	  -2.07
	  0.951	  0.113	  0.287
	 -0.133	  0.990	  0.050
	 -0.278	 -0.086	  0.956

3 	  41.50	   1.02	   2.65
	  0.404	 -0.179	  0.897
	 -0.050	  0.975	  0.217
	 -0.913	 -0.132	  0.385

4 	  36.69	  -5.73	  -2.43
	  0.630	 -0.776	 -0.003
	  0.638	  0.520	 -0.567
	  0.441	  0.355	  0.824

5 	  39.67	  -7.26	   8.21
	  0.577	 -0.037	  0.815
	  0.673	 -0.544	 -0.501
	  0.462	  0.838	 -0.289

6 	  47.95	  -3.87	  13.08
	  0.812	  0.311	  0.494
	 -0.148	  0.928	 -0.342
	 -0.565	  0.204	  0.799

7 	  36.67	   7.75	  -1.02
	  0.491	  0.841	  0.228
	 -0.688	  0.213	  0.694
	  0.535	 -0.498	  0.683

8 	  39.53	   7.75	  10.39
	  0.613	 -0.084	  0.785
	 -0.665	 -0.592	  0.456
	  0.426	 -0.802	 -0.419

9 	  47.90	   4.22	  13.32
	  0.798	 -0.484	  0.358
	  0.029	  0.625	  0.780
	 -0.601	 -0.613	  0.513

2 	  39.39	   7.44	  -1.74
	  0.813	 -0.067	  0.577
	 -0.119	  0.953	  0.278
	 -0.569	 -0.295	  0.767

3 	  41.50	   1.02	   2.65
	  0.405	 -0.179	  0.896
	 -0.049	  0.975	  0.217
	 -0.913	 -0.132	  0.386

4 	  36.69	  -5.73	  -2.44
	  0.630	 -0.776	 -0.003
	  0.638	  0.520	 -0.567
	  0.442	  0.355	  0.824

5 	  39.67	  -7.26	   8.21
	  0.577	 -0.037	  0.815
	  0.673	 -0.544	 -0.501
	  0.462	  0.838	 -0.289

6 	  47.95	  -3.87	  13.10
	  0.811	  0.312	  0.495
	 -0.148	  0.928	 -0.342
	 -0.566	  0.204	  0.799

7 	  36.70	   7.80	  -0.98
	  0.501	  0.830	  0.245
	 -0.688	  0.211	  0.694
	  0.524	 -0.517	  0.677

8 	  39.55	   7.75	  10.39
	  0.614	 -0.085	  0.784
	 -0.664	 -0.593	  0.456
	  0.426	 -0.801	 -0.420

9 	  47.90	   4.24	  13.31
	  0.799	 -0.484	  0.358
	  0.028	  0.624	  0.780
	 -0.601	 -0.613	  0.512

2 	  35.47	   8.77	  -0.95
	  0.315	 -0.064	 -0.947
	  0.683	  0.708	  0.179
	  0.659	 -0.703	  0.267

3 	  41.54	   0.88	   2.65
	  0.399	 -0.174	  0.900
	 -0.038	  0.978	  0.206
	 -0.916	 -0.117	  0.383

4 	  36.65	  -5.85	  -2.37
	  0.619	 -0.785	  0.007
	  0.646	  0.505	 -0.573
	  0.446	  0.359	  0.820

5 	  39.67	  -7.31	   8.28
	  0.577	 -0.033	  0.816
	  0.670	 -0.552	 -0.496
	  0.466	  0.833	 -0.297

6 	  47.95	  -3.90	  13.10
	  0.814	  0.312	  0.490
	 -0.142	  0.925	 -0.353
	 -0.563	  0.217	  0.797

7 	  36.86	   7.58	  -1.14
	  0.504	  0.835	  0.221
	 -0.695	  0.240	  0.677
	  0.513	 -0.496	  0.701

8 	  39.59	   7.72	  10.32
	  0.609	 -0.082	  0.789
	 -0.669	 -0.586	  0.456
	  0.425	 -0.806	 -0.412

9 	  47.92	   4.22	  13.32
	  0.794	 -0.485	  0.366
	  0.029	  0.632	  0.774
	 -0.607	 -0.604	  0.516

2 	  35.67	   8.53	  -1.20
	  0.566	 -0.138	 -0.813
	  0.595	  0.751	  0.286
	  0.571	 -0.646	  0.507

3 	  41.55	   0.88	   2.64
	  0.399	 -0.174	  0.900
	 -0.038	  0.978	  0.206
	 -0.916	 -0.116	  0.383

4 	  36.65	  -5.84	  -2.37
	  0.619	 -0.785	  0.007
	  0.646	  0.504	 -0.573
	  0.445	  0.359	  0.820

5 	  39.67	  -7.31	   8.26
	  0.578	 -0.032	  0.815
	  0.670	 -0.552	 -0.496
	  0.466	  0.833	 -0.298

6 	  47.94	  -3.90	  13.10
	  0.814	  0.312	  0.490
	 -0.142	  0.925	 -0.352
	 -0.563	  0.217	  0.797

7 	  36.86	   7.54	  -1.11
	  0.505	  0.834	  0.223
	 -0.696	  0.240	  0.677
	  0.511	 -0.497	  0.701

8 	  39.59	   7.72	  10.32
	  0.609	 -0.082	  0.789
	 -0.669	 -0.586	  0.456
	  0.425	 -0.806	 -0.412

9 	  47.92	   4.20	  13.32
	  0.793	 -0.485	  0.367
	  0.029	  0.633	  0.774
	 -0.608	 -0.604	  0.516

2 	  34.93	   8.12	  -0.93
	  0.356	  0.004	 -0.934
	  0.272	  0.956	  0.108
	  0.893	 -0.293	  0.340

3 	  41.54	   0.90	   2.65
	  0.398	 -0.174	  0.900
	 -0.040	  0.977	  0.207
	 -0.916	 -0.119	  0.382

4 	  36.65	  -5.84	  -2.37
	  0.619	 -0.785	  0.007
	  0.646	  0.505	 -0.572
	  0.445	  0.359	  0.820

5 	  39.66	  -7.31	   8.26
	  0.578	 -0.032	  0.815
	  0.670	 -0.552	 -0.497
	  0.466	  0.833	 -0.298

6 	  47.94	  -3.90	  13.08
	  0.814	  0.312	  0.490
	 -0.143	  0.925	 -0.352
	 -0.563	  0.216	  0.798

7 	  36.77	   7.58	  -1.11
	  0.497	  0.838	  0.223
	 -0.698	  0.234	  0.676
	  0.514	 -0.493	  0.702

8 	  39.57	   7.70	  10.30
	  0.609	 -0.082	  0.788
	 -0.669	 -0.586	  0.456
	  0.425	 -0.806	 -0.412

9 	  47.90	   4.22	  13.32
	  0.794	 -0.485	  0.367
	  0.028	  0.633	  0.774
	 -0.607	 -0.604	  0.516

2 	  35.07	   8.67	  -0.33
	  0.161	  0.308	 -0.938
	  0.517	  0.782	  0.346
	  0.840	 -0.541	 -0.033

3 	  41.54	   0.91	   2.67
	  0.399	 -0.175	  0.900
	 -0.040	  0.977	  0.207
	 -0.916	 -0.119	  0.383

4 	  36.65	  -5.84	  -2.39
	  0.620	 -0.784	  0.006
	  0.646	  0.506	 -0.571
	  0.445	  0.358	  0.821

5 	  39.66	  -7.29	   8.26
	  0.578	 -0.032	  0.815
	  0.670	 -0.551	 -0.497
	  0.465	  0.833	 -0.297

6 	  47.95	  -3.88	  13.11
	  0.813	  0.312	  0.491
	 -0.144	  0.925	 -0.351
	 -0.564	  0.214	  0.797

7 	  36.77	   7.61	  -1.12
	  0.494	  0.840	  0.222
	 -0.698	  0.231	  0.677
	  0.517	 -0.490	  0.701

8 	  39.55	   7.72	  10.34
	  0.609	 -0.082	  0.788
	 -0.668	 -0.588	  0.455
	  0.426	 -0.805	 -0.413

9 	  47.90	   4.20	  13.34
	  0.794	 -0.485	  0.366
	  0.028	  0.631	  0.775
	 -0.607	 -0.605	  0.515

2 	  35.91	   9.09	  -0.58
	  0.478	  0.127	 -0.869
	  0.768	  0.420	  0.484
	  0.426	 -0.899	  0.103

3 	  41.55	   0.91	   2.65
	  0.399	 -0.174	  0.900
	 -0.041	  0.977	  0.207
	 -0.916	 -0.120	  0.383

4 	  36.65	  -5.84	  -2.39
	  0.621	 -0.784	  0.006
	  0.646	  0.506	 -0.571
	  0.444	  0.358	  0.821

5 	  39.66	  -7.29	   8.26
	  0.578	 -0.032	  0.815
	  0.670	 -0.551	 -0.497
	  0.465	  0.834	 -0.297

6 	  47.94	  -3.90	  13.11
	  0.813	  0.312	  0.491
	 -0.144	  0.925	 -0.350
	 -0.564	  0.214	  0.797

7 	  36.84	   7.63	  -1.12
	  0.499	  0.837	  0.223
	 -0.697	  0.235	  0.678
	  0.515	 -0.494	  0.700

8 	  39.57	   7.72	  10.34
	  0.609	 -0.082	  0.789
	 -0.669	 -0.588	  0.455
	  0.426	 -0.805	 -0.413

9 	  47.92	   4.20	  13.31
	  0.794	 -0.485	  0.366
	  0.029	  0.632	  0.774
	 -0.607	 -0.604	  0.516

2 	  32.73	   2.74	  -0.67
	  0.284	 -0.929	 -0.236
	  0.195	  0.297	 -0.935
	  0.938	  0.220	  0.266

3 	  41.55	   0.98	   2.69
	  0.396	 -0.181	  0.900
	 -0.036	  0.976	  0.212
	 -0.917	 -0.116	  0.381

4 	  36.70	  -5.71	  -2.44
	  0.623	 -0.782	  0.002
	  0.647	  0.514	 -0.563
	  0.439	  0.352	  0.826

5 	  39.69	  -7.26	   8.21
	  0.577	 -0.036	  0.816
	  0.672	 -0.545	 -0.500
	  0.463	  0.837	 -0.290

6 	  47.97	  -3.87	  13.10
	  0.811	  0.310	  0.495
	 -0.146	  0.928	 -0.343
	 -0.566	  0.206	  0.798

7 	  37.00	   7.88	  -1.09
	  0.499	  0.831	  0.245
	 -0.710	  0.230	  0.666
	  0.497	 -0.506	  0.704

8 	  39.59	   7.75	  10.37
	  0.602	 -0.090	  0.793
	 -0.672	 -0.594	  0.442
	  0.431	 -0.799	 -0.418

9 	  47.92	   4.20	  13.32
	  0.794	 -0.487	  0.363
	  0.029	  0.628	  0.778
	 -0.607	 -0.607	  0.512

2 	  32.99	   2.21	  -0.63
	  0.577	 -0.809	 -0.111
	  0.218	  0.283	 -0.934
	  0.787	  0.515	  0.340

3 	  41.55	   1.00	   2.69
	  0.397	 -0.182	  0.899
	 -0.037	  0.976	  0.213
	 -0.917	 -0.118	  0.381

4 	  36.70	  -5.70	  -2.44
	  0.623	 -0.782	  0.001
	  0.646	  0.515	 -0.563
	  0.439	  0.351	  0.826

5 	  39.69	  -7.26	   8.21
	  0.576	 -0.037	  0.816
	  0.673	 -0.544	 -0.500
	  0.462	  0.838	 -0.289

6 	  47.95	  -3.85	  13.08
	  0.811	  0.310	  0.496
	 -0.146	  0.928	 -0.342
	 -0.566	  0.204	  0.798

7 	  36.98	   7.88	  -1.09
	  0.501	  0.831	  0.241
	 -0.707	  0.233	  0.667
	  0.498	 -0.506	  0.704

8 	  39.60	   7.75	  10.37
	  0.602	 -0.091	  0.793
	 -0.672	 -0.594	  0.442
	  0.431	 -0.800	 -0.418

9 	  47.94	   4.18	  13.32
	  0.794	 -0.488	  0.362
	  0.030	  0.627	  0.778
	 -0.607	 -0.607	  0.513

2 	  32.85	   2.29	  -0.44
	  0.504	 -0.830	 -0.238
	  0.026	  0.290	 -0.956
	  0.863	  0.476	  0.168

3 	  41.55	   1.00	   2.69
	  0.397	 -0.181	  0.900
	 -0.037	  0.976	  0.212
	 -0.917	 -0.117	  0.381

4 	  36.70	  -5.70	  -2.44
	  0.623	 -0.782	  0.001
	  0.646	  0.514	 -0.563
	  0.440	  0.352	  0.826

5 	  39.69	  -7.26	   8.21
	  0.576	 -0.037	  0.816
	  0.673	 -0.544	 -0.501
	  0.462	  0.838	 -0.288

6 	  47.95	  -3.85	  13.08
	  0.811	  0.310	  0.495
	 -0.147	  0.928	 -0.342
	 -0.566	  0.204	  0.798

7 	  36.98	   7.88	  -1.09
	  0.503	  0.830	  0.241
	 -0.706	  0.234	  0.668
	  0.498	 -0.506	  0.704

8 	  39.59	   7.75	  10.35
	  0.602	 -0.090	  0.793
	 -0.672	 -0.593	  0.443
	  0.431	 -0.800	 -0.417

9 	  47.94	   4.18	  13.29
	  0.794	 -0.488	  0.362
	  0.031	  0.627	  0.778
	 -0.607	 -0.607	  0.513

2 	  32.62	   3.29	  -0.58
	  0.049	 -0.802	 -0.595
	  0.236	  0.588	 -0.773
	  0.970	 -0.103	  0.218

3 	  41.55	   0.98	   2.69
	  0.398	 -0.180	  0.899
	 -0.035	  0.977	  0.211
	 -0.917	 -0.116	  0.382

4 	  36.69	  -5.71	  -2.43
	  0.623	 -0.782	  0.002
	  0.646	  0.513	 -0.565
	  0.441	  0.353	  0.825

5 	  39.69	  -7.26	   8.21
	  0.576	 -0.037	  0.816
	  0.673	 -0.544	 -0.500
	  0.463	  0.838	 -0.289

6 	  47.95	  -3.87	  13.10
	  0.811	  0.311	  0.495
	 -0.146	  0.928	 -0.343
	 -0.566	  0.205	  0.798

7 	  37.00	   7.86	  -1.11
	  0.506	  0.828	  0.241
	 -0.706	  0.237	  0.667
	  0.496	 -0.508	  0.704

8 	  39.60	   7.73	  10.35
	  0.601	 -0.089	  0.794
	 -0.673	 -0.592	  0.443
	  0.430	 -0.801	 -0.416

9 	  47.94	   4.18	  13.31
	  0.793	 -0.488	  0.363
	  0.030	  0.628	  0.777
	 -0.608	 -0.606	  0.513

2 	  33.05	   3.74	  -0.97
	  0.188	 -0.715	 -0.674
	  0.668	  0.596	 -0.445
	  0.720	 -0.366	  0.590

3 	  41.55	   0.95	   2.65
	  0.397	 -0.178	  0.900
	 -0.035	  0.977	  0.209
	 -0.917	 -0.114	  0.382

4 	  36.69	  -5.75	  -2.43
	  0.621	 -0.783	  0.004
	  0.647	  0.510	 -0.566
	  0.442	  0.354	  0.824

5 	  39.66	  -7.26	   8.24
	  0.576	 -0.036	  0.817
	  0.673	 -0.547	 -0.499
	  0.464	  0.836	 -0.291

6 	  47.95	  -3.87	  13.08
	  0.812	  0.311	  0.493
	 -0.146	  0.927	 -0.344
	 -0.564	  0.207	  0.799

7 	  37.02	   7.82	  -1.14
	  0.511	  0.825	  0.239
	 -0.706	  0.244	  0.665
	  0.491	 -0.509	  0.707

8 	  39.62	   7.73	  10.32
	  0.600	 -0.088	  0.795
	 -0.675	 -0.589	  0.444
	  0.429	 -0.803	 -0.413

9 	  47.92	   4.18	  13.32
	  0.792	 -0.488	  0.366
	  0.029	  0.630	  0.776
	 -0.610	 -0.604	  0.513

2 	  32.70	   3.94	   5.12
	  0.007	 -0.960	  0.281
	 -0.525	 -0.243	 -0.816
	  0.851	 -0.141	 -0.505

3 	  41.75	   0.97	   2.53
	  0.380	 -0.183	  0.907
	 -0.021	  0.978	  0.206
	 -0.925	 -0.097	  0.367

4 	  36.79	  -5.73	  -2.50
	  0.626	 -0.780	 -0.005
	  0.648	  0.525	 -0.552
	  0.433	  0.342	  0.834

5 	  39.71	  -7.26	   8.17
	  0.574	 -0.036	  0.817
	  0.671	 -0.551	 -0.496
	  0.468	  0.834	 -0.292

6 	  47.97	  -3.87	  13.10
	  0.809	  0.312	  0.497
	 -0.146	  0.927	 -0.345
	 -0.569	  0.207	  0.796

7 	  37.30	   7.93	  -1.23
	  0.516	  0.819	  0.250
	 -0.719	  0.255	  0.646
	  0.465	 -0.513	  0.721

8 	  39.67	   7.79	  10.27
	  0.589	 -0.091	  0.802
	 -0.683	 -0.586	  0.435
	  0.431	 -0.805	 -0.407

9 	  47.95	   4.18	  13.31
	  0.787	 -0.492	  0.372
	  0.027	  0.630	  0.776
	 -0.616	 -0.601	  0.509

2 	  32.61	   3.55	   4.94
	  0.174	 -0.956	  0.236
	 -0.370	 -0.286	 -0.884
	  0.912	  0.066	 -0.403

3 	  41.78	   0.98	   2.53
	  0.380	 -0.183	  0.907
	 -0.020	  0.978	  0.205
	 -0.925	 -0.096	  0.368

4 	  36.79	  -5.71	  -2.48
	  0.626	 -0.780	 -0.004
	  0.649	  0.524	 -0.552
	  0.432	  0.342	  0.834

5 	  39.71	  -7.26	   8.17
	  0.573	 -0.037	  0.818
	  0.672	 -0.550	 -0.496
	  0.469	  0.834	 -0.291

6 	  47.97	  -3.87	  13.10
	  0.809	  0.311	  0.498
	 -0.145	  0.927	 -0.345
	 -0.569	  0.207	  0.795

7 	  37.30	   7.91	  -1.23
	  0.519	  0.817	  0.251
	 -0.718	  0.257	  0.646
	  0.463	 -0.516	  0.720

8 	  39.67	   7.79	  10.28
	  0.588	 -0.090	  0.804
	 -0.684	 -0.586	  0.435
	  0.432	 -0.805	 -0.406

9 	  47.95	   4.18	  13.31
	  0.786	 -0.493	  0.372
	  0.027	  0.629	  0.776
	 -0.617	 -0.601	  0.508

2 	  32.55	   4.13	   4.68
	 -0.083	 -0.984	  0.157
	 -0.391	 -0.113	 -0.914
	  0.917	 -0.137	 -0.375

3 	  41.77	   0.98	   2.55
	  0.380	 -0.182	  0.906
	 -0.022	  0.978	  0.205
	 -0.925	 -0.098	  0.368

4 	  36.77	  -5.73	  -2.48
	  0.625	 -0.780	 -0.004
	  0.649	  0.523	 -0.553
	  0.433	  0.343	  0.833

5 	  39.71	  -7.26	   8.17
	  0.573	 -0.038	  0.818
	  0.672	 -0.549	 -0.496
	  0.468	  0.835	 -0.290

6 	  47.97	  -3.85	  13.08
	  0.809	  0.312	  0.498
	 -0.146	  0.927	 -0.344
	 -0.569	  0.206	  0.796

7 	  37.30	   7.91	  -1.21
	  0.518	  0.817	  0.253
	 -0.719	  0.255	  0.646
	  0.463	 -0.517	  0.720

8 	  39.67	   7.79	  10.28
	  0.588	 -0.090	  0.804
	 -0.684	 -0.586	  0.435
	  0.432	 -0.806	 -0.406

9 	  47.95	   4.20	  13.31
	  0.787	 -0.492	  0.371
	  0.027	  0.629	  0.777
	 -0.616	 -0.602	  0.508

2 	  32.40	   4.29	   4.03
	 -0.194	 -0.971	 -0.139
	 -0.014	  0.144	 -0.989
	  0.981	 -0.190	 -0.042

3 	  41.71	   0.97	   2.60
	  0.380	 -0.180	  0.907
	 -0.021	  0.979	  0.203
	 -0.925	 -0.096	  0.368

4 	  36.76	  -5.71	  -2.46
	  0.625	 -0.781	 -0.003
	  0.649	  0.521	 -0.554
	  0.434	  0.344	  0.832

5 	  39.71	  -7.26	   8.19
	  0.573	 -0.038	  0.818
	  0.673	 -0.547	 -0.497
	  0.466	  0.836	 -0.289

6 	  47.95	  -3.85	  13.10
	  0.809	  0.312	  0.497
	 -0.146	  0.927	 -0.344
	 -0.569	  0.205	  0.796

7 	  37.30	   7.91	  -1.23
	  0.519	  0.815	  0.257
	 -0.720	  0.255	  0.646
	  0.461	 -0.520	  0.719

8 	  39.66	   7.79	  10.28
	  0.587	 -0.090	  0.804
	 -0.685	 -0.585	  0.434
	  0.432	 -0.806	 -0.405

9 	  47.95	   4.17	  13.31
	  0.788	 -0.492	  0.370
	  0.027	  0.628	  0.778
	 -0.615	 -0.603	  0.508

2 	  32.61	   3.66	   4.82
	  0.136	 -0.981	  0.139
	 -0.391	 -0.182	 -0.902
	  0.910	  0.069	 -0.408

3 	  41.70	   0.98	   2.60
	  0.382	 -0.180	  0.906
	 -0.022	  0.979	  0.204
	 -0.924	 -0.098	  0.370

4 	  36.76	  -5.71	  -2.46
	  0.625	 -0.781	 -0.002
	  0.648	  0.520	 -0.556
	  0.435	  0.346	  0.831

5 	  39.71	  -7.26	   8.19
	  0.574	 -0.038	  0.818
	  0.673	 -0.546	 -0.498
	  0.465	  0.837	 -0.288

6 	  47.95	  -3.85	  13.10
	  0.810	  0.311	  0.497
	 -0.147	  0.928	 -0.342
	 -0.568	  0.203	  0.797

7 	  37.34	   7.93	  -1.23
	  0.524	  0.810	  0.263
	 -0.720	  0.257	  0.645
	  0.454	 -0.528	  0.717

8 	  39.64	   7.80	  10.28
	  0.586	 -0.090	  0.805
	 -0.685	 -0.585	  0.433
	  0.432	 -0.806	 -0.404

9 	  47.95	   4.18	  13.32
	  0.788	 -0.492	  0.370
	  0.026	  0.628	  0.778
	 -0.615	 -0.604	  0.508

2 	  40.57	   9.47	  10.27
	 -0.686	 -0.135	 -0.715
	  0.688	  0.198	 -0.698
	  0.236	 -0.971	 -0.043

3 	  41.54	   0.81	   2.60
	  0.383	 -0.177	  0.907
	 -0.037	  0.978	  0.206
	 -0.923	 -0.112	  0.368

4 	  36.67	  -5.77	  -2.43
	  0.627	 -0.779	 -0.010
	  0.635	  0.518	 -0.572
	  0.450	  0.352	  0.820

5 	  39.69	  -7.37	   8.21
	  0.581	 -0.040	  0.813
	  0.674	 -0.536	 -0.508
	  0.456	  0.843	 -0.285

6 	  47.95	  -3.88	  13.11
	  0.812	  0.316	  0.490
	 -0.151	  0.926	 -0.347
	 -0.563	  0.207	  0.800

7 	  37.16	   7.72	  -1.32
	  0.550	  0.807	  0.213
	 -0.676	  0.280	  0.682
	  0.490	 -0.520	  0.699

8 	  39.71	   8.09	  10.04
	  0.610	 -0.062	  0.789
	 -0.679	 -0.553	  0.481
	  0.406	 -0.831	 -0.380

9 	  48.01	   4.18	  13.27
	  0.771	 -0.504	  0.388
	  0.020	  0.629	  0.777
	 -0.636	 -0.591	  0.495

2 	  40.62	   9.54	   9.83
	 -0.657	 -0.253	 -0.710
	  0.714	  0.093	 -0.693
	  0.241	 -0.963	  0.120

3 	  41.50	   0.83	   2.60
	  0.390	 -0.177	  0.903
	 -0.036	  0.977	  0.207
	 -0.920	 -0.113	  0.375

4 	  36.67	  -5.80	  -2.41
	  0.624	 -0.781	 -0.005
	  0.635	  0.511	 -0.579
	  0.454	  0.358	  0.816

5 	  39.69	  -7.37	   8.23
	  0.580	 -0.037	  0.813
	  0.673	 -0.540	 -0.505
	  0.457	  0.841	 -0.289

6 	  47.97	  -3.88	  13.10
	  0.813	  0.316	  0.488
	 -0.153	  0.926	 -0.345
	 -0.561	  0.206	  0.802

7 	  37.11	   7.72	  -1.30
	  0.549	  0.807	  0.217
	 -0.676	  0.276	  0.683
	  0.491	 -0.522	  0.697

8 	  39.73	   8.09	   9.98
	  0.614	 -0.061	  0.787
	 -0.679	 -0.549	  0.487
	  0.402	 -0.833	 -0.379

9 	  48.02	   4.18	  13.27
	  0.771	 -0.504	  0.388
	  0.021	  0.630	  0.776
	 -0.636	 -0.591	  0.497

2 	  40.66	   9.44	  10.07
	 -0.662	 -0.083	 -0.745
	  0.725	  0.182	 -0.664
	  0.191	 -0.980	 -0.061

3 	  41.48	   0.83	   2.60
	  0.393	 -0.178	  0.902
	 -0.037	  0.977	  0.209
	 -0.918	 -0.116	  0.378

4 	  36.63	  -5.82	  -2.39
	  0.622	 -0.783	 -0.003
	  0.635	  0.507	 -0.583
	  0.457	  0.360	  0.813

5 	  39.67	  -7.35	   8.24
	  0.580	 -0.035	  0.814
	  0.673	 -0.542	 -0.503
	  0.458	  0.839	 -0.291

6 	  47.95	  -3.87	  13.10
	  0.813	  0.317	  0.487
	 -0.154	  0.926	 -0.345
	 -0.561	  0.206	  0.802

7 	  37.12	   7.72	  -1.34
	  0.549	  0.807	  0.217
	 -0.676	  0.276	  0.683
	  0.491	 -0.522	  0.697

8 	  39.76	   8.09	   9.97
	  0.613	 -0.062	  0.788
	 -0.686	 -0.536	  0.491
	  0.392	 -0.842	 -0.372

9 	  48.01	   4.18	  13.29
	  0.771	 -0.502	  0.391
	  0.021	  0.634	  0.772
	 -0.637	 -0.588	  0.499

2 	  40.31	   9.51	  10.32
	 -0.611	 -0.125	 -0.782
	  0.700	  0.376	 -0.607
	  0.369	 -0.918	 -0.142

3 	  41.47	   0.83	   2.60
	  0.393	 -0.177	  0.902
	 -0.036	  0.977	  0.208
	 -0.919	 -0.115	  0.378

4 	  36.60	  -5.87	  -2.36
	  0.620	 -0.784	  0.000
	  0.635	  0.502	 -0.587
	  0.460	  0.364	  0.810

5 	  39.66	  -7.35	   8.26
	  0.580	 -0.031	  0.813
	  0.672	 -0.545	 -0.501
	  0.459	  0.837	 -0.296

6 	  47.97	  -3.87	  13.10
	  0.814	  0.317	  0.486
	 -0.153	  0.925	 -0.346
	 -0.560	  0.207	  0.802

7 	  37.12	   7.70	  -1.34
	  0.548	  0.807	  0.217
	 -0.677	  0.276	  0.682
	  0.491	 -0.522	  0.698

8 	  39.71	   8.10	  10.00
	  0.609	 -0.053	  0.791
	 -0.676	 -0.556	  0.483
	  0.415	 -0.829	 -0.374

9 	  48.01	   4.18	  13.27
	  0.772	 -0.500	  0.391
	  0.021	  0.636	  0.771
	 -0.635	 -0.588	  0.502

2 	  40.71	   9.56	  10.27
	 -0.631	 -0.024	 -0.775
	  0.758	  0.190	 -0.623
	  0.162	 -0.981	 -0.102

3 	  41.45	   0.83	   2.58
	  0.390	 -0.182	  0.902
	 -0.034	  0.977	  0.211
	 -0.920	 -0.113	  0.375

4 	  36.62	  -5.85	  -2.37
	  0.621	 -0.783	  0.000
	  0.634	  0.503	 -0.587
	  0.460	  0.365	  0.809

5 	  39.66	  -7.35	   8.26
	  0.581	 -0.031	  0.813
	  0.672	 -0.546	 -0.501
	  0.459	  0.837	 -0.297

6 	  47.97	  -3.85	  13.08
	  0.815	  0.317	  0.485
	 -0.154	  0.925	 -0.346
	 -0.559	  0.207	  0.803

7 	  37.12	   7.70	  -1.32
	  0.548	  0.807	  0.218
	 -0.677	  0.276	  0.682
	  0.491	 -0.522	  0.697

8 	  39.76	   8.05	   9.98
	  0.611	 -0.062	  0.789
	 -0.687	 -0.537	  0.489
	  0.393	 -0.841	 -0.371

9 	  48.01	   4.17	  13.27
	  0.772	 -0.501	  0.390
	  0.023	  0.636	  0.771
	 -0.635	 -0.587	  0.503

2 	  40.57	   6.19	  10.55
	  0.164	 -0.742	 -0.650
	 -0.733	  0.350	 -0.584
	  0.661	  0.572	 -0.486

3 	  41.55	   0.79	   2.57
	  0.393	 -0.170	  0.904
	 -0.034	  0.979	  0.199
	 -0.919	 -0.109	  0.379

4 	  36.54	  -5.96	  -2.32
	  0.606	 -0.796	  0.009
	  0.648	  0.487	 -0.586
	  0.462	  0.361	  0.810

5 	  39.64	  -7.37	   8.31
	  0.582	 -0.027	  0.813
	  0.666	 -0.558	 -0.495
	  0.467	  0.829	 -0.307

6 	  47.97	  -3.92	  13.06
	  0.816	  0.316	  0.483
	 -0.148	  0.923	 -0.354
	 -0.558	  0.217	  0.800

7 	  37.07	   7.45	  -1.92
	  0.567	  0.818	  0.093
	 -0.606	  0.338	  0.720
	  0.557	 -0.465	  0.688

8 	  41.20	   9.35	   8.47
	  0.691	  0.053	  0.720
	 -0.657	 -0.368	  0.657
	  0.300	 -0.928	 -0.220

9 	  49.15	   5.12	  12.02
	  0.720	 -0.552	  0.422
	  0.088	  0.675	  0.733
	 -0.689	 -0.491	  0.534

2 	  40.97	   5.85	  10.56
	  0.271	 -0.670	 -0.692
	 -0.827	  0.206	 -0.524
	  0.493	  0.713	 -0.498

3 	  41.54	   0.77	   2.57
	  0.393	 -0.170	  0.903
	 -0.034	  0.979	  0.198
	 -0.919	 -0.109	  0.379

4 	  36.54	  -5.98	  -2.32
	  0.605	 -0.796	  0.010
	  0.648	  0.485	 -0.587
	  0.462	  0.361	  0.810

5 	  39.64	  -7.37	   8.31
	  0.582	 -0.026	  0.813
	  0.666	 -0.558	 -0.495
	  0.467	  0.829	 -0.308

6 	  47.95	  -3.92	  13.08
	  0.816	  0.316	  0.484
	 -0.147	  0.923	 -0.355
	 -0.559	  0.219	  0.800

7 	  37.07	   7.44	  -1.93
	  0.569	  0.817	  0.091
	 -0.604	  0.340	  0.721
	  0.558	 -0.466	  0.687

8 	  41.26	   9.32	   8.44
	  0.697	  0.057	  0.714
	 -0.647	 -0.376	  0.663
	  0.306	 -0.925	 -0.225

9 	  49.20	   5.13	  11.97
	  0.721	 -0.551	  0.419
	  0.091	  0.676	  0.731
	 -0.687	 -0.490	  0.537

2 	  40.97	   6.22	  11.23
	  0.042	 -0.877	 -0.478
	 -0.911	  0.162	 -0.379
	  0.410	  0.452	 -0.792

3 	  41.54	   0.77	   2.58
	  0.393	 -0.170	  0.903
	 -0.035	  0.979	  0.199
	 -0.919	 -0.110	  0.379

4 	  36.54	  -5.99	  -2.32
	  0.604	 -0.796	  0.010
	  0.648	  0.485	 -0.587
	  0.462	  0.361	  0.810

5 	  39.64	  -7.37	   8.31
	  0.582	 -0.026	  0.813
	  0.666	 -0.558	 -0.495
	  0.466	  0.829	 -0.308

6 	  47.97	  -3.90	  13.08
	  0.816	  0.316	  0.483
	 -0.147	  0.923	 -0.356
	 -0.558	  0.219	  0.800

7 	  37.07	   7.44	  -1.93
	  0.569	  0.817	  0.092
	 -0.603	  0.339	  0.722
	  0.558	 -0.467	  0.686

8 	  41.22	   9.30	   8.49
	  0.701	  0.055	  0.710
	 -0.643	 -0.381	  0.664
	  0.307	 -0.923	 -0.232

9 	  49.22	   5.10	  11.95
	  0.721	 -0.553	  0.418
	  0.093	  0.674	  0.732
	 -0.687	 -0.490	  0.537

2 	  40.52	   6.56	  10.86
	 -0.142	 -0.854	 -0.500
	 -0.748	  0.423	 -0.510
	  0.648	  0.302	 -0.699

3 	  41.52	   0.79	   2.58
	  0.393	 -0.170	  0.903
	 -0.036	  0.979	  0.200
	 -0.919	 -0.112	  0.378

4 	  36.54	  -5.98	  -2.32
	  0.605	 -0.796	  0.010
	  0.648	  0.486	 -0.586
	  0.462	  0.361	  0.810

5 	  39.64	  -7.37	   8.31
	  0.582	 -0.026	  0.812
	  0.666	 -0.558	 -0.495
	  0.466	  0.829	 -0.308

6 	  47.97	  -3.92	  13.08
	  0.816	  0.315	  0.483
	 -0.147	  0.923	 -0.355
	 -0.558	  0.218	  0.800

7 	  37.07	   7.45	  -1.92
	  0.569	  0.817	  0.094
	 -0.604	  0.337	  0.722
	  0.558	 -0.468	  0.685

8 	  41.22	   9.28	   8.49
	  0.702	  0.049	  0.710
	 -0.644	 -0.381	  0.663
	  0.304	 -0.923	 -0.236

9 	  49.20	   5.06	  11.97
	  0.721	 -0.553	  0.417
	  0.092	  0.673	  0.733
	 -0.687	 -0.491	  0.536

2 	  40.54	   6.12	  10.44
	  0.121	 -0.732	 -0.671
	 -0.724	  0.397	 -0.564
	  0.679	  0.554	 -0.482

3 	  41.52	   0.77	   2.58
	  0.394	 -0.171	  0.903
	 -0.037	  0.979	  0.201
	 -0.918	 -0.113	  0.379

4 	  36.54	  -5.98	  -2.32
	  0.605	 -0.796	  0.010
	  0.648	  0.486	 -0.586
	  0.462	  0.361	  0.810

5 	  39.66	  -7.37	   8.31
	  0.582	 -0.026	  0.812
	  0.666	 -0.558	 -0.495
	  0.466	  0.829	 -0.308

6 	  47.97	  -3.92	  13.08
	  0.816	  0.316	  0.483
	 -0.148	  0.923	 -0.355
	 -0.558	  0.218	  0.800

7 	  37.07	   7.44	  -1.92
	  0.569	  0.817	  0.094
	 -0.604	  0.337	  0.722
	  0.559	 -0.468	  0.685

8 	  41.22	   9.26	   8.47
	  0.693	  0.053	  0.718
	 -0.652	 -0.378	  0.657
	  0.307	 -0.924	 -0.227

9 	  49.18	   5.06	  11.99
	  0.720	 -0.554	  0.418
	  0.092	  0.674	  0.733
	 -0.688	 -0.489	  0.536

2 	  47.53	   1.53	  12.88
	  0.392	 -0.596	  0.700
	  0.919	  0.218	 -0.329
	  0.043	  0.772	  0.633

3 	  41.48	   0.90	   2.57
	  0.406	 -0.170	  0.898
	 -0.047	  0.977	  0.206
	 -0.913	 -0.126	  0.388

4 	  36.60	  -5.94	  -2.34
	  0.623	 -0.782	  0.009
	  0.641	  0.504	 -0.578
	  0.447	  0.365	  0.816

5 	  39.66	  -7.31	   8.31
	  0.582	 -0.027	  0.812
	  0.664	 -0.561	 -0.494
	  0.469	  0.827	 -0.309

6 	  47.95	  -3.85	  13.10
	  0.816	  0.315	  0.484
	 -0.147	  0.924	 -0.354
	 -0.559	  0.217	  0.800

7 	  36.58	   7.52	  -1.53
	  0.507	  0.844	  0.173
	 -0.662	  0.253	  0.705
	  0.551	 -0.473	  0.687

8 	  39.18	   8.35	   9.72
	  0.613	  0.014	  0.790
	 -0.658	 -0.544	  0.521
	  0.437	 -0.839	 -0.324

9 	  47.51	   5.08	  13.20
	  0.805	 -0.442	  0.396
	 -0.007	  0.660	  0.751
	 -0.593	 -0.608	  0.528

2 	  47.32	   1.48	  13.39
	  0.318	 -0.397	  0.861
	  0.939	  0.004	 -0.345
	  0.133	  0.918	  0.374

3 	  41.50	   0.91	   2.57
	  0.406	 -0.169	  0.898
	 -0.049	  0.977	  0.206
	 -0.912	 -0.128	  0.389

4 	  36.60	  -5.92	  -2.34
	  0.623	 -0.782	  0.009
	  0.641	  0.505	 -0.578
	  0.447	  0.366	  0.816

5 	  39.64	  -7.31	   8.31
	  0.582	 -0.027	  0.812
	  0.664	 -0.561	 -0.495
	  0.469	  0.827	 -0.309

6 	  47.95	  -3.85	  13.08
	  0.816	  0.315	  0.484
	 -0.147	  0.924	 -0.354
	 -0.559	  0.218	  0.800

7 	  36.58	   7.54	  -1.53
	  0.508	  0.844	  0.173
	 -0.662	  0.253	  0.705
	  0.552	 -0.473	  0.687

8 	  39.18	   8.37	   9.72
	  0.614	  0.015	  0.789
	 -0.656	 -0.545	  0.521
	  0.438	 -0.838	 -0.325

9 	  47.50	   5.10	  13.24
	  0.806	 -0.441	  0.395
	 -0.011	  0.656	  0.755
	 -0.592	 -0.613	  0.523

2 	  46.88	   1.83	  12.80
	  0.232	 -0.779	  0.583
	  0.879	 -0.089	 -0.468
	  0.416	  0.621	  0.664

3 	  41.48	   0.91	   2.57
	  0.406	 -0.169	  0.898
	 -0.049	  0.977	  0.205
	 -0.913	 -0.127	  0.388

4 	  36.60	  -5.94	  -2.34
	  0.623	 -0.782	  0.009
	  0.641	  0.504	 -0.578
	  0.447	  0.366	  0.816

5 	  39.64	  -7.31	   8.31
	  0.582	 -0.027	  0.812
	  0.664	 -0.561	 -0.494
	  0.469	  0.828	 -0.309

6 	  47.97	  -3.85	  13.10
	  0.816	  0.315	  0.484
	 -0.147	  0.923	 -0.354
	 -0.559	  0.218	  0.800

7 	  36.56	   7.54	  -1.53
	  0.504	  0.846	  0.173
	 -0.663	  0.250	  0.705
	  0.553	 -0.471	  0.687

8 	  39.11	   8.33	   9.74
	  0.619	  0.011	  0.785
	 -0.636	 -0.579	  0.510
	  0.461	 -0.815	 -0.351

9 	  47.51	   5.10	  13.22
	  0.804	 -0.445	  0.393
	 -0.011	  0.652	  0.758
	 -0.594	 -0.615	  0.519

2 	  47.04	   2.13	  12.52
	  0.268	 -0.894	  0.359
	  0.907	  0.109	 -0.406
	  0.324	  0.435	  0.840

3 	  41.48	   0.91	   2.57
	  0.407	 -0.169	  0.897
	 -0.049	  0.977	  0.206
	 -0.912	 -0.128	  0.389

4 	  36.60	  -5.92	  -2.34
	  0.624	 -0.781	  0.008
	  0.640	  0.505	 -0.578
	  0.447	  0.366	  0.816

5 	  39.64	  -7.29	   8.31
	  0.583	 -0.026	  0.812
	  0.664	 -0.560	 -0.495
	  0.467	  0.828	 -0.309

6 	  47.95	  -3.85	  13.06
	  0.816	  0.314	  0.484
	 -0.147	  0.924	 -0.352
	 -0.558	  0.216	  0.801

7 	  36.54	   7.54	  -1.51
	  0.502	  0.847	  0.175
	 -0.663	  0.248	  0.706
	  0.554	 -0.471	  0.686

8 	  39.11	   8.33	   9.74
	  0.619	  0.011	  0.785
	 -0.636	 -0.581	  0.509
	  0.462	 -0.814	 -0.352

9 	  47.50	   5.10	  13.20
	  0.805	 -0.443	  0.393
	 -0.011	  0.652	  0.758
	 -0.592	 -0.615	  0.520

2 	  47.78	   2.09	  12.60
	  0.417	 -0.734	  0.535
	  0.896	  0.430	 -0.109
	 -0.150	  0.525	  0.837

3 	  41.48	   0.91	   2.57
	  0.407	 -0.170	  0.897
	 -0.051	  0.977	  0.208
	 -0.912	 -0.130	  0.389

4 	  36.60	  -5.92	  -2.34
	  0.624	 -0.781	  0.007
	  0.640	  0.506	 -0.578
	  0.447	  0.365	  0.816

5 	  39.64	  -7.29	   8.31
	  0.583	 -0.027	  0.812
	  0.665	 -0.559	 -0.496
	  0.467	  0.829	 -0.308

6 	  47.97	  -3.85	  13.06
	  0.816	  0.314	  0.484
	 -0.148	  0.924	 -0.352
	 -0.558	  0.215	  0.801

7 	  36.56	   7.54	  -1.51
	  0.505	  0.845	  0.175
	 -0.663	  0.249	  0.706
	  0.553	 -0.473	  0.686

8 	  39.16	   8.35	   9.72
	  0.613	  0.013	  0.790
	 -0.646	 -0.567	  0.511
	  0.454	 -0.824	 -0.339

9 	  47.51	   5.12	  13.22
	  0.805	 -0.442	  0.395
	 -0.011	  0.655	  0.755
	 -0.593	 -0.613	  0.523

2 	  47.60	   6.43	  14.48
	 -0.950	  0.131	  0.284
	 -0.288	 -0.010	 -0.958
	 -0.123	 -0.991	  0.047

3 	  41.50	   0.88	   2.57
	  0.405	 -0.172	  0.898
	 -0.047	  0.977	  0.207
	 -0.913	 -0.126	  0.388

4 	  36.58	  -5.92	  -2.34
	  0.621	 -0.783	  0.008
	  0.643	  0.504	 -0.577
	  0.448	  0.364	  0.816

5 	  39.62	  -7.31	   8.31
	  0.582	 -0.028	  0.812
	  0.664	 -0.560	 -0.495
	  0.469	  0.828	 -0.307

6 	  47.95	  -3.90	  13.06
	  0.817	  0.312	  0.484
	 -0.146	  0.925	 -0.351
	 -0.558	  0.216	  0.801

7 	  36.65	   7.54	  -1.53
	  0.514	  0.839	  0.175
	 -0.658	  0.255	  0.709
	  0.550	 -0.480	  0.683

8 	  39.20	   8.40	   9.72
	  0.603	  0.020	  0.797
	 -0.655	 -0.558	  0.509
	  0.455	 -0.829	 -0.324

9 	  47.48	   4.94	  13.25
	  0.779	 -0.463	  0.422
	  0.033	  0.702	  0.711
	 -0.626	 -0.540	  0.563

2 	  47.55	   6.36	  14.19
	 -0.988	  0.062	  0.138
	 -0.148	 -0.215	 -0.965
	 -0.030	 -0.975	  0.221

3 	  41.48	   0.88	   2.57
	  0.407	 -0.170	  0.897
	 -0.047	  0.977	  0.206
	 -0.912	 -0.126	  0.390

4 	  36.58	  -5.94	  -2.32
	  0.621	 -0.784	  0.010
	  0.641	  0.501	 -0.581
	  0.450	  0.367	  0.814

5 	  39.62	  -7.29	   8.33
	  0.582	 -0.028	  0.813
	  0.664	 -0.560	 -0.495
	  0.469	  0.828	 -0.308

6 	  47.95	  -3.90	  13.06
	  0.817	  0.312	  0.484
	 -0.145	  0.925	 -0.352
	 -0.558	  0.217	  0.801

7 	  36.63	   7.54	  -1.53
	  0.515	  0.839	  0.174
	 -0.657	  0.256	  0.709
	  0.550	 -0.480	  0.683

8 	  39.20	   8.35	   9.70
	  0.601	  0.028	  0.799
	 -0.650	 -0.564	  0.508
	  0.465	 -0.825	 -0.321

9 	  47.51	   4.92	  13.22
	  0.774	 -0.464	  0.431
	  0.039	  0.715	  0.698
	 -0.632	 -0.523	  0.571

2 	  47.76	   6.45	  14.48
	 -0.952	  0.221	  0.211
	 -0.212	  0.022	 -0.977
	 -0.220	 -0.975	  0.025

3 	  41.47	   0.86	   2.57
	  0.407	 -0.168	  0.898
	 -0.046	  0.978	  0.203
	 -0.912	 -0.124	  0.390

4 	  36.56	  -5.98	  -2.32
	  0.619	 -0.785	  0.010
	  0.642	  0.498	 -0.583
	  0.452	  0.368	  0.812

5 	  39.62	  -7.31	   8.33
	  0.582	 -0.027	  0.812
	  0.663	 -0.562	 -0.494
	  0.470	  0.827	 -0.310

6 	  47.94	  -3.90	  13.08
	  0.818	  0.313	  0.483
	 -0.146	  0.924	 -0.353
	 -0.557	  0.218	  0.801

7 	  36.65	   7.51	  -1.55
	  0.517	  0.838	  0.172
	 -0.657	  0.260	  0.708
	  0.548	 -0.479	  0.685

8 	  39.23	   8.37	   9.72
	  0.607	  0.022	  0.794
	 -0.650	 -0.561	  0.512
	  0.457	 -0.827	 -0.327

9 	  47.48	   4.92	  13.25
	  0.775	 -0.464	  0.429
	  0.037	  0.711	  0.702
	 -0.631	 -0.529	  0.568

2 	  47.90	   6.73	  14.08
	 -0.895	  0.436	  0.097
	 -0.167	 -0.126	 -0.978
	 -0.414	 -0.891	  0.185

3 	  41.47	   0.88	   2.58
	  0.407	 -0.166	  0.898
	 -0.045	  0.978	  0.201
	 -0.912	 -0.123	  0.391

4 	  36.56	  -5.96	  -2.32
	  0.620	 -0.784	  0.012
	  0.642	  0.499	 -0.582
	  0.450	  0.369	  0.813

5 	  39.62	  -7.31	   8.33
	  0.583	 -0.026	  0.812
	  0.662	 -0.563	 -0.495
	  0.469	  0.826	 -0.311

6 	  47.94	  -3.88	  13.08
	  0.818	  0.312	  0.483
	 -0.145	  0.924	 -0.353
	 -0.557	  0.218	  0.801

7 	  36.63	   7.51	  -1.55
	  0.517	  0.838	  0.172
	 -0.657	  0.260	  0.708
	  0.549	 -0.479	  0.685

8 	  39.22	   8.38	   9.72
	  0.606	  0.018	  0.795
	 -0.657	 -0.552	  0.513
	  0.448	 -0.833	 -0.323

9 	  47.46	   4.94	  13.24
	  0.776	 -0.462	  0.428
	  0.034	  0.710	  0.703
	 -0.629	 -0.531	  0.567

2 	  47.43	   6.38	  13.82
	 -0.995	  0.050	 -0.083
	  0.068	 -0.251	 -0.965
	 -0.070	 -0.967	  0.247

3 	  41.47	   0.86	   2.58
	  0.408	 -0.167	  0.897
	 -0.045	  0.978	  0.202
	 -0.912	 -0.122	  0.391

4 	  36.56	  -5.96	  -2.32
	  0.620	 -0.784	  0.012
	  0.641	  0.498	 -0.583
	  0.451	  0.370	  0.812

5 	  39.60	  -7.31	   8.33
	  0.583	 -0.026	  0.812
	  0.662	 -0.562	 -0.495
	  0.469	  0.826	 -0.311

6 	  47.95	  -3.88	  13.06
	  0.819	  0.312	  0.482
	 -0.146	  0.924	 -0.352
	 -0.556	  0.218	  0.802

7 	  36.63	   7.51	  -1.53
	  0.517	  0.838	  0.173
	 -0.657	  0.259	  0.708
	  0.548	 -0.480	  0.685

8 	  39.20	   8.35	   9.70
	  0.605	  0.014	  0.796
	 -0.660	 -0.550	  0.511
	  0.445	 -0.835	 -0.324

9 	  47.44	   4.85	  13.13
	  0.774	 -0.454	  0.440
	  0.037	  0.728	  0.685
	 -0.632	 -0.514	  0.580

2 	  41.03	  -0.40	  -1.44
	 -0.256	  0.556	 -0.791
	 -0.322	 -0.820	 -0.473
	 -0.911	  0.133	  0.389

3 	  41.61	   0.65	   2.48
	  0.409	 -0.167	  0.897
	 -0.001	  0.983	  0.183
	 -0.912	 -0.076	  0.402

4 	  36.42	  -6.12	  -2.27
	  0.600	 -0.799	  0.015
	  0.645	  0.473	 -0.600
	  0.473	  0.370	  0.800

5 	  39.55	  -7.37	   8.37
	  0.585	 -0.021	  0.810
	  0.650	 -0.585	 -0.485
	  0.484	  0.811	 -0.329

6 	  47.94	  -3.99	  13.08
	  0.819	  0.312	  0.481
	 -0.121	  0.914	 -0.386
	 -0.561	  0.257	  0.787

7 	  37.09	   7.45	  -1.53
	  0.566	  0.807	  0.165
	 -0.654	  0.318	  0.687
	  0.502	 -0.497	  0.708

8 	  39.88	   7.93	   9.76
	  0.593	 -0.065	  0.802
	 -0.707	 -0.519	  0.480
	  0.385	 -0.852	 -0.354

9 	  47.99	   4.04	  13.31
	  0.751	 -0.515	  0.413
	 -0.015	  0.612	  0.790
	 -0.660	 -0.600	  0.452

2 	  40.87	  -0.11	  -1.49
	 -0.544	  0.559	 -0.625
	 -0.202	 -0.811	 -0.550
	 -0.815	 -0.173	  0.554

3 	  41.57	   0.63	   2.51
	  0.407	 -0.165	  0.898
	 -0.006	  0.983	  0.182
	 -0.913	 -0.079	  0.400

4 	  36.42	  -6.12	  -2.27
	  0.600	 -0.800	  0.017
	  0.645	  0.471	 -0.602
	  0.473	  0.371	  0.799

5 	  39.53	  -7.37	   8.38
	  0.586	 -0.022	  0.810
	  0.650	 -0.584	 -0.486
	  0.483	  0.812	 -0.328

6 	  47.95	  -4.01	  13.10
	  0.819	  0.311	  0.481
	 -0.121	  0.915	 -0.385
	 -0.560	  0.257	  0.787

7 	  37.07	   7.45	  -1.53
	  0.563	  0.809	  0.170
	 -0.656	  0.312	  0.687
	  0.503	 -0.498	  0.706

8 	  39.87	   7.93	   9.76
	  0.594	 -0.064	  0.802
	 -0.704	 -0.522	  0.480
	  0.388	 -0.850	 -0.355

9 	  47.95	   4.04	  13.31
	  0.752	 -0.515	  0.411
	 -0.014	  0.612	  0.791
	 -0.659	 -0.601	  0.453

2 	  41.06	   0.30	  -1.02
	 -0.419	  0.566	 -0.710
	  0.105	 -0.746	 -0.657
	 -0.902	 -0.350	  0.253

3 	  41.55	   0.65	   2.55
	  0.407	 -0.164	  0.898
	 -0.005	  0.983	  0.182
	 -0.913	 -0.078	  0.400

4 	  36.39	  -6.10	  -2.27
	  0.600	 -0.800	  0.019
	  0.645	  0.469	 -0.603
	  0.473	  0.374	  0.797

5 	  39.52	  -7.35	   8.40
	  0.586	 -0.020	  0.810
	  0.653	 -0.580	 -0.487
	  0.480	  0.814	 -0.327

6 	  47.94	  -4.01	  13.10
	  0.820	  0.311	  0.480
	 -0.121	  0.915	 -0.386
	 -0.560	  0.258	  0.787

7 	  37.05	   7.47	  -1.48
	  0.559	  0.810	  0.175
	 -0.657	  0.304	  0.689
	  0.505	 -0.501	  0.703

8 	  39.83	   7.91	   9.81
	  0.594	 -0.064	  0.802
	 -0.703	 -0.527	  0.478
	  0.392	 -0.848	 -0.358

9 	  47.97	   4.04	  13.29
	  0.754	 -0.514	  0.408
	 -0.013	  0.611	  0.792
	 -0.657	 -0.602	  0.454

2 	  41.29	  -0.07	  -0.74
	 -0.156	  0.461	 -0.873
	  0.055	 -0.879	 -0.474
	 -0.986	 -0.123	  0.111

3 	  41.55	   0.65	   2.57
	  0.409	 -0.164	  0.897
	 -0.005	  0.983	  0.181
	 -0.912	 -0.078	  0.402

4 	  36.39	  -6.10	  -2.23
	  0.599	 -0.800	  0.021
	  0.646	  0.467	 -0.604
	  0.473	  0.376	  0.797

5 	  39.52	  -7.35	   8.42
	  0.586	 -0.019	  0.810
	  0.653	 -0.580	 -0.486
	  0.478	  0.814	 -0.328

6 	  47.94	  -3.99	  13.10
	  0.821	  0.310	  0.479
	 -0.121	  0.914	 -0.386
	 -0.558	  0.259	  0.788

7 	  37.05	   7.47	  -1.48
	  0.558	  0.811	  0.177
	 -0.658	  0.302	  0.690
	  0.506	 -0.501	  0.702

8 	  39.83	   7.89	   9.83
	  0.595	 -0.064	  0.801
	 -0.701	 -0.529	  0.478
	  0.393	 -0.846	 -0.359

9 	  47.95	   4.04	  13.32
	  0.754	 -0.514	  0.408
	 -0.013	  0.610	  0.792
	 -0.656	 -0.603	  0.453

2 	  41.12	  -0.77	  -1.14
	 -0.295	  0.276	 -0.915
	 -0.316	 -0.932	 -0.180
	 -0.902	  0.236	  0.362

3 	  41.54	   0.63	   2.60
	  0.405	 -0.162	  0.900
	 -0.006	  0.984	  0.179
	 -0.914	 -0.078	  0.397

4 	  36.37	  -6.12	  -2.21
	  0.596	 -0.802	  0.025
	  0.648	  0.462	 -0.605
	  0.474	  0.377	  0.796

5 	  39.52	  -7.35	   8.44
	  0.587	 -0.018	  0.809
	  0.652	 -0.582	 -0.486
	  0.479	  0.813	 -0.329

6 	  47.94	  -4.03	  13.10
	  0.822	  0.309	  0.478
	 -0.119	  0.914	 -0.386
	 -0.557	  0.260	  0.789

7 	  37.05	   7.45	  -1.48
	  0.559	  0.810	  0.176
	 -0.658	  0.304	  0.688
	  0.504	 -0.500	  0.703

8 	  39.83	   7.91	   9.83
	  0.595	 -0.063	  0.801
	 -0.700	 -0.529	  0.479
	  0.393	 -0.846	 -0.359

9 	  47.97	   4.08	  13.32
	  0.755	 -0.514	  0.408
	 -0.013	  0.610	  0.792
	 -0.656	 -0.603	  0.454

2 	  39.57	  -4.13	  -1.92
	 -0.409	  0.331	 -0.850
	 -0.028	 -0.936	 -0.351
	 -0.912	 -0.120	  0.392

3 	  41.54	   0.46	   2.55
	  0.397	 -0.164	  0.903
	  0.010	  0.984	  0.174
	 -0.918	 -0.061	  0.393

4 	  36.23	  -6.28	  -2.09
	  0.583	 -0.811	  0.040
	  0.656	  0.441	 -0.613
	  0.479	  0.383	  0.789

5 	  39.43	  -7.38	   8.54
	  0.592	 -0.010	  0.806
	  0.648	 -0.589	 -0.484
	  0.479	  0.808	 -0.342

6 	  47.90	  -4.06	  13.08
	  0.828	  0.309	  0.467
	 -0.118	  0.911	 -0.394
	 -0.548	  0.271	  0.791

7 	  37.11	   7.28	  -1.55
	  0.566	  0.807	  0.166
	 -0.657	  0.321	  0.682
	  0.497	 -0.495	  0.712

8 	  39.83	   7.84	   9.76
	  0.593	 -0.057	  0.803
	 -0.703	 -0.524	  0.481
	  0.393	 -0.850	 -0.351

9 	  47.95	   4.03	  13.32
	  0.752	 -0.512	  0.415
	 -0.013	  0.617	  0.786
	 -0.659	 -0.597	  0.457

2 	  39.18	  -3.90	  -2.29
	 -0.673	  0.289	 -0.681
	 -0.073	 -0.942	 -0.328
	 -0.736	 -0.171	  0.655

3 	  41.54	   0.46	   2.55
	  0.399	 -0.164	  0.902
	  0.011	  0.985	  0.173
	 -0.917	 -0.059	  0.394

4 	  36.23	  -6.26	  -2.09
	  0.591	 -0.806	  0.040
	  0.649	  0.446	 -0.617
	  0.479	  0.390	  0.786

5 	  39.43	  -7.38	   8.54
	  0.594	 -0.010	  0.804
	  0.648	 -0.587	 -0.485
	  0.477	  0.809	 -0.343

6 	  47.90	  -4.08	  13.08
	  0.829	  0.309	  0.467
	 -0.119	  0.912	 -0.392
	 -0.547	  0.270	  0.792

7 	  37.09	   7.29	  -1.55
	  0.566	  0.807	  0.167
	 -0.657	  0.319	  0.683
	  0.498	 -0.496	  0.711

8 	  39.83	   7.84	   9.77
	  0.593	 -0.057	  0.803
	 -0.702	 -0.526	  0.481
	  0.394	 -0.849	 -0.352

9 	  47.97	   4.04	  13.31
	  0.753	 -0.511	  0.413
	 -0.013	  0.617	  0.787
	 -0.657	 -0.598	  0.458

2 	  39.38	  -3.59	  -2.02
	 -0.557	  0.246	 -0.793
	  0.163	 -0.904	 -0.396
	 -0.814	 -0.350	  0.463

3 	  41.52	   0.47	   2.55
	  0.401	 -0.164	  0.901
	  0.007	  0.984	  0.175
	 -0.916	 -0.064	  0.396

4 	  36.25	  -6.22	  -2.11
	  0.595	 -0.802	  0.040
	  0.645	  0.448	 -0.619
	  0.479	  0.394	  0.784

5 	  39.45	  -7.37	   8.54
	  0.594	 -0.009	  0.804
	  0.648	 -0.586	 -0.486
	  0.476	  0.810	 -0.343

6 	  47.90	  -4.04	  13.08
	  0.828	  0.309	  0.467
	 -0.121	  0.912	 -0.390
	 -0.547	  0.266	  0.793

7 	  37.07	   7.33	  -1.53
	  0.564	  0.808	  0.169
	 -0.658	  0.315	  0.684
	  0.500	 -0.497	  0.709

8 	  39.81	   7.84	   9.79
	  0.593	 -0.058	  0.803
	 -0.701	 -0.528	  0.480
	  0.396	 -0.848	 -0.354

9 	  47.95	   4.04	  13.31
	  0.754	 -0.511	  0.412
	 -0.013	  0.616	  0.787
	 -0.657	 -0.600	  0.458

2 	  39.76	  -4.04	  -1.56
	 -0.196	  0.176	 -0.965
	  0.070	 -0.979	 -0.192
	 -0.978	 -0.105	  0.180

3 	  41.52	   0.49	   2.57
	  0.400	 -0.163	  0.902
	  0.007	  0.984	  0.174
	 -0.916	 -0.063	  0.395

4 	  36.26	  -6.24	  -2.11
	  0.589	 -0.807	  0.041
	  0.650	  0.443	 -0.617
	  0.479	  0.391	  0.786

5 	  39.45	  -7.38	   8.53
	  0.594	 -0.009	  0.804
	  0.648	 -0.586	 -0.486
	  0.476	  0.810	 -0.343

6 	  47.90	  -4.06	  13.06
	  0.828	  0.309	  0.467
	 -0.121	  0.913	 -0.390
	 -0.547	  0.266	  0.794

7 	  37.07	   7.33	  -1.53
	  0.563	  0.808	  0.169
	 -0.657	  0.315	  0.684
	  0.500	 -0.497	  0.709

8 	  39.81	   7.84	   9.79
	  0.594	 -0.058	  0.802
	 -0.701	 -0.527	  0.480
	  0.395	 -0.848	 -0.354

9 	  47.95	   4.04	  13.31
	  0.754	 -0.511	  0.412
	 -0.013	  0.616	  0.787
	 -0.657	 -0.599	  0.458

2 	  39.52	  -4.32	  -2.02
	 -0.453	  0.092	 -0.887
	 -0.133	 -0.990	 -0.035
	 -0.881	  0.102	  0.461

3 	  41.52	   0.47	   2.57
	  0.401	 -0.162	  0.901
	  0.008	  0.985	  0.173
	 -0.916	 -0.062	  0.396

4 	  36.23	  -6.24	  -2.11
	  0.591	 -0.806	  0.041
	  0.648	  0.444	 -0.618
	  0.480	  0.392	  0.785

5 	  39.45	  -7.38	   8.54
	  0.594	 -0.009	  0.804
	  0.649	 -0.585	 -0.486
	  0.474	  0.811	 -0.342

6 	  47.90	  -4.06	  13.08
	  0.828	  0.309	  0.467
	 -0.121	  0.912	 -0.390
	 -0.547	  0.266	  0.793

7 	  37.09	   7.31	  -1.53
	  0.564	  0.808	  0.168
	 -0.657	  0.317	  0.684
	  0.499	 -0.497	  0.710

8 	  39.81	   7.84	   9.77
	  0.594	 -0.057	  0.802
	 -0.701	 -0.527	  0.481
	  0.395	 -0.848	 -0.353

9 	  47.95	   4.04	  13.32
	  0.754	 -0.511	  0.413
	 -0.013	  0.616	  0.787
	 -0.657	 -0.599	  0.458

2 	  38.67	  -5.64	  -2.95
	 -0.543	 -0.052	 -0.838
	 -0.035	 -0.996	  0.084
	 -0.839	  0.075	  0.539

3 	  41.50	   0.54	   2.55
	  0.401	 -0.168	  0.900
	  0.003	  0.983	  0.181
	 -0.916	 -0.069	  0.395

4 	  36.09	  -6.13	  -2.11
	  0.577	 -0.816	  0.013
	  0.656	  0.454	 -0.602
	  0.485	  0.357	  0.798

5 	  39.48	  -7.37	   8.44
	  0.604	 -0.016	  0.797
	  0.650	 -0.569	 -0.504
	  0.461	  0.822	 -0.333

6 	  47.94	  -4.04	  13.06
	  0.827	  0.307	  0.471
	 -0.123	  0.915	 -0.383
	 -0.549	  0.259	  0.795

7 	  37.04	   7.38	  -1.48
	  0.563	  0.808	  0.173
	 -0.656	  0.309	  0.689
	  0.503	 -0.501	  0.703

8 	  39.81	   7.82	   9.83
	  0.597	 -0.063	  0.799
	 -0.698	 -0.532	  0.480
	  0.395	 -0.844	 -0.362

9 	  47.95	   4.04	  13.31
	  0.754	 -0.513	  0.410
	 -0.012	  0.613	  0.789
	 -0.656	 -0.601	  0.456

2 	  38.23	  -5.78	  -3.27
	 -0.786	 -0.089	 -0.611
	 -0.022	 -0.985	  0.171
	 -0.617	  0.148	  0.772

3 	  41.50	   0.54	   2.55
	  0.403	 -0.167	  0.900
	  0.004	  0.983	  0.181
	 -0.915	 -0.070	  0.396

4 	  36.09	  -6.10	  -2.13
	  0.576	 -0.817	  0.018
	  0.658	  0.451	 -0.603
	  0.484	  0.359	  0.798

5 	  39.48	  -7.37	   8.44
	  0.605	 -0.016	  0.796
	  0.649	 -0.569	 -0.505
	  0.460	  0.822	 -0.334

6 	  47.94	  -4.01	  13.06
	  0.826	  0.308	  0.471
	 -0.124	  0.916	 -0.381
	 -0.549	  0.257	  0.795

7 	  37.04	   7.40	  -1.48
	  0.562	  0.808	  0.174
	 -0.656	  0.307	  0.690
	  0.504	 -0.502	  0.702

8 	  39.80	   7.82	   9.84
	  0.598	 -0.063	  0.799
	 -0.697	 -0.533	  0.479
	  0.396	 -0.844	 -0.363

9 	  47.95	   4.06	  13.31
	  0.755	 -0.513	  0.409
	 -0.012	  0.613	  0.790
	 -0.656	 -0.601	  0.456

2 	  38.53	  -5.41	  -3.27
	 -0.672	 -0.236	 -0.702
	  0.232	 -0.967	  0.103
	 -0.704	 -0.094	  0.704

3 	  41.50	   0.56	   2.55
	  0.403	 -0.168	  0.899
	  0.001	  0.983	  0.183
	 -0.915	 -0.073	  0.396

4 	  36.11	  -6.10	  -2.14
	  0.579	 -0.815	  0.017
	  0.656	  0.454	 -0.602
	  0.483	  0.360	  0.798

5 	  39.50	  -7.35	   8.44
	  0.604	 -0.015	  0.796
	  0.650	 -0.569	 -0.504
	  0.460	  0.822	 -0.335

6 	  47.94	  -4.04	  13.08
	  0.826	  0.307	  0.472
	 -0.124	  0.917	 -0.380
	 -0.549	  0.255	  0.796

7 	  37.02	   7.42	  -1.46
	  0.560	  0.809	  0.175
	 -0.656	  0.305	  0.690
	  0.505	 -0.502	  0.702

8 	  39.81	   7.84	   9.84
	  0.599	 -0.063	  0.798
	 -0.696	 -0.534	  0.479
	  0.396	 -0.843	 -0.364

9 	  47.95	   4.04	  13.32
	  0.755	 -0.513	  0.409
	 -0.012	  0.613	  0.790
	 -0.656	 -0.602	  0.456

2 	  38.97	  -5.43	  -2.81
	 -0.374	 -0.297	 -0.879
	  0.191	 -0.952	  0.240
	 -0.908	 -0.078	  0.412

3 	  41.50	   0.56	   2.57
	  0.403	 -0.168	  0.900
	  0.000	  0.983	  0.183
	 -0.915	 -0.074	  0.396

4 	  36.16	  -6.12	  -2.14
	  0.581	 -0.814	  0.019
	  0.656	  0.454	 -0.602
	  0.481	  0.362	  0.798

5 	  39.50	  -7.35	   8.46
	  0.602	 -0.013	  0.798
	  0.651	 -0.571	 -0.500
	  0.462	  0.821	 -0.335

6 	  47.94	  -4.03	  13.08
	  0.826	  0.308	  0.472
	 -0.125	  0.917	 -0.379
	 -0.550	  0.253	  0.796

7 	  36.98	   7.42	  -1.46
	  0.559	  0.810	  0.176
	 -0.656	  0.301	  0.692
	  0.507	 -0.502	  0.700

8 	  39.80	   7.82	   9.84
	  0.599	 -0.064	  0.798
	 -0.696	 -0.535	  0.479
	  0.396	 -0.842	 -0.365

9 	  47.95	   4.06	  13.32
	  0.755	 -0.513	  0.408
	 -0.012	  0.612	  0.791
	 -0.655	 -0.602	  0.456

2 	  38.67	  -6.01	  -2.92
	 -0.670	 -0.275	 -0.690
	 -0.054	 -0.909	  0.414
	 -0.740	  0.314	  0.594

3 	  41.52	   0.58	   2.57
	  0.403	 -0.168	  0.899
	 -0.001	  0.983	  0.184
	 -0.915	 -0.076	  0.396

4 	  36.16	  -6.10	  -2.14
	  0.581	 -0.814	  0.020
	  0.657	  0.454	 -0.601
	  0.480	  0.362	  0.799

5 	  39.50	  -7.33	   8.44
	  0.602	 -0.012	  0.798
	  0.651	 -0.571	 -0.500
	  0.461	  0.821	 -0.336

6 	  47.94	  -4.03	  13.08
	  0.825	  0.308	  0.473
	 -0.126	  0.917	 -0.378
	 -0.550	  0.252	  0.796

7 	  36.98	   7.42	  -1.46
	  0.558	  0.811	  0.177
	 -0.656	  0.300	  0.692
	  0.508	 -0.502	  0.700

8 	  39.80	   7.82	   9.84
	  0.599	 -0.064	  0.798
	 -0.695	 -0.536	  0.479
	  0.397	 -0.842	 -0.366

9 	  47.97	   4.06	  13.31
	  0.756	 -0.512	  0.407
	 -0.012	  0.611	  0.791
	 -0.654	 -0.603	  0.456

2 	  34.70	  -6.98	  -1.72
	 -0.629	  0.480	  0.611
	  0.188	 -0.669	  0.719
	  0.754	  0.567	  0.330

3 	  41.54	   0.76	   2.60
	  0.402	 -0.180	  0.897
	 -0.022	  0.978	  0.206
	 -0.915	 -0.102	  0.390

4 	  36.46	  -5.89	  -2.32
	  0.607	 -0.795	  0.004
	  0.649	  0.492	 -0.580
	  0.458	  0.355	  0.815

5 	  39.60	  -7.33	   8.37
	  0.590	 -0.016	  0.807
	  0.660	 -0.566	 -0.494
	  0.464	  0.824	 -0.324

6 	  47.95	  -3.96	  13.10
	  0.818	  0.312	  0.483
	 -0.136	  0.921	 -0.365
	 -0.559	  0.233	  0.796

7 	  36.86	   7.59	  -1.32
	  0.534	  0.822	  0.198
	 -0.664	  0.263	  0.700
	  0.523	 -0.505	  0.686

8 	  39.73	   7.82	   9.97
	  0.604	 -0.072	  0.794
	 -0.688	 -0.549	  0.473
	  0.402	 -0.832	 -0.381

9 	  47.97	   4.08	  13.29
	  0.761	 -0.513	  0.397
	 -0.011	  0.601	  0.799
	 -0.649	 -0.612	  0.452

2 	  34.45	  -6.49	  -1.51
	 -0.257	  0.488	  0.834
	  0.097	 -0.846	  0.525
	  0.961	  0.216	  0.170

3 	  41.54	   0.77	   2.58
	  0.404	 -0.182	  0.896
	 -0.027	  0.977	  0.211
	 -0.914	 -0.109	  0.390

4 	  36.44	  -5.91	  -2.36
	  0.609	 -0.793	 -0.009
	  0.647	  0.504	 -0.572
	  0.458	  0.342	  0.820

5 	  39.62	  -7.31	   8.35
	  0.590	 -0.017	  0.807
	  0.661	 -0.563	 -0.496
	  0.463	  0.826	 -0.321

6 	  47.95	  -3.94	  13.10
	  0.817	  0.312	  0.484
	 -0.138	  0.922	 -0.363
	 -0.560	  0.229	  0.796

7 	  36.84	   7.61	  -1.28
	  0.533	  0.822	  0.199
	 -0.664	  0.261	  0.701
	  0.524	 -0.506	  0.685

8 	  39.73	   7.84	  10.00
	  0.604	 -0.072	  0.794
	 -0.688	 -0.551	  0.473
	  0.403	 -0.831	 -0.383

9 	  47.95	   4.08	  13.31
	  0.761	 -0.514	  0.396
	 -0.012	  0.599	  0.800
	 -0.648	 -0.614	  0.450

2 	  34.61	  -6.71	  -2.00
	 -0.614	  0.421	  0.667
	  0.063	 -0.817	  0.573
	  0.787	  0.394	  0.475

3 	  41.54	   0.77	   2.58
	  0.404	 -0.182	  0.896
	 -0.025	  0.977	  0.209
	 -0.914	 -0.107	  0.390

4 	  36.40	  -5.89	  -2.32
	  0.605	 -0.796	  0.002
	  0.650	  0.493	 -0.578
	  0.459	  0.351	  0.816

5 	  39.60	  -7.31	   8.35
	  0.590	 -0.018	  0.807
	  0.661	 -0.563	 -0.496
	  0.463	  0.826	 -0.321

6 	  47.94	  -3.92	  13.10
	  0.817	  0.313	  0.484
	 -0.138	  0.922	 -0.362
	 -0.560	  0.229	  0.796

7 	  36.86	   7.59	  -1.30
	  0.534	  0.822	  0.197
	 -0.663	  0.262	  0.701
	  0.524	 -0.505	  0.685

8 	  39.73	   7.84	   9.98
	  0.604	 -0.073	  0.793
	 -0.688	 -0.550	  0.473
	  0.402	 -0.832	 -0.382

9 	  47.95	   4.10	  13.32
	  0.761	 -0.513	  0.396
	 -0.012	  0.600	  0.800
	 -0.648	 -0.614	  0.450

2 	  34.75	  -7.15	  -1.51
	 -0.636	  0.519	  0.571
	  0.266	 -0.548	  0.793
	  0.725	  0.656	  0.210

3 	  41.54	   0.76	   2.60
	  0.404	 -0.181	  0.896
	 -0.025	  0.978	  0.208
	 -0.914	 -0.106	  0.391

4 	  36.42	  -5.91	  -2.30
	  0.602	 -0.798	  0.013
	  0.653	  0.483	 -0.583
	  0.459	  0.359	  0.812

5 	  39.60	  -7.33	   8.35
	  0.590	 -0.017	  0.807
	  0.661	 -0.564	 -0.496
	  0.463	  0.826	 -0.322

6 	  47.95	  -3.94	  13.08
	  0.818	  0.312	  0.483
	 -0.138	  0.922	 -0.362
	 -0.559	  0.229	  0.797

7 	  36.86	   7.58	  -1.30
	  0.535	  0.821	  0.196
	 -0.663	  0.264	  0.701
	  0.524	 -0.505	  0.685

8 	  39.73	   7.82	   9.98
	  0.604	 -0.073	  0.793
	 -0.688	 -0.549	  0.474
	  0.401	 -0.832	 -0.382

9 	  47.95	   4.10	  13.32
	  0.761	 -0.513	  0.397
	 -0.013	  0.600	  0.800
	 -0.649	 -0.614	  0.450

2 	  34.54	  -6.91	  -1.02
	 -0.467	  0.663	  0.585
	  0.293	 -0.508	  0.810
	  0.834	  0.549	  0.043

3 	  41.52	   0.76	   2.60
	  0.403	 -0.181	  0.897
	 -0.026	  0.978	  0.208
	 -0.915	 -0.107	  0.389

4 	  36.40	  -5.94	  -2.29
	  0.596	 -0.802	  0.048
	  0.662	  0.457	 -0.594
	  0.454	  0.386	  0.803

5 	  39.60	  -7.33	   8.35
	  0.590	 -0.017	  0.807
	  0.661	 -0.563	 -0.496
	  0.463	  0.826	 -0.322

6 	  47.94	  -3.96	  13.08
	  0.817	  0.313	  0.483
	 -0.139	  0.922	 -0.362
	 -0.559	  0.228	  0.797

7 	  36.86	   7.59	  -1.30
	  0.535	  0.822	  0.196
	 -0.663	  0.263	  0.700
	  0.524	 -0.505	  0.686

8 	  39.73	   7.84	   9.98
	  0.604	 -0.072	  0.793
	 -0.688	 -0.549	  0.474
	  0.401	 -0.832	 -0.382

9 	  47.94	   4.10	  13.32
	  0.761	 -0.512	  0.397
	 -0.013	  0.600	  0.799
	 -0.648	 -0.614	  0.451

2 	  34.75	  -1.41	  -2.92
	 -0.231	  0.803	  0.549
	 -0.769	 -0.496	  0.402
	  0.596	 -0.330	  0.732

3 	  42.49	   0.47	   3.23
	  0.258	 -0.171	  0.951
	 -0.054	  0.980	  0.190
	 -0.964	 -0.100	  0.244

4 	  38.60	  -6.36	  -2.51
	  0.629	 -0.773	  0.084
	  0.711	  0.528	 -0.464
	  0.314	  0.351	  0.882

5 	  39.60	  -7.63	   8.63
	  0.457	 -0.042	  0.888
	  0.688	 -0.616	 -0.383
	  0.563	  0.787	 -0.253

6 	  47.92	  -4.03	  13.20
	  0.835	  0.343	  0.431
	 -0.164	  0.901	 -0.401
	 -0.526	  0.264	  0.808

7 	  38.72	   7.17	  -1.63
	  0.540	  0.807	  0.238
	 -0.743	  0.324	  0.586
	  0.396	 -0.493	  0.775

8 	  39.80	   7.88	  10.04
	  0.532	 -0.026	  0.846
	 -0.701	 -0.574	  0.423
	  0.474	 -0.818	 -0.324

9 	  47.99	   4.10	  13.36
	  0.763	 -0.526	  0.375
	  0.001	  0.581	  0.813
	 -0.646	 -0.621	  0.444

2 	  34.66	  -1.71	  -2.92
	 -0.235	  0.881	  0.410
	 -0.730	 -0.439	  0.524
	  0.642	 -0.176	  0.746

3 	  42.43	   0.44	   3.25
	  0.261	 -0.170	  0.950
	 -0.055	  0.980	  0.190
	 -0.964	 -0.102	  0.247

4 	  38.57	  -6.38	  -2.51
	  0.631	 -0.771	  0.083
	  0.707	  0.528	 -0.470
	  0.319	  0.355	  0.879

5 	  39.60	  -7.63	   8.63
	  0.459	 -0.040	  0.888
	  0.690	 -0.614	 -0.384
	  0.560	  0.789	 -0.254

6 	  47.94	  -4.03	  13.18
	  0.834	  0.343	  0.431
	 -0.164	  0.901	 -0.400
	 -0.526	  0.263	  0.809

7 	  38.64	   7.17	  -1.63
	  0.539	  0.808	  0.237
	 -0.740	  0.320	  0.591
	  0.401	 -0.495	  0.771

8 	  39.80	   7.86	  10.04
	  0.536	 -0.026	  0.844
	 -0.699	 -0.573	  0.426
	  0.472	 -0.819	 -0.326

9 	  47.99	   4.10	  13.36
	  0.763	 -0.526	  0.375
	  0.002	  0.583	  0.812
	 -0.646	 -0.619	  0.446

2 	  34.95	  -1.48	  -3.09
	 -0.308	  0.852	  0.423
	 -0.841	 -0.452	  0.298
	  0.445	 -0.264	  0.855

3 	  42.38	   0.46	   3.25
	  0.264	 -0.169	  0.949
	 -0.057	  0.980	  0.190
	 -0.963	 -0.104	  0.249

4 	  38.55	  -6.36	  -2.53
	  0.631	 -0.771	  0.083
	  0.706	  0.528	 -0.471
	  0.319	  0.356	  0.878

5 	  39.60	  -7.65	   8.61
	  0.459	 -0.041	  0.887
	  0.690	 -0.613	 -0.385
	  0.559	  0.789	 -0.254

6 	  47.92	  -4.01	  13.18
	  0.834	  0.343	  0.431
	 -0.164	  0.902	 -0.400
	 -0.526	  0.262	  0.809

7 	  38.64	   7.17	  -1.63
	  0.538	  0.808	  0.237
	 -0.740	  0.319	  0.592
	  0.403	 -0.495	  0.770

8 	  39.78	   7.88	  10.02
	  0.538	 -0.026	  0.843
	 -0.699	 -0.573	  0.428
	  0.472	 -0.819	 -0.327

9 	  47.99	   4.08	  13.36
	  0.763	 -0.525	  0.376
	  0.002	  0.584	  0.812
	 -0.646	 -0.619	  0.446

2 	  34.65	  -1.81	  -2.88
	 -0.296	  0.905	  0.306
	 -0.750	 -0.418	  0.511
	  0.591	 -0.079	  0.802

3 	  42.36	   0.47	   3.23
	  0.268	 -0.170	  0.948
	 -0.058	  0.979	  0.191
	 -0.961	 -0.106	  0.253

4 	  38.48	  -6.35	  -2.51
	  0.630	 -0.772	  0.082
	  0.706	  0.526	 -0.474
	  0.323	  0.356	  0.877

5 	  39.62	  -7.63	   8.61
	  0.464	 -0.041	  0.885
	  0.689	 -0.610	 -0.390
	  0.556	  0.791	 -0.255

6 	  47.92	  -4.03	  13.18
	  0.834	  0.342	  0.432
	 -0.163	  0.902	 -0.399
	 -0.527	  0.262	  0.808

7 	  38.57	   7.21	  -1.63
	  0.539	  0.808	  0.237
	 -0.737	  0.316	  0.597
	  0.408	 -0.497	  0.766

8 	  39.80	   7.88	  10.04
	  0.540	 -0.027	  0.841
	 -0.698	 -0.573	  0.429
	  0.470	 -0.819	 -0.328

9 	  47.97	   4.06	  13.36
	  0.763	 -0.525	  0.376
	  0.002	  0.585	  0.811
	 -0.646	 -0.619	  0.447

2 	  35.07	  -1.44	  -3.25
	 -0.320	  0.875	  0.364
	 -0.888	 -0.410	  0.206
	  0.330	 -0.258	  0.908

3 	  42.35	   0.49	   3.23
	  0.269	 -0.171	  0.948
	 -0.059	  0.979	  0.193
	 -0.961	 -0.108	  0.254

4 	  38.50	  -6.31	  -2.53
	  0.626	 -0.775	  0.085
	  0.710	  0.523	 -0.472
	  0.321	  0.356	  0.877

5 	  39.60	  -7.63	   8.60
	  0.464	 -0.041	  0.884
	  0.690	 -0.609	 -0.391
	  0.554	  0.792	 -0.255

6 	  47.92	  -4.01	  13.18
	  0.834	  0.342	  0.433
	 -0.164	  0.903	 -0.397
	 -0.527	  0.260	  0.809

7 	  38.57	   7.22	  -1.60
	  0.537	  0.809	  0.239
	 -0.738	  0.314	  0.597
	  0.408	 -0.497	  0.766

8 	  39.78	   7.88	  10.05
	  0.541	 -0.029	  0.841
	 -0.698	 -0.574	  0.429
	  0.470	 -0.818	 -0.330

9 	  47.95	   4.08	  13.32
	  0.764	 -0.525	  0.375
	  0.003	  0.585	  0.811
	 -0.645	 -0.619	  0.448

2 	  33.66	  -4.24	   2.16
	 -0.539	  0.394	  0.744
	  0.267	 -0.758	  0.595
	  0.798	  0.520	  0.303

3 	  42.89	   0.69	   3.20
	  0.212	 -0.189	  0.958
	 -0.082	  0.974	  0.210
	 -0.974	 -0.124	  0.191

4 	  39.06	  -6.10	  -2.72
	  0.655	 -0.751	  0.083
	  0.708	  0.573	 -0.412
	  0.261	  0.329	  0.907

5 	  39.73	  -7.56	   8.42
	  0.432	 -0.057	  0.900
	  0.700	 -0.607	 -0.375
	  0.567	  0.793	 -0.223

6 	  47.94	  -3.99	  13.17
	  0.828	  0.341	  0.444
	 -0.162	  0.905	 -0.393
	 -0.536	  0.254	  0.805

7 	  39.02	   7.42	  -1.63
	  0.536	  0.807	  0.245
	 -0.757	  0.332	  0.562
	  0.373	 -0.488	  0.789

8 	  39.85	   8.00	  10.09
	  0.514	 -0.036	  0.857
	 -0.709	 -0.580	  0.401
	  0.482	 -0.813	 -0.324

9 	  47.99	   4.13	  13.38
	  0.761	 -0.532	  0.371
	 -0.002	  0.571	  0.821
	 -0.648	 -0.626	  0.433

2 	  33.54	  -4.06	   2.29
	 -0.361	  0.401	  0.842
	  0.235	 -0.835	  0.498
	  0.902	  0.378	  0.207

3 	  42.86	   0.67	   3.23
	  0.212	 -0.187	  0.959
	 -0.084	  0.974	  0.209
	 -0.974	 -0.125	  0.191

4 	  39.06	  -6.13	  -2.71
	  0.657	 -0.749	  0.083
	  0.706	  0.574	 -0.414
	  0.262	  0.331	  0.906

5 	  39.73	  -7.56	   8.44
	  0.431	 -0.056	  0.901
	  0.703	 -0.605	 -0.374
	  0.566	  0.794	 -0.222

6 	  47.94	  -3.99	  13.17
	  0.828	  0.341	  0.444
	 -0.161	  0.905	 -0.394
	 -0.537	  0.254	  0.804

7 	  39.01	   7.40	  -1.63
	  0.536	  0.808	  0.245
	 -0.757	  0.331	  0.563
	  0.374	 -0.487	  0.789

8 	  39.85	   8.00	  10.07
	  0.515	 -0.036	  0.856
	 -0.709	 -0.580	  0.402
	  0.482	 -0.814	 -0.323

9 	  47.99	   4.13	  13.36
	  0.761	 -0.531	  0.371
	 -0.001	  0.572	  0.820
	 -0.648	 -0.625	  0.434

2 	  33.70	  -3.85	   1.56
	 -0.607	  0.314	  0.730
	 -0.022	 -0.925	  0.380
	  0.794	  0.215	  0.568

3 	  42.80	   0.67	   3.25
	  0.217	 -0.185	  0.958
	 -0.085	  0.975	  0.207
	 -0.973	 -0.126	  0.195

4 	  39.08	  -6.13	  -2.69
	  0.658	 -0.748	  0.085
	  0.705	  0.573	 -0.417
	  0.262	  0.334	  0.905

5 	  39.73	  -7.58	   8.44
	  0.430	 -0.056	  0.901
	  0.703	 -0.605	 -0.373
	  0.566	  0.794	 -0.221

6 	  47.94	  -3.99	  13.18
	  0.828	  0.341	  0.445
	 -0.161	  0.904	 -0.395
	 -0.537	  0.255	  0.804

7 	  39.01	   7.38	  -1.63
	  0.536	  0.808	  0.245
	 -0.757	  0.331	  0.562
	  0.373	 -0.487	  0.789

8 	  39.85	   8.00	  10.07
	  0.515	 -0.035	  0.856
	 -0.709	 -0.579	  0.403
	  0.481	 -0.815	 -0.323

9 	  47.99	   4.13	  13.38
	  0.761	 -0.531	  0.372
	 -0.002	  0.572	  0.820
	 -0.649	 -0.625	  0.435

2 	  33.93	  -4.38	   1.56
	 -0.724	  0.158	  0.671
	  0.284	 -0.818	  0.499
	  0.628	  0.552	  0.548

3 	  42.79	   0.65	   3.27
	  0.218	 -0.185	  0.958
	 -0.085	  0.974	  0.208
	 -0.972	 -0.127	  0.197

4 	  39.09	  -6.15	  -2.69
	  0.662	 -0.744	  0.085
	  0.702	  0.576	 -0.419
	  0.262	  0.337	  0.904

5 	  39.73	  -7.58	   8.44
	  0.428	 -0.055	  0.902
	  0.704	 -0.605	 -0.372
	  0.565	  0.795	 -0.221

6 	  47.94	  -3.99	  13.18
	  0.828	  0.341	  0.444
	 -0.161	  0.904	 -0.395
	 -0.537	  0.255	  0.804

7 	  38.99	   7.38	  -1.63
	  0.535	  0.808	  0.245
	 -0.758	  0.331	  0.562
	  0.374	 -0.486	  0.790

8 	  39.83	   7.98	  10.07
	  0.515	 -0.035	  0.856
	 -0.709	 -0.578	  0.403
	  0.481	 -0.815	 -0.323

9 	  47.97	   4.13	  13.36
	  0.761	 -0.530	  0.372
	 -0.001	  0.574	  0.819
	 -0.648	 -0.624	  0.436

2 	  33.75	  -4.45	   2.18
	 -0.594	  0.397	  0.699
	  0.339	 -0.665	  0.666
	  0.729	  0.633	  0.259

3 	  42.75	   0.65	   3.27
	  0.219	 -0.185	  0.958
	 -0.086	  0.974	  0.207
	 -0.972	 -0.128	  0.197

4 	  39.08	  -6.13	  -2.69
	  0.662	 -0.745	  0.085
	  0.702	  0.576	 -0.419
	  0.263	  0.336	  0.904

5 	  39.73	  -7.58	   8.44
	  0.428	 -0.054	  0.902
	  0.706	 -0.603	 -0.371
	  0.564	  0.796	 -0.220

6 	  47.94	  -3.99	  13.18
	  0.828	  0.341	  0.444
	 -0.161	  0.905	 -0.395
	 -0.537	  0.255	  0.804

7 	  38.97	   7.37	  -1.63
	  0.534	  0.809	  0.245
	 -0.758	  0.330	  0.563
	  0.374	 -0.487	  0.789

8 	  39.83	   7.98	  10.07
	  0.516	 -0.035	  0.856
	 -0.709	 -0.578	  0.404
	  0.481	 -0.815	 -0.323

9 	  47.97	   4.13	  13.38
	  0.762	 -0.530	  0.372
	 -0.001	  0.574	  0.819
	 -0.648	 -0.624	  0.436

2 	  42.24	  -8.81	   8.77
	  0.922	  0.313	 -0.226
	 -0.191	 -0.140	 -0.972
	 -0.336	  0.939	 -0.069

3 	  41.92	   0.54	   2.64
	  0.353	 -0.175	  0.919
	 -0.027	  0.980	  0.197
	 -0.935	 -0.095	  0.341

4 	  37.00	  -6.17	  -2.44
	  0.637	 -0.771	  0.006
	  0.643	  0.528	 -0.554
	  0.424	  0.357	  0.832

5 	  39.80	  -7.61	   8.23
	  0.572	 -0.041	  0.819
	  0.665	 -0.561	 -0.493
	  0.479	  0.827	 -0.294

6 	  47.99	  -3.99	  13.17
	  0.791	  0.340	  0.507
	 -0.134	  0.907	 -0.400
	 -0.597	  0.248	  0.763

7 	  37.56	   7.38	  -1.49
	  0.563	  0.803	  0.192
	 -0.677	  0.316	  0.665
	  0.473	 -0.505	  0.722

8 	  39.80	   7.89	   9.98
	  0.585	 -0.049	  0.810
	 -0.692	 -0.551	  0.466
	  0.423	 -0.833	 -0.356

9 	  47.97	   4.04	  13.32
	  0.760	 -0.521	  0.388
	 -0.006	  0.593	  0.805
	 -0.650	 -0.615	  0.447

2 	  42.40	  -8.63	   8.68
	  0.868	  0.384	 -0.313
	 -0.266	 -0.172	 -0.948
	 -0.419	  0.907	 -0.047

3 	  41.99	   0.58	   2.60
	  0.349	 -0.177	  0.920
	 -0.028	  0.979	  0.199
	 -0.937	 -0.095	  0.337

4 	  37.02	  -6.15	  -2.46
	  0.638	 -0.769	  0.002
	  0.643	  0.532	 -0.550
	  0.422	  0.352	  0.835

5 	  39.81	  -7.59	   8.17
	  0.574	 -0.041	  0.817
	  0.670	 -0.550	 -0.499
	  0.470	  0.834	 -0.288

6 	  47.99	  -3.96	  13.17
	  0.789	  0.341	  0.510
	 -0.138	  0.908	 -0.395
	 -0.598	  0.241	  0.764

7 	  37.56	   7.40	  -1.49
	  0.564	  0.803	  0.192
	 -0.677	  0.317	  0.664
	  0.472	 -0.505	  0.722

8 	  39.80	   7.88	   9.95
	  0.584	 -0.050	  0.810
	 -0.692	 -0.551	  0.465
	  0.423	 -0.833	 -0.357

9 	  47.97	   4.06	  13.34
	  0.759	 -0.521	  0.389
	 -0.007	  0.592	  0.806
	 -0.651	 -0.615	  0.446

2 	  42.22	  -8.65	   8.96
	  0.901	  0.319	 -0.294
	 -0.206	 -0.283	 -0.937
	 -0.382	  0.904	 -0.190

3 	  42.03	   0.56	   2.58
	  0.345	 -0.177	  0.922
	 -0.027	  0.980	  0.198
	 -0.938	 -0.093	  0.333

4 	  37.02	  -6.17	  -2.46
	  0.638	 -0.770	  0.004
	  0.645	  0.532	 -0.548
	  0.420	  0.352	  0.836

5 	  39.78	  -7.56	   8.26
	  0.569	 -0.039	  0.821
	  0.668	 -0.560	 -0.490
	  0.479	  0.828	 -0.292

6 	  47.99	  -3.96	  13.15
	  0.792	  0.340	  0.507
	 -0.137	  0.908	 -0.396
	 -0.595	  0.244	  0.766

7 	  37.60	   7.38	  -1.51
	  0.566	  0.802	  0.190
	 -0.677	  0.321	  0.662
	  0.470	 -0.503	  0.725

8 	  39.81	   7.88	   9.95
	  0.583	 -0.050	  0.810
	 -0.693	 -0.551	  0.465
	  0.424	 -0.833	 -0.356

9 	  47.97	   4.06	  13.34
	  0.759	 -0.521	  0.391
	 -0.008	  0.593	  0.805
	 -0.651	 -0.614	  0.446

2 	  42.33	  -8.58	   8.44
	  0.839	  0.406	 -0.361
	 -0.347	 -0.111	 -0.931
	 -0.419	  0.907	  0.048

3 	  42.03	   0.56	   2.58
	  0.345	 -0.177	  0.921
	 -0.026	  0.980	  0.197
	 -0.938	 -0.092	  0.334

4 	  37.02	  -6.17	  -2.44
	  0.638	 -0.770	  0.004
	  0.645	  0.532	 -0.549
	  0.420	  0.353	  0.836

5 	  39.81	  -7.61	   8.19
	  0.576	 -0.041	  0.816
	  0.674	 -0.540	 -0.504
	  0.461	  0.841	 -0.284

6 	  48.01	  -3.96	  13.17
	  0.792	  0.341	  0.506
	 -0.139	  0.908	 -0.395
	 -0.594	  0.242	  0.767

7 	  37.60	   7.38	  -1.51
	  0.566	  0.802	  0.190
	 -0.677	  0.321	  0.662
	  0.470	 -0.504	  0.725

8 	  39.80	   7.88	   9.95
	  0.584	 -0.049	  0.810
	 -0.692	 -0.552	  0.465
	  0.425	 -0.832	 -0.357

9 	  47.97	   4.08	  13.32
	  0.760	 -0.520	  0.391
	 -0.008	  0.593	  0.805
	 -0.650	 -0.615	  0.446

2 	  42.15	  -8.77	   8.86
	  0.922	  0.281	 -0.266
	 -0.188	 -0.276	 -0.943
	 -0.339	  0.919	 -0.201

3 	  42.01	   0.56	   2.60
	  0.347	 -0.177	  0.921
	 -0.026	  0.980	  0.198
	 -0.938	 -0.092	  0.335

4 	  37.00	  -6.17	  -2.44
	  0.637	 -0.770	  0.005
	  0.646	  0.531	 -0.549
	  0.420	  0.353	  0.836

5 	  39.76	  -7.58	   8.23
	  0.572	 -0.042	  0.819
	  0.661	 -0.568	 -0.490
	  0.486	  0.822	 -0.297

6 	  48.01	  -3.99	  13.15
	  0.793	  0.341	  0.504
	 -0.139	  0.908	 -0.396
	 -0.593	  0.244	  0.768

7 	  37.58	   7.40	  -1.53
	  0.565	  0.802	  0.191
	 -0.677	  0.319	  0.662
	  0.471	 -0.504	  0.724

8 	  39.81	   7.89	   9.95
	  0.585	 -0.049	  0.810
	 -0.691	 -0.553	  0.465
	  0.425	 -0.832	 -0.357

9 	  47.97	   4.06	  13.34
	  0.760	 -0.520	  0.390
	 -0.008	  0.593	  0.805
	 -0.650	 -0.615	  0.446

2 	  40.48	  -6.05	  10.37
	 -0.531	  0.538	 -0.654
	  0.706	  0.708	  0.009
	  0.468	 -0.457	 -0.756

3 	  41.73	   0.62	   2.78
	  0.364	 -0.188	  0.912
	 -0.027	  0.977	  0.212
	 -0.931	 -0.102	  0.350

4 	  37.20	  -6.08	  -2.67
	  0.665	 -0.745	 -0.055
	  0.578	  0.560	 -0.593
	  0.472	  0.363	  0.803

5 	  41.08	  -8.74	   7.28
	  0.633	 -0.072	  0.771
	  0.722	 -0.304	 -0.621
	  0.279	  0.950	 -0.140

6 	  48.32	  -4.13	  13.18
	  0.670	  0.449	  0.591
	 -0.197	  0.875	 -0.442
	 -0.716	  0.180	  0.675

7 	  37.39	   7.47	  -1.37
	  0.554	  0.807	  0.203
	 -0.674	  0.292	  0.678
	  0.488	 -0.513	  0.706

8 	  39.76	   7.88	  10.04
	  0.598	 -0.052	  0.799
	 -0.681	 -0.558	  0.474
	  0.422	 -0.828	 -0.369

9 	  47.97	   4.08	  13.32
	  0.764	 -0.520	  0.382
	 -0.003	  0.589	  0.808
	 -0.646	 -0.619	  0.448

2 	  40.38	  -5.99	  10.11
	 -0.347	  0.547	 -0.762
	  0.707	  0.686	  0.170
	  0.616	 -0.479	 -0.625

3 	  41.71	   0.62	   2.76
	  0.366	 -0.188	  0.911
	 -0.026	  0.977	  0.212
	 -0.930	 -0.102	  0.352

4 	  37.18	  -6.05	  -2.67
	  0.667	 -0.743	 -0.057
	  0.575	  0.562	 -0.594
	  0.474	  0.364	  0.802

5 	  41.15	  -8.74	   7.21
	  0.636	 -0.072	  0.767
	  0.722	 -0.294	 -0.626
	  0.271	  0.953	 -0.135

6 	  48.34	  -4.10	  13.17
	  0.665	  0.450	  0.595
	 -0.204	  0.877	 -0.435
	 -0.718	  0.168	  0.675

7 	  37.37	   7.49	  -1.35
	  0.553	  0.808	  0.205
	 -0.674	  0.288	  0.680
	  0.490	 -0.514	  0.704

8 	  39.74	   7.86	  10.05
	  0.599	 -0.053	  0.799
	 -0.680	 -0.560	  0.473
	  0.422	 -0.827	 -0.372

9 	  47.99	   4.06	  13.34
	  0.764	 -0.521	  0.381
	 -0.002	  0.588	  0.809
	 -0.646	 -0.619	  0.447

2 	  40.71	  -6.36	  10.69
	 -0.453	  0.781	 -0.430
	  0.802	  0.567	  0.185
	  0.388	 -0.261	 -0.884

3 	  41.71	   0.63	   2.78
	  0.368	 -0.187	  0.911
	 -0.028	  0.977	  0.212
	 -0.929	 -0.104	  0.354

4 	  37.18	  -6.05	  -2.67
	  0.667	 -0.743	 -0.057
	  0.574	  0.562	 -0.596
	  0.474	  0.364	  0.801

5 	  41.17	  -8.75	   7.21
	  0.637	 -0.073	  0.767
	  0.722	 -0.292	 -0.627
	  0.270	  0.953	 -0.134

6 	  48.34	  -4.11	  13.18
	  0.664	  0.450	  0.596
	 -0.205	  0.877	 -0.434
	 -0.719	  0.166	  0.675

7 	  37.35	   7.47	  -1.37
	  0.553	  0.807	  0.204
	 -0.673	  0.289	  0.680
	  0.490	 -0.514	  0.703

8 	  39.74	   7.86	  10.05
	  0.600	 -0.052	  0.798
	 -0.679	 -0.560	  0.474
	  0.422	 -0.827	 -0.372

9 	  47.97	   4.06	  13.34
	  0.764	 -0.520	  0.381
	 -0.003	  0.588	  0.809
	 -0.645	 -0.619	  0.448

2 	  40.59	  -5.94	  10.09
	 -0.310	  0.584	 -0.750
	  0.814	  0.571	  0.108
	  0.491	 -0.577	 -0.652

3 	  41.71	   0.62	   2.78
	  0.366	 -0.185	  0.912
	 -0.031	  0.977	  0.210
	 -0.930	 -0.105	  0.352

4 	  37.18	  -6.06	  -2.65
	  0.666	 -0.743	 -0.057
	  0.574	  0.560	 -0.597
	  0.475	  0.365	  0.800

5 	  41.15	  -8.79	   7.22
	  0.637	 -0.074	  0.767
	  0.721	 -0.293	 -0.628
	  0.271	  0.953	 -0.134

6 	  48.34	  -4.11	  13.18
	  0.663	  0.453	  0.595
	 -0.208	  0.876	 -0.435
	 -0.719	  0.165	  0.675

7 	  37.35	   7.45	  -1.37
	  0.553	  0.808	  0.203
	 -0.674	  0.291	  0.679
	  0.489	 -0.512	  0.705

8 	  39.73	   7.84	  10.05
	  0.600	 -0.051	  0.798
	 -0.679	 -0.560	  0.475
	  0.422	 -0.827	 -0.371

9 	  47.97	   4.08	  13.31
	  0.765	 -0.519	  0.381
	 -0.002	  0.589	  0.808
	 -0.644	 -0.619	  0.449

2 	  40.39	  -6.56	  10.53
	 -0.459	  0.762	 -0.457
	  0.718	  0.621	  0.314
	  0.523	 -0.184	 -0.832

3 	  41.70	   0.62	   2.79
	  0.366	 -0.185	  0.912
	 -0.028	  0.977	  0.209
	 -0.930	 -0.102	  0.353

4 	  37.18	  -6.08	  -2.65
	  0.666	 -0.744	 -0.057
	  0.574	  0.559	 -0.598
	  0.476	  0.366	  0.799

5 	  41.13	  -8.81	   7.22
	  0.637	 -0.076	  0.767
	  0.721	 -0.292	 -0.628
	  0.271	  0.953	 -0.131

6 	  48.34	  -4.11	  13.18
	  0.663	  0.454	  0.594
	 -0.209	  0.875	 -0.436
	 -0.719	  0.164	  0.676

7 	  37.35	   7.45	  -1.39
	  0.553	  0.808	  0.203
	 -0.674	  0.290	  0.679
	  0.490	 -0.512	  0.705

8 	  39.73	   7.84	  10.05
	  0.600	 -0.051	  0.798
	 -0.679	 -0.560	  0.475
	  0.423	 -0.827	 -0.371

9 	  47.97	   4.08	  13.32
	  0.765	 -0.519	  0.381
	 -0.002	  0.589	  0.808
	 -0.644	 -0.619	  0.450

2 	  48.39	  -1.35	  13.97
	 -0.912	  0.358	  0.197
	 -0.284	 -0.209	 -0.936
	 -0.294	 -0.910	  0.293

3 	  41.77	   0.51	   2.74
	  0.364	 -0.173	  0.915
	 -0.021	  0.980	  0.194
	 -0.931	 -0.090	  0.353

4 	  36.77	  -6.21	  -2.36
	  0.615	 -0.788	  0.015
	  0.656	  0.502	 -0.563
	  0.436	  0.356	  0.826

5 	  39.52	  -7.75	   8.35
	  0.563	 -0.061	  0.824
	  0.651	 -0.580	 -0.489
	  0.507	  0.812	 -0.288

6 	  47.88	  -4.45	  13.22
	  0.823	  0.321	  0.468
	 -0.116	  0.902	 -0.415
	 -0.556	  0.287	  0.780

7 	  37.42	   7.37	  -1.44
	  0.562	  0.803	  0.196
	 -0.674	  0.307	  0.671
	  0.479	 -0.510	  0.714

8 	  39.76	   7.82	  10.00
	  0.600	 -0.049	  0.798
	 -0.679	 -0.558	  0.476
	  0.422	 -0.828	 -0.368

9 	  47.97	   4.03	  13.34
	  0.764	 -0.519	  0.382
	 -0.004	  0.589	  0.807
	 -0.645	 -0.619	  0.448

2 	  48.02	  -1.25	  14.27
	 -0.928	  0.123	  0.352
	 -0.366	 -0.129	 -0.921
	 -0.068	 -0.984	  0.165

3 	  41.75	   0.53	   2.74
	  0.365	 -0.173	  0.914
	 -0.022	  0.980	  0.194
	 -0.931	 -0.091	  0.354

4 	  36.77	  -6.19	  -2.36
	  0.616	 -0.788	  0.015
	  0.656	  0.502	 -0.563
	  0.436	  0.356	  0.826

5 	  39.53	  -7.75	   8.35
	  0.564	 -0.058	  0.823
	  0.653	 -0.578	 -0.489
	  0.504	  0.814	 -0.288

6 	  47.88	  -4.39	  13.25
	  0.819	  0.324	  0.472
	 -0.127	  0.906	 -0.403
	 -0.559	  0.270	  0.783

7 	  37.42	   7.37	  -1.44
	  0.562	  0.803	  0.197
	 -0.674	  0.307	  0.672
	  0.479	 -0.510	  0.714

8 	  39.74	   7.82	  10.00
	  0.600	 -0.048	  0.798
	 -0.679	 -0.558	  0.476
	  0.423	 -0.828	 -0.368

9 	  47.97	   4.03	  13.32
	  0.765	 -0.519	  0.382
	 -0.003	  0.590	  0.807
	 -0.644	 -0.619	  0.449

2 	  48.46	  -1.27	  14.20
	 -0.935	  0.351	  0.041
	 -0.080	 -0.096	 -0.992
	 -0.344	 -0.931	  0.118

3 	  41.75	   0.51	   2.74
	  0.364	 -0.173	  0.915
	 -0.022	  0.980	  0.194
	 -0.931	 -0.091	  0.353

4 	  36.77	  -6.21	  -2.36
	  0.615	 -0.788	  0.015
	  0.656	  0.502	 -0.563
	  0.436	  0.356	  0.826

5 	  39.53	  -7.75	   8.35
	  0.565	 -0.058	  0.823
	  0.653	 -0.578	 -0.489
	  0.504	  0.814	 -0.288

6 	  47.87	  -4.38	  13.24
	  0.819	  0.325	  0.472
	 -0.127	  0.906	 -0.404
	 -0.559	  0.271	  0.784

7 	  37.42	   7.37	  -1.44
	  0.562	  0.803	  0.196
	 -0.674	  0.307	  0.671
	  0.479	 -0.510	  0.714

8 	  39.76	   7.80	  10.00
	  0.600	 -0.048	  0.798
	 -0.679	 -0.558	  0.476
	  0.423	 -0.828	 -0.368

9 	  47.97	   4.04	  13.31
	  0.765	 -0.519	  0.382
	 -0.003	  0.591	  0.807
	 -0.645	 -0.618	  0.450

2 	  48.96	  -1.65	  13.73
	 -0.732	  0.652	 -0.197
	 -0.160	 -0.445	 -0.881
	 -0.663	 -0.613	  0.430

3 	  41.75	   0.51	   2.74
	  0.365	 -0.173	  0.914
	 -0.021	  0.981	  0.194
	 -0.931	 -0.090	  0.354

4 	  36.79	  -6.21	  -2.34
	  0.615	 -0.788	  0.015
	  0.656	  0.502	 -0.563
	  0.436	  0.356	  0.826

5 	  39.53	  -7.77	   8.35
	  0.565	 -0.058	  0.823
	  0.653	 -0.578	 -0.490
	  0.503	  0.814	 -0.289

6 	  47.88	  -4.39	  13.22
	  0.820	  0.326	  0.470
	 -0.126	  0.905	 -0.406
	 -0.558	  0.273	  0.783

7 	  37.42	   7.37	  -1.44
	  0.562	  0.803	  0.196
	 -0.674	  0.307	  0.672
	  0.480	 -0.510	  0.714

8 	  39.76	   7.80	  10.00
	  0.599	 -0.049	  0.799
	 -0.680	 -0.558	  0.476
	  0.422	 -0.828	 -0.367

9 	  47.99	   4.04	  13.31
	  0.765	 -0.519	  0.382
	 -0.004	  0.590	  0.807
	 -0.645	 -0.618	  0.450

2 	  48.67	  -1.76	  13.32
	 -0.760	  0.645	  0.075
	 -0.466	 -0.461	 -0.755
	 -0.453	 -0.609	  0.651

3 	  41.75	   0.49	   2.72
	  0.366	 -0.173	  0.914
	 -0.022	  0.980	  0.194
	 -0.930	 -0.091	  0.355

4 	  36.77	  -6.21	  -2.34
	  0.615	 -0.788	  0.014
	  0.656	  0.501	 -0.564
	  0.437	  0.356	  0.826

5 	  39.55	  -7.77	   8.35
	  0.565	 -0.057	  0.823
	  0.654	 -0.576	 -0.490
	  0.502	  0.815	 -0.288

6 	  47.87	  -4.36	  13.24
	  0.818	  0.328	  0.471
	 -0.129	  0.904	 -0.406
	 -0.560	  0.271	  0.783

7 	  37.42	   7.35	  -1.44
	  0.562	  0.803	  0.196
	 -0.674	  0.308	  0.672
	  0.479	 -0.510	  0.714

8 	  39.76	   7.80	  10.00
	  0.600	 -0.048	  0.799
	 -0.679	 -0.558	  0.477
	  0.422	 -0.828	 -0.367

9 	  47.97	   4.01	  13.31
	  0.764	 -0.519	  0.383
	 -0.003	  0.591	  0.806
	 -0.645	 -0.617	  0.450

2 	  49.03	  -5.75	  14.77
	  0.750	  0.524	 -0.402
	 -0.332	 -0.228	 -0.916
	 -0.572	  0.820	  0.003

3 	  41.71	   0.54	   2.74
	  0.369	 -0.172	  0.913
	 -0.023	  0.980	  0.194
	 -0.929	 -0.093	  0.358

4 	  36.76	  -6.17	  -2.34
	  0.617	 -0.787	  0.016
	  0.654	  0.502	 -0.566
	  0.437	  0.359	  0.824

5 	  39.55	  -7.70	   8.37
	  0.563	 -0.043	  0.825
	  0.669	 -0.563	 -0.485
	  0.485	  0.825	 -0.289

6 	  47.79	  -4.20	  13.24
	  0.810	  0.331	  0.483
	 -0.146	  0.912	 -0.382
	 -0.568	  0.239	  0.788

7 	  37.39	   7.38	  -1.41
	  0.561	  0.804	  0.197
	 -0.673	  0.304	  0.674
	  0.482	 -0.511	  0.711

8 	  39.74	   7.84	  10.02
	  0.600	 -0.048	  0.798
	 -0.678	 -0.560	  0.476
	  0.424	 -0.827	 -0.369

9 	  47.97	   4.06	  13.32
	  0.764	 -0.519	  0.384
	 -0.003	  0.592	  0.805
	 -0.646	 -0.616	  0.451

2 	  49.24	  -5.29	  14.48
	  0.482	  0.744	 -0.463
	 -0.376	 -0.302	 -0.876
	 -0.792	  0.596	  0.134

3 	  41.71	   0.53	   2.74
	  0.369	 -0.173	  0.913
	 -0.024	  0.980	  0.195
	 -0.929	 -0.094	  0.358

4 	  36.74	  -6.19	  -2.34
	  0.616	 -0.787	  0.016
	  0.654	  0.501	 -0.566
	  0.437	  0.359	  0.824

5 	  39.55	  -7.70	   8.35
	  0.563	 -0.042	  0.825
	  0.669	 -0.562	 -0.485
	  0.484	  0.826	 -0.289

6 	  47.78	  -4.24	  13.24
	  0.810	  0.330	  0.484
	 -0.144	  0.913	 -0.382
	 -0.568	  0.239	  0.787

7 	  37.39	   7.38	  -1.41
	  0.562	  0.803	  0.197
	 -0.673	  0.304	  0.675
	  0.482	 -0.512	  0.711

8 	  39.74	   7.82	  10.02
	  0.601	 -0.048	  0.798
	 -0.678	 -0.559	  0.477
	  0.423	 -0.827	 -0.369

9 	  47.97	   4.04	  13.31
	  0.764	 -0.519	  0.384
	 -0.002	  0.593	  0.805
	 -0.646	 -0.616	  0.452

2 	  48.90	  -5.78	  14.84
	  0.701	  0.365	 -0.612
	 -0.511	 -0.342	 -0.789
	 -0.498	  0.866	 -0.053

3 	  41.71	   0.54	   2.76
	  0.369	 -0.173	  0.913
	 -0.023	  0.980	  0.195
	 -0.929	 -0.093	  0.358

4 	  36.74	  -6.17	  -2.34
	  0.616	 -0.787	  0.016
	  0.654	  0.501	 -0.566
	  0.437	  0.359	  0.824

5 	  39.55	  -7.70	   8.37
	  0.562	 -0.041	  0.826
	  0.670	 -0.562	 -0.485
	  0.484	  0.826	 -0.289

6 	  47.78	  -4.24	  13.25
	  0.809	  0.332	  0.484
	 -0.141	  0.911	 -0.388
	 -0.570	  0.245	  0.784

7 	  37.39	   7.38	  -1.42
	  0.561	  0.804	  0.197
	 -0.672	  0.304	  0.675
	  0.483	 -0.512	  0.711

8 	  39.74	   7.84	  10.02
	  0.601	 -0.048	  0.798
	 -0.678	 -0.559	  0.477
	  0.423	 -0.827	 -0.369

9 	  47.95	   4.06	  13.32
	  0.764	 -0.519	  0.384
	 -0.002	  0.593	  0.805
	 -0.646	 -0.616	  0.451

2 	  49.11	  -5.68	  14.41
	  0.546	  0.662	 -0.513
	 -0.516	 -0.216	 -0.829
	 -0.660	  0.717	  0.224

3 	  41.71	   0.54	   2.74
	  0.370	 -0.173	  0.912
	 -0.024	  0.980	  0.195
	 -0.928	 -0.094	  0.359

4 	  36.74	  -6.19	  -2.34
	  0.616	 -0.787	  0.015
	  0.654	  0.501	 -0.566
	  0.438	  0.359	  0.824

5 	  39.57	  -7.70	   8.37
	  0.562	 -0.041	  0.825
	  0.670	 -0.562	 -0.484
	  0.484	  0.826	 -0.289

6 	  47.79	  -4.25	  13.25
	  0.810	  0.332	  0.484
	 -0.142	  0.911	 -0.388
	 -0.570	  0.246	  0.784

7 	  37.39	   7.38	  -1.41
	  0.562	  0.803	  0.197
	 -0.672	  0.304	  0.675
	  0.482	 -0.512	  0.711

8 	  39.74	   7.82	  10.02
	  0.601	 -0.049	  0.798
	 -0.678	 -0.559	  0.477
	  0.423	 -0.828	 -0.369

9 	  47.97	   4.06	  13.32
	  0.764	 -0.519	  0.384
	 -0.002	  0.593	  0.805
	 -0.646	 -0.616	  0.452

2 	  49.15	  -5.47	  14.61
	  0.520	  0.607	 -0.601
	 -0.476	 -0.378	 -0.794
	 -0.709	  0.699	  0.092

3 	  41.71	   0.53	   2.76
	  0.369	 -0.173	  0.913
	 -0.023	  0.980	  0.194
	 -0.929	 -0.092	  0.358

4 	  36.72	  -6.19	  -2.34
	  0.615	 -0.788	  0.016
	  0.655	  0.500	 -0.567
	  0.438	  0.359	  0.824

5 	  39.55	  -7.70	   8.38
	  0.561	 -0.038	  0.826
	  0.671	 -0.563	 -0.482
	  0.484	  0.826	 -0.290

6 	  47.76	  -4.25	  13.25
	  0.810	  0.333	  0.482
	 -0.139	  0.908	 -0.394
	 -0.570	  0.252	  0.782

7 	  37.39	   7.38	  -1.42
	  0.562	  0.803	  0.197
	 -0.672	  0.305	  0.674
	  0.482	 -0.511	  0.711

8 	  39.74	   7.82	  10.02
	  0.600	 -0.049	  0.798
	 -0.679	 -0.559	  0.477
	  0.422	 -0.828	 -0.369

9 	  47.97	   4.03	  13.31
	  0.763	 -0.520	  0.384
	 -0.001	  0.593	  0.805
	 -0.646	 -0.615	  0.452

