2  700.98  -42.42  567.48  
   0.64  -0.77  0.08  
   0.76  0.64  0.06  
   -0.10  0.02  0.99  

3  1155.06  -25.45  22.77  
   -0.45  0.03  -0.89  
   -0.10  -1.00  0.01  
   -0.89  0.09  0.45  

4  1038.52  114.75  -70.54  
   0.60  0.74  0.30  
   -0.64  0.67  -0.36  
   -0.47  0.03  0.88  

6  1149.70  233.96  457.65  
   0.40  -0.89  -0.21  
   -0.01  0.23  -0.97  
   0.92  0.39  0.09  

7  1040.76  -190.20  -62.06  
   0.75  -0.53  0.39  
   0.33  0.82  0.47  
   -0.57  -0.22  0.79  

8  1024.24  -252.71  204.04  
   -0.10  -0.63  0.77  
   0.11  0.76  0.63  
   -0.99  0.15  -0.01  

5  1017.98  203.15  182.17  
   -0.01  0.73  0.69  
   -0.18  0.67  -0.72  
   -0.98  -0.13  0.13  

9  1172.91  -296.02  441.13  
   0.48  0.80  -0.36  
   0.03  0.39  0.92  
   0.88  -0.45  0.16  

2  700.98  -42.42  567.48  
   0.64  -0.76  0.08  
   0.76  0.64  0.06  
   -0.10  0.02  0.99  

4  1040.76  115.19  -70.10  
   0.60  0.74  0.30  
   -0.64  0.67  -0.37  
   -0.47  0.03  0.88  

3  1155.95  -25.90  23.22  
   -0.45  0.03  -0.89  
   -0.10  -1.00  0.01  
   -0.89  0.09  0.45  

6  1146.57  233.96  460.77  
   0.38  -0.89  -0.25  
   0.00  0.27  -0.96  
   0.93  0.36  0.10  

5  1018.88  202.26  181.72  
   -0.01  0.73  0.69  
   -0.18  0.67  -0.72  
   -0.98  -0.13  0.13  

8  1023.79  -254.05  204.49  
   -0.10  -0.62  0.78  
   0.11  0.77  0.63  
   -0.99  0.15  -0.01  

9  1171.58  -296.47  442.02  
   0.48  0.80  -0.35  
   0.03  0.39  0.92  
   0.88  -0.45  0.16  

7  1041.65  -190.65  -61.61  
   0.75  -0.53  0.39  
   0.33  0.82  0.47  
   -0.57  -0.22  0.79  

2  700.98  -42.42  567.48  
   0.64  -0.77  0.08  
   0.76  0.64  0.06  
   -0.10  0.02  0.99  

6  1148.36  233.51  460.33  
   0.37  -0.89  -0.28  
   -0.00  0.30  -0.95  
   0.93  0.35  0.11  

5  1020.22  202.26  180.83  
   -0.01  0.73  0.68  
   -0.19  0.67  -0.72  
   -0.98  -0.13  0.13  

3  1156.84  -25.90  23.66  
   -0.45  0.03  -0.89  
   -0.10  -1.00  0.01  
   -0.89  0.09  0.45  

4  1042.54  114.75  -69.65  
   0.60  0.74  0.29  
   -0.65  0.67  -0.37  
   -0.47  0.03  0.88  

8  1022.90  -254.05  204.94  
   -0.10  -0.62  0.78  
   0.11  0.77  0.63  
   -0.99  0.15  -0.00  

9  1170.24  -296.91  443.36  
   0.48  0.81  -0.35  
   0.03  0.38  0.92  
   0.88  -0.46  0.15  

7  1042.09  -190.65  -61.17  
   0.75  -0.53  0.39  
   0.33  0.82  0.47  
   -0.57  -0.23  0.79  

3  1156.84  -26.79  24.11  
   -0.45  0.03  -0.89  
   -0.10  -1.00  0.01  
   -0.89  0.09  0.45  

2  700.98  -42.42  567.48  
   0.64  -0.77  0.08  
   0.76  0.64  0.06  
   -0.10  0.02  0.99  

4  1043.43  114.30  -70.54  
   0.60  0.75  0.29  
   -0.65  0.67  -0.37  
   -0.47  0.03  0.88  

5  1021.11  201.81  180.83  
   -0.01  0.74  0.68  
   -0.19  0.66  -0.72  
   -0.98  -0.13  0.13  

6  1149.25  233.06  460.33  
   0.37  -0.88  -0.29  
   -0.00  0.32  -0.95  
   0.93  0.35  0.11  

7  1042.09  -191.10  -60.72  
   0.75  -0.53  0.39  
   0.33  0.82  0.47  
   -0.57  -0.23  0.79  

9  1169.34  -296.91  443.36  
   0.48  0.81  -0.34  
   0.03  0.37  0.93  
   0.88  -0.46  0.15  

8  1022.90  -253.60  204.94  
   -0.09  -0.62  0.78  
   0.11  0.77  0.63  
   -0.99  0.15  -0.00  

2  700.98  -41.97  567.48  
   0.64  -0.77  0.08  
   0.76  0.64  0.06  
   -0.10  0.02  0.99  

6  1149.70  233.51  459.43  
   0.37  -0.88  -0.30  
   -0.00  0.32  -0.95  
   0.93  0.35  0.12  

5  1022.00  201.81  180.83  
   -0.01  0.74  0.68  
   -0.19  0.66  -0.72  
   -0.98  -0.13  0.13  

3  1156.84  -27.24  25.00  
   -0.45  0.03  -0.89  
   -0.10  -1.00  0.01  
   -0.89  0.09  0.45  

4  1043.43  114.75  -70.54  
   0.60  0.75  0.29  
   -0.65  0.67  -0.37  
   -0.47  0.03  0.88  

8  1022.90  -253.60  204.94  
   -0.09  -0.62  0.78  
   0.11  0.77  0.63  
   -0.99  0.15  -0.00  

7  1042.54  -191.10  -60.72  
   0.76  -0.53  0.39  
   0.33  0.82  0.47  
   -0.57  -0.23  0.79  

9  1168.90  -297.36  443.81  
   0.48  0.81  -0.34  
   0.03  0.37  0.93  
   0.88  -0.46  0.15  

2  700.98  -41.97  567.04  
   0.64  -0.77  0.08  
   0.76  0.64  0.06  
   -0.10  0.02  0.99  

3  1157.73  -26.79  25.00  
   -0.44  0.03  -0.90  
   -0.10  -1.00  0.01  
   -0.89  0.09  0.44  

5  1021.56  202.26  180.38  
   -0.01  0.74  0.68  
   -0.19  0.66  -0.72  
   -0.98  -0.13  0.13  

4  1044.33  114.30  -70.54  
   0.60  0.75  0.29  
   -0.65  0.67  -0.37  
   -0.47  0.03  0.88  

6  1149.70  234.40  459.88  
   0.37  -0.88  -0.31  
   -0.00  0.33  -0.94  
   0.93  0.35  0.12  

9  1169.34  -296.91  444.25  
   0.48  0.81  -0.34  
   0.03  0.37  0.93  
   0.88  -0.46  0.15  

8  1022.90  -253.60  205.38  
   -0.09  -0.62  0.78  
   0.11  0.77  0.63  
   -0.99  0.14  -0.00  

7  1043.43  -191.10  -60.72  
   0.76  -0.52  0.39  
   0.32  0.82  0.47  
   -0.57  -0.23  0.79  

2  700.98  -42.42  567.48  
   0.64  -0.77  0.08  
   0.76  0.64  0.06  
   -0.10  0.02  0.99  

4  1044.33  114.30  -70.54  
   0.60  0.75  0.29  
   -0.65  0.67  -0.37  
   -0.47  0.03  0.88  

3  1158.18  -26.79  25.00  
   -0.44  0.03  -0.90  
   -0.10  -1.00  0.01  
   -0.89  0.09  0.44  

5  1022.00  202.26  180.83  
   -0.01  0.74  0.68  
   -0.19  0.66  -0.72  
   -0.98  -0.13  0.13  

7  1043.43  -191.10  -61.17  
   0.76  -0.52  0.39  
   0.32  0.82  0.47  
   -0.57  -0.23  0.79  

6  1150.14  233.96  459.43  
   0.37  -0.88  -0.31  
   -0.00  0.34  -0.94  
   0.93  0.35  0.12  

8  1023.34  -253.60  205.38  
   -0.09  -0.62  0.78  
   0.11  0.77  0.63  
   -0.99  0.14  -0.00  

9  1168.90  -296.47  444.25  
   0.48  0.81  -0.34  
   0.04  0.37  0.93  
   0.88  -0.46  0.15  

2  700.98  -41.97  567.48  
   0.64  -0.77  0.08  
   0.76  0.64  0.06  
   -0.10  0.02  0.99  

3  1157.73  -25.90  25.45  
   -0.44  0.03  -0.90  
   -0.10  -1.00  0.01  
   -0.89  0.09  0.44  

4  1043.88  114.75  -70.54  
   0.60  0.74  0.29  
   -0.65  0.67  -0.37  
   -0.47  0.03  0.88  

5  1022.45  202.26  180.83  
   -0.01  0.74  0.68  
   -0.19  0.66  -0.72  
   -0.98  -0.13  0.13  

6  1150.14  234.40  459.43  
   0.37  -0.88  -0.32  
   -0.00  0.34  -0.94  
   0.93  0.35  0.12  

7  1043.43  -191.10  -60.72  
   0.76  -0.52  0.39  
   0.32  0.82  0.47  
   -0.57  -0.23  0.79  

9  1168.90  -296.91  444.70  
   0.48  0.81  -0.34  
   0.03  0.37  0.93  
   0.88  -0.46  0.15  

8  1023.34  -253.60  205.38  
   -0.09  -0.62  0.78  
   0.11  0.77  0.63  
   -0.99  0.14  -0.00  

3  1157.73  -26.79  25.00  
   -0.44  0.03  -0.90  
   -0.10  -1.00  0.01  
   -0.89  0.09  0.44  

2  700.98  -41.97  567.48  
   0.64  -0.77  0.08  
   0.76  0.64  0.06  
   -0.10  0.02  0.99  

4  1043.88  114.75  -70.10  
   0.60  0.75  0.29  
   -0.65  0.67  -0.37  
   -0.47  0.03  0.88  

6  1150.59  233.96  459.43  
   0.37  -0.87  -0.32  
   -0.00  0.34  -0.94  
   0.93  0.35  0.12  

5  1021.56  202.26  180.83  
   -0.01  0.74  0.68  
   -0.19  0.66  -0.73  
   -0.98  -0.13  0.13  

7  1043.43  -191.10  -60.72  
   0.76  -0.52  0.39  
   0.32  0.82  0.47  
   -0.57  -0.23  0.79  

8  1022.90  -254.05  205.83  
   -0.09  -0.62  0.78  
   0.11  0.77  0.63  
   -0.99  0.14  -0.00  

9  1168.90  -296.91  444.70  
   0.48  0.81  -0.34  
   0.04  0.37  0.93  
   0.88  -0.46  0.15  

3  1157.73  -26.79  25.00  
   -0.44  0.03  -0.90  
   -0.10  -0.99  0.01  
   -0.89  0.09  0.44  

2  701.43  -41.97  567.04  
   0.64  -0.77  0.08  
   0.76  0.64  0.06  
   -0.10  0.02  0.99  

4  1043.88  114.30  -70.54  
   0.60  0.75  0.29  
   -0.65  0.67  -0.37  
   -0.47  0.03  0.88  

6  1150.59  233.96  458.99  
   0.37  -0.87  -0.32  
   -0.00  0.34  -0.94  
   0.93  0.35  0.12  

7  1042.99  -191.54  -60.72  
   0.76  -0.52  0.39  
   0.32  0.82  0.47  
   -0.57  -0.23  0.79  

8  1022.00  -254.50  204.49  
   -0.08  -0.62  0.78  
   0.11  0.77  0.63  
   -0.99  0.14  0.00  

9  1169.34  -296.47  445.14  
   0.48  0.81  -0.34  
   0.04  0.36  0.93  
   0.87  -0.46  0.15  

5  1021.11  203.60  178.15  
   0.01  0.74  0.67  
   -0.20  0.66  -0.72  
   -0.98  -0.13  0.15  

2  701.43  -41.97  567.04  
   0.64  -0.77  0.08  
   0.76  0.64  0.06  
   -0.10  0.02  0.99  

3  1158.18  -26.79  25.00  
   -0.44  0.03  -0.90  
   -0.10  -0.99  0.01  
   -0.89  0.10  0.44  

4  1044.33  112.51  -71.44  
   0.60  0.74  0.28  
   -0.65  0.67  -0.37  
   -0.47  0.04  0.88  

5  1018.43  206.28  171.90  
   0.05  0.75  0.66  
   -0.23  0.65  -0.72  
   -0.97  -0.12  0.21  

6  1141.66  239.32  455.86  
   0.33  -0.84  -0.44  
   0.01  0.46  -0.89  
   0.95  0.29  0.16  

7  1043.88  -191.54  -61.17  
   0.76  -0.52  0.39  
   0.31  0.82  0.48  
   -0.57  -0.24  0.79  

8  1012.63  -258.07  200.92  
   -0.04  -0.60  0.80  
   0.12  0.79  0.60  
   -0.99  0.12  0.04  

9  1159.52  -302.72  444.25  
   0.47  0.80  -0.37  
   0.03  0.40  0.92  
   0.88  -0.44  0.16  

2  701.43  -42.42  567.04  
   0.64  -0.76  0.08  
   0.76  0.64  0.06  
   -0.10  0.02  0.99  

4  1050.13  110.28  -73.67  
   0.63  0.73  0.26  
   -0.64  0.68  -0.36  
   -0.44  0.06  0.90  

3  1162.65  -27.68  26.34  
   -0.42  0.02  -0.91  
   -0.10  -0.99  0.02  
   -0.90  0.10  0.41  

5  1004.14  209.85  160.73  
   0.14  0.73  0.66  
   -0.26  0.67  -0.69  
   -0.96  -0.07  0.28  

6  1105.05  254.05  454.97  
   0.24  -0.86  -0.45  
   0.04  0.47  -0.88  
   0.97  0.20  0.15  

8  995.66  -261.19  190.20  
   0.05  -0.58  0.82  
   0.15  0.81  0.56  
   -0.99  0.10  0.13  

7  1047.90  -191.54  -62.95  
   0.78  -0.49  0.38  
   0.29  0.83  0.48  
   -0.55  -0.26  0.79  

9  1120.68  -321.02  443.36  
   0.39  0.84  -0.38  
   -0.01  0.42  0.91  
   0.92  -0.35  0.17  

3  1170.24  -28.57  28.13  
   -0.38  0.02  -0.93  
   -0.11  -0.99  0.03  
   -0.92  0.11  0.38  

2  701.43  -42.42  567.04  
   0.64  -0.77  0.08  
   0.76  0.64  0.06  
   -0.10  0.02  0.99  

4  1059.51  108.50  -76.80  
   0.66  0.72  0.22  
   -0.64  0.69  -0.33  
   -0.39  0.08  0.92  

5  990.75  214.31  144.21  
   0.26  0.73  0.63  
   -0.29  0.68  -0.67  
   -0.92  -0.01  0.39  

9  1069.78  -343.79  438.00  
   0.26  0.87  -0.42  
   -0.05  0.44  0.90  
   0.96  -0.21  0.16  

8  976.46  -269.68  169.66  
   0.19  -0.57  0.80  
   0.19  0.82  0.54  
   -0.96  0.05  0.26  

6  1059.06  263.87  448.72  
   0.12  -0.86  -0.50  
   0.05  0.51  -0.86  
   0.99  0.07  0.11  

7  1056.83  -191.54  -66.08  
   0.82  -0.46  0.34  
   0.28  0.84  0.46  
   -0.50  -0.28  0.82  

2  701.43  -42.42  567.04  
   0.64  -0.76  0.08  
   0.76  0.64  0.06  
   -0.10  0.02  0.99  

4  1071.56  106.26  -82.15  
   0.70  0.70  0.17  
   -0.64  0.71  -0.30  
   -0.33  0.10  0.94  

3  1179.61  -29.47  32.15  
   -0.32  0.01  -0.95  
   -0.11  -0.99  0.03  
   -0.94  0.11  0.32  

6  1013.97  275.48  432.20  
   -0.00  -0.81  -0.58  
   0.06  0.58  -0.81  
   1.00  -0.04  0.05  

5  976.46  221.46  119.21  
   0.38  0.72  0.58  
   -0.33  0.69  -0.64  
   -0.86  0.05  0.50  

7  1067.99  -188.42  -72.78  
   0.86  -0.42  0.28  
   0.27  0.86  0.43  
   -0.42  -0.30  0.86  

9  1016.64  -351.83  422.82  
   0.11  0.87  -0.48  
   -0.06  0.49  0.87  
   0.99  -0.07  0.10  

8  959.49  -274.59  143.32  
   0.34  -0.59  0.73  
   0.22  0.81  0.55  
   -0.91  -0.02  0.41  

3  1188.54  -29.02  37.50  
   -0.26  0.00  -0.96  
   -0.11  -0.99  0.03  
   -0.96  0.11  0.26  

4  1088.08  104.03  -87.06  
   0.72  0.69  0.10  
   -0.64  0.72  -0.27  
   -0.26  0.13  0.96  

2  701.43  -41.97  567.04  
   0.64  -0.77  0.08  
   0.76  0.64  0.06  
   -0.10  0.02  0.99  

5  971.10  225.03  92.87  
   0.50  0.70  0.51  
   -0.37  0.70  -0.61  
   -0.78  0.12  0.61  

9  964.41  -349.15  406.30  
   -0.06  0.82  -0.56  
   -0.05  0.56  0.83  
   1.00  0.08  0.00  

8  948.78  -275.48  117.43  
   0.48  -0.60  0.64  
   0.23  0.79  0.57  
   -0.84  -0.13  0.52  

6  970.21  294.68  405.85  
   -0.14  -0.79  -0.60  
   0.09  0.59  -0.80  
   0.99  -0.17  -0.01  

7  1081.39  -185.29  -78.13  
   0.90  -0.37  0.22  
   0.26  0.87  0.41  
   -0.34  -0.31  0.89  

2  701.43  -41.97  567.04  
   0.64  -0.77  0.08  
   0.76  0.64  0.06  
   -0.10  0.02  0.99  

4  1104.60  102.69  -90.19  
   0.74  0.67  0.04  
   -0.64  0.73  -0.24  
   -0.19  0.16  0.97  

3  1197.92  -29.02  41.08  
   -0.22  -0.00  -0.98  
   -0.10  -0.99  0.03  
   -0.97  0.11  0.22  

5  969.76  228.15  67.42  
   0.60  0.67  0.43  
   -0.39  0.72  -0.57  
   -0.70  0.17  0.70  

6  932.71  311.20  375.94  
   -0.27  -0.76  -0.59  
   0.14  0.57  -0.81  
   0.95  -0.30  -0.05  

8  943.42  -272.80  89.30  
   0.60  -0.58  0.56  
   0.23  0.79  0.57  
   -0.77  -0.21  0.61  

7  1096.12  -181.72  -84.39  
   0.93  -0.33  0.15  
   0.25  0.89  0.39  
   -0.26  -0.32  0.91  

9  920.20  -346.47  377.28  
   -0.22  0.77  -0.60  
   -0.05  0.60  0.80  
   0.97  0.20  -0.09  

2  701.43  -42.42  567.04  
   0.64  -0.76  0.08  
   0.76  0.64  0.06  
   -0.10  0.02  0.99  

3  1204.17  -28.57  43.76  
   -0.19  -0.01  -0.98  
   -0.10  -0.99  0.03  
   -0.98  0.10  0.19  

5  967.09  226.81  43.31  
   0.68  0.63  0.36  
   -0.40  0.74  -0.54  
   -0.61  0.22  0.76  

4  1116.66  100.46  -91.98  
   0.76  0.64  -0.03  
   -0.64  0.74  -0.22  
   -0.11  0.19  0.98  

6  892.08  317.90  343.35  
   -0.40  -0.69  -0.60  
   0.16  0.59  -0.79  
   0.90  -0.41  -0.12  

7  1104.60  -178.15  -88.40  
   0.95  -0.28  0.10  
   0.23  0.90  0.37  
   -0.19  -0.33  0.92  

9  880.47  -347.81  347.81  
   -0.35  0.72  -0.60  
   -0.07  0.62  0.78  
   0.93  0.31  -0.17  

8  938.06  -271.02  65.63  
   0.69  -0.54  0.48  
   0.23  0.80  0.56  
   -0.69  -0.27  0.67  

2  701.43  -42.42  567.04  
   0.64  -0.76  0.08  
   0.76  0.64  0.06  
   -0.10  0.02  0.99  

3  1206.85  -28.57  45.09  
   -0.17  -0.02  -0.99  
   -0.10  -0.99  0.03  
   -0.98  0.10  0.16  

4  1125.59  97.33  -94.65  
   0.78  0.62  -0.11  
   -0.62  0.76  -0.18  
   -0.03  0.21  0.98  

5  963.51  221.90  19.65  
   0.75  0.58  0.30  
   -0.40  0.78  -0.48  
   -0.52  0.24  0.82  

8  934.49  -269.68  44.65  
   0.77  -0.50  0.41  
   0.23  0.80  0.55  
   -0.60  -0.32  0.73  

7  1112.19  -175.91  -90.64  
   0.97  -0.25  0.04  
   0.22  0.91  0.36  
   -0.13  -0.34  0.93  

6  856.80  320.58  305.84  
   -0.50  -0.64  -0.58  
   0.18  0.58  -0.79  
   0.85  -0.50  -0.17  

9  842.07  -350.49  315.22  
   -0.49  0.65  -0.59  
   -0.09  0.63  0.77  
   0.87  0.43  -0.25  

3  1209.53  -29.47  49.56  
   -0.14  -0.02  -0.99  
   -0.11  -0.99  0.04  
   -0.98  0.11  0.14  

2  701.43  -42.42  567.04  
   0.64  -0.76  0.08  
   0.76  0.64  0.06  
   -0.10  0.02  0.99  

5  966.19  218.33  -1.79  
   0.80  0.55  0.24  
   -0.42  0.80  -0.43  
   -0.43  0.25  0.87  

4  1136.30  93.76  -95.55  
   0.78  0.59  -0.18  
   -0.62  0.77  -0.14  
   0.06  0.23  0.97  

6  831.35  328.61  266.10  
   -0.59  -0.56  -0.58  
   0.22  0.58  -0.79  
   0.77  -0.59  -0.22  

8  933.15  -266.10  25.90  
   0.83  -0.44  0.34  
   0.23  0.83  0.52  
   -0.50  -0.35  0.79  

7  1120.68  -175.02  -88.85  
   0.98  -0.21  -0.02  
   0.20  0.91  0.36  
   -0.06  -0.35  0.93  

9  806.35  -354.06  276.37  
   -0.61  0.58  -0.54  
   -0.12  0.60  0.79  
   0.79  0.54  -0.30  

2  701.43  -42.42  567.04  
   0.64  -0.76  0.08  
   0.76  0.64  0.06  
   -0.10  0.02  0.99  

6  808.58  336.65  227.26  
   -0.68  -0.44  -0.58  
   0.26  0.60  -0.76  
   0.68  -0.67  -0.29  

3  1212.21  -30.36  53.58  
   -0.11  -0.03  -0.99  
   -0.11  -0.99  0.05  
   -0.99  0.12  0.11  

4  1147.91  91.53  -93.76  
   0.77  0.58  -0.26  
   -0.63  0.77  -0.12  
   0.13  0.25  0.96  

5  972.00  217.44  -18.31  
   0.84  0.52  0.16  
   -0.42  0.81  -0.41  
   -0.34  0.28  0.90  

9  779.56  -362.10  233.51  
   -0.71  0.49  -0.51  
   -0.16  0.59  0.79  
   0.69  0.64  -0.34  

8  933.15  -264.32  3.57  
   0.88  -0.40  0.25  
   0.24  0.84  0.48  
   -0.41  -0.36  0.84  

7  1128.27  -174.58  -87.96  
   0.98  -0.17  -0.08  
   0.18  0.91  0.36  
   0.01  -0.37  0.93  

2  701.43  -41.97  567.04  
   0.64  -0.77  0.08  
   0.76  0.64  0.06  
   -0.10  0.02  0.99  

3  1212.21  -30.36  58.04  
   -0.10  -0.04  -0.99  
   -0.11  -0.99  0.05  
   -0.99  0.12  0.09  

4  1152.82  92.42  -91.08  
   0.76  0.57  -0.31  
   -0.62  0.78  -0.10  
   0.18  0.27  0.94  

5  972.44  212.97  -27.68  
   0.87  0.48  0.11  
   -0.41  0.83  -0.39  
   -0.28  0.29  0.91  

6  789.38  337.10  197.79  
   -0.75  -0.36  -0.56  
   0.27  0.60  -0.75  
   0.61  -0.71  -0.35  

8  932.71  -261.19  -6.25  
   0.90  -0.36  0.22  
   0.23  0.86  0.46  
   -0.36  -0.36  0.86  

7  1131.84  -171.90  -85.72  
   0.98  -0.14  -0.11  
   0.17  0.91  0.36  
   0.05  -0.38  0.92  

9  764.83  -359.87  210.74  
   -0.75  0.45  -0.48  
   -0.17  0.57  0.80  
   0.63  0.69  -0.36  

2  701.43  -42.42  567.04  
   0.64  -0.76  0.08  
   0.76  0.64  0.06  
   -0.10  0.02  0.99  

3  1212.21  -29.91  59.83  
   -0.09  -0.04  -1.00  
   -0.11  -0.99  0.05  
   -0.99  0.12  0.08  

5  972.44  211.63  -35.27  
   0.88  0.46  0.09  
   -0.40  0.84  -0.37  
   -0.24  0.29  0.93  

7  1134.07  -169.66  -84.39  
   0.98  -0.13  -0.13  
   0.17  0.92  0.36  
   0.07  -0.38  0.92  

6  777.78  341.11  173.68  
   -0.78  -0.29  -0.55  
   0.29  0.61  -0.74  
   0.55  -0.74  -0.39  

4  1155.50  91.98  -89.74  
   0.76  0.55  -0.34  
   -0.61  0.78  -0.09  
   0.22  0.28  0.93  

8  932.26  -257.18  -12.95  
   0.92  -0.34  0.20  
   0.23  0.87  0.43  
   -0.32  -0.35  0.88  

9  755.45  -361.21  191.99  
   -0.79  0.42  -0.45  
   -0.18  0.55  0.82  
   0.59  0.72  -0.35  

2  701.43  -42.42  566.59  
   0.64  -0.76  0.08  
   0.76  0.64  0.06  
   -0.10  0.02  0.99  

5  973.78  213.42  -37.50  
   0.88  0.46  0.07  
   -0.41  0.84  -0.36  
   -0.23  0.29  0.93  

4  1156.84  91.98  -88.40  
   0.75  0.55  -0.36  
   -0.62  0.78  -0.08  
   0.23  0.28  0.93  

3  1211.76  -29.47  61.17  
   -0.08  -0.05  -1.00  
   -0.11  -0.99  0.06  
   -0.99  0.12  0.07  

6  778.22  345.58  168.32  
   -0.79  -0.25  -0.56  
   0.31  0.62  -0.72  
   0.53  -0.74  -0.42  

8  932.26  -255.84  -17.86  
   0.92  -0.33  0.19  
   0.23  0.88  0.41  
   -0.30  -0.34  0.89  

9  752.77  -364.33  180.83  
   -0.80  0.40  -0.45  
   -0.20  0.53  0.82  
   0.57  0.75  -0.35  

7  1134.07  -168.32  -85.28  
   0.98  -0.12  -0.14  
   0.16  0.92  0.36  
   0.09  -0.38  0.92  

2  701.43  -42.42  566.59  
   0.64  -0.76  0.08  
   0.76  0.64  0.06  
   -0.10  0.02  0.99  

4  1157.29  91.98  -88.40  
   0.75  0.55  -0.36  
   -0.62  0.78  -0.08  
   0.23  0.28  0.93  

3  1211.76  -29.02  62.06  
   -0.08  -0.05  -1.00  
   -0.11  -0.99  0.06  
   -0.99  0.11  0.07  

5  974.23  213.42  -36.61  
   0.88  0.47  0.07  
   -0.41  0.83  -0.37  
   -0.23  0.29  0.93  

6  779.12  344.69  170.11  
   -0.79  -0.24  -0.56  
   0.31  0.64  -0.71  
   0.52  -0.73  -0.43  

7  1134.07  -168.32  -85.28  
   0.98  -0.11  -0.14  
   0.16  0.92  0.36  
   0.09  -0.37  0.92  

8  931.37  -254.94  -17.41  
   0.92  -0.33  0.19  
   0.23  0.88  0.41  
   -0.30  -0.33  0.89  

9  752.33  -362.99  181.72  
   -0.80  0.40  -0.45  
   -0.20  0.53  0.83  
   0.57  0.75  -0.34  

2  701.43  -42.42  566.59  
   0.64  -0.77  0.08  
   0.76  0.64  0.06  
   -0.10  0.02  0.99  

3  1212.21  -29.47  62.06  
   -0.07  -0.05  -1.00  
   -0.11  -0.99  0.06  
   -0.99  0.11  0.07  

5  975.57  213.42  -36.17  
   0.88  0.47  0.07  
   -0.41  0.83  -0.37  
   -0.23  0.30  0.93  

4  1157.29  91.98  -89.30  
   0.75  0.56  -0.36  
   -0.62  0.78  -0.08  
   0.23  0.28  0.93  

6  781.35  345.13  171.00  
   -0.79  -0.23  -0.57  
   0.32  0.64  -0.70  
   0.52  -0.73  -0.44  

7  1134.07  -168.32  -85.28  
   0.98  -0.11  -0.14  
   0.16  0.92  0.36  
   0.09  -0.37  0.92  

8  931.81  -254.94  -16.52  
   0.92  -0.33  0.19  
   0.23  0.88  0.41  
   -0.31  -0.33  0.89  

9  754.56  -364.33  184.40  
   -0.80  0.40  -0.45  
   -0.20  0.53  0.82  
   0.57  0.75  -0.34  

2  701.43  -42.42  567.04  
   0.64  -0.76  0.08  
   0.76  0.64  0.06  
   -0.10  0.02  0.99  

3  1212.65  -29.47  63.40  
   -0.07  -0.05  -1.00  
   -0.11  -0.99  0.06  
   -0.99  0.11  0.07  

4  1157.73  91.08  -88.40  
   0.75  0.56  -0.36  
   -0.62  0.78  -0.08  
   0.23  0.28  0.93  

5  976.46  213.87  -35.72  
   0.88  0.47  0.07  
   -0.41  0.83  -0.37  
   -0.23  0.30  0.92  

6  781.79  344.24  171.90  
   -0.79  -0.22  -0.57  
   0.31  0.65  -0.69  
   0.52  -0.73  -0.45  

7  1134.52  -168.32  -85.28  
   0.98  -0.11  -0.13  
   0.15  0.92  0.36  
   0.08  -0.37  0.92  

8  933.15  -255.39  -15.63  
   0.92  -0.33  0.20  
   0.23  0.88  0.41  
   -0.31  -0.34  0.89  

9  755.90  -363.44  185.29  
   -0.80  0.40  -0.45  
   -0.20  0.53  0.82  
   0.57  0.75  -0.34  

2  701.43  -41.97  567.04  
   0.64  -0.76  0.08  
   0.76  0.64  0.06  
   -0.10  0.02  0.99  

4  1158.18  92.42  -87.06  
   0.75  0.56  -0.34  
   -0.62  0.78  -0.09  
   0.22  0.28  0.93  

3  1213.54  -29.02  63.85  
   -0.07  -0.05  -1.00  
   -0.11  -0.99  0.06  
   -0.99  0.12  0.06  

6  795.64  343.35  195.11  
   -0.76  -0.28  -0.59  
   0.30  0.65  -0.70  
   0.57  -0.71  -0.41  

5  979.14  217.44  -27.24  
   0.87  0.49  0.08  
   -0.42  0.81  -0.40  
   -0.26  0.32  0.91  

7  1134.52  -169.66  -84.39  
   0.98  -0.13  -0.12  
   0.16  0.92  0.35  
   0.06  -0.37  0.93  

8  935.38  -258.07  -3.13  
   0.91  -0.36  0.23  
   0.23  0.87  0.44  
   -0.35  -0.34  0.87  

9  770.63  -363.44  209.85  
   -0.76  0.45  -0.47  
   -0.19  0.54  0.82  
   0.63  0.71  -0.32  

4  1154.16  92.42  -87.06  
   0.76  0.59  -0.26  
   -0.63  0.76  -0.14  
   0.12  0.27  0.95  

2  701.43  -42.42  567.04  
   0.64  -0.76  0.08  
   0.76  0.64  0.06  
   -0.10  0.02  0.99  

3  1213.99  -29.02  64.74  
   -0.07  -0.05  -1.00  
   -0.11  -0.99  0.06  
   -0.99  0.12  0.06  

5  981.37  222.35  -6.25  
   0.82  0.54  0.16  
   -0.43  0.79  -0.44  
   -0.36  0.30  0.88  

6  834.48  343.79  246.46  
   -0.64  -0.51  -0.57  
   0.27  0.56  -0.79  
   0.72  -0.66  -0.22  

8  934.94  -254.50  29.02  
   0.85  -0.40  0.35  
   0.20  0.86  0.47  
   -0.49  -0.33  0.81  

7  1130.50  -173.24  -83.05  
   0.98  -0.17  -0.06  
   0.18  0.92  0.35  
   -0.00  -0.35  0.94  

9  810.37  -349.60  274.14  
   -0.59  0.66  -0.46  
   -0.13  0.49  0.86  
   0.79  0.57  -0.20  

3  1213.54  -31.70  63.40  
   -0.08  -0.05  -1.00  
   -0.12  -0.99  0.06  
   -0.99  0.13  0.07  

2  701.43  -42.42  567.04  
   0.64  -0.76  0.08  
   0.76  0.64  0.06  
   -0.10  0.02  0.99  

4  1145.23  92.87  -90.19  
   0.75  0.63  -0.17  
   -0.66  0.73  -0.19  
   -0.00  0.25  0.97  

5  987.18  227.26  23.66  
   0.74  0.62  0.26  
   -0.45  0.74  -0.50  
   -0.51  0.25  0.83  

6  894.75  335.31  307.18  
   -0.47  -0.65  -0.60  
   0.22  0.56  -0.80  
   0.86  -0.50  -0.12  

8  940.30  -258.07  66.08  
   0.74  -0.46  0.49  
   0.18  0.84  0.51  
   -0.65  -0.29  0.70  

9  871.98  -340.67  337.10  
   -0.36  0.82  -0.44  
   -0.08  0.44  0.90  
   0.93  0.36  -0.09  

7  1121.57  -179.49  -82.60  
   0.98  -0.21  0.02  
   0.19  0.92  0.35  
   -0.09  -0.33  0.94  

2  701.43  -42.42  567.04  
   0.64  -0.76  0.08  
   0.76  0.64  0.06  
   -0.10  0.02  0.99  

3  1209.97  -35.72  57.15  
   -0.12  -0.04  -0.99  
   -0.13  -0.99  0.06  
   -0.98  0.14  0.11  

5  995.66  228.15  56.70  
   0.61  0.70  0.37  
   -0.45  0.69  -0.56  
   -0.65  0.18  0.74  

6  960.39  325.04  356.74  
   -0.27  -0.77  -0.58  
   0.18  0.56  -0.81  
   0.95  -0.32  -0.01  

4  1133.18  91.98  -92.42  
   0.73  0.68  -0.08  
   -0.67  0.70  -0.24  
   -0.11  0.23  0.97  

7  1113.98  -183.95  -82.15  
   0.95  -0.29  0.08  
   0.24  0.90  0.35  
   -0.17  -0.32  0.93  

8  955.48  -270.57  96.89  
   0.62  -0.55  0.56  
   0.21  0.80  0.57  
   -0.76  -0.24  0.61  

9  930.47  -350.94  376.39  
   -0.20  0.86  -0.46  
   -0.07  0.46  0.89  
   0.98  0.21  -0.03  

2  701.43  -42.42  567.04  
   0.64  -0.76  0.08  
   0.76  0.64  0.06  
   -0.10  0.02  0.99  

3  1204.17  -36.61  49.56  
   -0.17  -0.03  -0.99  
   -0.14  -0.99  0.05  
   -0.98  0.14  0.16  

4  1116.66  90.64  -94.21  
   0.70  0.71  0.01  
   -0.69  0.68  -0.26  
   -0.19  0.17  0.97  

5  1004.59  225.47  84.83  
   0.48  0.74  0.47  
   -0.44  0.66  -0.60  
   -0.76  0.08  0.64  

6  1017.98  312.99  387.10  
   -0.09  -0.84  -0.53  
   0.15  0.52  -0.84  
   0.98  -0.15  0.09  

9  997.00  -346.03  410.77  
   -0.01  0.89  -0.45  
   -0.04  0.45  0.89  
   1.00  0.03  0.04  

8  972.44  -273.69  129.93  
   0.46  -0.61  0.64  
   0.19  0.77  0.60  
   -0.87  -0.15  0.47  

7  1101.92  -190.20  -80.37  
   0.92  -0.35  0.16  
   0.28  0.89  0.37  
   -0.27  -0.30  0.91  

2  701.43  -42.42  567.04  
   0.64  -0.77  0.08  
   0.76  0.64  0.06  
   -0.10  0.02  0.99  

6  1083.62  297.36  408.53  
   0.13  -0.89  -0.43  
   0.14  0.45  -0.88  
   0.98  0.05  0.18  

3  1196.58  -35.27  41.97  
   -0.23  -0.01  -0.97  
   -0.15  -0.99  0.04  
   -0.96  0.15  0.22  

5  1013.52  214.31  113.41  
   0.30  0.73  0.62  
   -0.40  0.69  -0.61  
   -0.87  -0.06  0.50  

4  1096.57  90.19  -94.65  
   0.68  0.72  0.09  
   -0.69  0.68  -0.25  
   -0.24  0.11  0.96  

7  1087.19  -194.22  -74.12  
   0.88  -0.41  0.23  
   0.30  0.87  0.40  
   -0.36  -0.28  0.89  

9  1065.76  -334.42  436.22  
   0.15  0.88  -0.46  
   -0.02  0.47  0.88  
   0.99  -0.13  0.09  

8  994.77  -270.57  161.63  
   0.30  -0.64  0.71  
   0.17  0.77  0.62  
   -0.94  -0.06  0.33  

2  701.43  -42.42  567.04  
   0.64  -0.76  0.08  
   0.76  0.64  0.06  
   -0.10  0.02  0.99  

3  1188.09  -33.04  35.72  
   -0.29  0.01  -0.96  
   -0.15  -0.99  0.03  
   -0.95  0.15  0.29  

4  1078.26  91.53  -92.42  
   0.65  0.74  0.17  
   -0.69  0.67  -0.26  
   -0.31  0.05  0.95  

5  1028.25  210.74  136.18  
   0.13  0.71  0.69  
   -0.34  0.69  -0.64  
   -0.93  -0.15  0.34  

6  1143.00  282.62  413.00  
   0.31  -0.87  -0.38  
   0.10  0.43  -0.90  
   0.94  0.24  0.22  

7  1072.46  -196.01  -69.21  
   0.84  -0.45  0.29  
   0.31  0.85  0.43  
   -0.44  -0.27  0.86  

9  1141.21  -329.51  441.13  
   0.34  0.83  -0.44  
   -0.01  0.47  0.88  
   0.94  -0.30  0.17  

8  1020.66  -270.57  187.52  
   0.09  -0.63  0.77  
   0.16  0.77  0.61  
   -0.98  0.07  0.17  

2  701.43  -41.97  567.04  
   0.64  -0.77  0.08  
   0.76  0.64  0.06  
   -0.10  0.02  0.99  

4  1063.53  95.99  -86.17  
   0.64  0.73  0.22  
   -0.68  0.68  -0.28  
   -0.35  0.03  0.94  

3  1179.17  -32.59  30.36  
   -0.35  0.03  -0.94  
   -0.15  -0.99  0.03  
   -0.93  0.15  0.35  

5  1037.18  205.83  154.93  
   0.01  0.71  0.70  
   -0.29  0.68  -0.68  
   -0.96  -0.19  0.21  

6  1178.72  262.98  423.27  
   0.41  -0.85  -0.34  
   0.06  0.39  -0.92  
   0.91  0.36  0.21  

7  1068.88  -199.58  -58.49  
   0.79  -0.52  0.31  
   0.33  0.80  0.50  
   -0.51  -0.29  0.81  

8  1052.36  -260.75  207.62  
   -0.07  -0.66  0.75  
   0.11  0.74  0.66  
   -0.99  0.13  0.02  

9  1200.15  -301.82  442.91  
   0.46  0.75  -0.48  
   0.04  0.52  0.85  
   0.89  -0.41  0.21  

4  1055.04  102.24  -79.92  
   0.64  0.72  0.26  
   -0.66  0.69  -0.30  
   -0.39  0.02  0.92  

5  1037.63  199.13  169.66  
   -0.04  0.72  0.69  
   -0.22  0.67  -0.71  
   -0.97  -0.18  0.13  

6  1186.31  238.87  434.88  
   0.44  -0.84  -0.33  
   -0.00  0.36  -0.93  
   0.90  0.41  0.16  

2  701.43  -42.42  567.04  
   0.64  -0.76  0.08  
   0.76  0.64  0.06  
   -0.10  0.02  0.99  

3  1172.47  -29.91  29.02  
   -0.40  0.04  -0.92  
   -0.13  -0.99  0.01  
   -0.91  0.13  0.40  

7  1062.19  -197.79  -60.72  
   0.78  -0.53  0.34  
   0.34  0.81  0.48  
   -0.53  -0.26  0.81  

8  1054.15  -258.51  208.95  
   -0.12  -0.64  0.76  
   0.10  0.75  0.65  
   -0.99  0.15  -0.03  

9  1205.51  -298.70  443.36  
   0.46  0.76  -0.47  
   0.03  0.51  0.86  
   0.89  -0.41  0.21  

3  1170.24  -29.02  28.13  
   -0.41  0.04  -0.91  
   -0.12  -0.99  0.01  
   -0.90  0.12  0.41  

2  701.43  -42.42  567.04  
   0.64  -0.77  0.08  
   0.76  0.64  0.06  
   -0.10  0.02  0.99  

4  1052.36  104.48  -78.13  
   0.64  0.72  0.26  
   -0.66  0.69  -0.30  
   -0.40  0.02  0.92  

5  1036.29  200.03  172.34  
   -0.05  0.73  0.69  
   -0.21  0.66  -0.72  
   -0.98  -0.18  0.12  

7  1057.27  -196.45  -62.06  
   0.78  -0.52  0.34  
   0.34  0.82  0.47  
   -0.52  -0.25  0.81  

8  1048.35  -254.50  208.51  
   -0.13  -0.63  0.76  
   0.09  0.76  0.64  
   -0.99  0.15  -0.04  

6  1183.63  239.76  437.55  
   0.43  -0.84  -0.32  
   0.00  0.36  -0.93  
   0.90  0.40  0.16  

9  1195.69  -298.25  443.81  
   0.45  0.78  -0.43  
   0.02  0.47  0.88  
   0.89  -0.40  0.20  

2  701.43  -42.42  567.04  
   0.64  -0.76  0.08  
   0.76  0.64  0.06  
   -0.10  0.02  0.99  

3  1168.45  -28.57  28.13  
   -0.41  0.04  -0.91  
   -0.12  -0.99  0.01  
   -0.90  0.12  0.41  

4  1050.13  105.37  -77.69  
   0.64  0.72  0.27  
   -0.66  0.69  -0.30  
   -0.40  0.02  0.92  

5  1036.29  200.47  173.24  
   -0.07  0.72  0.69  
   -0.21  0.66  -0.72  
   -0.98  -0.19  0.11  

6  1183.63  241.99  437.11  
   0.43  -0.84  -0.33  
   0.01  0.37  -0.93  
   0.90  0.40  0.17  

9  1196.58  -298.25  443.36  
   0.45  0.78  -0.44  
   0.02  0.48  0.88  
   0.89  -0.40  0.20  

8  1049.24  -254.94  208.51  
   -0.14  -0.64  0.76  
   0.09  0.75  0.65  
   -0.99  0.16  -0.04  

7  1056.38  -196.01  -61.17  
   0.78  -0.52  0.35  
   0.34  0.82  0.47  
   -0.53  -0.25  0.81  

5  1036.29  200.47  172.79  
   -0.07  0.72  0.69  
   -0.21  0.66  -0.72  
   -0.98  -0.19  0.11  

2  701.43  -42.42  567.04  
   0.64  -0.76  0.08  
   0.76  0.64  0.06  
   -0.10  0.02  0.99  

3  1168.45  -28.57  27.68  
   -0.41  0.04  -0.91  
   -0.12  -0.99  0.01  
   -0.90  0.11  0.41  

4  1049.68  105.37  -77.69  
   0.64  0.72  0.27  
   -0.65  0.69  -0.30  
   -0.40  0.02  0.91  

6  1183.63  242.44  436.66  
   0.43  -0.84  -0.33  
   0.01  0.37  -0.93  
   0.90  0.40  0.17  

9  1196.58  -298.25  443.36  
   0.45  0.78  -0.44  
   0.02  0.48  0.88  
   0.89  -0.40  0.20  

8  1048.35  -254.94  208.06  
   -0.14  -0.64  0.76  
   0.10  0.75  0.65  
   -0.99  0.16  -0.04  

7  1055.94  -195.56  -62.06  
   0.78  -0.52  0.35  
   0.34  0.82  0.47  
   -0.53  -0.25  0.81  

2  701.43  -42.42  567.04  
   0.64  -0.76  0.08  
   0.76  0.64  0.06  
   -0.10  0.02  0.99  

3  1168.00  -28.57  27.24  
   -0.41  0.04  -0.91  
   -0.12  -0.99  0.01  
   -0.90  0.11  0.41  

4  1049.24  104.92  -77.69  
   0.64  0.72  0.27  
   -0.65  0.69  -0.30  
   -0.40  0.02  0.91  

6  1180.95  244.67  435.77  
   0.43  -0.83  -0.36  
   0.02  0.40  -0.92  
   0.90  0.39  0.18  

5  1032.72  201.36  170.11  
   -0.05  0.71  0.71  
   -0.23  0.68  -0.70  
   -0.97  -0.19  0.13  

7  1056.38  -195.56  -61.17  
   0.78  -0.52  0.35  
   0.33  0.81  0.48  
   -0.53  -0.26  0.81  

8  1044.77  -258.07  204.04  
   -0.09  -0.64  0.76  
   0.10  0.75  0.65  
   -0.99  0.14  -0.00  

9  1197.02  -298.70  442.47  
   0.45  0.77  -0.45  
   0.02  0.49  0.87  
   0.89  -0.40  0.21  

2  701.43  -42.42  567.04  
   0.64  -0.77  0.08  
   0.76  0.64  0.06  
   -0.10  0.02  0.99  

3  1168.45  -28.13  28.13  
   -0.41  0.04  -0.91  
   -0.12  -0.99  0.01  
   -0.90  0.11  0.41  

4  1049.68  104.92  -77.69  
   0.65  0.71  0.27  
   -0.64  0.70  -0.31  
   -0.41  0.03  0.91  

5  1022.45  202.70  165.65  
   0.02  0.69  0.72  
   -0.24  0.70  -0.67  
   -0.97  -0.16  0.19  

6  1157.29  250.92  442.02  
   0.38  -0.85  -0.36  
   0.04  0.41  -0.91  
   0.93  0.33  0.18  

8  1033.61  -264.32  198.24  
   -0.04  -0.65  0.76  
   0.13  0.75  0.65  
   -0.99  0.13  0.06  

9  1179.17  -303.61  445.14  
   0.42  0.74  -0.52  
   0.03  0.56  0.83  
   0.91  -0.36  0.22  

7  1057.27  -194.22  -60.72  
   0.78  -0.52  0.35  
   0.33  0.81  0.49  
   -0.54  -0.27  0.80  

2  701.43  -42.42  567.04  
   0.64  -0.77  0.08  
   0.76  0.64  0.06  
   -0.10  0.02  0.99  

4  1053.70  105.37  -78.13  
   0.67  0.70  0.26  
   -0.63  0.71  -0.32  
   -0.40  0.05  0.91  

3  1171.58  -27.24  28.57  
   -0.39  0.04  -0.92  
   -0.12  -0.99  0.01  
   -0.91  0.12  0.40  

6  1108.62  267.00  446.48  
   0.27  -0.90  -0.34  
   0.08  0.38  -0.92  
   0.96  0.22  0.18  

5  1005.04  204.04  155.82  
   0.13  0.67  0.73  
   -0.26  0.74  -0.62  
   -0.96  -0.11  0.27  

8  1012.18  -266.55  188.42  
   0.08  -0.63  0.77  
   0.16  0.77  0.61  
   -0.98  0.07  0.17  

9  1128.27  -321.47  447.38  
   0.30  0.79  -0.53  
   -0.02  0.56  0.83  
   0.95  -0.24  0.18  

7  1060.85  -192.43  -62.51  
   0.80  -0.50  0.34  
   0.31  0.82  0.48  
   -0.52  -0.28  0.81  

2  701.43  -42.42  567.04  
   0.64  -0.76  0.08  
   0.76  0.64  0.06  
   -0.10  0.02  0.99  

6  1045.67  282.62  438.45  
   0.11  -0.91  -0.40  
   0.12  0.41  -0.91  
   0.99  0.05  0.15  

5  983.16  210.29  136.62  
   0.28  0.66  0.69  
   -0.29  0.75  -0.60  
   -0.91  -0.04  0.40  

4  1061.29  104.48  -80.37  
   0.70  0.68  0.23  
   -0.62  0.73  -0.29  
   -0.36  0.06  0.93  

3  1177.38  -26.79  29.47  
   -0.37  0.04  -0.93  
   -0.12  -0.99  0.01  
   -0.92  0.11  0.37  

7  1066.20  -190.65  -68.76  
   0.83  -0.45  0.33  
   0.29  0.85  0.44  
   -0.48  -0.27  0.84  

8  983.16  -269.23  166.09  
   0.24  -0.60  0.76  
   0.19  0.80  0.57  
   -0.95  0.01  0.30  

9  1058.17  -344.24  439.34  
   0.15  0.84  -0.52  
   -0.06  0.53  0.84  
   0.99  -0.10  0.14  

2  701.43  -42.42  567.04  
   0.64  -0.76  0.08  
   0.76  0.64  0.06  
   -0.10  0.02  0.99  

3  1184.97  -26.34  32.15  
   -0.33  0.03  -0.94  
   -0.12  -0.99  0.01  
   -0.94  0.11  0.33  

4  1071.12  100.46  -85.28  
   0.74  0.65  0.19  
   -0.60  0.76  -0.24  
   -0.30  0.06  0.95  

5  963.51  211.63  108.05  
   0.43  0.64  0.64  
   -0.32  0.77  -0.55  
   -0.84  0.03  0.54  

9  976.46  -352.72  418.36  
   -0.05  0.85  -0.53  
   -0.09  0.52  0.85  
   0.99  0.09  0.05  

6  979.14  297.81  413.89  
   -0.07  -0.87  -0.49  
   0.15  0.48  -0.86  
   0.99  -0.14  0.10  

8  955.48  -268.34  133.95  
   0.42  -0.58  0.70  
   0.20  0.81  0.55  
   -0.88  -0.09  0.46  

7  1075.58  -187.08  -74.12  
   0.88  -0.39  0.27  
   0.25  0.87  0.41  
   -0.40  -0.29  0.87  

2  701.43  -42.42  567.04  
   0.64  -0.76  0.08  
   0.76  0.64  0.06  
   -0.10  0.02  0.99  

4  1081.39  94.65  -91.08  
   0.78  0.60  0.14  
   -0.58  0.79  -0.19  
   -0.22  0.07  0.97  

3  1192.11  -28.13  33.04  
   -0.30  0.02  -0.95  
   -0.12  -0.99  0.01  
   -0.95  0.12  0.30  

6  918.86  310.31  377.73  
   -0.24  -0.81  -0.54  
   0.19  0.50  -0.84  
   0.95  -0.30  0.03  

5  947.89  209.85  72.33  
   0.57  0.59  0.57  
   -0.35  0.80  -0.48  
   -0.74  0.08  0.67  

8  937.17  -268.34  99.12  
   0.57  -0.53  0.63  
   0.20  0.83  0.51  
   -0.80  -0.17  0.58  

7  1081.39  -183.51  -81.71  
   0.92  -0.31  0.23  
   0.21  0.90  0.37  
   -0.32  -0.30  0.90  

9  913.51  -354.51  383.53  
   -0.22  0.81  -0.54  
   -0.10  0.53  0.84  
   0.97  0.24  -0.04  

2  701.43  -42.42  567.04  
   0.64  -0.76  0.08  
   0.76  0.64  0.06  
   -0.10  0.02  0.99  

5  944.76  209.40  29.91  
   0.70  0.55  0.47  
   -0.38  0.83  -0.41  
   -0.61  0.11  0.79  

4  1099.69  90.64  -100.91  
   0.81  0.58  0.04  
   -0.57  0.81  -0.15  
   -0.12  0.10  0.99  

3  1198.36  -29.02  35.27  
   -0.23  0.01  -0.97  
   -0.11  -0.99  0.02  
   -0.97  0.12  0.23  

6  867.52  322.81  322.36  
   -0.40  -0.72  -0.57  
   0.22  0.52  -0.82  
   0.89  -0.45  -0.05  

7  1092.10  -175.91  -91.08  
   0.96  -0.25  0.15  
   0.19  0.92  0.34  
   -0.22  -0.30  0.93  

9  860.38  -363.88  333.97  
   -0.38  0.73  -0.56  
   -0.13  0.56  0.82  
   0.91  0.39  -0.12  

8  926.90  -268.78  59.83  
   0.69  -0.50  0.52  
   0.24  0.84  0.49  
   -0.68  -0.22  0.70  

2  701.43  -42.42  567.04  
   0.64  -0.76  0.08  
   0.76  0.64  0.06  
   -0.10  0.02  0.99  

3  1203.72  -29.47  40.18  
   -0.18  -0.01  -0.98  
   -0.11  -0.99  0.03  
   -0.98  0.12  0.18  

4  1119.34  87.96  -104.03  
   0.81  0.58  -0.10  
   -0.58  0.80  -0.11  
   0.01  0.14  0.99  

6  830.01  337.99  263.43  
   -0.54  -0.62  -0.57  
   0.26  0.52  -0.81  
   0.80  -0.59  -0.12  

5  950.57  208.95  -6.70  
   0.79  0.51  0.33  
   -0.41  0.85  -0.34  
   -0.46  0.13  0.88  

7  1106.39  -171.90  -95.99  
   0.97  -0.21  0.06  
   0.18  0.93  0.33  
   -0.13  -0.31  0.94  

8  925.56  -265.21  26.79  
   0.79  -0.46  0.41  
   0.25  0.85  0.47  
   -0.56  -0.27  0.78  

9  818.85  -366.12  283.52  
   -0.54  0.63  -0.56  
   -0.16  0.58  0.80  
   0.83  0.52  -0.21  

2  701.43  -42.42  567.04  
   0.64  -0.76  0.08  
   0.76  0.64  0.06  
   -0.10  0.02  0.99  

3  1207.74  -29.02  47.33  
   -0.14  -0.03  -0.99  
   -0.11  -0.99  0.05  
   -0.98  0.12  0.14  

4  1136.75  87.06  -103.58  
   0.79  0.57  -0.21  
   -0.60  0.80  -0.07  
   0.13  0.18  0.97  

6  800.10  343.79  208.51  
   -0.66  -0.50  -0.56  
   0.29  0.52  -0.80  
   0.69  -0.69  -0.19  

8  924.22  -259.41  0.45  
   0.86  -0.40  0.32  
   0.24  0.87  0.42  
   -0.44  -0.29  0.85  

5  959.49  206.72  -33.49  
   0.85  0.48  0.23  
   -0.41  0.86  -0.28  
   -0.33  0.15  0.93  

7  1116.21  -168.32  -95.99  
   0.99  -0.17  -0.01  
   0.16  0.93  0.33  
   -0.04  -0.33  0.94  

9  779.56  -364.78  233.06  
   -0.67  0.53  -0.52  
   -0.18  0.56  0.81  
   0.72  0.64  -0.28  

2  701.43  -42.42  567.04  
   0.64  -0.76  0.08  
   0.76  0.64  0.06  
   -0.10  0.02  0.99  

3  1208.19  -29.91  49.56  
   -0.12  -0.04  -0.99  
   -0.11  -0.99  0.06  
   -0.99  0.12  0.12  

4  1143.00  85.72  -100.01  
   0.77  0.57  -0.27  
   -0.61  0.79  -0.06  
   0.18  0.21  0.96  

5  963.96  206.72  -41.08  
   0.86  0.48  0.17  
   -0.42  0.86  -0.27  
   -0.28  0.16  0.95  

6  790.72  354.96  176.81  
   -0.72  -0.41  -0.57  
   0.34  0.51  -0.79  
   0.61  -0.76  -0.22  

9  755.90  -380.85  181.72  
   -0.77  0.41  -0.49  
   -0.24  0.53  0.81  
   0.60  0.74  -0.31  

7  1121.57  -166.99  -94.21  
   0.99  -0.13  -0.07  
   0.15  0.93  0.34  
   0.02  -0.34  0.94  

8  926.01  -261.64  -20.09  
   0.90  -0.37  0.22  
   0.27  0.88  0.38  
   -0.33  -0.29  0.90  

2  701.43  -42.42  567.04  
   0.64  -0.76  0.08  
   0.76  0.64  0.06  
   -0.10  0.02  0.99  

3  1209.08  -31.25  54.92  
   -0.10  -0.05  -0.99  
   -0.11  -0.99  0.06  
   -0.99  0.12  0.10  

4  1148.36  84.83  -97.33  
   0.76  0.57  -0.30  
   -0.61  0.79  -0.05  
   0.21  0.22  0.95  

5  968.87  206.72  -43.76  
   0.87  0.47  0.14  
   -0.43  0.86  -0.28  
   -0.25  0.18  0.95  

6  785.81  358.08  163.41  
   -0.75  -0.35  -0.57  
   0.36  0.50  -0.79  
   0.56  -0.79  -0.25  

7  1123.80  -167.43  -92.42  
   0.99  -0.12  -0.09  
   0.15  0.93  0.34  
   0.04  -0.35  0.94  

8  927.35  -260.75  -20.54  
   0.91  -0.36  0.19  
   0.26  0.88  0.40  
   -0.32  -0.31  0.90  

9  752.77  -377.28  177.25  
   -0.79  0.38  -0.49  
   -0.24  0.55  0.80  
   0.57  0.75  -0.34  

2  701.43  -42.42  567.04  
   0.64  -0.76  0.08  
   0.76  0.64  0.06  
   -0.10  0.02  0.99  

3  1209.53  -31.70  56.70  
   -0.10  -0.06  -0.99  
   -0.12  -0.99  0.07  
   -0.99  0.12  0.09  

4  1150.59  84.39  -96.89  
   0.76  0.57  -0.31  
   -0.61  0.79  -0.04  
   0.22  0.22  0.95  

5  969.76  205.38  -45.09  
   0.88  0.46  0.13  
   -0.42  0.87  -0.27  
   -0.24  0.18  0.95  

8  926.46  -258.96  -19.65  
   0.92  -0.35  0.20  
   0.25  0.88  0.40  
   -0.31  -0.32  0.89  

6  785.81  354.96  161.18  
   -0.75  -0.33  -0.57  
   0.36  0.52  -0.77  
   0.55  -0.79  -0.28  

7  1125.14  -168.32  -91.53  
   0.99  -0.11  -0.09  
   0.14  0.93  0.35  
   0.05  -0.35  0.93  

9  750.54  -372.37  178.59  
   -0.79  0.38  -0.48  
   -0.23  0.54  0.81  
   0.57  0.75  -0.34  

2  701.43  -42.42  567.04  
   0.64  -0.76  0.08  
   0.76  0.64  0.06  
   -0.10  0.02  0.99  

4  1151.04  83.94  -96.44  
   0.76  0.57  -0.31  
   -0.61  0.79  -0.04  
   0.22  0.22  0.95  

3  1209.97  -32.15  58.49  
   -0.09  -0.06  -0.99  
   -0.12  -0.99  0.07  
   -0.99  0.12  0.08  

5  971.10  206.28  -44.65  
   0.87  0.47  0.13  
   -0.42  0.86  -0.28  
   -0.24  0.19  0.95  

6  787.15  355.85  162.52  
   -0.75  -0.32  -0.57  
   0.36  0.53  -0.77  
   0.55  -0.79  -0.28  

7  1125.59  -168.77  -90.64  
   0.99  -0.11  -0.09  
   0.14  0.93  0.35  
   0.05  -0.36  0.93  

8  929.58  -262.09  -17.86  
   0.91  -0.36  0.19  
   0.26  0.88  0.41  
   -0.32  -0.32  0.89  

9  756.79  -378.62  179.93  
   -0.78  0.38  -0.50  
   -0.24  0.55  0.80  
   0.57  0.75  -0.34  

4  1152.38  85.28  -95.99  
   0.76  0.57  -0.31  
   -0.61  0.79  -0.05  
   0.22  0.22  0.95  

2  701.43  -41.97  567.04  
   0.64  -0.76  0.08  
   0.76  0.64  0.06  
   -0.10  0.02  0.99  

3  1211.31  -31.70  58.94  
   -0.09  -0.06  -0.99  
   -0.12  -0.99  0.07  
   -0.99  0.12  0.08  

5  972.00  206.28  -41.97  
   0.87  0.47  0.13  
   -0.42  0.86  -0.29  
   -0.25  0.20  0.95  

6  790.28  353.62  170.11  
   -0.75  -0.33  -0.57  
   0.35  0.54  -0.76  
   0.56  -0.77  -0.29  

9  763.93  -377.73  189.31  
   -0.77  0.39  -0.50  
   -0.24  0.56  0.80  
   0.59  0.73  -0.34  

8  932.71  -262.53  -14.29  
   0.91  -0.37  0.20  
   0.26  0.87  0.42  
   -0.33  -0.33  0.88  

7  1127.37  -167.88  -90.19  
   0.99  -0.12  -0.09  
   0.15  0.93  0.34  
   0.04  -0.35  0.93  

2  701.43  -42.42  567.04  
   0.64  -0.76  0.08  
   0.76  0.64  0.06  
   -0.10  0.02  0.99  

4  1149.70  85.28  -93.32  
   0.77  0.58  -0.27  
   -0.61  0.79  -0.07  
   0.17  0.22  0.96  

3  1212.21  -31.70  60.28  
   -0.08  -0.06  -0.99  
   -0.12  -0.99  0.07  
   -0.99  0.13  0.07  

7  1125.59  -170.11  -87.96  
   0.99  -0.15  -0.06  
   0.16  0.93  0.33  
   0.00  -0.34  0.94  

6  810.82  353.17  205.83  
   -0.69  -0.41  -0.60  
   0.33  0.55  -0.76  
   0.65  -0.72  -0.24  

5  973.34  212.53  -26.34  
   0.85  0.50  0.17  
   -0.43  0.84  -0.34  
   -0.31  0.22  0.92  

8  933.60  -267.00  4.02  
   0.87  -0.41  0.26  
   0.26  0.85  0.46  
   -0.41  -0.33  0.85  

9  787.60  -373.71  230.39  
   -0.69  0.48  -0.53  
   -0.21  0.58  0.79  
   0.69  0.66  -0.30  

2  701.43  -42.42  567.04  
   0.64  -0.76  0.08  
   0.76  0.64  0.06  
   -0.10  0.02  0.99  

5  975.12  217.44  -0.45  
   0.80  0.55  0.25  
   -0.43  0.81  -0.40  
   -0.42  0.21  0.88  

6  851.00  346.47  261.64  
   -0.56  -0.56  -0.60  
   0.29  0.55  -0.78  
   0.78  -0.61  -0.15  

4  1142.11  86.17  -94.21  
   0.78  0.60  -0.18  
   -0.63  0.77  -0.13  
   0.06  0.22  0.97  

3  1211.76  -31.70  60.72  
   -0.08  -0.05  -0.99  
   -0.12  -0.99  0.06  
   -0.99  0.13  0.08  

7  1120.68  -174.58  -87.96  
   0.98  -0.20  0.01  
   0.19  0.93  0.32  
   -0.07  -0.31  0.95  

8  938.51  -270.57  38.40  
   0.80  -0.48  0.37  
   0.25  0.82  0.52  
   -0.55  -0.32  0.77  

9  837.60  -363.44  293.79  
   -0.53  0.62  -0.58  
   -0.15  0.61  0.78  
   0.83  0.50  -0.23  

2  701.43  -42.42  567.04  
   0.64  -0.76  0.08  
   0.76  0.64  0.06  
   -0.10  0.02  0.99  

3  1211.76  -33.04  57.60  
   -0.10  -0.04  -0.99  
   -0.13  -0.99  0.05  
   -0.99  0.14  0.10  

4  1134.07  87.96  -95.55  
   0.77  0.64  -0.09  
   -0.64  0.74  -0.19  
   -0.05  0.20  0.98  

6  911.72  339.77  315.66  
   -0.39  -0.68  -0.62  
   0.26  0.56  -0.79  
   0.88  -0.47  -0.05  

5  982.71  221.90  31.25  
   0.70  0.62  0.35  
   -0.44  0.76  -0.47  
   -0.56  0.17  0.81  

7  1116.66  -179.04  -85.72  
   0.96  -0.27  0.06  
   0.23  0.92  0.32  
   -0.14  -0.30  0.94  

8  954.14  -276.82  75.90  
   0.68  -0.57  0.46  
   0.24  0.77  0.59  
   -0.69  -0.29  0.66  

9  905.47  -359.42  350.94  
   -0.33  0.73  -0.59  
   -0.09  0.60  0.79  
   0.94  0.32  -0.13  

2  701.43  -42.42  567.04  
   0.64  -0.76  0.08  
   0.76  0.64  0.06  
   -0.10  0.02  0.99  

4  1124.25  87.96  -95.55  
   0.73  0.68  -0.02  
   -0.66  0.71  -0.22  
   -0.14  0.18  0.97  

5  996.55  225.47  62.95  
   0.56  0.70  0.45  
   -0.45  0.71  -0.54  
   -0.70  0.10  0.71  

6  982.71  328.17  361.21  
   -0.20  -0.77  -0.60  
   0.21  0.56  -0.80  
   0.96  -0.29  0.05  

3  1209.53  -34.38  52.69  
   -0.14  -0.03  -0.99  
   -0.14  -0.99  0.04  
   -0.98  0.14  0.13  

7  1109.07  -184.40  -85.28  
   0.94  -0.32  0.12  
   0.26  0.90  0.34  
   -0.22  -0.29  0.93  

8  969.32  -279.05  109.39  
   0.55  -0.62  0.57  
   0.23  0.76  0.60  
   -0.80  -0.20  0.56  

9  964.85  -361.21  388.89  
   -0.13  0.85  -0.51  
   -0.08  0.50  0.86  
   0.99  0.15  -0.00  

3  1203.72  -36.17  45.54  
   -0.19  -0.02  -0.98  
   -0.14  -0.99  0.04  
   -0.97  0.15  0.19  

2  701.43  -42.42  567.04  
   0.64  -0.76  0.08  
   0.76  0.64  0.06  
   -0.10  0.02  0.99  

4  1110.41  88.40  -97.78  
   0.71  0.71  0.04  
   -0.68  0.69  -0.23  
   -0.20  0.13  0.97  

6  1047.01  312.54  388.44  
   -0.01  -0.83  -0.56  
   0.17  0.55  -0.82  
   0.99  -0.10  0.13  

5  1008.16  224.58  88.40  
   0.41  0.74  0.53  
   -0.44  0.67  -0.59  
   -0.80  0.01  0.60  

7  1095.67  -190.20  -80.81  
   0.91  -0.38  0.19  
   0.29  0.88  0.37  
   -0.31  -0.28  0.91  

8  990.30  -277.27  146.00  
   0.36  -0.65  0.67  
   0.21  0.75  0.63  
   -0.91  -0.09  0.41  

9  1042.99  -348.70  421.48  
   0.08  0.88  -0.47  
   -0.05  0.47  0.88  
   1.00  -0.05  0.08  

2  701.43  -41.97  567.04  
   0.64  -0.77  0.08  
   0.76  0.64  0.06  
   -0.10  0.02  0.99  

3  1194.35  -36.61  40.18  
   -0.24  0.00  -0.97  
   -0.15  -0.99  0.04  
   -0.96  0.16  0.24  

4  1089.42  86.62  -97.78  
   0.69  0.71  0.11  
   -0.68  0.70  -0.23  
   -0.25  0.08  0.97  

6  1102.82  294.23  406.75  
   0.18  -0.87  -0.46  
   0.13  0.49  -0.86  
   0.97  0.09  0.20  

5  1016.20  214.31  115.19  
   0.24  0.72  0.65  
   -0.39  0.68  -0.62  
   -0.89  -0.10  0.45  

7  1081.39  -196.01  -73.67  
   0.87  -0.43  0.26  
   0.30  0.86  0.40  
   -0.40  -0.27  0.88  

8  1011.29  -271.46  176.36  
   0.18  -0.64  0.74  
   0.17  0.77  0.62  
   -0.97  0.02  0.24  

9  1111.30  -336.65  438.00  
   0.27  0.87  -0.41  
   -0.03  0.43  0.90  
   0.96  -0.24  0.14  

2  701.43  -41.97  567.04  
   0.64  -0.77  0.08  
   0.76  0.64  0.06  
   -0.10  0.02  0.99  

4  1067.99  90.19  -90.64  
   0.67  0.72  0.19  
   -0.68  0.69  -0.25  
   -0.31  0.04  0.95  

3  1181.84  -34.83  35.72  
   -0.31  0.02  -0.95  
   -0.15  -0.99  0.03  
   -0.94  0.15  0.31  

5  1032.27  206.72  143.77  
   0.06  0.72  0.69  
   -0.33  0.67  -0.67  
   -0.94  -0.19  0.28  

6  1162.20  271.46  417.02  
   0.35  -0.85  -0.39  
   0.09  0.45  -0.89  
   0.93  0.28  0.23  

7  1068.44  -200.03  -63.85  
   0.82  -0.48  0.30  
   0.32  0.83  0.46  
   -0.47  -0.28  0.84  

8  1034.95  -268.78  200.47  
   -0.01  -0.65  0.76  
   0.14  0.75  0.64  
   -0.99  0.11  0.08  

9  1176.04  -311.65  443.36  
   0.45  0.80  -0.39  
   0.04  0.42  0.91  
   0.89  -0.42  0.16  

2  701.43  -41.97  567.04  
   0.64  -0.77  0.08  
   0.76  0.64  0.06  
   -0.10  0.02  0.99  

3  1172.02  -33.93  29.02  
   -0.38  0.02  -0.92  
   -0.14  -0.99  0.03  
   -0.91  0.14  0.38  

4  1055.49  98.67  -83.05  
   0.63  0.74  0.24  
   -0.68  0.67  -0.29  
   -0.38  0.01  0.93  

6  1198.36  243.33  425.05  
   0.43  -0.80  -0.41  
   0.01  0.46  -0.89  
   0.90  0.38  0.20  

5  1046.11  205.38  160.73  
   -0.05  0.76  0.65  
   -0.26  0.61  -0.74  
   -0.96  -0.21  0.17  

7  1060.40  -200.03  -59.38  
   0.79  -0.52  0.33  
   0.33  0.80  0.49  
   -0.52  -0.28  0.81  

8  1046.56  -262.53  209.85  
   -0.14  -0.64  0.75  
   0.10  0.75  0.66  
   -0.99  0.16  -0.04  

9  1206.40  -297.36  439.34  
   0.53  0.78  -0.33  
   0.06  0.36  0.93  
   0.84  -0.52  0.15  

2  701.43  -41.97  567.04  
   0.64  -0.77  0.08  
   0.76  0.64  0.06  
   -0.10  0.02  0.99  

5  1040.76  202.70  168.32  
   -0.06  0.75  0.65  
   -0.22  0.63  -0.74  
   -0.97  -0.19  0.13  

4  1053.70  102.24  -80.37  
   0.62  0.74  0.25  
   -0.68  0.67  -0.31  
   -0.39  0.02  0.92  

3  1168.00  -32.15  28.57  
   -0.40  0.02  -0.92  
   -0.13  -0.99  0.03  
   -0.91  0.13  0.39  

6  1191.22  233.96  435.77  
   0.45  -0.82  -0.35  
   -0.03  0.38  -0.93  
   0.89  0.43  0.14  

7  1055.94  -198.24  -61.61  
   0.78  -0.52  0.33  
   0.34  0.81  0.48  
   -0.52  -0.26  0.81  

8  1043.43  -259.85  207.62  
   -0.13  -0.67  0.73  
   0.09  0.73  0.68  
   -0.99  0.16  -0.03  

9  1195.69  -292.00  442.91  
   0.51  0.79  -0.34  
   0.06  0.36  0.93  
   0.86  -0.49  0.14  

2  701.43  -41.97  567.04  
   0.64  -0.77  0.08  
   0.76  0.64  0.06  
   -0.10  0.02  0.99  

6  1190.77  233.06  436.66  
   0.45  -0.83  -0.34  
   -0.03  0.37  -0.93  
   0.89  0.43  0.14  

5  1040.76  204.94  172.34  
   -0.06  0.76  0.65  
   -0.21  0.62  -0.75  
   -0.98  -0.18  0.12  

3  1167.11  -29.47  28.13  
   -0.40  0.03  -0.92  
   -0.12  -0.99  0.02  
   -0.91  0.12  0.40  

4  1052.36  107.16  -78.58  
   0.62  0.74  0.25  
   -0.67  0.67  -0.31  
   -0.40  0.02  0.92  

7  1056.38  -194.67  -62.51  
   0.78  -0.53  0.34  
   0.35  0.81  0.47  
   -0.52  -0.25  0.81  

8  1048.35  -257.62  206.28  
   -0.14  -0.68  0.72  
   0.10  0.71  0.70  
   -0.99  0.17  -0.03  

9  1198.81  -290.66  442.47  
   0.48  0.78  -0.39  
   0.05  0.41  0.91  
   0.87  -0.46  0.16  

2  701.43  -41.97  567.04  
   0.64  -0.77  0.08  
   0.76  0.64  0.06  
   -0.10  0.02  0.99  

5  1040.31  206.72  172.79  
   -0.07  0.76  0.65  
   -0.20  0.63  -0.75  
   -0.98  -0.18  0.11  

4  1050.13  112.96  -78.13  
   0.62  0.74  0.25  
   -0.67  0.67  -0.32  
   -0.40  0.03  0.91  

6  1190.33  232.62  437.11  
   0.45  -0.82  -0.34  
   -0.04  0.37  -0.93  
   0.89  0.43  0.13  

3  1164.88  -24.56  27.68  
   -0.40  0.03  -0.91  
   -0.12  -0.99  0.01  
   -0.91  0.11  0.40  

9  1204.17  -292.89  437.55  
   0.48  0.76  -0.43  
   0.05  0.47  0.88  
   0.87  -0.45  0.19  

8  1049.24  -258.96  204.04  
   -0.15  -0.69  0.71  
   0.12  0.70  0.70  
   -0.98  0.19  -0.02  

7  1054.60  -189.76  -63.40  
   0.77  -0.54  0.34  
   0.35  0.81  0.47  
   -0.53  -0.25  0.81  

2  700.98  -41.97  567.48  
   0.64  -0.77  0.08  
   0.76  0.64  0.06  
   -0.10  0.02  0.99  

4  1056.38  117.43  -82.15  
   0.59  0.78  0.21  
   -0.71  0.63  -0.33  
   -0.39  0.04  0.92  

3  1161.31  -23.22  26.79  
   -0.42  0.01  -0.91  
   -0.12  -0.99  0.05  
   -0.90  0.13  0.42  

5  1043.43  212.53  170.11  
   -0.06  0.78  0.62  
   -0.20  0.60  -0.77  
   -0.98  -0.17  0.12  

6  1191.67  230.83  438.89  
   0.44  -0.82  -0.38  
   -0.06  0.39  -0.92  
   0.90  0.42  0.12  

8  1038.52  -260.30  210.29  
   -0.19  -0.59  0.79  
   0.17  0.77  0.62  
   -0.97  0.25  -0.05  

7  1045.22  -184.84  -59.38  
   0.79  -0.49  0.36  
   0.29  0.83  0.48  
   -0.54  -0.27  0.80  

9  1219.35  -307.18  422.82  
   0.60  0.69  -0.40  
   0.03  0.48  0.88  
   0.80  -0.54  0.27  

2  700.98  -42.42  567.48  
   0.64  -0.77  0.08  
   0.76  0.64  0.06  
   -0.10  0.02  0.99  

4  1062.63  116.09  -83.05  
   0.58  0.79  0.18  
   -0.73  0.61  -0.32  
   -0.37  0.05  0.93  

3  1161.75  -26.79  28.13  
   -0.42  -0.03  -0.91  
   -0.12  -0.99  0.08  
   -0.90  0.14  0.42  

5  1046.56  212.08  167.88  
   -0.04  0.79  0.61  
   -0.21  0.59  -0.78  
   -0.98  -0.16  0.14  

8  1025.13  -264.32  212.53  
   -0.21  -0.45  0.87  
   0.24  0.84  0.49  
   -0.95  0.31  -0.07  

6  1192.11  231.73  438.00  
   0.43  -0.82  -0.38  
   -0.06  0.39  -0.92  
   0.90  0.42  0.12  

7  1042.99  -185.74  -54.92  
   0.81  -0.46  0.37  
   0.25  0.84  0.49  
   -0.53  -0.30  0.79  

9  1243.46  -322.36  374.15  
   0.83  0.51  -0.21  
   0.02  0.36  0.93  
   0.55  -0.78  0.29  

2  700.98  -42.42  567.04  
   0.64  -0.76  0.08  
   0.76  0.64  0.06  
   -0.10  0.02  0.99  

4  1065.76  113.85  -83.05  
   0.58  0.79  0.18  
   -0.73  0.61  -0.32  
   -0.36  0.06  0.93  

5  1048.79  211.19  166.54  
   -0.04  0.79  0.61  
   -0.21  0.59  -0.78  
   -0.98  -0.16  0.15  

3  1163.98  -29.47  29.91  
   -0.42  -0.04  -0.91  
   -0.12  -0.99  0.09  
   -0.90  0.15  0.41  

6  1192.11  231.73  438.00  
   0.42  -0.82  -0.38  
   -0.06  0.39  -0.92  
   0.90  0.41  0.12  

8  1028.70  -273.25  208.06  
   -0.24  -0.40  0.88  
   0.29  0.84  0.46  
   -0.93  0.37  -0.09  

7  1044.77  -187.52  -54.02  
   0.81  -0.46  0.37  
   0.25  0.83  0.49  
   -0.54  -0.31  0.79  

9  1263.55  -329.51  331.74  
   0.92  0.35  -0.15  
   0.03  0.32  0.95  
   0.38  -0.88  0.28  

2  700.98  -42.42  567.48  
   0.64  -0.76  0.08  
   0.76  0.64  0.06  
   -0.10  0.02  0.99  

4  1060.40  113.41  -81.26  
   0.60  0.78  0.19  
   -0.71  0.63  -0.32  
   -0.37  0.06  0.93  

3  1163.09  -28.13  29.91  
   -0.41  -0.02  -0.91  
   -0.12  -0.99  0.08  
   -0.90  0.14  0.41  

5  1044.33  209.40  170.11  
   -0.04  0.78  0.63  
   -0.21  0.61  -0.77  
   -0.98  -0.16  0.13  

6  1190.33  230.83  439.34  
   0.44  -0.82  -0.36  
   -0.06  0.38  -0.92  
   0.90  0.42  0.12  

9  1247.03  -330.84  362.10  
   0.85  0.50  -0.17  
   -0.01  0.33  0.94  
   0.53  -0.80  0.28  

7  1047.45  -188.86  -54.47  
   0.80  -0.48  0.36  
   0.26  0.82  0.51  
   -0.54  -0.31  0.78  

8  1029.59  -265.66  209.40  
   -0.22  -0.41  0.89  
   0.26  0.85  0.45  
   -0.94  0.33  -0.08  

2  700.98  -41.97  567.48  
   0.64  -0.77  0.08  
   0.76  0.64  0.06  
   -0.10  0.02  0.99  

4  1060.40  112.96  -81.26  
   0.60  0.78  0.19  
   -0.71  0.63  -0.32  
   -0.37  0.06  0.93  

3  1163.09  -29.02  31.25  
   -0.41  -0.02  -0.91  
   -0.12  -0.99  0.08  
   -0.90  0.14  0.40  

5  1043.88  208.51  170.11  
   -0.04  0.78  0.63  
   -0.21  0.61  -0.77  
   -0.98  -0.16  0.13  

6  1191.22  230.83  438.89  
   0.44  -0.82  -0.37  
   -0.06  0.38  -0.92  
   0.90  0.43  0.12  

7  1047.45  -191.10  -54.92  
   0.81  -0.47  0.35  
   0.25  0.82  0.51  
   -0.52  -0.33  0.79  

8  1009.05  -258.51  211.19  
   -0.14  -0.39  0.91  
   0.22  0.88  0.41  
   -0.96  0.26  -0.04  

9  1219.80  -327.72  383.53  
   0.82  0.56  -0.12  
   -0.03  0.25  0.97  
   0.57  -0.79  0.22  

2  700.98  -42.42  567.04  
   0.64  -0.76  0.08  
   0.76  0.64  0.06  
   -0.10  0.02  0.99  

4  1064.87  108.94  -81.71  
   0.60  0.78  0.18  
   -0.71  0.63  -0.32  
   -0.36  0.06  0.93  

3  1163.98  -32.15  32.59  
   -0.40  -0.03  -0.91  
   -0.12  -0.99  0.09  
   -0.91  0.15  0.40  

6  1192.11  231.28  437.11  
   0.44  -0.82  -0.37  
   -0.05  0.39  -0.92  
   0.90  0.42  0.13  

5  1045.22  207.17  168.32  
   -0.04  0.78  0.63  
   -0.21  0.61  -0.76  
   -0.98  -0.16  0.14  

8  972.44  -261.19  202.26  
   -0.05  -0.36  0.93  
   0.26  0.90  0.36  
   -0.96  0.26  0.05  

7  1047.90  -193.33  -52.69  
   0.83  -0.44  0.34  
   0.23  0.83  0.51  
   -0.51  -0.35  0.79  

9  1204.61  -330.84  329.95  
   0.97  0.23  0.01  
   -0.00  -0.05  1.00  
   0.23  -0.97  -0.04  

2  700.98  -41.97  567.04  
   0.64  -0.77  0.08  
   0.76  0.64  0.06  
   -0.10  0.02  0.99  

3  1168.45  -37.50  34.83  
   -0.39  -0.06  -0.92  
   -0.13  -0.98  0.12  
   -0.91  0.17  0.38  

6  1194.35  231.28  436.66  
   0.41  -0.81  -0.41  
   -0.05  0.43  -0.90  
   0.91  0.39  0.14  

5  1052.81  207.17  162.97  
   -0.02  0.80  0.60  
   -0.23  0.58  -0.78  
   -0.97  -0.16  0.17  

4  1074.24  104.92  -83.05  
   0.59  0.79  0.16  
   -0.74  0.61  -0.30  
   -0.34  0.06  0.94  

7  1044.77  -195.56  -48.67  
   0.84  -0.39  0.37  
   0.18  0.85  0.49  
   -0.51  -0.35  0.79  

9  1203.28  -300.48  205.83  
   0.90  -0.26  -0.34  
   0.23  -0.37  0.90  
   -0.36  -0.89  -0.28  

8  956.82  -282.18  184.84  
   -0.08  -0.36  0.93  
   0.36  0.86  0.36  
   -0.93  0.36  0.06  

2  700.98  -41.97  567.04  
   0.64  -0.77  0.08  
   0.76  0.64  0.06  
   -0.10  0.02  0.99  

4  1076.92  100.01  -85.28  
   0.57  0.80  0.17  
   -0.75  0.59  -0.28  
   -0.32  0.03  0.95  

3  1170.68  -40.18  34.83  
   -0.40  -0.07  -0.92  
   -0.15  -0.98  0.14  
   -0.91  0.19  0.38  

6  1196.58  231.73  433.98  
   0.40  -0.81  -0.43  
   -0.04  0.45  -0.89  
   0.92  0.37  0.15  

5  1057.27  207.62  159.39  
   -0.02  0.81  0.58  
   -0.24  0.56  -0.79  
   -0.97  -0.16  0.19  

7  1040.76  -197.79  -43.76  
   0.83  -0.38  0.40  
   0.16  0.86  0.48  
   -0.53  -0.34  0.78  

9  1185.42  -281.29  139.30  
   0.68  -0.44  -0.59  
   0.37  -0.49  0.79  
   -0.63  -0.76  -0.17  

8  959.94  -293.79  181.72  
   -0.15  -0.40  0.91  
   0.40  0.82  0.42  
   -0.91  0.42  0.04  

2  700.98  -42.42  567.48  
   0.64  -0.76  0.08  
   0.76  0.64  0.06  
   -0.10  0.02  0.99  

3  1168.45  -45.54  33.04  
   -0.42  -0.08  -0.91  
   -0.15  -0.97  0.16  
   -0.90  0.21  0.39  

4  1075.58  96.89  -86.62  
   0.55  0.82  0.18  
   -0.77  0.58  -0.27  
   -0.32  0.01  0.95  

5  1061.74  207.62  157.16  
   -0.03  0.83  0.56  
   -0.25  0.54  -0.81  
   -0.97  -0.16  0.20  

6  1198.81  231.73  432.20  
   0.38  -0.80  -0.47  
   -0.04  0.49  -0.87  
   0.92  0.35  0.16  

8  976.91  -303.61  188.42  
   -0.25  -0.46  0.85  
   0.36  0.77  0.52  
   -0.90  0.44  -0.03  

9  1188.54  -264.32  121.00  
   0.55  -0.46  -0.69  
   0.45  -0.54  0.71  
   -0.70  -0.70  -0.09  

7  1033.16  -200.47  -41.97  
   0.82  -0.37  0.43  
   0.14  0.87  0.47  
   -0.55  -0.33  0.77  

2  700.98  -42.42  567.48  
   0.64  -0.76  0.08  
   0.76  0.64  0.06  
   -0.10  0.02  0.99  

4  1067.54  97.33  -87.96  
   0.56  0.80  0.21  
   -0.76  0.60  -0.26  
   -0.34  -0.02  0.94  

3  1165.77  -44.20  29.02  
   -0.44  -0.07  -0.90  
   -0.16  -0.98  0.15  
   -0.89  0.20  0.41  

6  1198.81  231.73  431.30  
   0.39  -0.80  -0.47  
   -0.04  0.49  -0.87  
   0.92  0.35  0.16  

5  1057.27  206.28  157.61  
   -0.05  0.82  0.58  
   -0.25  0.55  -0.80  
   -0.97  -0.18  0.18  

8  967.98  -296.47  187.97  
   -0.21  -0.41  0.89  
   0.38  0.80  0.46  
   -0.90  0.44  -0.01  

7  1032.27  -200.03  -40.63  
   0.81  -0.39  0.44  
   0.15  0.86  0.49  
   -0.57  -0.33  0.76  

9  1188.09  -271.91  124.57  
   0.60  -0.46  -0.66  
   0.42  -0.53  0.74  
   -0.69  -0.72  -0.12  

