2  856.36  -40.63  573.73  
   0.56  -0.83  0.01  
   0.82  0.56  0.06  
   -0.06  -0.03  1.00  

6  1266.68  300.48  462.56  
   0.58  -0.79  0.17  
   0.20  -0.06  -0.98  
   0.79  0.60  0.12  

5  1140.77  232.62  261.19  
   -0.20  0.62  0.76  
   -0.22  0.73  -0.65  
   -0.95  -0.30  -0.01  

3  1269.80  -8.93  25.00  
   -0.46  0.06  -0.88  
   -0.04  -1.00  -0.05  
   -0.88  0.01  0.47  

4  1153.72  157.61  -12.50  
   0.79  -0.53  0.31  
   0.61  0.63  -0.48  
   0.06  0.57  0.82  

7  1146.13  -172.34  -31.25  
   0.60  0.68  0.42  
   -0.80  0.50  0.33  
   0.01  -0.53  0.85  

8  1143.89  -221.90  259.41  
   -0.29  0.08  0.95  
   0.28  0.96  0.00  
   -0.92  0.27  -0.30  

9  1281.41  -304.06  459.43  
   0.63  0.67  0.39  
   -0.16  -0.38  0.91  
   0.76  -0.64  -0.13  

2  856.36  -41.08  573.73  
   0.56  -0.83  0.01  
   0.82  0.56  0.06  
   -0.06  -0.03  1.00  

4  1153.72  158.06  -12.50  
   0.79  -0.53  0.30  
   0.61  0.63  -0.48  
   0.06  0.57  0.82  

3  1270.25  -8.93  25.90  
   -0.46  0.06  -0.88  
   -0.04  -1.00  -0.05  
   -0.88  0.01  0.47  

6  1266.68  300.48  462.56  
   0.58  -0.79  0.17  
   0.20  -0.06  -0.98  
   0.79  0.60  0.12  

5  1140.77  233.06  260.75  
   -0.20  0.62  0.76  
   -0.22  0.73  -0.65  
   -0.95  -0.30  -0.01  

8  1143.89  -222.80  259.41  
   -0.29  0.08  0.95  
   0.28  0.96  0.01  
   -0.92  0.27  -0.30  

7  1146.13  -172.34  -31.25  
   0.60  0.68  0.42  
   -0.80  0.50  0.33  
   0.01  -0.53  0.85  

9  1281.41  -303.61  459.43  
   0.63  0.67  0.39  
   -0.16  -0.38  0.91  
   0.76  -0.64  -0.13  

2  856.36  -40.63  573.73  
   0.56  -0.83  0.01  
   0.82  0.56  0.07  
   -0.06  -0.03  1.00  

3  1270.25  -8.93  25.90  
   -0.46  0.06  -0.88  
   -0.04  -1.00  -0.05  
   -0.88  0.01  0.47  

4  1153.72  157.61  -12.95  
   0.79  -0.53  0.30  
   0.61  0.63  -0.49  
   0.06  0.57  0.82  

5  1145.23  235.74  260.30  
   -0.22  0.65  0.73  
   -0.22  0.69  -0.69  
   -0.95  -0.31  -0.01  

6  1273.82  300.04  460.33  
   0.59  -0.80  0.12  
   0.19  -0.01  -0.98  
   0.78  0.60  0.15  

7  1146.13  -172.34  -30.81  
   0.60  0.68  0.42  
   -0.80  0.50  0.33  
   0.01  -0.53  0.85  

8  1147.46  -225.47  259.85  
   -0.31  0.00  0.95  
   0.27  0.96  0.09  
   -0.91  0.28  -0.30  

9  1288.11  -301.82  458.99  
   0.64  0.70  0.33  
   -0.14  -0.32  0.94  
   0.76  -0.64  -0.11  

2  856.36  -40.63  573.73  
   0.56  -0.83  0.01  
   0.82  0.56  0.07  
   -0.06  -0.03  1.00  

5  1148.80  237.53  259.85  
   -0.23  0.66  0.71  
   -0.22  0.68  -0.70  
   -0.95  -0.32  -0.01  

4  1153.27  157.61  -12.95  
   0.79  -0.53  0.30  
   0.61  0.63  -0.48  
   0.06  0.57  0.82  

3  1269.36  -9.38  25.90  
   -0.47  0.06  -0.88  
   -0.04  -1.00  -0.05  
   -0.88  0.01  0.47  

6  1278.28  300.48  456.75  
   0.60  -0.79  0.11  
   0.19  0.01  -0.98  
   0.78  0.61  0.15  

7  1146.13  -172.34  -31.25  
   0.60  0.68  0.42  
   -0.80  0.51  0.33  
   0.01  -0.53  0.85  

8  1153.27  -229.94  259.41  
   -0.34  -0.06  0.94  
   0.26  0.95  0.15  
   -0.90  0.30  -0.31  

9  1298.38  -300.93  454.97  
   0.65  0.70  0.30  
   -0.13  -0.29  0.95  
   0.75  -0.66  -0.10  

2  856.36  -40.63  573.73  
   0.56  -0.83  0.01  
   0.82  0.56  0.07  
   -0.06  -0.03  1.00  

4  1152.82  157.61  -12.50  
   0.79  -0.53  0.30  
   0.61  0.63  -0.48  
   0.06  0.57  0.82  

3  1269.36  -9.38  25.90  
   -0.46  0.06  -0.88  
   -0.04  -1.00  -0.05  
   -0.88  0.01  0.47  

5  1154.16  237.53  261.19  
   -0.26  0.66  0.71  
   -0.22  0.67  -0.71  
   -0.94  -0.34  -0.03  

6  1288.55  301.38  451.84  
   0.62  -0.77  0.11  
   0.19  0.01  -0.98  
   0.76  0.63  0.15  

8  1159.97  -232.17  258.96  
   -0.37  -0.10  0.92  
   0.25  0.95  0.20  
   -0.89  0.31  -0.33  

7  1146.13  -172.79  -31.25  
   0.61  0.68  0.42  
   -0.79  0.51  0.33  
   0.01  -0.53  0.85  

9  1309.54  -299.59  450.06  
   0.67  0.68  0.29  
   -0.12  -0.28  0.95  
   0.73  -0.68  -0.11  

2  856.36  -40.63  573.73  
   0.56  -0.83  0.01  
   0.82  0.56  0.06  
   -0.06  -0.03  1.00  

3  1268.91  -9.38  25.45  
   -0.46  0.06  -0.88  
   -0.04  -1.00  -0.05  
   -0.89  0.01  0.46  

5  1161.31  237.98  260.30  
   -0.29  0.66  0.70  
   -0.22  0.66  -0.71  
   -0.93  -0.36  -0.05  

4  1152.38  157.61  -12.95  
   0.79  -0.53  0.31  
   0.61  0.63  -0.48  
   0.06  0.57  0.82  

7  1145.68  -172.79  -32.15  
   0.61  0.67  0.42  
   -0.79  0.51  0.33  
   0.00  -0.54  0.84  

8  1168.45  -234.40  258.96  
   -0.41  -0.13  0.90  
   0.24  0.94  0.24  
   -0.88  0.32  -0.35  

6  1301.06  300.48  446.93  
   0.65  -0.75  0.11  
   0.18  0.01  -0.98  
   0.74  0.66  0.14  

9  1326.95  -298.25  442.02  
   0.70  0.65  0.28  
   -0.11  -0.29  0.95  
   0.70  -0.70  -0.13  

2  856.36  -40.63  573.73  
   0.56  -0.83  0.01  
   0.82  0.56  0.07  
   -0.06  -0.03  1.00  

3  1268.91  -9.38  25.00  
   -0.46  0.06  -0.89  
   -0.04  -1.00  -0.05  
   -0.89  0.01  0.46  

5  1169.79  238.42  258.07  
   -0.32  0.65  0.69  
   -0.22  0.66  -0.72  
   -0.92  -0.38  -0.07  

4  1151.93  157.61  -14.29  
   0.79  -0.52  0.31  
   0.61  0.64  -0.48  
   0.05  0.57  0.82  

6  1314.90  300.48  440.23  
   0.68  -0.73  0.12  
   0.18  0.00  -0.98  
   0.71  0.69  0.13  

7  1145.68  -173.24  -32.15  
   0.62  0.66  0.43  
   -0.79  0.52  0.33  
   -0.00  -0.54  0.84  

8  1179.17  -233.51  257.62  
   -0.45  -0.14  0.88  
   0.23  0.94  0.27  
   -0.86  0.32  -0.39  

9  1344.81  -289.77  435.32  
   0.74  0.62  0.27  
   -0.10  -0.30  0.95  
   0.67  -0.73  -0.16  

2  856.36  -40.63  573.73  
   0.56  -0.83  0.01  
   0.82  0.56  0.07  
   -0.06  -0.03  1.00  

3  1268.91  -8.93  24.11  
   -0.46  0.06  -0.89  
   -0.04  -1.00  -0.05  
   -0.89  0.01  0.46  

4  1151.48  157.61  -16.07  
   0.79  -0.52  0.32  
   0.61  0.64  -0.47  
   0.04  0.57  0.82  

6  1321.15  299.14  435.32  
   0.69  -0.72  0.12  
   0.18  0.01  -0.98  
   0.70  0.70  0.13  

8  1182.74  -233.06  255.84  
   -0.46  -0.17  0.87  
   0.22  0.93  0.30  
   -0.86  0.32  -0.39  

7  1146.57  -173.24  -33.04  
   0.62  0.65  0.43  
   -0.78  0.53  0.34  
   -0.01  -0.55  0.84  

5  1176.49  239.32  253.60  
   -0.32  0.68  0.66  
   -0.21  0.63  -0.75  
   -0.92  -0.38  -0.06  

9  1350.62  -288.43  431.30  
   0.75  0.61  0.26  
   -0.09  -0.30  0.95  
   0.66  -0.73  -0.16  

5  1172.91  238.42  253.60  
   -0.31  0.67  0.67  
   -0.21  0.64  -0.74  
   -0.93  -0.37  -0.06  

2  856.36  -40.63  573.73  
   0.56  -0.83  0.01  
   0.82  0.56  0.07  
   -0.06  -0.03  1.00  

3  1268.91  -8.93  23.22  
   -0.46  0.07  -0.89  
   -0.04  -1.00  -0.05  
   -0.89  0.01  0.46  

4  1151.48  158.06  -16.52  
   0.79  -0.52  0.32  
   0.61  0.64  -0.47  
   0.03  0.57  0.82  

6  1318.47  297.81  436.22  
   0.68  -0.72  0.11  
   0.17  0.01  -0.99  
   0.71  0.69  0.13  

9  1343.02  -286.64  436.66  
   0.73  0.64  0.25  
   -0.08  -0.28  0.96  
   0.68  -0.71  -0.15  

7  1146.57  -172.79  -33.49  
   0.63  0.65  0.43  
   -0.78  0.53  0.34  
   -0.01  -0.55  0.83  

8  1177.83  -231.73  254.94  
   -0.43  -0.16  0.89  
   0.22  0.94  0.27  
   -0.87  0.32  -0.37  

2  856.36  -40.63  573.73  
   0.56  -0.83  0.01  
   0.82  0.56  0.06  
   -0.06  -0.03  1.00  

3  1269.36  -8.48  23.22  
   -0.46  0.07  -0.89  
   -0.04  -1.00  -0.05  
   -0.89  0.01  0.46  

6  1310.43  295.57  442.02  
   0.66  -0.74  0.10  
   0.16  0.01  -0.99  
   0.73  0.67  0.12  

7  1147.02  -172.34  -33.49  
   0.63  0.65  0.44  
   -0.78  0.53  0.34  
   -0.01  -0.55  0.83  

5  1167.11  237.98  254.50  
   -0.30  0.66  0.69  
   -0.21  0.65  -0.73  
   -0.93  -0.36  -0.05  

4  1151.93  158.50  -16.52  
   0.79  -0.52  0.33  
   0.61  0.64  -0.47  
   0.03  0.57  0.82  

8  1168.00  -232.62  253.16  
   -0.39  -0.14  0.91  
   0.24  0.94  0.24  
   -0.89  0.31  -0.33  

9  1326.06  -291.55  442.91  
   0.69  0.68  0.25  
   -0.08  -0.27  0.96  
   0.72  -0.69  -0.13  

2  856.36  -40.63  573.73  
   0.56  -0.83  0.01  
   0.82  0.56  0.06  
   -0.06  -0.03  1.00  

4  1151.93  158.06  -16.52  
   0.79  -0.52  0.33  
   0.61  0.64  -0.47  
   0.03  0.57  0.82  

3  1269.36  -8.48  22.77  
   -0.46  0.07  -0.89  
   -0.04  -1.00  -0.05  
   -0.89  0.01  0.46  

5  1163.54  239.76  252.71  
   -0.28  0.67  0.69  
   -0.22  0.65  -0.72  
   -0.93  -0.35  -0.03  

7  1147.02  -172.34  -33.49  
   0.63  0.64  0.44  
   -0.78  0.53  0.34  
   -0.01  -0.55  0.83  

6  1304.63  297.81  443.36  
   0.65  -0.75  0.09  
   0.15  0.02  -0.99  
   0.74  0.66  0.13  

8  1160.41  -235.30  251.37  
   -0.35  -0.13  0.93  
   0.26  0.94  0.23  
   -0.90  0.32  -0.30  

9  1314.45  -295.13  446.93  
   0.67  0.70  0.24  
   -0.08  -0.26  0.96  
   0.74  -0.66  -0.12  

2  856.36  -40.63  573.73  
   0.56  -0.83  0.01  
   0.82  0.56  0.06  
   -0.06  -0.03  1.00  

3  1269.80  -8.04  22.77  
   -0.46  0.07  -0.89  
   -0.04  -1.00  -0.05  
   -0.89  0.01  0.46  

5  1158.63  241.55  252.71  
   -0.26  0.68  0.69  
   -0.23  0.65  -0.73  
   -0.94  -0.34  -0.01  

4  1151.93  158.06  -16.52  
   0.79  -0.51  0.33  
   0.61  0.64  -0.48  
   0.03  0.58  0.82  

6  1297.93  297.81  445.59  
   0.64  -0.77  0.07  
   0.14  0.03  -0.99  
   0.76  0.64  0.13  

7  1147.02  -172.34  -33.93  
   0.62  0.64  0.44  
   -0.78  0.52  0.34  
   -0.01  -0.56  0.83  

9  1302.39  -297.81  450.95  
   0.65  0.72  0.25  
   -0.08  -0.26  0.96  
   0.75  -0.65  -0.11  

8  1152.38  -233.06  252.26  
   -0.32  -0.09  0.94  
   0.27  0.94  0.19  
   -0.91  0.32  -0.27  

2  856.36  -41.08  573.73  
   0.56  -0.83  0.01  
   0.82  0.56  0.06  
   -0.06  -0.03  1.00  

3  1269.80  -8.48  21.88  
   -0.46  0.07  -0.89  
   -0.04  -1.00  -0.05  
   -0.89  0.01  0.46  

4  1151.93  158.06  -16.52  
   0.79  -0.51  0.33  
   0.61  0.63  -0.48  
   0.04  0.58  0.81  

6  1290.79  296.91  449.16  
   0.63  -0.78  0.07  
   0.14  0.03  -0.99  
   0.77  0.63  0.12  

5  1154.61  241.99  251.37  
   -0.24  0.68  0.69  
   -0.24  0.65  -0.72  
   -0.94  -0.33  0.01  

7  1146.57  -172.34  -33.49  
   0.62  0.64  0.44  
   -0.78  0.52  0.34  
   -0.01  -0.56  0.83  

9  1293.02  -301.82  452.74  
   0.64  0.72  0.27  
   -0.09  -0.27  0.96  
   0.77  -0.63  -0.11  

8  1148.36  -235.30  250.48  
   -0.30  -0.08  0.95  
   0.28  0.95  0.17  
   -0.91  0.32  -0.26  

2  856.36  -41.08  573.73  
   0.56  -0.83  0.01  
   0.82  0.56  0.06  
   -0.06  -0.03  1.00  

4  1151.93  158.06  -16.52  
   0.79  -0.51  0.33  
   0.61  0.63  -0.48  
   0.04  0.58  0.81  

3  1269.80  -8.48  21.88  
   -0.46  0.07  -0.89  
   -0.04  -1.00  -0.05  
   -0.89  0.01  0.46  

5  1148.36  241.55  251.37  
   -0.22  0.67  0.71  
   -0.24  0.66  -0.71  
   -0.95  -0.32  0.02  

6  1282.30  298.25  451.84  
   0.61  -0.79  0.07  
   0.14  0.02  -0.99  
   0.78  0.61  0.12  

8  1143.89  -232.62  250.92  
   -0.28  -0.08  0.96  
   0.28  0.95  0.16  
   -0.92  0.31  -0.24  

7  1147.02  -171.90  -33.49  
   0.62  0.64  0.44  
   -0.78  0.52  0.34  
   -0.01  -0.56  0.83  

9  1284.98  -300.48  456.75  
   0.62  0.74  0.28  
   -0.09  -0.28  0.95  
   0.78  -0.62  -0.11  

2  856.36  -40.63  573.73  
   0.56  -0.83  0.01  
   0.82  0.56  0.06  
   -0.06  -0.03  1.00  

4  1152.38  157.61  -16.52  
   0.79  -0.51  0.33  
   0.61  0.63  -0.48  
   0.04  0.58  0.81  

3  1269.80  -8.48  21.88  
   -0.46  0.07  -0.89  
   -0.04  -1.00  -0.05  
   -0.89  0.01  0.46  

5  1143.45  241.55  250.92  
   -0.20  0.67  0.72  
   -0.24  0.67  -0.70  
   -0.95  -0.31  0.03  

6  1274.71  298.25  454.52  
   0.59  -0.80  0.07  
   0.14  0.01  -0.99  
   0.79  0.60  0.12  

9  1280.52  -302.27  457.65  
   0.61  0.73  0.30  
   -0.10  -0.30  0.95  
   0.78  -0.61  -0.11  

8  1140.77  -230.83  252.71  
   -0.27  -0.06  0.96  
   0.28  0.95  0.13  
   -0.92  0.30  -0.24  

7  1147.02  -172.34  -33.49  
   0.62  0.65  0.44  
   -0.78  0.52  0.34  
   -0.01  -0.56  0.83  

2  856.36  -40.63  573.73  
   0.56  -0.83  0.01  
   0.82  0.56  0.06  
   -0.06  -0.03  1.00  

4  1151.04  158.06  -16.97  
   0.79  -0.52  0.33  
   0.61  0.63  -0.48  
   0.04  0.58  0.81  

5  1139.43  239.32  252.71  
   -0.18  0.66  0.73  
   -0.24  0.69  -0.68  
   -0.95  -0.30  0.03  

3  1269.80  -8.93  21.88  
   -0.46  0.07  -0.89  
   -0.04  -1.00  -0.05  
   -0.89  0.01  0.46  

6  1267.12  297.81  457.65  
   0.58  -0.81  0.09  
   0.15  -0.00  -0.99  
   0.80  0.59  0.12  

7  1146.57  -172.34  -33.49  
   0.62  0.65  0.44  
   -0.79  0.52  0.34  
   -0.01  -0.56  0.83  

8  1140.77  -229.05  252.71  
   -0.27  -0.05  0.96  
   0.28  0.95  0.12  
   -0.92  0.30  -0.24  

9  1278.73  -302.72  458.54  
   0.61  0.72  0.31  
   -0.11  -0.31  0.94  
   0.78  -0.61  -0.11  

2  856.36  -40.63  573.73  
   0.56  -0.83  0.01  
   0.82  0.56  0.07  
   -0.06  -0.03  1.00  

3  1269.80  -8.93  21.88  
   -0.46  0.07  -0.89  
   -0.04  -1.00  -0.05  
   -0.89  0.01  0.46  

4  1151.04  158.06  -16.52  
   0.79  -0.52  0.33  
   0.61  0.63  -0.48  
   0.04  0.58  0.82  

5  1138.54  238.87  252.71  
   -0.18  0.65  0.73  
   -0.24  0.70  -0.68  
   -0.95  -0.29  0.03  

8  1140.32  -228.60  253.60  
   -0.27  -0.03  0.96  
   0.28  0.96  0.10  
   -0.92  0.29  -0.25  

6  1264.89  298.25  458.99  
   0.58  -0.81  0.10  
   0.15  -0.01  -0.99  
   0.80  0.58  0.12  

7  1146.57  -172.79  -33.49  
   0.61  0.65  0.44  
   -0.79  0.51  0.34  
   -0.01  -0.55  0.83  

9  1277.39  -301.38  459.88  
   0.61  0.72  0.33  
   -0.12  -0.33  0.94  
   0.78  -0.61  -0.12  

3  1269.80  -8.48  21.88  
   -0.46  0.07  -0.89  
   -0.04  -1.00  -0.05  
   -0.89  0.02  0.46  

4  1151.93  157.61  -16.07  
   0.79  -0.52  0.32  
   0.61  0.63  -0.48  
   0.04  0.58  0.82  

2  856.36  -40.63  573.73  
   0.56  -0.83  0.01  
   0.82  0.56  0.06  
   -0.06  -0.03  1.00  

8  1140.32  -228.60  253.60  
   -0.27  -0.02  0.96  
   0.28  0.96  0.10  
   -0.92  0.29  -0.25  

5  1138.54  238.87  252.71  
   -0.18  0.65  0.73  
   -0.24  0.70  -0.68  
   -0.96  -0.29  0.03  

6  1265.34  297.81  459.43  
   0.58  -0.81  0.10  
   0.15  -0.01  -0.99  
   0.80  0.58  0.12  

9  1276.95  -301.82  459.43  
   0.61  0.71  0.34  
   -0.12  -0.34  0.93  
   0.78  -0.61  -0.12  

7  1146.57  -172.79  -33.04  
   0.61  0.66  0.44  
   -0.79  0.51  0.34  
   -0.00  -0.55  0.83  

2  856.36  -40.63  573.73  
   0.56  -0.83  0.01  
   0.82  0.56  0.06  
   -0.06  -0.03  1.00  

3  1269.80  -8.93  22.32  
   -0.46  0.07  -0.89  
   -0.04  -1.00  -0.05  
   -0.89  0.02  0.46  

4  1152.38  157.61  -16.07  
   0.79  -0.52  0.32  
   0.61  0.63  -0.48  
   0.05  0.57  0.82  

5  1138.98  238.42  252.71  
   -0.18  0.65  0.73  
   -0.23  0.70  -0.68  
   -0.96  -0.29  0.03  

7  1146.57  -172.79  -33.04  
   0.61  0.66  0.44  
   -0.79  0.51  0.34  
   -0.00  -0.55  0.83  

8  1139.87  -228.15  254.05  
   -0.27  -0.02  0.96  
   0.27  0.96  0.10  
   -0.92  0.29  -0.25  

6  1265.34  297.81  459.43  
   0.58  -0.81  0.10  
   0.15  -0.01  -0.99  
   0.80  0.58  0.12  

9  1276.50  -301.82  459.88  
   0.61  0.71  0.34  
   -0.12  -0.34  0.93  
   0.78  -0.61  -0.12  

2  856.36  -40.63  573.73  
   0.56  -0.83  0.01  
   0.82  0.56  0.06  
   -0.06  -0.03  1.00  

4  1152.38  157.61  -15.63  
   0.79  -0.52  0.32  
   0.61  0.63  -0.48  
   0.05  0.57  0.82  

3  1269.36  -9.82  21.88  
   -0.46  0.07  -0.89  
   -0.04  -1.00  -0.05  
   -0.89  0.02  0.46  

8  1139.87  -228.60  254.05  
   -0.27  -0.02  0.96  
   0.27  0.96  0.10  
   -0.92  0.29  -0.25  

5  1138.98  238.42  253.16  
   -0.18  0.66  0.73  
   -0.23  0.70  -0.68  
   -0.96  -0.29  0.03  

6  1265.34  297.81  459.88  
   0.58  -0.81  0.10  
   0.15  -0.01  -0.99  
   0.80  0.58  0.12  

7  1146.57  -173.24  -32.59  
   0.61  0.66  0.44  
   -0.79  0.51  0.34  
   -0.00  -0.55  0.83  

9  1276.50  -301.38  459.88  
   0.61  0.71  0.34  
   -0.12  -0.34  0.93  
   0.78  -0.61  -0.12  

4  1152.38  157.61  -15.63  
   0.79  -0.52  0.32  
   0.61  0.63  -0.48  
   0.05  0.57  0.82  

3  1270.25  -9.38  22.32  
   -0.46  0.07  -0.89  
   -0.05  -1.00  -0.05  
   -0.89  0.02  0.46  

5  1139.43  237.98  253.16  
   -0.18  0.66  0.73  
   -0.23  0.70  -0.68  
   -0.96  -0.29  0.03  

2  856.36  -40.63  573.73  
   0.56  -0.83  0.01  
   0.82  0.56  0.06  
   -0.06  -0.03  1.00  

6  1264.89  297.81  459.88  
   0.57  -0.81  0.10  
   0.16  -0.01  -0.99  
   0.80  0.58  0.12  

9  1276.50  -301.38  459.88  
   0.61  0.71  0.34  
   -0.12  -0.34  0.93  
   0.78  -0.61  -0.12  

7  1146.57  -173.24  -32.59  
   0.61  0.66  0.44  
   -0.79  0.51  0.34  
   -0.00  -0.55  0.83  

8  1139.87  -228.15  254.05  
   -0.27  -0.02  0.96  
   0.27  0.96  0.10  
   -0.92  0.29  -0.25  

2  856.36  -40.63  573.73  
   0.56  -0.83  0.01  
   0.82  0.56  0.06  
   -0.06  -0.03  1.00  

6  1264.89  297.81  459.88  
   0.57  -0.81  0.10  
   0.16  -0.01  -0.99  
   0.80  0.58  0.12  

5  1138.98  237.98  253.16  
   -0.18  0.66  0.73  
   -0.23  0.70  -0.68  
   -0.96  -0.29  0.03  

4  1152.38  157.61  -15.63  
   0.79  -0.53  0.32  
   0.61  0.63  -0.48  
   0.05  0.57  0.82  

3  1269.80  -9.38  22.32  
   -0.46  0.07  -0.89  
   -0.04  -1.00  -0.05  
   -0.89  0.02  0.46  

7  1146.57  -172.79  -32.59  
   0.61  0.66  0.44  
   -0.79  0.51  0.34  
   -0.00  -0.55  0.83  

8  1139.87  -228.60  254.50  
   -0.27  -0.02  0.96  
   0.27  0.96  0.10  
   -0.92  0.29  -0.25  

9  1276.50  -301.82  460.33  
   0.61  0.71  0.34  
   -0.12  -0.34  0.93  
   0.78  -0.61  -0.12  

2  856.36  -40.63  573.73  
   0.56  -0.83  0.01  
   0.82  0.56  0.06  
   -0.06  -0.03  1.00  

4  1151.93  157.61  -16.07  
   0.79  -0.53  0.32  
   0.61  0.63  -0.48  
   0.05  0.57  0.82  

3  1269.80  -9.38  22.77  
   -0.46  0.07  -0.89  
   -0.04  -1.00  -0.05  
   -0.89  0.02  0.46  

6  1264.89  297.81  459.88  
   0.57  -0.81  0.10  
   0.16  -0.01  -0.99  
   0.80  0.58  0.12  

5  1138.98  237.98  253.60  
   -0.18  0.66  0.73  
   -0.23  0.70  -0.68  
   -0.96  -0.29  0.03  

7  1146.57  -172.79  -32.59  
   0.61  0.66  0.44  
   -0.79  0.51  0.34  
   -0.00  -0.55  0.83  

8  1140.32  -229.49  254.50  
   -0.27  -0.03  0.96  
   0.27  0.96  0.11  
   -0.92  0.29  -0.25  

9  1276.95  -301.38  460.33  
   0.61  0.71  0.34  
   -0.12  -0.34  0.93  
   0.78  -0.61  -0.12  

2  856.36  -40.63  573.73  
   0.56  -0.83  0.01  
   0.82  0.56  0.06  
   -0.06  -0.03  1.00  

3  1269.36  -9.82  24.11  
   -0.46  0.06  -0.88  
   -0.04  -1.00  -0.05  
   -0.89  0.02  0.47  

4  1151.93  157.16  -15.63  
   0.79  -0.53  0.31  
   0.61  0.63  -0.48  
   0.05  0.57  0.82  

5  1142.11  238.87  254.94  
   -0.19  0.67  0.71  
   -0.23  0.68  -0.70  
   -0.95  -0.30  0.03  

6  1270.25  297.81  459.43  
   0.58  -0.81  0.07  
   0.15  0.02  -0.99  
   0.80  0.58  0.14  

9  1283.64  -303.16  458.09  
   0.62  0.73  0.29  
   -0.10  -0.29  0.95  
   0.78  -0.62  -0.10  

8  1143.45  -233.96  254.05  
   -0.28  -0.07  0.96  
   0.27  0.95  0.15  
   -0.92  0.30  -0.25  

7  1146.57  -173.24  -32.59  
   0.61  0.66  0.44  
   -0.79  0.51  0.34  
   -0.00  -0.55  0.83  

2  856.36  -40.63  573.73  
   0.56  -0.83  0.01  
   0.82  0.56  0.07  
   -0.06  -0.03  1.00  

3  1269.36  -9.82  24.56  
   -0.47  0.06  -0.88  
   -0.04  -1.00  -0.05  
   -0.88  0.02  0.47  

4  1151.48  157.16  -14.73  
   0.79  -0.53  0.31  
   0.61  0.63  -0.48  
   0.06  0.57  0.82  

5  1147.91  240.66  254.94  
   -0.21  0.68  0.70  
   -0.23  0.66  -0.71  
   -0.95  -0.32  0.02  

6  1277.39  298.25  454.97  
   0.60  -0.80  0.06  
   0.16  0.04  -0.99  
   0.79  0.60  0.15  

7  1147.02  -173.68  -32.15  
   0.61  0.66  0.43  
   -0.79  0.51  0.34  
   -0.00  -0.55  0.84  

8  1152.82  -236.64  254.94  
   -0.32  -0.14  0.94  
   0.26  0.94  0.23  
   -0.91  0.32  -0.26  

9  1296.59  -300.93  454.52  
   0.64  0.73  0.24  
   -0.09  -0.24  0.97  
   0.77  -0.64  -0.09  

2  856.36  -40.63  573.73  
   0.56  -0.83  0.01  
   0.82  0.56  0.07  
   -0.06  -0.03  1.00  

4  1151.48  157.16  -14.73  
   0.79  -0.53  0.31  
   0.61  0.63  -0.48  
   0.06  0.57  0.82  

3  1268.91  -9.82  25.00  
   -0.47  0.06  -0.88  
   -0.05  -1.00  -0.05  
   -0.88  0.02  0.47  

5  1156.84  239.76  256.28  
   -0.25  0.68  0.69  
   -0.23  0.64  -0.73  
   -0.94  -0.34  -0.00  

8  1162.65  -238.87  256.28  
   -0.36  -0.17  0.91  
   0.25  0.93  0.28  
   -0.90  0.33  -0.29  

7  1147.02  -173.68  -30.36  
   0.62  0.66  0.43  
   -0.79  0.51  0.34  
   0.00  -0.55  0.83  

6  1293.91  300.04  448.72  
   0.63  -0.77  0.06  
   0.16  0.05  -0.99  
   0.76  0.63  0.16  

9  1314.00  -298.25  450.95  
   0.67  0.71  0.23  
   -0.08  -0.24  0.97  
   0.74  -0.67  -0.10  

2  856.36  -40.63  573.73  
   0.56  -0.83  0.01  
   0.82  0.56  0.07  
   -0.06  -0.03  1.00  

3  1268.91  -9.82  25.00  
   -0.47  0.06  -0.88  
   -0.05  -1.00  -0.05  
   -0.88  0.02  0.47  

4  1151.04  156.72  -14.73  
   0.79  -0.53  0.31  
   0.61  0.63  -0.48  
   0.05  0.57  0.82  

5  1170.68  241.10  254.94  
   -0.30  0.69  0.66  
   -0.23  0.62  -0.75  
   -0.93  -0.38  -0.03  

6  1313.56  297.81  439.79  
   0.66  -0.74  0.06  
   0.16  0.06  -0.99  
   0.73  0.66  0.15  

9  1337.22  -294.68  442.02  
   0.71  0.67  0.22  
   -0.08  -0.24  0.97  
   0.70  -0.70  -0.12  

8  1174.25  -238.87  257.18  
   -0.41  -0.19  0.89  
   0.24  0.92  0.31  
   -0.88  0.34  -0.34  

7  1146.57  -174.58  -30.36  
   0.62  0.65  0.43  
   -0.78  0.52  0.35  
   0.00  -0.56  0.83  

2  856.36  -40.63  573.73  
   0.56  -0.83  0.01  
   0.82  0.56  0.06  
   -0.06  -0.03  1.00  

3  1268.46  -10.27  25.45  
   -0.47  0.06  -0.88  
   -0.05  -1.00  -0.05  
   -0.88  0.02  0.47  

5  1182.74  240.66  253.16  
   -0.35  0.68  0.64  
   -0.22  0.60  -0.77  
   -0.91  -0.41  -0.06  

4  1150.59  156.27  -14.29  
   0.79  -0.52  0.31  
   0.61  0.63  -0.48  
   0.05  0.57  0.82  

6  1332.76  296.91  431.75  
   0.70  -0.71  0.06  
   0.15  0.06  -0.99  
   0.70  0.70  0.15  

7  1146.57  -174.13  -30.36  
   0.63  0.64  0.44  
   -0.78  0.52  0.36  
   0.00  -0.56  0.83  

8  1188.09  -235.30  258.96  
   -0.46  -0.18  0.87  
   0.23  0.92  0.32  
   -0.86  0.34  -0.38  

9  1357.31  -288.43  433.09  
   0.74  0.63  0.21  
   -0.07  -0.24  0.97  
   0.66  -0.73  -0.13  

2  856.36  -40.63  573.73  
   0.56  -0.83  0.01  
   0.82  0.56  0.07  
   -0.06  -0.03  1.00  

4  1150.59  156.27  -14.73  
   0.80  -0.52  0.31  
   0.60  0.64  -0.48  
   0.05  0.57  0.82  

3  1268.02  -10.27  25.90  
   -0.46  0.06  -0.88  
   -0.05  -1.00  -0.05  
   -0.88  0.02  0.47  

5  1195.24  241.99  251.37  
   -0.41  0.67  0.62  
   -0.22  0.58  -0.78  
   -0.88  -0.46  -0.09  

6  1355.97  294.68  418.80  
   0.75  -0.66  0.05  
   0.14  0.08  -0.99  
   0.65  0.74  0.15  

8  1201.04  -237.53  254.94  
   -0.51  -0.18  0.84  
   0.23  0.92  0.33  
   -0.83  0.36  -0.43  

9  1378.30  -288.88  419.25  
   0.78  0.60  0.20  
   -0.07  -0.23  0.97  
   0.63  -0.77  -0.14  

7  1147.46  -174.58  -30.36  
   0.63  0.64  0.44  
   -0.77  0.52  0.36  
   -0.00  -0.57  0.82  

2  856.36  -40.63  573.73  
   0.56  -0.83  0.01  
   0.82  0.56  0.07  
   -0.06  -0.03  1.00  

4  1151.04  155.82  -15.18  
   0.80  -0.51  0.31  
   0.60  0.65  -0.48  
   0.04  0.57  0.82  

3  1267.57  -9.82  25.00  
   -0.46  0.06  -0.88  
   -0.05  -1.00  -0.04  
   -0.88  0.02  0.47  

5  1209.97  242.89  248.25  
   -0.47  0.66  0.59  
   -0.23  0.56  -0.80  
   -0.85  -0.51  -0.11  

6  1379.64  294.23  399.16  
   0.79  -0.61  0.04  
   0.13  0.10  -0.99  
   0.60  0.78  0.16  

8  1214.88  -233.96  254.05  
   -0.57  -0.16  0.81  
   0.22  0.92  0.34  
   -0.79  0.37  -0.48  

9  1401.96  -280.84  403.62  
   0.81  0.55  0.18  
   -0.06  -0.23  0.97  
   0.58  -0.80  -0.15  

7  1147.02  -174.13  -31.25  
   0.64  0.63  0.44  
   -0.77  0.53  0.35  
   -0.01  -0.57  0.82  

2  856.36  -40.63  573.73  
   0.56  -0.83  0.01  
   0.82  0.56  0.07  
   -0.06  -0.03  1.00  

3  1266.23  -10.72  25.00  
   -0.46  0.05  -0.89  
   -0.04  -1.00  -0.04  
   -0.89  0.02  0.46  

4  1150.59  155.82  -15.63  
   0.81  -0.50  0.32  
   0.59  0.65  -0.48  
   0.03  0.57  0.82  

5  1225.15  243.33  239.76  
   -0.54  0.62  0.57  
   -0.24  0.54  -0.81  
   -0.81  -0.57  -0.14  

6  1405.09  294.68  375.94  
   0.84  -0.55  0.03  
   0.13  0.13  -0.98  
   0.53  0.83  0.18  

7  1145.68  -174.13  -32.59  
   0.64  0.62  0.45  
   -0.77  0.54  0.35  
   -0.02  -0.57  0.82  

9  1427.86  -282.62  380.40  
   0.86  0.49  0.16  
   -0.07  -0.21  0.98  
   0.51  -0.85  -0.15  

8  1234.08  -234.85  247.35  
   -0.63  -0.14  0.76  
   0.22  0.91  0.35  
   -0.74  0.39  -0.54  

2  856.36  -40.63  573.73  
   0.56  -0.83  0.01  
   0.82  0.56  0.06  
   -0.06  -0.03  1.00  

4  1151.04  154.93  -18.75  
   0.82  -0.48  0.32  
   0.58  0.67  -0.47  
   0.01  0.57  0.82  

3  1265.78  -11.16  25.00  
   -0.46  0.05  -0.89  
   -0.04  -1.00  -0.03  
   -0.89  0.03  0.46  

5  1244.35  246.01  228.60  
   -0.61  0.57  0.54  
   -0.25  0.52  -0.82  
   -0.75  -0.64  -0.18  

6  1435.00  291.11  346.47  
   0.89  -0.46  0.03  
   0.11  0.16  -0.98  
   0.45  0.87  0.20  

7  1146.13  -173.68  -33.49  
   0.65  0.61  0.46  
   -0.76  0.55  0.34  
   -0.04  -0.57  0.82  

8  1256.41  -233.96  235.30  
   -0.71  -0.13  0.69  
   0.21  0.90  0.39  
   -0.67  0.42  -0.61  

9  1463.58  -275.03  343.79  
   0.91  0.40  0.12  
   -0.05  -0.19  0.98  
   0.42  -0.90  -0.15  

2  856.36  -40.63  573.73  
   0.56  -0.83  0.01  
   0.82  0.56  0.07  
   -0.06  -0.03  1.00  

3  1265.78  -10.72  25.45  
   -0.45  0.04  -0.89  
   -0.04  -1.00  -0.03  
   -0.89  0.03  0.46  

4  1151.48  154.93  -19.65  
   0.82  -0.47  0.32  
   0.57  0.68  -0.46  
   -0.00  0.56  0.83  

5  1261.32  245.57  215.21  
   -0.68  0.52  0.52  
   -0.25  0.49  -0.83  
   -0.69  -0.69  -0.20  

6  1457.33  291.11  312.54  
   0.92  -0.38  0.03  
   0.11  0.18  -0.98  
   0.37  0.91  0.21  

7  1145.68  -173.24  -35.27  
   0.65  0.60  0.46  
   -0.75  0.57  0.33  
   -0.06  -0.57  0.82  

8  1274.27  -230.83  223.24  
   -0.77  -0.11  0.62  
   0.20  0.89  0.41  
   -0.60  0.45  -0.66  

9  1489.92  -270.12  308.97  
   0.94  0.32  0.09  
   -0.04  -0.17  0.98  
   0.33  -0.93  -0.15  

2  856.36  -40.63  573.73  
   0.56  -0.83  0.01  
   0.82  0.56  0.07  
   -0.06  -0.03  1.00  

4  1151.93  153.59  -22.32  
   0.83  -0.45  0.33  
   0.56  0.70  -0.45  
   -0.02  0.56  0.83  

3  1265.34  -10.72  24.56  
   -0.45  0.04  -0.89  
   -0.04  -1.00  -0.02  
   -0.89  0.03  0.45  

6  1482.77  288.88  272.36  
   0.96  -0.29  0.04  
   0.10  0.20  -0.97  
   0.28  0.94  0.22  

5  1277.39  246.91  198.69  
   -0.74  0.46  0.49  
   -0.26  0.48  -0.84  
   -0.62  -0.75  -0.24  

8  1292.13  -229.05  204.49  
   -0.83  -0.09  0.55  
   0.19  0.88  0.43  
   -0.52  0.47  -0.72  

7  1145.23  -171.00  -36.17  
   0.67  0.58  0.47  
   -0.74  0.59  0.32  
   -0.09  -0.56  0.82  

9  1516.71  -262.53  266.10  
   0.97  0.23  0.05  
   -0.02  -0.16  0.99  
   0.23  -0.96  -0.15  

2  856.36  -40.63  573.73  
   0.56  -0.83  0.01  
   0.82  0.56  0.07  
   -0.06  -0.03  1.00  

4  1151.48  151.80  -25.00  
   0.84  -0.44  0.33  
   0.54  0.72  -0.44  
   -0.04  0.55  0.84  

3  1264.89  -10.72  24.11  
   -0.45  0.04  -0.89  
   -0.04  -1.00  -0.02  
   -0.89  0.03  0.45  

6  1498.40  286.64  234.40  
   0.98  -0.19  0.05  
   0.09  0.22  -0.97  
   0.18  0.96  0.23  

5  1290.79  243.33  185.74  
   -0.79  0.40  0.45  
   -0.25  0.46  -0.85  
   -0.55  -0.79  -0.26  

7  1144.79  -170.11  -39.74  
   0.68  0.56  0.47  
   -0.72  0.62  0.31  
   -0.12  -0.55  0.83  

8  1309.54  -223.69  188.86  
   -0.88  -0.07  0.47  
   0.17  0.87  0.46  
   -0.44  0.48  -0.76  

9  1539.03  -248.69  223.24  
   0.99  0.13  0.01  
   0.01  -0.14  0.99  
   0.13  -0.98  -0.14  

2  856.36  -40.63  573.73  
   0.56  -0.83  0.01  
   0.82  0.56  0.06  
   -0.06  -0.03  1.00  

3  1264.44  -10.72  23.22  
   -0.45  0.03  -0.89  
   -0.04  -1.00  -0.02  
   -0.89  0.03  0.45  

6  1515.81  278.16  189.31  
   0.99  -0.10  0.05  
   0.07  0.23  -0.97  
   0.08  0.97  0.24  

4  1151.48  150.91  -28.13  
   0.85  -0.42  0.33  
   0.53  0.74  -0.42  
   -0.07  0.53  0.84  

5  1301.95  243.33  168.77  
   -0.84  0.34  0.43  
   -0.25  0.45  -0.85  
   -0.49  -0.82  -0.29  

7  1144.79  -168.32  -42.86  
   0.69  0.54  0.48  
   -0.71  0.65  0.29  
   -0.15  -0.54  0.83  

8  1324.72  -218.33  170.56  
   -0.92  -0.05  0.39  
   0.15  0.87  0.47  
   -0.36  0.49  -0.79  

9  1556.89  -240.21  178.15  
   1.00  0.04  -0.02  
   0.02  -0.14  0.99  
   0.04  -0.99  -0.14  

3  1264.44  -9.82  22.77  
   -0.45  0.03  -0.89  
   -0.04  -1.00  -0.02  
   -0.89  0.03  0.45  

4  1151.04  150.47  -30.81  
   0.85  -0.40  0.33  
   0.51  0.76  -0.41  
   -0.09  0.52  0.85  

2  856.36  -40.63  573.73  
   0.56  -0.83  0.01  
   0.82  0.56  0.07  
   -0.06  -0.03  1.00  

5  1313.11  241.10  149.57  
   -0.87  0.28  0.40  
   -0.25  0.44  -0.86  
   -0.42  -0.85  -0.32  

6  1526.98  273.25  150.47  
   1.00  -0.01  0.06  
   0.06  0.24  -0.97  
   -0.00  0.97  0.24  

7  1144.34  -165.20  -45.99  
   0.70  0.53  0.48  
   -0.69  0.67  0.27  
   -0.18  -0.52  0.84  

8  1338.11  -210.74  148.68  
   -0.95  -0.02  0.31  
   0.14  0.87  0.47  
   -0.28  0.49  -0.83  

9  1570.29  -224.58  130.37  
   1.00  -0.06  -0.05  
   0.04  -0.15  0.99  
   -0.07  -0.99  -0.15  

2  856.36  -40.63  573.73  
   0.56  -0.83  0.01  
   0.82  0.56  0.07  
   -0.06  -0.03  1.00  

4  1150.59  148.68  -33.04  
   0.86  -0.38  0.33  
   0.49  0.78  -0.38  
   -0.12  0.49  0.86  

3  1264.44  -8.48  21.88  
   -0.44  0.03  -0.90  
   -0.04  -1.00  -0.02  
   -0.90  0.03  0.44  

5  1324.27  237.98  128.14  
   -0.91  0.21  0.36  
   -0.24  0.43  -0.87  
   -0.34  -0.88  -0.34  

8  1350.17  -206.72  126.80  
   -0.97  0.03  0.22  
   0.13  0.87  0.47  
   -0.18  0.49  -0.85  

6  1538.14  266.55  101.80  
   0.99  0.10  0.07  
   0.04  0.26  -0.97  
   -0.12  0.96  0.25  

7  1144.79  -162.97  -49.11  
   0.71  0.51  0.48  
   -0.67  0.70  0.24  
   -0.21  -0.50  0.84  

9  1579.22  -222.80  70.10  
   0.98  -0.18  -0.07  
   0.04  -0.15  0.99  
   -0.19  -0.97  -0.14  

2  856.36  -40.63  573.73  
   0.56  -0.83  0.01  
   0.82  0.56  0.06  
   -0.06  -0.03  1.00  

3  1264.44  -8.48  20.54  
   -0.44  0.03  -0.90  
   -0.04  -1.00  -0.01  
   -0.90  0.03  0.44  

4  1150.14  147.34  -37.50  
   0.87  -0.36  0.34  
   0.47  0.81  -0.36  
   -0.14  0.47  0.87  

5  1330.97  234.85  107.16  
   -0.93  0.15  0.33  
   -0.24  0.43  -0.87  
   -0.27  -0.89  -0.36  

6  1541.26  262.98  54.47  
   0.98  0.19  0.08  
   0.03  0.27  -0.96  
   -0.21  0.94  0.26  

7  1143.00  -160.73  -51.35  
   0.72  0.50  0.48  
   -0.65  0.72  0.23  
   -0.24  -0.48  0.85  

8  1358.21  -202.70  98.23  
   -0.99  0.07  0.13  
   0.13  0.87  0.48  
   -0.08  0.49  -0.87  

9  1583.23  -217.44  18.31  
   0.95  -0.30  -0.09  
   0.05  -0.15  0.99  
   -0.31  -0.94  -0.13  

2  856.36  -40.63  573.73  
   0.56  -0.83  0.01  
   0.82  0.56  0.06  
   -0.06  -0.03  1.00  

4  1149.70  143.77  -40.63  
   0.88  -0.34  0.34  
   0.45  0.83  -0.33  
   -0.17  0.44  0.88  

3  1264.44  -8.48  19.65  
   -0.44  0.03  -0.90  
   -0.04  -1.00  -0.01  
   -0.90  0.03  0.44  

5  1336.33  232.62  87.96  
   -0.95  0.08  0.30  
   -0.24  0.43  -0.87  
   -0.20  -0.90  -0.39  

6  1540.82  257.62  10.72  
   0.95  0.29  0.10  
   0.02  0.27  -0.96  
   -0.30  0.92  0.25  

8  1362.22  -200.03  74.12  
   -0.99  0.11  0.06  
   0.13  0.87  0.48  
   0.00  0.48  -0.88  

7  1143.00  -159.39  -52.69  
   0.73  0.49  0.49  
   -0.64  0.74  0.21  
   -0.26  -0.46  0.85  

9  1580.11  -210.74  -33.93  
   0.91  -0.40  -0.11  
   0.04  -0.17  0.98  
   -0.41  -0.90  -0.14  

2  856.36  -40.63  573.73  
   0.56  -0.83  0.01  
   0.82  0.56  0.06  
   -0.06  -0.03  1.00  

4  1148.36  141.98  -42.86  
   0.88  -0.32  0.34  
   0.42  0.85  -0.30  
   -0.19  0.41  0.89  

3  1264.00  -8.48  17.86  
   -0.44  0.03  -0.90  
   -0.05  -1.00  -0.01  
   -0.90  0.04  0.44  

6  1537.25  251.37  -37.06  
   0.91  0.39  0.11  
   0.01  0.26  -0.97  
   -0.41  0.88  0.23  

5  1339.90  227.71  68.31  
   -0.96  0.02  0.27  
   -0.24  0.44  -0.86  
   -0.14  -0.90  -0.42  

8  1367.14  -200.47  43.76  
   -0.98  0.17  -0.04  
   0.13  0.87  0.48  
   0.11  0.47  -0.88  

7  1141.21  -158.06  -54.47  
   0.73  0.47  0.49  
   -0.62  0.76  0.20  
   -0.27  -0.45  0.85  

9  1569.39  -209.40  -99.12  
   0.85  -0.52  -0.13  
   0.04  -0.18  0.98  
   -0.53  -0.84  -0.13  

2  856.36  -40.63  573.73  
   0.56  -0.83  0.01  
   0.82  0.56  0.06  
   -0.06  -0.03  1.00  

4  1147.46  139.30  -44.20  
   0.89  -0.30  0.35  
   0.40  0.87  -0.28  
   -0.22  0.39  0.89  

5  1342.58  225.92  47.33  
   -0.97  -0.05  0.25  
   -0.24  0.46  -0.86  
   -0.07  -0.89  -0.46  

3  1264.00  -8.04  16.07  
   -0.44  0.04  -0.90  
   -0.05  -1.00  -0.01  
   -0.90  0.04  0.44  

6  1530.55  246.91  -83.49  
   0.86  0.49  0.13  
   0.00  0.25  -0.97  
   -0.50  0.84  0.21  

8  1366.24  -197.79  18.31  
   -0.97  0.22  -0.12  
   0.14  0.87  0.48  
   0.21  0.45  -0.87  

9  1554.66  -210.29  -153.14  
   0.77  -0.62  -0.15  
   0.04  -0.18  0.98  
   -0.63  -0.76  -0.12  

7  1140.32  -155.82  -55.81  
   0.74  0.46  0.49  
   -0.61  0.77  0.20  
   -0.29  -0.45  0.85  

2  856.36  -41.08  573.73  
   0.56  -0.83  0.01  
   0.82  0.56  0.06  
   -0.06  -0.03  1.00  

5  1343.02  222.80  25.90  
   -0.97  -0.12  0.21  
   -0.24  0.46  -0.86  
   0.01  -0.88  -0.47  

6  1517.15  241.10  -126.80  
   0.80  0.58  0.14  
   0.00  0.23  -0.97  
   -0.59  0.78  0.19  

4  1145.23  136.62  -47.33  
   0.89  -0.27  0.36  
   0.37  0.89  -0.27  
   -0.24  0.37  0.90  

7  1138.09  -154.04  -57.60  
   0.75  0.44  0.49  
   -0.59  0.78  0.20  
   -0.30  -0.44  0.85  

3  1263.55  -8.48  15.63  
   -0.44  0.04  -0.90  
   -0.06  -1.00  -0.01  
   -0.90  0.04  0.44  

8  1361.78  -202.26  -10.72  
   -0.94  0.27  -0.20  
   0.15  0.86  0.48  
   0.30  0.43  -0.85  

9  1534.12  -214.31  -204.94  
   0.69  -0.71  -0.15  
   0.02  -0.19  0.98  
   -0.72  -0.68  -0.12  

3  1262.66  -8.48  13.84  
   -0.43  0.04  -0.90  
   -0.06  -1.00  -0.02  
   -0.90  0.05  0.44  

2  856.36  -40.63  573.73  
   0.56  -0.83  0.01  
   0.82  0.56  0.07  
   -0.06  -0.03  1.00  

5  1341.24  217.88  2.68  
   -0.97  -0.19  0.16  
   -0.23  0.46  -0.86  
   0.10  -0.87  -0.49  

4  1142.55  133.50  -48.67  
   0.90  -0.25  0.37  
   0.35  0.90  -0.25  
   -0.27  0.35  0.90  

7  1134.07  -151.80  -59.83  
   0.76  0.42  0.50  
   -0.58  0.79  0.21  
   -0.30  -0.45  0.84  

9  1509.12  -220.12  -250.48  
   0.61  -0.78  -0.16  
   0.00  -0.19  0.98  
   -0.79  -0.60  -0.11  

8  1356.87  -202.26  -29.91  
   -0.91  0.31  -0.26  
   0.16  0.86  0.48  
   0.37  0.40  -0.84  

6  1499.29  239.76  -170.56  
   0.73  0.66  0.15  
   0.01  0.22  -0.98  
   -0.68  0.72  0.16  

2  856.36  -40.63  573.73  
   0.56  -0.83  0.01  
   0.82  0.56  0.07  
   -0.06  -0.03  1.00  

4  1139.43  129.03  -50.90  
   0.90  -0.22  0.38  
   0.32  0.92  -0.24  
   -0.29  0.33  0.90  

3  1261.32  -9.38  12.06  
   -0.43  0.04  -0.90  
   -0.06  -1.00  -0.02  
   -0.90  0.05  0.44  

5  1337.22  215.21  -14.29  
   -0.96  -0.26  0.11  
   -0.22  0.46  -0.86  
   0.17  -0.85  -0.50  

8  1349.72  -204.94  -53.58  
   -0.87  0.36  -0.32  
   0.17  0.85  0.49  
   0.45  0.38  -0.81  

7  1130.94  -150.47  -60.72  
   0.77  0.40  0.50  
   -0.56  0.80  0.22  
   -0.31  -0.45  0.84  

6  1480.99  233.51  -209.85  
   0.66  0.74  0.16  
   0.00  0.21  -0.98  
   -0.75  0.64  0.14  

9  1485.01  -228.60  -287.98  
   0.53  -0.84  -0.15  
   -0.02  -0.19  0.98  
   -0.85  -0.51  -0.11  

2  856.36  -40.63  573.73  
   0.56  -0.83  0.01  
   0.82  0.56  0.07  
   -0.06  -0.03  1.00  

3  1259.53  -10.72  11.16  
   -0.43  0.05  -0.90  
   -0.06  -1.00  -0.02  
   -0.90  0.05  0.44  

4  1136.30  125.91  -51.79  
   0.90  -0.20  0.39  
   0.30  0.93  -0.23  
   -0.32  0.32  0.89  

7  1126.93  -148.68  -61.61  
   0.77  0.38  0.51  
   -0.55  0.80  0.24  
   -0.32  -0.46  0.83  

6  1460.90  230.39  -243.78  
   0.58  0.80  0.17  
   -0.00  0.21  -0.98  
   -0.82  0.57  0.12  

5  1331.86  213.42  -35.72  
   -0.94  -0.33  0.07  
   -0.22  0.45  -0.87  
   0.25  -0.83  -0.49  

8  1343.47  -206.72  -69.65  
   -0.83  0.41  -0.37  
   0.19  0.84  0.52  
   0.52  0.36  -0.77  

9  1455.99  -229.94  -319.24  
   0.45  -0.88  -0.15  
   -0.02  -0.18  0.98  
   -0.90  -0.43  -0.10  

2  856.36  -40.63  573.73  
   0.56  -0.83  0.01  
   0.82  0.56  0.07  
   -0.06  -0.03  1.00  

3  1257.75  -9.82  11.16  
   -0.43  0.06  -0.90  
   -0.07  -1.00  -0.03  
   -0.90  0.05  0.44  

4  1131.84  121.89  -54.92  
   0.90  -0.17  0.41  
   0.28  0.94  -0.21  
   -0.34  0.30  0.89  

5  1324.72  212.53  -54.92  
   -0.92  -0.39  0.04  
   -0.22  0.44  -0.87  
   0.32  -0.81  -0.49  

8  1333.20  -211.19  -91.53  
   -0.79  0.46  -0.41  
   0.20  0.82  0.53  
   0.59  0.33  -0.74  

6  1437.23  225.47  -276.82  
   0.50  0.85  0.17  
   -0.01  0.20  -0.98  
   -0.87  0.49  0.11  

7  1123.80  -146.00  -62.51  
   0.78  0.36  0.51  
   -0.54  0.81  0.25  
   -0.32  -0.46  0.82  

9  1430.98  -233.96  -349.15  
   0.36  -0.92  -0.15  
   -0.03  -0.17  0.98  
   -0.93  -0.35  -0.09  

4  1128.27  118.32  -55.81  
   0.89  -0.15  0.42  
   0.26  0.94  -0.20  
   -0.37  0.29  0.88  

5  1316.68  211.63  -72.78  
   -0.89  -0.45  0.01  
   -0.22  0.43  -0.87  
   0.39  -0.78  -0.49  

3  1255.51  -11.61  9.82  
   -0.43  0.06  -0.90  
   -0.07  -1.00  -0.04  
   -0.90  0.04  0.44  

2  856.36  -40.63  573.73  
   0.56  -0.83  0.01  
   0.82  0.56  0.07  
   -0.06  -0.03  1.00  

6  1409.55  220.56  -310.31  
   0.41  0.90  0.17  
   -0.02  0.20  -0.98  
   -0.91  0.40  0.10  

9  1397.05  -237.98  -378.17  
   0.27  -0.95  -0.14  
   -0.04  -0.15  0.99  
   -0.96  -0.26  -0.08  

8  1321.59  -213.42  -111.17  
   -0.73  0.50  -0.46  
   0.21  0.81  0.55  
   0.65  0.30  -0.70  

7  1119.34  -143.77  -63.40  
   0.79  0.34  0.51  
   -0.52  0.81  0.25  
   -0.33  -0.47  0.82  

2  856.36  -40.63  573.73  
   0.56  -0.83  0.01  
   0.82  0.56  0.07  
   -0.06  -0.03  1.00  

4  1123.35  115.64  -56.26  
   0.89  -0.13  0.44  
   0.24  0.95  -0.19  
   -0.39  0.27  0.88  

3  1253.28  -10.27  9.38  
   -0.44  0.08  -0.89  
   -0.07  -1.00  -0.05  
   -0.90  0.04  0.44  

5  1305.07  209.40  -89.30  
   -0.86  -0.51  -0.02  
   -0.23  0.42  -0.88  
   0.46  -0.75  -0.47  

6  1380.08  218.33  -336.65  
   0.32  0.93  0.18  
   -0.03  0.20  -0.98  
   -0.95  0.31  0.09  

9  1361.33  -238.42  -403.18  
   0.18  -0.98  -0.12  
   -0.03  -0.13  0.99  
   -0.98  -0.17  -0.05  

8  1308.20  -214.76  -128.14  
   -0.67  0.56  -0.49  
   0.23  0.78  0.58  
   0.71  0.27  -0.65  

7  1114.43  -140.64  -65.19  
   0.79  0.33  0.51  
   -0.51  0.82  0.25  
   -0.34  -0.46  0.82  

2  856.36  -41.08  573.73  
   0.56  -0.83  0.01  
   0.82  0.56  0.07  
   -0.06  -0.03  1.00  

3  1251.05  -10.27  9.82  
   -0.44  0.09  -0.89  
   -0.07  -1.00  -0.06  
   -0.89  0.03  0.45  

5  1293.02  208.51  -109.39  
   -0.81  -0.59  -0.05  
   -0.23  0.39  -0.89  
   0.54  -0.71  -0.45  

4  1119.34  112.96  -57.15  
   0.88  -0.12  0.46  
   0.22  0.96  -0.17  
   -0.42  0.25  0.87  

6  1344.81  215.65  -363.88  
   0.22  0.96  0.20  
   -0.04  0.21  -0.98  
   -0.98  0.20  0.09  

7  1109.96  -137.07  -66.08  
   0.79  0.33  0.51  
   -0.51  0.83  0.25  
   -0.34  -0.45  0.82  

9  1318.91  -245.57  -427.73  
   0.06  -0.99  -0.09  
   -0.04  -0.09  0.99  
   -1.00  -0.06  -0.04  

8  1290.79  -221.90  -146.89  
   -0.58  0.62  -0.52  
   0.26  0.75  0.61  
   0.77  0.22  -0.60  

2  856.36  -40.63  573.73  
   0.56  -0.83  0.01  
   0.82  0.56  0.07  
   -0.06  -0.03  1.00  

4  1113.53  111.17  -58.04  
   0.86  -0.11  0.49  
   0.21  0.97  -0.15  
   -0.46  0.23  0.86  

3  1250.16  -9.38  7.14  
   -0.45  0.10  -0.89  
   -0.07  -0.99  -0.08  
   -0.89  0.03  0.46  

5  1278.73  211.63  -123.68  
   -0.75  -0.66  -0.05  
   -0.25  0.36  -0.90  
   0.61  -0.66  -0.44  

6  1309.09  214.76  -387.10  
   0.10  0.97  0.22  
   -0.05  0.23  -0.97  
   -0.99  0.09  0.08  

9  1274.27  -253.16  -445.14  
   -0.05  -1.00  -0.05  
   -0.03  -0.05  1.00  
   -1.00  0.05  -0.03  

8  1272.48  -225.03  -161.63  
   -0.50  0.68  -0.53  
   0.28  0.71  0.64  
   0.82  0.18  -0.55  

7  1103.71  -133.05  -66.53  
   0.79  0.34  0.51  
   -0.51  0.83  0.24  
   -0.34  -0.45  0.83  

2  856.36  -40.63  573.73  
   0.56  -0.83  0.01  
   0.82  0.56  0.07  
   -0.06  -0.03  1.00  

3  1248.37  -7.59  6.70  
   -0.46  0.10  -0.88  
   -0.07  -0.99  -0.08  
   -0.89  0.02  0.46  

4  1107.28  107.60  -59.38  
   0.85  -0.12  0.51  
   0.21  0.97  -0.12  
   -0.49  0.21  0.85  

5  1260.87  215.21  -136.18  
   -0.69  -0.72  -0.05  
   -0.28  0.33  -0.90  
   0.66  -0.61  -0.43  

6  1269.80  214.31  -406.75  
   -0.00  0.97  0.25  
   -0.08  0.24  -0.97  
   -1.00  -0.02  0.07  

7  1099.24  -130.37  -65.19  
   0.79  0.35  0.51  
   -0.51  0.82  0.24  
   -0.33  -0.45  0.83  

8  1255.96  -231.28  -174.13  
   -0.42  0.74  -0.53  
   0.31  0.67  0.68  
   0.85  0.12  -0.51  

9  1231.40  -262.53  -456.31  
   -0.16  -0.99  -0.02  
   -0.03  -0.01  1.00  
   -0.99  0.16  -0.02  

2  856.36  -40.63  573.73  
   0.56  -0.83  0.01  
   0.82  0.56  0.07  
   -0.06  -0.03  1.00  

4  1103.71  105.82  -59.38  
   0.83  -0.12  0.54  
   0.21  0.97  -0.10  
   -0.52  0.20  0.83  

5  1245.24  223.24  -149.57  
   -0.62  -0.79  -0.03  
   -0.32  0.29  -0.90  
   0.72  -0.55  -0.42  

3  1247.48  -7.59  4.02  
   -0.48  0.10  -0.87  
   -0.06  -0.99  -0.09  
   -0.87  0.01  0.49  

6  1228.72  219.67  -418.36  
   -0.11  0.96  0.26  
   -0.09  0.25  -0.96  
   -0.99  -0.13  0.06  

7  1094.33  -126.36  -65.63  
   0.78  0.36  0.51  
   -0.53  0.82  0.23  
   -0.34  -0.45  0.83  

8  1236.76  -240.66  -184.40  
   -0.33  0.78  -0.53  
   0.35  0.63  0.70  
   0.88  0.05  -0.48  

9  1188.54  -267.00  -464.34  
   -0.27  -0.96  0.02  
   -0.01  0.02  1.00  
   -0.96  0.27  -0.02  

2  856.36  -40.63  573.73  
   0.56  -0.83  0.01  
   0.82  0.56  0.07  
   -0.06  -0.03  1.00  

4  1098.80  103.58  -59.38  
   0.81  -0.13  0.58  
   0.21  0.97  -0.08  
   -0.55  0.19  0.81  

5  1228.28  227.71  -156.72  
   -0.54  -0.84  -0.03  
   -0.35  0.26  -0.90  
   0.76  -0.48  -0.44  

3  1245.69  -7.59  3.13  
   -0.51  0.09  -0.86  
   -0.04  -1.00  -0.08  
   -0.86  -0.01  0.51  

6  1191.67  228.60  -423.71  
   -0.21  0.94  0.27  
   -0.09  0.26  -0.96  
   -0.97  -0.23  0.03  

7  1088.08  -122.78  -66.08  
   0.76  0.38  0.53  
   -0.55  0.80  0.22  
   -0.34  -0.46  0.82  

9  1147.02  -274.59  -464.79  
   -0.36  -0.93  0.04  
   0.02  0.04  1.00  
   -0.93  0.36  0.00  

8  1218.46  -247.80  -190.20  
   -0.25  0.82  -0.52  
   0.38  0.58  0.72  
   0.89  -0.02  -0.45  

2  856.36  -40.63  573.73  
   0.56  -0.83  0.01  
   0.82  0.56  0.07  
   -0.06  -0.03  1.00  

3  1243.91  -10.27  0.00  
   -0.53  0.09  -0.84  
   -0.04  -1.00  -0.08  
   -0.85  -0.01  0.53  

4  1093.44  100.01  -60.72  
   0.78  -0.15  0.61  
   0.22  0.97  -0.05  
   -0.59  0.18  0.79  

6  1154.16  234.40  -430.41  
   -0.30  0.91  0.28  
   -0.09  0.27  -0.96  
   -0.95  -0.32  -0.00  

5  1209.53  231.73  -166.54  
   -0.46  -0.89  -0.02  
   -0.39  0.22  -0.89  
   0.80  -0.40  -0.45  

8  1202.83  -256.28  -196.01  
   -0.19  0.84  -0.50  
   0.40  0.53  0.75  
   0.90  -0.06  -0.44  

7  1083.62  -120.55  -66.08  
   0.75  0.39  0.54  
   -0.57  0.79  0.22  
   -0.34  -0.47  0.81  

9  1116.66  -279.95  -465.68  
   -0.42  -0.90  0.07  
   0.03  0.06  1.00  
   -0.90  0.43  0.00  

2  856.36  -40.63  573.73  
   0.56  -0.83  0.01  
   0.82  0.56  0.07  
   -0.06  -0.03  1.00  

3  1243.01  -9.82  -2.23  
   -0.55  0.09  -0.83  
   -0.03  -1.00  -0.08  
   -0.84  -0.02  0.55  

5  1190.77  233.51  -174.58  
   -0.38  -0.92  -0.01  
   -0.41  0.19  -0.89  
   0.83  -0.33  -0.45  

4  1087.19  95.55  -62.06  
   0.74  -0.16  0.65  
   0.23  0.97  -0.02  
   -0.63  0.16  0.76  

6  1115.76  234.85  -435.32  
   -0.39  0.87  0.29  
   -0.10  0.28  -0.96  
   -0.91  -0.40  -0.02  

7  1079.15  -118.76  -66.08  
   0.73  0.40  0.55  
   -0.59  0.78  0.21  
   -0.34  -0.48  0.81  

8  1191.67  -259.41  -198.69  
   -0.14  0.86  -0.49  
   0.42  0.50  0.76  
   0.90  -0.10  -0.43  

9  1095.67  -283.96  -462.11  
   -0.47  -0.88  0.08  
   0.03  0.07  1.00  
   -0.88  0.47  -0.01  

2  856.36  -40.63  573.73  
   0.56  -0.83  0.01  
   0.82  0.56  0.07  
   -0.06  -0.03  1.00  

3  1240.78  -10.72  -5.36  
   -0.56  0.09  -0.82  
   -0.03  -1.00  -0.09  
   -0.83  -0.02  0.56  

4  1082.72  92.87  -62.06  
   0.70  -0.19  0.69  
   0.24  0.97  0.02  
   -0.67  0.15  0.73  

6  1081.83  230.83  -437.11  
   -0.46  0.83  0.31  
   -0.12  0.29  -0.95  
   -0.88  -0.48  -0.03  

5  1172.91  234.85  -180.38  
   -0.31  -0.95  -0.00  
   -0.43  0.14  -0.89  
   0.85  -0.27  -0.45  

8  1180.95  -261.64  -200.92  
   -0.10  0.87  -0.49  
   0.44  0.48  0.76  
   0.89  -0.13  -0.43  

7  1075.58  -117.43  -67.42  
   0.72  0.40  0.56  
   -0.59  0.78  0.21  
   -0.35  -0.49  0.80  

9  1077.37  -292.00  -461.22  
   -0.50  -0.86  0.08  
   0.02  0.08  1.00  
   -0.87  0.50  -0.02  

2  856.36  -40.63  573.73  
   0.56  -0.83  0.01  
   0.82  0.56  0.07  
   -0.06  -0.03  1.00  

3  1239.44  -10.72  -7.14  
   -0.57  0.09  -0.82  
   -0.04  -1.00  -0.09  
   -0.82  -0.02  0.57  

4  1076.47  90.64  -64.29  
   0.67  -0.20  0.72  
   0.24  0.97  0.05  
   -0.71  0.14  0.69  

5  1156.39  236.64  -187.52  
   -0.23  -0.97  0.01  
   -0.43  0.10  -0.90  
   0.87  -0.21  -0.44  

8  1172.91  -264.32  -199.58  
   -0.07  0.87  -0.49  
   0.46  0.46  0.76  
   0.88  -0.17  -0.43  

7  1072.01  -114.30  -67.87  
   0.71  0.40  0.57  
   -0.60  0.77  0.21  
   -0.36  -0.50  0.79  

9  1061.74  -300.48  -456.31  
   -0.53  -0.85  0.06  
   0.00  0.06  1.00  
   -0.85  0.53  -0.03  

6  1051.47  226.37  -436.22  
   -0.52  0.79  0.32  
   -0.15  0.28  -0.95  
   -0.84  -0.55  -0.03  

5  1139.43  237.53  -194.22  
   -0.16  -0.99  0.02  
   -0.44  0.05  -0.90  
   0.89  -0.15  -0.44  

2  856.36  -41.08  573.73  
   0.56  -0.83  0.01  
   0.82  0.56  0.07  
   -0.06  -0.03  1.00  

4  1072.90  87.96  -64.74  
   0.63  -0.21  0.75  
   0.24  0.97  0.07  
   -0.74  0.14  0.66  

3  1235.87  -11.61  -8.48  
   -0.58  0.09  -0.81  
   -0.04  -1.00  -0.08  
   -0.82  -0.02  0.58  

6  1021.56  221.01  -433.98  
   -0.58  0.75  0.32  
   -0.19  0.26  -0.95  
   -0.79  -0.61  -0.01  

9  1046.11  -309.41  -451.84  
   -0.56  -0.83  0.04  
   -0.00  0.06  1.00  
   -0.83  0.56  -0.04  

7  1067.54  -114.30  -67.42  
   0.70  0.41  0.59  
   -0.62  0.76  0.21  
   -0.36  -0.51  0.78  

8  1164.88  -268.78  -199.58  
   -0.04  0.87  -0.49  
   0.48  0.44  0.76  
   0.88  -0.20  -0.44  

2  856.36  -41.08  573.73  
   0.56  -0.83  0.01  
   0.82  0.56  0.07  
   -0.06  -0.03  1.00  

3  1232.74  -13.39  -9.82  
   -0.59  0.08  -0.80  
   -0.04  -1.00  -0.07  
   -0.81  -0.01  0.59  

7  1062.63  -113.85  -66.97  
   0.69  0.41  0.60  
   -0.63  0.75  0.21  
   -0.36  -0.52  0.77  

5  1126.03  238.87  -195.56  
   -0.10  -0.99  0.04  
   -0.44  0.01  -0.90  
   0.89  -0.11  -0.44  

6  998.79  218.78  -429.07  
   -0.62  0.72  0.32  
   -0.21  0.24  -0.95  
   -0.76  -0.65  0.01  

4  1067.54  85.28  -66.08  
   0.60  -0.22  0.77  
   0.24  0.97  0.09  
   -0.76  0.14  0.63  

8  1153.72  -274.59  -196.45  
   -0.01  0.88  -0.48  
   0.50  0.42  0.76  
   0.87  -0.23  -0.44  

9  1027.81  -317.90  -446.04  
   -0.58  -0.81  0.05  
   -0.01  0.07  1.00  
   -0.81  0.58  -0.05  

2  856.36  -41.08  574.18  
   0.56  -0.83  0.01  
   0.82  0.56  0.07  
   -0.06  -0.03  1.00  

5  1114.43  241.55  -193.77  
   -0.06  -1.00  0.04  
   -0.46  -0.01  -0.89  
   0.89  -0.07  -0.46  

3  1230.06  -14.29  -11.61  
   -0.60  0.07  -0.80  
   -0.04  -1.00  -0.07  
   -0.80  -0.01  0.60  

6  981.82  223.24  -424.61  
   -0.64  0.70  0.31  
   -0.21  0.22  -0.95  
   -0.73  -0.68  0.01  

4  1063.97  83.94  -66.08  
   0.58  -0.23  0.78  
   0.25  0.96  0.10  
   -0.78  0.14  0.61  

8  1145.23  -279.50  -195.56  
   0.02  0.88  -0.48  
   0.51  0.41  0.76  
   0.86  -0.26  -0.44  

7  1057.72  -114.75  -66.53  
   0.67  0.42  0.61  
   -0.65  0.74  0.21  
   -0.36  -0.53  0.77  

9  1013.07  -325.93  -439.34  
   -0.61  -0.79  0.04  
   -0.02  0.06  1.00  
   -0.79  0.61  -0.05  

2  856.36  -40.63  573.73  
   0.56  -0.83  0.01  
   0.82  0.56  0.07  
   -0.06  -0.03  1.00  

3  1228.28  -16.97  -13.39  
   -0.61  0.07  -0.79  
   -0.03  -1.00  -0.06  
   -0.79  -0.01  0.61  

4  1061.74  83.05  -66.08  
   0.57  -0.23  0.79  
   0.26  0.96  0.10  
   -0.78  0.14  0.61  

5  1108.62  242.89  -192.88  
   -0.03  -1.00  0.03  
   -0.47  -0.01  -0.88  
   0.88  -0.04  -0.47  

7  1054.60  -116.98  -65.19  
   0.67  0.42  0.61  
   -0.65  0.73  0.21  
   -0.35  -0.54  0.76  

6  972.44  232.17  -419.25  
   -0.66  0.69  0.29  
   -0.19  0.22  -0.96  
   -0.72  -0.69  -0.01  

8  1138.54  -283.52  -193.77  
   0.04  0.88  -0.48  
   0.52  0.39  0.76  
   0.86  -0.27  -0.44  

9  1004.14  -329.51  -437.11  
   -0.62  -0.78  0.04  
   -0.01  0.06  1.00  
   -0.78  0.62  -0.05  

2  856.36  -40.63  573.73  
   0.56  -0.83  0.01  
   0.82  0.56  0.07  
   -0.06  -0.03  1.00  

3  1226.05  -17.41  -14.29  
   -0.61  0.06  -0.79  
   -0.03  -1.00  -0.05  
   -0.79  -0.01  0.61  

4  1059.06  81.71  -66.08  
   0.56  -0.23  0.79  
   0.26  0.96  0.10  
   -0.79  0.15  0.60  

8  1131.84  -285.30  -194.22  
   0.05  0.88  -0.47  
   0.52  0.38  0.77  
   0.85  -0.28  -0.44  

7  1051.92  -116.98  -64.29  
   0.67  0.42  0.61  
   -0.66  0.72  0.21  
   -0.36  -0.54  0.76  

5  1104.60  245.12  -191.99  
   -0.02  -1.00  0.03  
   -0.48  -0.02  -0.88  
   0.88  -0.03  -0.48  

6  964.41  233.96  -417.91  
   -0.68  0.68  0.28  
   -0.18  0.21  -0.96  
   -0.71  -0.70  -0.02  

9  994.77  -329.06  -435.77  
   -0.63  -0.78  0.05  
   -0.01  0.07  1.00  
   -0.78  0.63  -0.05  

2  856.36  -40.63  573.73  
   0.56  -0.83  0.01  
   0.82  0.56  0.06  
   -0.06  -0.03  1.00  

4  1055.94  80.81  -65.19  
   0.55  -0.24  0.80  
   0.26  0.96  0.11  
   -0.79  0.15  0.59  

3  1224.71  -18.31  -15.18  
   -0.62  0.06  -0.78  
   -0.03  -1.00  -0.05  
   -0.79  -0.01  0.62  

5  1100.14  242.89  -192.88  
   -0.00  -1.00  0.03  
   -0.48  -0.02  -0.88  
   0.88  -0.02  -0.48  

7  1049.68  -117.43  -63.40  
   0.67  0.42  0.62  
   -0.66  0.72  0.21  
   -0.36  -0.55  0.76  

9  989.86  -327.27  -435.32  
   -0.63  -0.77  0.06  
   0.00  0.07  1.00  
   -0.77  0.63  -0.04  

8  1127.37  -286.20  -194.22  
   0.06  0.88  -0.46  
   0.52  0.37  0.77  
   0.85  -0.29  -0.43  

6  958.60  230.39  -417.91  
   -0.68  0.67  0.28  
   -0.19  0.20  -0.96  
   -0.70  -0.71  -0.01  

2  856.36  -41.08  573.73  
   0.56  -0.83  0.01  
   0.82  0.56  0.06  
   -0.06  -0.03  1.00  

3  1222.92  -17.86  -15.18  
   -0.62  0.06  -0.78  
   -0.03  -1.00  -0.05  
   -0.78  -0.01  0.62  

6  952.35  229.94  -416.12  
   -0.69  0.67  0.29  
   -0.20  0.21  -0.96  
   -0.70  -0.71  -0.01  

5  1095.23  243.33  -192.43  
   0.01  -1.00  0.03  
   -0.47  -0.03  -0.88  
   0.88  -0.01  -0.47  

4  1053.70  81.26  -65.19  
   0.54  -0.25  0.80  
   0.26  0.96  0.12  
   -0.80  0.15  0.58  

7  1047.90  -116.53  -63.40  
   0.67  0.42  0.62  
   -0.65  0.73  0.21  
   -0.36  -0.55  0.76  

8  1124.25  -284.86  -195.56  
   0.07  0.89  -0.46  
   0.51  0.36  0.78  
   0.86  -0.29  -0.43  

9  986.28  -324.59  -436.22  
   -0.63  -0.77  0.06  
   0.01  0.07  1.00  
   -0.78  0.63  -0.04  

2  856.36  -41.08  573.73  
   0.56  -0.83  0.01  
   0.82  0.56  0.07  
   -0.06  -0.03  1.00  

3  1221.58  -17.41  -15.63  
   -0.62  0.06  -0.78  
   -0.03  -1.00  -0.05  
   -0.78  -0.01  0.62  

4  1051.92  81.26  -64.29  
   0.54  -0.25  0.81  
   0.27  0.96  0.12  
   -0.80  0.15  0.58  

5  1091.65  244.23  -190.65  
   0.02  -1.00  0.04  
   -0.48  -0.04  -0.88  
   0.88  -0.00  -0.48  

7  1046.11  -116.53  -63.40  
   0.67  0.42  0.62  
   -0.65  0.73  0.21  
   -0.36  -0.55  0.76  

6  946.55  231.28  -414.34  
   -0.69  0.66  0.29  
   -0.20  0.21  -0.96  
   -0.69  -0.72  -0.02  

8  1121.57  -284.86  -194.67  
   0.07  0.89  -0.45  
   0.51  0.36  0.78  
   0.86  -0.29  -0.43  

9  981.82  -323.25  -435.32  
   -0.63  -0.77  0.07  
   0.01  0.08  1.00  
   -0.77  0.63  -0.04  

2  856.36  -41.08  573.73  
   0.56  -0.83  0.01  
   0.82  0.56  0.06  
   -0.06  -0.03  1.00  

3  1220.24  -17.86  -15.63  
   -0.62  0.06  -0.78  
   -0.03  -1.00  -0.05  
   -0.78  -0.01  0.63  

5  1088.98  244.67  -190.65  
   0.02  -1.00  0.04  
   -0.48  -0.04  -0.88  
   0.88  0.00  -0.48  

4  1050.13  80.37  -63.85  
   0.53  -0.25  0.81  
   0.27  0.96  0.12  
   -0.80  0.15  0.57  

7  1043.88  -116.53  -62.51  
   0.66  0.42  0.62  
   -0.65  0.73  0.21  
   -0.37  -0.55  0.75  

8  1117.55  -285.30  -194.67  
   0.08  0.89  -0.45  
   0.51  0.35  0.78  
   0.85  -0.29  -0.43  

6  944.31  231.73  -413.00  
   -0.69  0.66  0.29  
   -0.20  0.21  -0.96  
   -0.69  -0.72  -0.02  

9  977.35  -323.70  -434.43  
   -0.64  -0.77  0.07  
   0.02  0.08  1.00  
   -0.77  0.64  -0.04  

2  856.36  -40.63  573.73  
   0.56  -0.83  0.01  
   0.82  0.56  0.06  
   -0.06  -0.03  1.00  

5  1087.19  244.67  -190.20  
   0.03  -1.00  0.04  
   -0.48  -0.05  -0.87  
   0.88  0.00  -0.48  

4  1048.79  80.81  -63.85  
   0.53  -0.25  0.81  
   0.27  0.96  0.12  
   -0.81  0.15  0.57  

3  1218.90  -17.41  -16.07  
   -0.63  0.06  -0.78  
   -0.03  -1.00  -0.05  
   -0.78  -0.01  0.63  

6  942.53  231.28  -412.55  
   -0.69  0.66  0.30  
   -0.20  0.22  -0.95  
   -0.69  -0.72  -0.02  

7  1042.54  -116.09  -61.61  
   0.66  0.42  0.62  
   -0.65  0.73  0.21  
   -0.37  -0.55  0.75  

8  1115.32  -284.86  -194.22  
   0.08  0.89  -0.45  
   0.51  0.35  0.78  
   0.85  -0.30  -0.43  

9  974.23  -322.81  -433.54  
   -0.64  -0.77  0.08  
   0.02  0.08  1.00  
   -0.77  0.64  -0.04  

2  856.36  -40.63  573.73  
   0.56  -0.83  0.01  
   0.82  0.56  0.06  
   -0.06  -0.03  1.00  

3  1218.46  -17.86  -15.63  
   -0.63  0.06  -0.78  
   -0.03  -1.00  -0.05  
   -0.78  -0.01  0.63  

4  1048.35  80.81  -63.85  
   0.53  -0.25  0.81  
   0.27  0.96  0.12  
   -0.80  0.15  0.58  

5  1088.08  244.23  -190.20  
   0.01  -1.00  0.04  
   -0.48  -0.04  -0.88  
   0.88  -0.01  -0.48  

6  951.01  229.05  -415.23  
   -0.67  0.68  0.31  
   -0.20  0.23  -0.95  
   -0.71  -0.70  -0.02  

9  976.91  -319.68  -436.22  
   -0.63  -0.77  0.08  
   0.03  0.08  1.00  
   -0.77  0.63  -0.03  

8  1115.76  -284.41  -194.22  
   0.08  0.89  -0.45  
   0.51  0.35  0.79  
   0.86  -0.29  -0.42  

7  1042.09  -116.53  -61.61  
   0.66  0.42  0.63  
   -0.65  0.73  0.21  
   -0.37  -0.55  0.75  

2  856.36  -40.63  573.73  
   0.56  -0.83  0.01  
   0.82  0.56  0.06  
   -0.06  -0.03  1.00  

4  1049.68  82.15  -64.29  
   0.56  -0.26  0.79  
   0.27  0.95  0.12  
   -0.78  0.15  0.60  

3  1218.01  -17.86  -15.63  
   -0.62  0.06  -0.78  
   -0.03  -1.00  -0.05  
   -0.78  -0.01  0.62  

5  1098.35  244.23  -190.20  
   -0.03  -1.00  0.07  
   -0.48  -0.05  -0.87  
   0.88  -0.06  -0.48  

6  972.44  228.60  -421.93  
   -0.62  0.71  0.33  
   -0.20  0.26  -0.94  
   -0.76  -0.65  -0.02  

7  1042.99  -115.64  -62.06  
   0.66  0.42  0.62  
   -0.65  0.73  0.20  
   -0.37  -0.54  0.76  

9  995.21  -309.41  -444.25  
   -0.60  -0.80  0.09  
   0.04  0.08  1.00  
   -0.80  0.60  -0.02  

8  1121.12  -279.95  -198.24  
   0.05  0.90  -0.44  
   0.49  0.36  0.79  
   0.87  -0.26  -0.42  

2  856.36  -40.63  573.73  
   0.56  -0.83  0.01  
   0.82  0.56  0.07  
   -0.06  -0.03  1.00  

4  1053.70  83.05  -65.63  
   0.59  -0.27  0.76  
   0.27  0.95  0.12  
   -0.76  0.14  0.63  

3  1220.69  -17.41  -12.95  
   -0.61  0.06  -0.79  
   -0.03  -1.00  -0.05  
   -0.79  -0.01  0.61  

5  1110.85  241.99  -191.10  
   -0.10  -0.99  0.09  
   -0.48  -0.03  -0.88  
   0.87  -0.13  -0.47  

6  1000.57  225.92  -431.75  
   -0.56  0.75  0.34  
   -0.20  0.28  -0.94  
   -0.80  -0.60  -0.01  

9  1015.75  -302.72  -451.40  
   -0.55  -0.83  0.10  
   0.04  0.09  0.99  
   -0.83  0.55  -0.01  

7  1047.01  -116.53  -63.85  
   0.67  0.43  0.61  
   -0.65  0.74  0.19  
   -0.37  -0.52  0.77  

8  1132.73  -275.93  -199.13  
   0.01  0.90  -0.43  
   0.47  0.38  0.80  
   0.88  -0.21  -0.42  

2  856.36  -40.63  573.73  
   0.56  -0.83  0.01  
   0.82  0.56  0.07  
   -0.06  -0.03  1.00  

5  1125.14  241.10  -187.52  
   -0.16  -0.98  0.12  
   -0.47  -0.03  -0.88  
   0.87  -0.19  -0.46  

4  1059.06  84.83  -66.08  
   0.61  -0.27  0.74  
   0.27  0.95  0.12  
   -0.74  0.13  0.66  

3  1223.37  -17.41  -11.16  
   -0.59  0.06  -0.80  
   -0.03  -1.00  -0.05  
   -0.80  -0.01  0.59  

6  1029.59  224.14  -437.11  
   -0.50  0.79  0.36  
   -0.20  0.30  -0.93  
   -0.85  -0.53  0.01  

7  1051.47  -116.09  -64.74  
   0.67  0.43  0.60  
   -0.64  0.75  0.18  
   -0.37  -0.51  0.78  

8  1145.23  -272.80  -199.58  
   -0.04  0.90  -0.43  
   0.46  0.40  0.79  
   0.89  -0.17  -0.43  

9  1041.65  -296.91  -458.09  
   -0.51  -0.86  0.10  
   0.04  0.08  1.00  
   -0.86  0.51  -0.00  

2  856.36  -40.63  573.73  
   0.56  -0.83  0.01  
   0.82  0.56  0.07  
   -0.06  -0.03  1.00  

4  1063.53  86.62  -66.08  
   0.64  -0.27  0.72  
   0.27  0.96  0.12  
   -0.72  0.12  0.68  

5  1138.54  240.66  -185.29  
   -0.21  -0.97  0.13  
   -0.47  -0.01  -0.88  
   0.86  -0.25  -0.45  

3  1225.60  -15.63  -9.82  
   -0.58  0.06  -0.81  
   -0.03  -1.00  -0.06  
   -0.81  -0.01  0.58  

6  1056.83  225.47  -439.79  
   -0.44  0.82  0.36  
   -0.19  0.31  -0.93  
   -0.88  -0.48  0.02  

8  1159.07  -268.34  -196.45  
   -0.09  0.90  -0.43  
   0.44  0.42  0.79  
   0.89  -0.12  -0.44  

7  1055.94  -116.53  -64.74  
   0.67  0.44  0.59  
   -0.64  0.75  0.18  
   -0.36  -0.50  0.78  

9  1066.65  -291.11  -460.33  
   -0.46  -0.88  0.10  
   0.05  0.09  0.99  
   -0.89  0.46  0.01  

2  855.91  -40.63  573.73  
   0.56  -0.83  0.01  
   0.82  0.56  0.07  
   -0.06  -0.03  1.00  

4  1066.65  88.40  -66.53  
   0.66  -0.27  0.70  
   0.27  0.96  0.11  
   -0.70  0.12  0.70  

3  1228.28  -14.29  -8.04  
   -0.57  0.07  -0.82  
   -0.03  -1.00  -0.06  
   -0.82  -0.01  0.57  

5  1151.48  240.66  -180.83  
   -0.27  -0.95  0.14  
   -0.47  0.01  -0.88  
   0.84  -0.30  -0.45  

7  1059.95  -117.87  -65.63  
   0.68  0.44  0.59  
   -0.63  0.75  0.18  
   -0.36  -0.49  0.79  

8  1175.59  -265.21  -192.43  
   -0.16  0.89  -0.43  
   0.43  0.45  0.78  
   0.89  -0.06  -0.45  

6  1084.06  227.26  -439.79  
   -0.38  0.85  0.36  
   -0.18  0.31  -0.93  
   -0.91  -0.42  0.03  

9  1097.46  -286.20  -463.90  
   -0.41  -0.91  0.09  
   0.05  0.07  1.00  
   -0.91  0.41  0.02  

2  855.91  -40.63  573.73  
   0.56  -0.83  0.01  
   0.82  0.56  0.07  
   -0.06  -0.03  1.00  

4  1070.67  90.19  -66.08  
   0.68  -0.27  0.68  
   0.28  0.95  0.09  
   -0.67  0.13  0.73  

3  1230.51  -12.95  -7.14  
   -0.56  0.07  -0.82  
   -0.04  -1.00  -0.06  
   -0.83  -0.01  0.56  

5  1167.11  241.99  -175.91  
   -0.34  -0.93  0.15  
   -0.46  0.03  -0.89  
   0.82  -0.37  -0.44  

6  1114.43  228.60  -438.00  
   -0.32  0.88  0.35  
   -0.17  0.31  -0.93  
   -0.93  -0.35  0.05  

7  1065.31  -119.66  -66.08  
   0.69  0.43  0.58  
   -0.62  0.76  0.18  
   -0.36  -0.49  0.80  

8  1192.56  -259.41  -187.97  
   -0.23  0.87  -0.44  
   0.42  0.50  0.76  
   0.88  -0.01  -0.47  

9  1134.07  -282.18  -463.90  
   -0.34  -0.94  0.06  
   0.04  0.05  1.00  
   -0.94  0.34  0.02  

2  856.36  -40.63  573.73  
   0.56  -0.83  0.01  
   0.82  0.56  0.07  
   -0.06  -0.03  1.00  

3  1233.64  -11.61  -4.91  
   -0.56  0.08  -0.83  
   -0.04  -1.00  -0.07  
   -0.83  -0.01  0.56  

6  1148.36  230.39  -433.09  
   -0.24  0.91  0.34  
   -0.16  0.31  -0.94  
   -0.96  -0.27  0.07  

5  1182.74  241.10  -171.45  
   -0.41  -0.90  0.15  
   -0.45  0.06  -0.89  
   0.79  -0.43  -0.43  

4  1076.47  92.87  -66.08  
   0.71  -0.26  0.65  
   0.28  0.96  0.08  
   -0.64  0.13  0.75  

7  1070.22  -122.78  -67.42  
   0.70  0.42  0.57  
   -0.61  0.77  0.19  
   -0.36  -0.49  0.80  

9  1173.81  -277.71  -461.66  
   -0.25  -0.97  0.05  
   0.03  0.04  1.00  
   -0.97  0.26  0.02  

8  1210.87  -255.84  -182.61  
   -0.31  0.84  -0.44  
   0.41  0.53  0.74  
   0.86  0.05  -0.51  

2  856.36  -40.63  573.73  
   0.56  -0.83  0.01  
   0.82  0.56  0.07  
   -0.06  -0.03  1.00  

3  1235.87  -11.16  -3.57  
   -0.55  0.08  -0.83  
   -0.04  -1.00  -0.07  
   -0.83  -0.01  0.55  

4  1081.39  94.65  -66.53  
   0.73  -0.25  0.63  
   0.27  0.96  0.06  
   -0.62  0.13  0.77  

6  1184.97  229.05  -426.84  
   -0.16  0.93  0.32  
   -0.15  0.30  -0.94  
   -0.98  -0.20  0.09  

5  1198.81  239.76  -163.41  
   -0.48  -0.87  0.15  
   -0.44  0.09  -0.89  
   0.76  -0.49  -0.43  

7  1075.13  -124.12  -67.42  
   0.71  0.41  0.57  
   -0.60  0.77  0.20  
   -0.36  -0.49  0.80  

8  1228.72  -252.71  -171.90  
   -0.38  0.82  -0.43  
   0.40  0.57  0.72  
   0.83  0.11  -0.54  

9  1209.08  -276.82  -454.97  
   -0.17  -0.98  0.04  
   0.02  0.04  1.00  
   -0.99  0.17  0.01  

2  856.36  -41.08  573.73  
   0.56  -0.83  0.01  
   0.82  0.56  0.07  
   -0.06  -0.03  1.00  

3  1238.10  -11.61  -2.68  
   -0.55  0.08  -0.83  
   -0.04  -1.00  -0.07  
   -0.83  -0.00  0.55  

4  1086.74  96.44  -66.08  
   0.75  -0.23  0.62  
   0.27  0.96  0.04  
   -0.60  0.14  0.79  

5  1214.88  238.42  -154.93  
   -0.54  -0.82  0.16  
   -0.44  0.11  -0.89  
   0.72  -0.56  -0.42  

6  1217.12  230.83  -417.91  
   -0.08  0.95  0.32  
   -0.15  0.30  -0.94  
   -0.99  -0.12  0.12  

7  1079.60  -127.25  -66.97  
   0.72  0.40  0.57  
   -0.60  0.78  0.21  
   -0.36  -0.49  0.79  

9  1242.57  -276.82  -446.04  
   -0.09  -0.99  0.04  
   0.01  0.04  1.00  
   -1.00  0.09  0.01  

8  1244.35  -250.03  -162.97  
   -0.45  0.79  -0.42  
   0.38  0.59  0.71  
   0.80  0.16  -0.57  

2  856.36  -41.08  573.73  
   0.56  -0.83  0.01  
   0.82  0.56  0.06  
   -0.06  -0.03  1.00  

5  1232.74  237.08  -140.20  
   -0.62  -0.77  0.16  
   -0.42  0.15  -0.89  
   0.66  -0.62  -0.42  

3  1240.78  -12.06  -1.79  
   -0.55  0.08  -0.83  
   -0.05  -1.00  -0.07  
   -0.84  0.00  0.55  

4  1090.31  98.67  -65.63  
   0.77  -0.22  0.60  
   0.27  0.96  0.01  
   -0.58  0.15  0.80  

6  1253.73  229.94  -406.75  
   0.01  0.96  0.29  
   -0.14  0.29  -0.95  
   -0.99  -0.03  0.14  

7  1083.17  -130.37  -67.87  
   0.72  0.39  0.57  
   -0.60  0.77  0.21  
   -0.36  -0.49  0.79  

8  1255.96  -249.14  -152.70  
   -0.52  0.76  -0.39  
   0.38  0.62  0.69  
   0.77  0.21  -0.60  

9  1276.50  -276.37  -434.88  
   -0.01  -1.00  0.03  
   0.00  0.03  1.00  
   -1.00  0.01  0.00  

2  856.36  -40.63  573.73  
   0.56  -0.83  0.01  
   0.82  0.56  0.07  
   -0.06  -0.03  1.00  

3  1241.67  -12.06  -0.45  
   -0.54  0.08  -0.84  
   -0.05  -1.00  -0.07  
   -0.84  0.00  0.54  

4  1095.67  101.35  -65.19  
   0.79  -0.21  0.57  
   0.27  0.96  -0.02  
   -0.55  0.17  0.82  

5  1250.16  236.64  -125.02  
   -0.69  -0.71  0.16  
   -0.41  0.19  -0.89  
   0.60  -0.68  -0.42  

8  1271.59  -246.91  -136.62  
   -0.59  0.72  -0.36  
   0.36  0.64  0.67  
   0.72  0.27  -0.64  

7  1087.64  -132.16  -66.08  
   0.72  0.39  0.57  
   -0.60  0.77  0.22  
   -0.35  -0.50  0.79  

6  1293.02  229.05  -385.76  
   0.11  0.96  0.27  
   -0.14  0.28  -0.95  
   -0.98  0.07  0.16  

9  1314.90  -271.02  -414.78  
   0.09  -1.00  0.02  
   0.00  0.02  1.00  
   -1.00  -0.09  0.00  

2  856.36  -40.63  573.73  
   0.56  -0.83  0.01  
   0.82  0.56  0.07  
   -0.06  -0.03  1.00  

5  1265.34  235.74  -107.16  
   -0.76  -0.63  0.18  
   -0.39  0.23  -0.89  
   0.52  -0.75  -0.42  

4  1100.14  103.58  -64.29  
   0.81  -0.21  0.55  
   0.29  0.96  -0.06  
   -0.51  0.20  0.83  

3  1243.01  -12.95  0.00  
   -0.54  0.08  -0.84  
   -0.05  -1.00  -0.06  
   -0.84  0.01  0.54  

6  1332.76  229.05  -364.78  
   0.21  0.95  0.23  
   -0.14  0.27  -0.95  
   -0.97  0.17  0.19  

7  1092.10  -136.62  -66.08  
   0.72  0.39  0.57  
   -0.60  0.77  0.23  
   -0.34  -0.51  0.79  

8  1286.32  -246.46  -116.09  
   -0.68  0.66  -0.32  
   0.35  0.67  0.65  
   0.65  0.33  -0.69  

9  1355.53  -272.80  -389.33  
   0.20  -0.98  0.01  
   0.00  0.01  1.00  
   -0.98  -0.20  0.00  

2  856.36  -40.63  573.73  
   0.56  -0.83  0.01  
   0.82  0.56  0.06  
   -0.06  -0.03  1.00  

4  1104.60  108.50  -62.95  
   0.83  -0.21  0.52  
   0.30  0.95  -0.09  
   -0.48  0.23  0.85  

3  1245.24  -12.50  2.23  
   -0.53  0.08  -0.85  
   -0.05  -1.00  -0.06  
   -0.85  0.01  0.53  

5  1280.07  234.40  -85.28  
   -0.82  -0.54  0.19  
   -0.38  0.27  -0.88  
   0.42  -0.80  -0.43  

6  1372.49  228.60  -330.84  
   0.33  0.92  0.20  
   -0.13  0.26  -0.96  
   -0.93  0.29  0.21  

7  1097.01  -139.75  -65.19  
   0.73  0.38  0.57  
   -0.60  0.76  0.25  
   -0.34  -0.52  0.78  

8  1302.39  -242.89  -92.87  
   -0.75  0.60  -0.27  
   0.34  0.71  0.62  
   0.57  0.37  -0.74  

9  1397.50  -268.78  -356.29  
   0.31  -0.95  -0.01  
   -0.00  -0.01  1.00  
   -0.95  -0.31  -0.01  

2  856.36  -40.63  573.73  
   0.56  -0.83  0.01  
   0.82  0.56  0.07  
   -0.06  -0.03  1.00  

4  1110.41  111.62  -61.17  
   0.84  -0.21  0.50  
   0.31  0.94  -0.13  
   -0.45  0.26  0.85  

3  1246.58  -12.50  4.46  
   -0.52  0.08  -0.85  
   -0.05  -1.00  -0.06  
   -0.85  0.01  0.52  

8  1314.45  -236.19  -67.87  
   -0.82  0.53  -0.22  
   0.32  0.74  0.59  
   0.48  0.42  -0.77  

7  1101.48  -142.88  -64.74  
   0.73  0.39  0.57  
   -0.60  0.76  0.25  
   -0.33  -0.53  0.78  

6  1406.87  229.94  -294.68  
   0.44  0.88  0.18  
   -0.13  0.26  -0.96  
   -0.89  0.40  0.23  

5  1290.79  235.30  -63.85  
   -0.87  -0.45  0.21  
   -0.37  0.30  -0.88  
   0.33  -0.84  -0.42  

9  1431.88  -267.89  -320.58  
   0.42  -0.91  -0.02  
   -0.00  -0.02  1.00  
   -0.91  -0.42  -0.01  

2  856.36  -40.63  573.73  
   0.56  -0.83  0.01  
   0.82  0.56  0.07  
   -0.06  -0.03  1.00  

3  1248.37  -13.39  5.80  
   -0.51  0.07  -0.86  
   -0.04  -1.00  -0.06  
   -0.86  0.01  0.52  

4  1115.32  115.19  -59.83  
   0.85  -0.22  0.48  
   0.32  0.93  -0.15  
   -0.42  0.29  0.86  

5  1301.50  237.08  -43.76  
   -0.90  -0.37  0.23  
   -0.35  0.31  -0.88  
   0.25  -0.88  -0.41  

6  1436.79  233.06  -258.51  
   0.55  0.82  0.17  
   -0.11  0.28  -0.95  
   -0.83  0.50  0.25  

8  1322.93  -234.85  -50.01  
   -0.87  0.47  -0.17  
   0.30  0.76  0.58  
   0.40  0.45  -0.80  

9  1464.47  -263.43  -283.52  
   0.52  -0.85  -0.04  
   -0.00  -0.04  1.00  
   -0.85  -0.52  -0.02  

7  1106.39  -145.55  -63.85  
   0.72  0.40  0.57  
   -0.61  0.75  0.26  
   -0.32  -0.53  0.78  

2  856.36  -40.63  573.73  
   0.56  -0.83  0.01  
   0.82  0.56  0.07  
   -0.06  -0.03  1.00  

4  1119.34  118.76  -58.04  
   0.86  -0.22  0.47  
   0.34  0.92  -0.18  
   -0.39  0.31  0.87  

3  1250.16  -12.95  8.04  
   -0.51  0.07  -0.86  
   -0.04  -1.00  -0.05  
   -0.86  0.01  0.51  

5  1307.31  235.30  -24.11  
   -0.93  -0.28  0.25  
   -0.34  0.31  -0.89  
   0.17  -0.91  -0.38  

6  1461.34  239.32  -221.46  
   0.64  0.75  0.17  
   -0.10  0.31  -0.95  
   -0.76  0.59  0.27  

7  1110.41  -147.34  -63.40  
   0.72  0.40  0.56  
   -0.61  0.74  0.26  
   -0.31  -0.53  0.79  

9  1492.15  -252.71  -239.76  
   0.61  -0.79  -0.06  
   0.01  -0.06  1.00  
   -0.79  -0.61  -0.03  

8  1330.08  -229.94  -25.45  
   -0.91  0.40  -0.11  
   0.28  0.78  0.55  
   0.31  0.47  -0.82  

5  1311.77  237.53  -6.25  
   -0.94  -0.21  0.28  
   -0.33  0.31  -0.89  
   0.10  -0.93  -0.36  

2  856.36  -40.63  573.73  
   0.56  -0.83  0.01  
   0.82  0.56  0.07  
   -0.06  -0.03  1.00  

4  1123.35  119.66  -56.70  
   0.86  -0.23  0.44  
   0.35  0.92  -0.20  
   -0.36  0.33  0.87  

3  1252.39  -12.95  9.82  
   -0.50  0.06  -0.86  
   -0.04  -1.00  -0.05  
   -0.86  0.01  0.50  

6  1480.99  234.40  -185.29  
   0.72  0.68  0.15  
   -0.11  0.32  -0.94  
   -0.69  0.66  0.30  

8  1334.10  -229.05  -3.57  
   -0.94  0.34  -0.05  
   0.26  0.80  0.54  
   0.23  0.50  -0.84  

9  1513.14  -251.37  -200.47  
   0.69  -0.72  -0.06  
   0.02  -0.07  1.00  
   -0.73  -0.69  -0.04  

7  1114.87  -149.57  -62.06  
   0.72  0.41  0.55  
   -0.62  0.74  0.27  
   -0.29  -0.54  0.79  

3  1254.17  -12.06  11.16  
   -0.50  0.06  -0.86  
   -0.04  -1.00  -0.04  
   -0.87  0.01  0.50  

2  856.36  -40.63  573.73  
   0.56  -0.83  0.01  
   0.82  0.56  0.07  
   -0.06  -0.03  1.00  

4  1127.37  122.78  -54.92  
   0.87  -0.25  0.43  
   0.36  0.91  -0.22  
   -0.34  0.35  0.88  

5  1314.00  239.76  11.16  
   -0.94  -0.14  0.30  
   -0.33  0.31  -0.89  
   0.03  -0.94  -0.34  

6  1496.17  240.21  -148.68  
   0.78  0.61  0.13  
   -0.10  0.33  -0.94  
   -0.62  0.72  0.32  

8  1335.88  -223.69  18.31  
   -0.96  0.29  0.01  
   0.25  0.81  0.53  
   0.14  0.52  -0.85  

7  1118.89  -151.36  -62.06  
   0.72  0.43  0.54  
   -0.63  0.73  0.27  
   -0.28  -0.54  0.79  

9  1530.99  -246.46  -156.27  
   0.75  -0.65  -0.07  
   0.02  -0.09  1.00  
   -0.66  -0.75  -0.05  

2  856.36  -40.63  573.73  
   0.56  -0.83  0.01  
   0.82  0.56  0.07  
   -0.06  -0.03  1.00  

4  1131.84  125.02  -54.47  
   0.87  -0.26  0.41  
   0.37  0.90  -0.23  
   -0.31  0.36  0.88  

3  1256.85  -12.50  14.29  
   -0.49  0.05  -0.87  
   -0.04  -1.00  -0.03  
   -0.87  0.02  0.49  

6  1508.22  247.35  -111.62  
   0.84  0.53  0.11  
   -0.09  0.35  -0.93  
   -0.54  0.77  0.34  

5  1316.68  241.10  28.13  
   -0.94  -0.06  0.33  
   -0.33  0.30  -0.89  
   -0.04  -0.95  -0.31  

7  1124.25  -152.70  -60.72  
   0.73  0.44  0.53  
   -0.64  0.72  0.29  
   -0.26  -0.55  0.80  

9  1543.50  -247.80  -118.32  
   0.81  -0.58  -0.07  
   0.01  -0.10  0.99  
   -0.59  -0.80  -0.08  

8  1339.45  -224.58  38.40  
   -0.97  0.25  0.06  
   0.25  0.82  0.52  
   0.08  0.51  -0.85  

4  1136.30  127.69  -52.69  
   0.88  -0.27  0.40  
   0.38  0.89  -0.26  
   -0.28  0.38  0.88  

2  856.36  -40.63  573.73  
   0.56  -0.83  0.01  
   0.82  0.56  0.07  
   -0.06  -0.03  1.00  

3  1258.19  -12.50  14.29  
   -0.49  0.04  -0.87  
   -0.04  -1.00  -0.02  
   -0.87  0.03  0.49  

5  1318.47  241.55  43.76  
   -0.94  0.01  0.34  
   -0.32  0.30  -0.90  
   -0.11  -0.96  -0.27  

6  1521.17  248.25  -71.88  
   0.89  0.45  0.08  
   -0.09  0.35  -0.93  
   -0.45  0.82  0.35  

9  1554.66  -247.35  -78.58  
   0.86  -0.51  -0.07  
   0.01  -0.11  0.99  
   -0.52  -0.85  -0.09  

7  1128.27  -154.04  -59.38  
   0.73  0.44  0.52  
   -0.64  0.71  0.30  
   -0.24  -0.55  0.80  

8  1341.24  -221.90  57.15  
   -0.97  0.20  0.12  
   0.24  0.82  0.52  
   0.01  0.53  -0.85  

2  856.36  -40.63  573.73  
   0.56  -0.83  0.01  
   0.82  0.56  0.07  
   -0.06  -0.03  1.00  

3  1259.98  -12.95  16.07  
   -0.49  0.03  -0.87  
   -0.04  -1.00  -0.02  
   -0.87  0.03  0.49  

4  1140.32  129.48  -50.90  
   0.88  -0.27  0.38  
   0.39  0.88  -0.28  
   -0.26  0.40  0.88  

6  1528.76  243.78  -31.25  
   0.93  0.37  0.04  
   -0.10  0.35  -0.93  
   -0.36  0.86  0.36  

5  1319.81  240.21  63.40  
   -0.93  0.09  0.35  
   -0.31  0.29  -0.91  
   -0.18  -0.95  -0.25  

8  1338.56  -223.69  76.80  
   -0.97  0.16  0.18  
   0.23  0.83  0.51  
   -0.06  0.54  -0.84  

7  1131.84  -156.27  -59.38  
   0.73  0.46  0.52  
   -0.65  0.69  0.30  
   -0.22  -0.56  0.80  

9  1561.36  -248.69  -33.93  
   0.90  -0.43  -0.07  
   0.02  -0.12  0.99  
   -0.44  -0.89  -0.10  

2  856.36  -40.63  573.73  
   0.56  -0.83  0.01  
   0.82  0.56  0.07  
   -0.06  -0.03  1.00  

3  1260.43  -12.50  16.52  
   -0.49  0.03  -0.87  
   -0.04  -1.00  -0.01  
   -0.87  0.03  0.49  

5  1318.02  241.10  79.47  
   -0.92  0.16  0.35  
   -0.30  0.29  -0.91  
   -0.25  -0.94  -0.22  

6  1534.57  238.87  12.95  
   0.96  0.29  -0.01  
   -0.12  0.34  -0.93  
   -0.27  0.89  0.36  

4  1143.00  132.16  -48.22  
   0.89  -0.28  0.37  
   0.40  0.86  -0.31  
   -0.23  0.43  0.87  

7  1134.52  -157.16  -56.70  
   0.72  0.47  0.50  
   -0.66  0.68  0.32  
   -0.19  -0.57  0.80  

8  1334.10  -225.03  98.67  
   -0.96  0.12  0.24  
   0.23  0.83  0.52  
   -0.14  0.55  -0.82  

9  1564.03  -243.78  8.48  
   0.94  -0.34  -0.07  
   0.03  -0.12  0.99  
   -0.35  -0.93  -0.11  

2  856.36  -40.63  573.73  
   0.56  -0.83  0.01  
   0.82  0.56  0.07  
   -0.06  -0.03  1.00  

3  1261.76  -12.06  18.31  
   -0.49  0.03  -0.87  
   -0.04  -1.00  -0.01  
   -0.87  0.03  0.49  

4  1145.23  133.95  -44.65  
   0.89  -0.28  0.37  
   0.41  0.84  -0.36  
   -0.20  0.47  0.86  

5  1311.32  243.33  100.46  
   -0.90  0.23  0.37  
   -0.30  0.31  -0.90  
   -0.32  -0.92  -0.21  

6  1533.23  241.10  57.15  
   0.98  0.20  -0.04  
   -0.11  0.34  -0.94  
   -0.18  0.92  0.35  

8  1325.61  -224.58  120.55  
   -0.95  0.06  0.31  
   0.22  0.83  0.52  
   -0.22  0.56  -0.80  

9  1560.91  -245.57  60.28  
   0.97  -0.24  -0.06  
   0.03  -0.13  0.99  
   -0.25  -0.96  -0.12  

7  1135.86  -159.39  -54.02  
   0.72  0.48  0.50  
   -0.67  0.66  0.34  
   -0.16  -0.58  0.80  

2  856.36  -40.63  574.18  
   0.56  -0.83  0.01  
   0.82  0.56  0.07  
   -0.06  -0.03  1.00  

4  1145.68  137.96  -42.42  
   0.88  -0.29  0.37  
   0.43  0.81  -0.40  
   -0.18  0.51  0.84  

5  1305.07  242.89  121.00  
   -0.87  0.31  0.39  
   -0.29  0.31  -0.90  
   -0.40  -0.90  -0.18  

3  1261.76  -12.50  18.31  
   -0.49  0.02  -0.87  
   -0.03  -1.00  -0.01  
   -0.87  0.03  0.49  

6  1526.98  244.67  102.69  
   0.99  0.11  -0.07  
   -0.10  0.32  -0.94  
   -0.08  0.94  0.33  

7  1136.75  -161.18  -52.24  
   0.72  0.50  0.49  
   -0.68  0.64  0.36  
   -0.13  -0.59  0.80  

9  1553.32  -248.69  115.64  
   0.99  -0.13  -0.05  
   0.03  -0.15  0.99  
   -0.14  -0.98  -0.14  

8  1314.45  -226.81  146.45  
   -0.92  0.01  0.39  
   0.22  0.83  0.51  
   -0.32  0.55  -0.77  

2  856.36  -40.63  573.73  
   0.56  -0.83  0.01  
   0.82  0.56  0.07  
   -0.06  -0.03  1.00  

4  1147.02  141.09  -37.95  
   0.88  -0.31  0.36  
   0.46  0.77  -0.44  
   -0.15  0.55  0.82  

3  1262.21  -12.50  19.65  
   -0.49  0.02  -0.87  
   -0.03  -1.00  -0.01  
   -0.87  0.02  0.49  

8  1297.04  -226.37  173.24  
   -0.88  -0.04  0.47  
   0.23  0.84  0.49  
   -0.42  0.54  -0.73  

6  1514.92  256.28  150.02  
   1.00  0.01  -0.08  
   -0.08  0.31  -0.95  
   0.02  0.95  0.31  

5  1293.02  245.57  142.88  
   -0.83  0.37  0.42  
   -0.30  0.34  -0.89  
   -0.47  -0.86  -0.17  

7  1138.54  -162.07  -46.88  
   0.71  0.51  0.48  
   -0.70  0.61  0.38  
   -0.09  -0.61  0.79  

9  1536.80  -244.23  176.81  
   1.00  -0.01  -0.04  
   0.03  -0.16  0.99  
   -0.01  -0.99  -0.16  

2  856.36  -40.63  573.73  
   0.56  -0.83  0.01  
   0.82  0.56  0.07  
   -0.06  -0.03  1.00  

3  1263.10  -12.06  20.98  
   -0.50  0.02  -0.87  
   -0.03  -1.00  -0.01  
   -0.87  0.02  0.50  

4  1148.36  145.11  -32.15  
   0.87  -0.33  0.36  
   0.48  0.74  -0.47  
   -0.11  0.58  0.80  

6  1499.74  261.64  206.28  
   0.99  -0.11  -0.11  
   -0.08  0.30  -0.95  
   0.14  0.95  0.28  

8  1277.39  -233.96  195.11  
   -0.82  -0.08  0.56  
   0.24  0.85  0.47  
   -0.51  0.53  -0.68  

7  1138.54  -165.20  -43.76  
   0.70  0.53  0.47  
   -0.71  0.58  0.40  
   -0.06  -0.62  0.79  

5  1277.39  250.48  164.75  
   -0.77  0.44  0.46  
   -0.31  0.36  -0.88  
   -0.55  -0.82  -0.14  

9  1516.26  -255.39  234.40  
   0.99  0.12  -0.01  
   0.03  -0.15  0.99  
   0.11  -0.98  -0.16  

2  856.36  -40.63  573.73  
   0.56  -0.83  0.01  
   0.82  0.56  0.07  
   -0.06  -0.03  1.00  

3  1263.10  -10.72  21.88  
   -0.50  0.03  -0.87  
   -0.02  -1.00  -0.02  
   -0.87  0.01  0.50  

4  1150.14  148.23  -27.68  
   0.86  -0.36  0.36  
   0.50  0.71  -0.50  
   -0.07  0.61  0.79  

5  1254.17  258.96  188.42  
   -0.69  0.53  0.50  
   -0.33  0.38  -0.86  
   -0.65  -0.76  -0.09  

6  1472.51  273.69  259.85  
   0.96  -0.23  -0.13  
   -0.06  0.28  -0.96  
   0.26  0.93  0.26  

7  1139.43  -166.09  -39.74  
   0.68  0.56  0.47  
   -0.73  0.56  0.40  
   -0.04  -0.62  0.79  

8  1253.28  -238.87  216.10  
   -0.74  -0.13  0.66  
   0.27  0.84  0.46  
   -0.62  0.52  -0.59  

9  1485.01  -258.96  290.66  
   0.97  0.25  -0.01  
   0.04  -0.13  0.99  
   0.25  -0.96  -0.13  

2  856.36  -40.63  573.73  
   0.56  -0.83  0.01  
   0.82  0.56  0.07  
   -0.06  -0.03  1.00  

3  1262.66  -10.72  23.66  
   -0.50  0.03  -0.86  
   -0.02  -1.00  -0.02  
   -0.86  0.00  0.50  

5  1233.19  261.19  204.04  
   -0.60  0.60  0.53  
   -0.35  0.41  -0.84  
   -0.72  -0.69  -0.04  

4  1150.14  151.36  -23.66  
   0.85  -0.38  0.35  
   0.52  0.68  -0.52  
   -0.04  0.63  0.78  

6  1441.70  280.39  312.54  
   0.92  -0.36  -0.15  
   -0.05  0.28  -0.96  
   0.39  0.89  0.24  

7  1140.32  -166.54  -37.06  
   0.67  0.58  0.47  
   -0.74  0.54  0.40  
   -0.02  -0.61  0.79  

8  1230.06  -244.67  226.37  
   -0.66  -0.14  0.74  
   0.30  0.85  0.43  
   -0.69  0.50  -0.52  

9  1451.07  -275.03  332.63  
   0.93  0.37  0.01  
   0.03  -0.10  0.99  
   0.37  -0.92  -0.10  

2  856.36  -40.63  573.73  
   0.56  -0.83  0.01  
   0.82  0.56  0.07  
   -0.06  -0.03  1.00  

3  1263.10  -10.27  24.11  
   -0.51  0.03  -0.86  
   -0.01  -1.00  -0.02  
   -0.86  -0.00  0.51  

4  1150.59  154.48  -18.31  
   0.84  -0.41  0.35  
   0.54  0.64  -0.54  
   -0.00  0.64  0.76  

5  1209.97  262.53  219.22  
   -0.49  0.64  0.59  
   -0.36  0.47  -0.81  
   -0.79  -0.61  0.00  

6  1401.07  288.88  350.94  
   0.87  -0.48  -0.14  
   -0.02  0.26  -0.97  
   0.50  0.84  0.21  

8  1205.95  -246.91  236.64  
   -0.56  -0.14  0.82  
   0.33  0.86  0.38  
   -0.76  0.48  -0.43  

9  1416.25  -283.96  367.46  
   0.88  0.48  0.03  
   0.01  -0.10  1.00  
   0.48  -0.87  -0.09  

7  1141.21  -165.65  -35.27  
   0.66  0.59  0.47  
   -0.75  0.53  0.39  
   -0.01  -0.61  0.79  

2  856.36  -40.63  573.73  
   0.56  -0.83  0.01  
   0.82  0.56  0.06  
   -0.06  -0.03  1.00  

3  1262.66  -9.82  25.00  
   -0.51  0.03  -0.86  
   -0.01  -1.00  -0.03  
   -0.86  -0.01  0.51  

4  1151.04  156.27  -13.39  
   0.83  -0.43  0.35  
   0.55  0.63  -0.55  
   0.02  0.65  0.76  

5  1186.76  264.77  226.37  
   -0.41  0.66  0.63  
   -0.38  0.50  -0.78  
   -0.83  -0.55  0.05  

6  1369.37  298.25  383.53  
   0.81  -0.57  -0.15  
   -0.00  0.25  -0.97  
   0.59  0.78  0.20  

7  1142.11  -166.99  -34.38  
   0.65  0.60  0.46  
   -0.76  0.52  0.39  
   -0.01  -0.61  0.80  

8  1186.31  -250.03  240.66  
   -0.48  -0.14  0.87  
   0.35  0.88  0.33  
   -0.81  0.46  -0.37  

9  1382.76  -293.79  396.92  
   0.83  0.56  0.06  
   -0.00  -0.11  0.99  
   0.56  -0.82  -0.09  

2  856.36  -40.63  573.73  
   0.56  -0.83  0.01  
   0.82  0.56  0.07  
   -0.06  -0.03  1.00  

3  1263.10  -10.27  25.00  
   -0.51  0.03  -0.86  
   -0.01  -1.00  -0.03  
   -0.86  -0.01  0.51  

4  1150.59  157.61  -10.72  
   0.82  -0.45  0.34  
   0.57  0.61  -0.56  
   0.04  0.66  0.75  

5  1167.11  264.32  233.06  
   -0.32  0.67  0.67  
   -0.40  0.55  -0.74  
   -0.86  -0.50  0.09  

7  1142.55  -167.43  -33.04  
   0.65  0.61  0.45  
   -0.76  0.51  0.39  
   0.01  -0.60  0.80  

8  1166.66  -251.37  242.89  
   -0.39  -0.14  0.91  
   0.37  0.88  0.30  
   -0.84  0.46  -0.29  

6  1333.65  305.84  411.21  
   0.75  -0.65  -0.14  
   0.02  0.23  -0.97  
   0.66  0.73  0.19  

9  1351.06  -302.72  414.34  
   0.77  0.63  0.08  
   -0.01  -0.10  0.99  
   0.63  -0.77  -0.07  

2  856.36  -40.63  573.73  
   0.56  -0.83  0.01  
   0.82  0.56  0.07  
   -0.06  -0.03  1.00  

5  1150.14  265.66  236.19  
   -0.24  0.68  0.69  
   -0.40  0.58  -0.71  
   -0.88  -0.45  0.13  

3  1263.10  -8.93  25.45  
   -0.52  0.03  -0.86  
   -0.01  -1.00  -0.03  
   -0.86  -0.01  0.52  

4  1149.70  158.95  -8.04  
   0.82  -0.46  0.34  
   0.57  0.59  -0.56  
   0.06  0.66  0.75  

6  1306.41  306.29  428.18  
   0.70  -0.70  -0.14  
   0.03  0.22  -0.98  
   0.72  0.68  0.17  

7  1142.55  -166.99  -31.25  
   0.64  0.62  0.44  
   -0.76  0.51  0.39  
   0.02  -0.59  0.81  

8  1150.14  -250.92  244.23  
   -0.32  -0.14  0.94  
   0.38  0.89  0.26  
   -0.87  0.44  -0.23  

9  1320.25  -304.06  433.54  
   0.72  0.69  0.10  
   -0.02  -0.12  0.99  
   0.70  -0.71  -0.07  

2  856.36  -41.08  573.73  
   0.56  -0.83  0.01  
   0.82  0.56  0.06  
   -0.06  -0.03  1.00  

4  1150.14  158.95  -7.59  
   0.81  -0.47  0.35  
   0.58  0.59  -0.56  
   0.06  0.66  0.75  

3  1263.55  -9.38  25.45  
   -0.52  0.03  -0.86  
   -0.01  -1.00  -0.03  
   -0.86  -0.01  0.52  

6  1280.52  303.16  442.91  
   0.64  -0.76  -0.13  
   0.03  0.19  -0.98  
   0.77  0.62  0.14  

5  1134.07  261.19  238.42  
   -0.17  0.68  0.71  
   -0.38  0.62  -0.68  
   -0.91  -0.39  0.16  

7  1142.11  -167.88  -31.70  
   0.64  0.64  0.43  
   -0.77  0.51  0.39  
   0.02  -0.58  0.81  

8  1135.86  -248.69  244.23  
   -0.25  -0.14  0.96  
   0.37  0.90  0.23  
   -0.89  0.41  -0.17  

9  1291.23  -308.07  446.04  
   0.66  0.74  0.14  
   -0.04  -0.16  0.99  
   0.75  -0.65  -0.08  

2  856.36  -41.08  573.73  
   0.56  -0.83  0.01  
   0.82  0.56  0.07  
   -0.06  -0.03  1.00  

3  1264.00  -8.93  25.00  
   -0.52  0.04  -0.85  
   -0.01  -1.00  -0.03  
   -0.86  -0.01  0.52  

4  1151.48  160.73  -6.25  
   0.80  -0.48  0.35  
   0.59  0.59  -0.55  
   0.06  0.65  0.76  

5  1121.57  257.18  240.66  
   -0.11  0.67  0.73  
   -0.37  0.66  -0.66  
   -0.92  -0.34  0.18  

6  1255.07  299.59  458.09  
   0.59  -0.80  -0.12  
   0.03  0.17  -0.99  
   0.81  0.57  0.12  

7  1143.00  -167.43  -30.81  
   0.64  0.64  0.42  
   -0.77  0.51  0.38  
   0.03  -0.57  0.82  

8  1124.69  -245.12  243.33  
   -0.19  -0.15  0.97  
   0.36  0.91  0.21  
   -0.91  0.39  -0.12  

9  1264.44  -305.84  458.54  
   0.59  0.78  0.18  
   -0.04  -0.19  0.98  
   0.80  -0.59  -0.08  

2  856.36  -40.63  573.73  
   0.56  -0.83  0.01  
   0.82  0.56  0.07  
   -0.06  -0.03  1.00  

5  1114.87  252.71  239.32  
   -0.06  0.67  0.74  
   -0.36  0.67  -0.65  
   -0.93  -0.30  0.20  

4  1152.38  162.52  -6.70  
   0.80  -0.49  0.35  
   0.60  0.59  -0.54  
   0.06  0.64  0.76  

3  1264.00  -8.93  25.00  
   -0.52  0.04  -0.85  
   -0.01  -1.00  -0.03  
   -0.86  -0.01  0.52  

6  1237.21  296.47  466.58  
   0.53  -0.84  -0.11  
   0.04  0.16  -0.99  
   0.84  0.52  0.12  

7  1143.45  -168.32  -31.70  
   0.63  0.65  0.42  
   -0.78  0.51  0.37  
   0.02  -0.56  0.83  

8  1114.43  -243.33  241.10  
   -0.15  -0.14  0.98  
   0.35  0.92  0.19  
   -0.92  0.37  -0.09  

9  1241.67  -306.29  464.34  
   0.54  0.81  0.21  
   -0.05  -0.22  0.97  
   0.84  -0.54  -0.08  

2  856.36  -41.08  573.73  
   0.56  -0.83  0.01  
   0.82  0.56  0.06  
   -0.06  -0.03  1.00  

3  1264.44  -9.38  24.56  
   -0.52  0.04  -0.85  
   -0.01  -1.00  -0.03  
   -0.86  -0.01  0.52  

4  1152.38  162.52  -8.04  
   0.79  -0.49  0.35  
   0.60  0.60  -0.53  
   0.05  0.63  0.77  

5  1106.83  247.80  240.21  
   -0.02  0.67  0.75  
   -0.34  0.70  -0.63  
   -0.94  -0.27  0.21  

6  1221.13  298.25  470.59  
   0.49  -0.87  -0.09  
   0.06  0.14  -0.99  
   0.87  0.48  0.12  

7  1143.45  -167.88  -32.59  
   0.63  0.66  0.42  
   -0.78  0.52  0.35  
   0.02  -0.55  0.84  

8  1107.28  -235.74  242.89  
   -0.11  -0.12  0.99  
   0.33  0.93  0.15  
   -0.94  0.34  -0.07  

9  1227.39  -303.16  467.92  
   0.51  0.82  0.24  
   -0.06  -0.25  0.97  
   0.86  -0.51  -0.08  

4  1152.38  162.97  -10.27  
   0.79  -0.50  0.36  
   0.61  0.60  -0.51  
   0.04  0.62  0.78  

2  856.36  -40.63  573.73  
   0.56  -0.83  0.01  
   0.82  0.56  0.07  
   -0.06  -0.03  1.00  

3  1264.44  -9.82  23.66  
   -0.52  0.04  -0.85  
   -0.01  -1.00  -0.03  
   -0.86  -0.01  0.52  

5  1100.14  245.12  239.76  
   0.01  0.64  0.76  
   -0.32  0.73  -0.61  
   -0.95  -0.24  0.21  

6  1206.40  295.57  471.93  
   0.46  -0.88  -0.06  
   0.08  0.10  -0.99  
   0.88  0.46  0.12  

9  1219.80  -297.81  471.04  
   0.50  0.82  0.29  
   -0.06  -0.29  0.95  
   0.86  -0.50  -0.10  

8  1105.94  -230.83  243.33  
   -0.10  -0.09  0.99  
   0.31  0.94  0.11  
   -0.94  0.32  -0.07  

7  1142.11  -168.32  -34.38  
   0.62  0.67  0.41  
   -0.78  0.52  0.33  
   0.00  -0.53  0.85  

2  856.36  -40.63  573.73  
   0.56  -0.83  0.01  
   0.82  0.56  0.07  
   -0.06  -0.03  1.00  

6  1202.83  291.55  473.72  
   0.45  -0.89  -0.05  
   0.07  0.09  -0.99  
   0.89  0.45  0.10  

3  1264.44  -9.82  23.22  
   -0.52  0.04  -0.86  
   -0.02  -1.00  -0.03  
   -0.86  -0.00  0.52  

5  1098.35  242.89  240.21  
   0.02  0.64  0.77  
   -0.31  0.73  -0.60  
   -0.95  -0.22  0.21  

4  1152.38  162.52  -11.16  
   0.79  -0.50  0.36  
   0.62  0.61  -0.50  
   0.04  0.61  0.79  

9  1220.24  -297.36  471.49  
   0.50  0.81  0.30  
   -0.07  -0.30  0.95  
   0.86  -0.50  -0.09  

8  1105.94  -230.39  241.99  
   -0.11  -0.08  0.99  
   0.31  0.94  0.11  
   -0.95  0.32  -0.08  

7  1142.11  -169.22  -35.27  
   0.62  0.67  0.41  
   -0.79  0.53  0.32  
   -0.00  -0.52  0.85  

2  856.36  -40.63  573.73  
   0.56  -0.83  0.01  
   0.82  0.56  0.07  
   -0.06  -0.03  1.00  

4  1152.38  162.97  -11.61  
   0.78  -0.50  0.36  
   0.62  0.61  -0.50  
   0.03  0.61  0.79  

3  1265.34  -9.38  22.32  
   -0.51  0.04  -0.86  
   -0.02  -1.00  -0.04  
   -0.86  -0.00  0.51  

5  1098.35  241.10  241.99  
   0.02  0.64  0.76  
   -0.29  0.73  -0.61  
   -0.96  -0.21  0.20  

6  1201.04  287.54  476.40  
   0.45  -0.89  -0.05  
   0.06  0.09  -0.99  
   0.89  0.44  0.09  

7  1141.66  -169.22  -35.72  
   0.62  0.67  0.41  
   -0.79  0.53  0.32  
   -0.00  -0.52  0.85  

8  1106.39  -229.49  241.99  
   -0.11  -0.07  0.99  
   0.31  0.95  0.10  
   -0.95  0.32  -0.08  

9  1220.24  -296.91  471.49  
   0.50  0.81  0.29  
   -0.07  -0.30  0.95  
   0.86  -0.50  -0.09  

2  856.36  -40.63  573.73  
   0.56  -0.83  0.01  
   0.82  0.56  0.07  
   -0.06  -0.03  1.00  

3  1265.34  -9.82  21.43  
   -0.51  0.04  -0.86  
   -0.02  -1.00  -0.04  
   -0.86  -0.00  0.51  

4  1152.38  162.97  -12.50  
   0.78  -0.51  0.36  
   0.62  0.61  -0.49  
   0.03  0.61  0.79  

6  1203.28  283.96  477.29  
   0.45  -0.89  -0.05  
   0.05  0.08  -0.99  
   0.89  0.45  0.08  

5  1100.58  238.87  242.89  
   0.01  0.65  0.76  
   -0.28  0.73  -0.62  
   -0.96  -0.20  0.19  

7  1141.66  -169.22  -35.72  
   0.62  0.67  0.41  
   -0.79  0.53  0.32  
   -0.01  -0.52  0.85  

8  1105.94  -229.94  241.99  
   -0.11  -0.07  0.99  
   0.31  0.95  0.10  
   -0.95  0.31  -0.08  

9  1222.03  -297.36  470.15  
   0.51  0.82  0.28  
   -0.07  -0.28  0.96  
   0.86  -0.50  -0.09  

3  1265.34  -9.82  20.54  
   -0.51  0.04  -0.86  
   -0.02  -1.00  -0.04  
   -0.86  -0.00  0.51  

4  1152.38  163.41  -12.50  
   0.78  -0.51  0.36  
   0.62  0.61  -0.49  
   0.03  0.60  0.80  

2  856.36  -40.63  573.73  
   0.56  -0.83  0.01  
   0.82  0.56  0.07  
   -0.06  -0.03  1.00  

5  1100.58  237.98  244.67  
   0.01  0.64  0.77  
   -0.27  0.74  -0.62  
   -0.96  -0.20  0.18  

6  1203.72  280.39  478.18  
   0.45  -0.89  -0.04  
   0.04  0.07  -1.00  
   0.89  0.45  0.07  

8  1106.39  -229.94  242.89  
   -0.12  -0.07  0.99  
   0.30  0.95  0.10  
   -0.95  0.31  -0.09  

7  1141.66  -169.22  -35.72  
   0.62  0.67  0.41  
   -0.79  0.53  0.32  
   -0.01  -0.52  0.85  

9  1224.26  -296.47  470.15  
   0.51  0.82  0.26  
   -0.06  -0.27  0.96  
   0.86  -0.51  -0.09  

3  1265.78  -9.82  20.09  
   -0.51  0.04  -0.86  
   -0.02  -1.00  -0.04  
   -0.86  -0.00  0.51  

2  856.36  -40.63  573.73  
   0.56  -0.83  0.01  
   0.82  0.56  0.07  
   -0.06  -0.03  1.00  

4  1152.38  162.97  -12.06  
   0.78  -0.51  0.36  
   0.62  0.62  -0.48  
   0.03  0.60  0.80  

5  1100.58  237.53  246.01  
   0.00  0.64  0.77  
   -0.26  0.74  -0.62  
   -0.96  -0.20  0.17  

6  1204.17  279.05  479.97  
   0.45  -0.89  -0.04  
   0.04  0.07  -1.00  
   0.89  0.45  0.06  

7  1141.21  -169.66  -35.27  
   0.61  0.67  0.41  
   -0.79  0.53  0.32  
   -0.01  -0.52  0.85  

8  1106.83  -230.83  244.67  
   -0.12  -0.07  0.99  
   0.30  0.95  0.11  
   -0.94  0.31  -0.09  

9  1225.15  -297.36  471.04  
   0.51  0.82  0.24  
   -0.05  -0.25  0.97  
   0.86  -0.51  -0.09  

2  856.36  -40.63  573.73  
   0.56  -0.83  0.01  
   0.82  0.56  0.07  
   -0.06  -0.03  1.00  

3  1265.78  -9.82  20.09  
   -0.51  0.04  -0.86  
   -0.02  -1.00  -0.04  
   -0.86  -0.00  0.51  

4  1151.48  162.52  -12.06  
   0.78  -0.51  0.36  
   0.62  0.62  -0.48  
   0.03  0.60  0.80  

5  1100.58  237.08  246.46  
   -0.01  0.64  0.77  
   -0.26  0.74  -0.62  
   -0.96  -0.21  0.16  

6  1205.06  279.05  479.52  
   0.46  -0.89  -0.05  
   0.04  0.07  -1.00  
   0.89  0.45  0.07  

7  1140.77  -170.56  -34.83  
   0.61  0.67  0.42  
   -0.79  0.52  0.32  
   -0.01  -0.53  0.85  

8  1106.83  -230.39  245.57  
   -0.13  -0.07  0.99  
   0.30  0.95  0.10  
   -0.94  0.31  -0.10  

9  1226.49  -296.02  471.04  
   0.52  0.82  0.23  
   -0.04  -0.24  0.97  
   0.85  -0.51  -0.09  

