3  1326.06  -8.93  37.50  
   -0.36  0.06  -0.93  
   -0.02  -1.00  -0.05  
   -0.93  -0.00  0.36  

2  856.36  -40.63  573.73  
   0.56  -0.83  0.01  
   0.82  0.56  0.07  
   -0.06  -0.03  1.00  

4  1222.92  162.07  -4.46  
   0.80  -0.56  0.22  
   0.57  0.59  -0.57  
   0.19  0.58  0.79  

5  1198.81  235.30  271.02  
   -0.33  0.58  0.75  
   -0.24  0.72  -0.66  
   -0.92  -0.39  -0.10  

6  1406.87  200.03  350.94  
   0.90  0.03  -0.43  
   -0.41  0.36  -0.84  
   0.13  0.93  0.33  

7  1212.21  -169.22  -37.50  
   0.61  0.71  0.34  
   -0.78  0.49  0.38  
   0.11  -0.50  0.86  

8  1193.01  -238.42  257.18  
   -0.38  -0.15  0.91  
   0.25  0.93  0.26  
   -0.89  0.32  -0.31  

9  1411.34  -208.06  383.08  
   0.91  0.35  -0.20  
   0.36  -0.46  0.81  
   0.20  -0.81  -0.55  

2  856.36  -40.63  573.73  
   0.56  -0.83  0.01  
   0.82  0.56  0.07  
   -0.06  -0.03  1.00  

3  1326.51  -8.04  37.06  
   -0.35  0.06  -0.93  
   -0.02  -1.00  -0.05  
   -0.93  0.00  0.35  

4  1222.92  162.07  -5.36  
   0.80  -0.56  0.22  
   0.57  0.59  -0.57  
   0.19  0.58  0.79  

6  1406.43  200.47  350.94  
   0.90  0.03  -0.43  
   -0.41  0.36  -0.84  
   0.13  0.93  0.33  

5  1198.81  235.74  270.57  
   -0.32  0.58  0.75  
   -0.24  0.72  -0.66  
   -0.92  -0.39  -0.09  

7  1212.65  -168.77  -37.06  
   0.61  0.71  0.34  
   -0.78  0.49  0.38  
   0.11  -0.50  0.86  

8  1193.45  -237.98  256.73  
   -0.38  -0.15  0.91  
   0.25  0.93  0.26  
   -0.89  0.32  -0.31  

9  1411.78  -208.51  383.08  
   0.91  0.36  -0.20  
   0.36  -0.46  0.81  
   0.20  -0.81  -0.55  

2  856.36  -40.63  573.73  
   0.56  -0.83  0.01  
   0.82  0.56  0.06  
   -0.06  -0.03  1.00  

3  1326.51  -8.48  37.06  
   -0.35  0.05  -0.93  
   -0.02  -1.00  -0.05  
   -0.94  0.00  0.35  

4  1222.92  162.97  -5.80  
   0.80  -0.56  0.23  
   0.58  0.59  -0.56  
   0.18  0.58  0.79  

6  1407.32  200.47  350.94  
   0.90  0.03  -0.43  
   -0.42  0.35  -0.84  
   0.13  0.93  0.33  

5  1199.26  235.74  270.57  
   -0.32  0.58  0.75  
   -0.24  0.72  -0.66  
   -0.92  -0.39  -0.09  

7  1212.65  -168.77  -37.95  
   0.61  0.71  0.34  
   -0.78  0.49  0.38  
   0.10  -0.50  0.86  

8  1193.90  -237.98  256.73  
   -0.38  -0.15  0.91  
   0.25  0.93  0.26  
   -0.89  0.32  -0.31  

9  1411.78  -208.51  383.08  
   0.91  0.36  -0.20  
   0.36  -0.46  0.81  
   0.20  -0.81  -0.55  

2  856.36  -40.63  573.73  
   0.56  -0.83  0.01  
   0.82  0.56  0.06  
   -0.06  -0.03  1.00  

4  1223.37  162.97  -6.25  
   0.80  -0.56  0.23  
   0.58  0.59  -0.56  
   0.18  0.58  0.79  

3  1326.95  -7.59  36.61  
   -0.35  0.06  -0.93  
   -0.02  -1.00  -0.05  
   -0.94  0.00  0.35  

5  1199.70  236.19  270.12  
   -0.32  0.58  0.75  
   -0.24  0.72  -0.66  
   -0.92  -0.39  -0.09  

6  1406.87  200.47  350.94  
   0.90  0.03  -0.44  
   -0.42  0.35  -0.84  
   0.13  0.93  0.33  

7  1212.65  -168.77  -37.50  
   0.61  0.71  0.34  
   -0.78  0.49  0.38  
   0.10  -0.50  0.86  

8  1193.45  -237.98  256.28  
   -0.37  -0.15  0.91  
   0.25  0.93  0.26  
   -0.89  0.33  -0.31  

9  1411.78  -208.06  382.64  
   0.91  0.36  -0.20  
   0.36  -0.46  0.81  
   0.20  -0.81  -0.55  

3  1327.40  -7.14  36.61  
   -0.35  0.06  -0.93  
   -0.02  -1.00  -0.05  
   -0.94  0.00  0.35  

4  1223.37  162.97  -6.70  
   0.80  -0.56  0.23  
   0.58  0.59  -0.56  
   0.18  0.58  0.79  

2  856.36  -40.63  573.73  
   0.56  -0.83  0.01  
   0.82  0.56  0.07  
   -0.06  -0.03  1.00  

6  1407.32  200.47  350.94  
   0.90  0.03  -0.44  
   -0.42  0.35  -0.84  
   0.13  0.93  0.33  

5  1199.70  236.19  270.57  
   -0.32  0.58  0.75  
   -0.24  0.72  -0.66  
   -0.92  -0.39  -0.09  

7  1212.65  -168.32  -37.95  
   0.62  0.71  0.34  
   -0.78  0.49  0.38  
   0.10  -0.50  0.86  

9  1411.78  -208.51  382.64  
   0.91  0.36  -0.20  
   0.36  -0.46  0.81  
   0.20  -0.81  -0.55  

8  1194.35  -238.42  255.84  
   -0.37  -0.15  0.91  
   0.25  0.93  0.26  
   -0.89  0.33  -0.31  

2  856.36  -40.63  573.73  
   0.56  -0.83  0.01  
   0.82  0.56  0.06  
   -0.06  -0.03  1.00  

4  1222.92  163.41  -6.25  
   0.80  -0.56  0.23  
   0.58  0.59  -0.56  
   0.18  0.58  0.79  

3  1327.40  -7.14  36.17  
   -0.35  0.06  -0.93  
   -0.02  -1.00  -0.05  
   -0.94  0.00  0.35  

6  1407.32  200.92  350.94  
   0.90  0.03  -0.44  
   -0.42  0.35  -0.84  
   0.13  0.93  0.33  

5  1199.70  236.19  270.57  
   -0.32  0.58  0.75  
   -0.24  0.72  -0.66  
   -0.92  -0.39  -0.09  

7  1212.65  -168.32  -37.50  
   0.62  0.71  0.34  
   -0.78  0.49  0.38  
   0.10  -0.50  0.86  

8  1195.24  -239.32  255.39  
   -0.38  -0.15  0.91  
   0.25  0.93  0.26  
   -0.89  0.33  -0.31  

9  1412.68  -207.62  382.19  
   0.91  0.36  -0.20  
   0.36  -0.46  0.81  
   0.20  -0.81  -0.55  

2  856.36  -40.63  573.73  
   0.56  -0.83  0.01  
   0.82  0.56  0.07  
   -0.06  -0.03  1.00  

4  1222.47  163.41  -6.70  
   0.80  -0.56  0.23  
   0.58  0.59  -0.56  
   0.18  0.58  0.79  

3  1327.40  -7.14  36.17  
   -0.35  0.06  -0.93  
   -0.02  -1.00  -0.05  
   -0.94  0.00  0.35  

5  1200.15  236.19  269.68  
   -0.32  0.58  0.75  
   -0.24  0.71  -0.66  
   -0.92  -0.39  -0.09  

7  1212.65  -167.88  -38.40  
   0.62  0.71  0.34  
   -0.78  0.50  0.38  
   0.10  -0.50  0.86  

6  1407.32  200.47  351.38  
   0.90  0.03  -0.44  
   -0.42  0.35  -0.84  
   0.13  0.94  0.33  

8  1199.26  -243.78  254.05  
   -0.39  -0.17  0.90  
   0.27  0.92  0.29  
   -0.88  0.36  -0.32  

9  1416.25  -210.74  378.17  
   0.90  0.37  -0.23  
   0.38  -0.43  0.81  
   0.21  -0.82  -0.53  

2  856.36  -40.63  573.73  
   0.56  -0.83  0.01  
   0.82  0.56  0.07  
   -0.06  -0.03  1.00  

5  1200.15  236.19  270.12  
   -0.32  0.58  0.75  
   -0.24  0.71  -0.66  
   -0.92  -0.39  -0.09  

4  1222.47  163.86  -6.70  
   0.79  -0.56  0.23  
   0.58  0.59  -0.56  
   0.18  0.58  0.79  

3  1326.95  -6.25  36.61  
   -0.35  0.06  -0.93  
   -0.02  -1.00  -0.05  
   -0.94  0.00  0.35  

6  1406.87  200.92  350.94  
   0.90  0.03  -0.44  
   -0.42  0.35  -0.84  
   0.13  0.93  0.33  

7  1212.65  -168.32  -38.84  
   0.62  0.71  0.34  
   -0.78  0.50  0.38  
   0.10  -0.50  0.86  

9  1421.61  -208.51  374.60  
   0.89  0.37  -0.25  
   0.41  -0.42  0.81  
   0.20  -0.83  -0.53  

8  1205.06  -247.35  252.71  
   -0.42  -0.18  0.89  
   0.28  0.91  0.31  
   -0.87  0.38  -0.33  

2  856.36  -40.63  573.73  
   0.56  -0.83  0.01  
   0.82  0.56  0.07  
   -0.06  -0.03  1.00  

4  1221.58  163.41  -7.14  
   0.79  -0.56  0.23  
   0.58  0.59  -0.56  
   0.18  0.58  0.80  

3  1326.51  -6.25  35.72  
   -0.35  0.06  -0.93  
   -0.02  -1.00  -0.05  
   -0.94  0.00  0.35  

5  1199.70  236.64  270.12  
   -0.33  0.58  0.75  
   -0.24  0.71  -0.66  
   -0.92  -0.39  -0.10  

6  1407.32  200.47  350.94  
   0.90  0.03  -0.44  
   -0.42  0.35  -0.84  
   0.13  0.93  0.33  

9  1438.13  -207.17  358.53  
   0.88  0.35  -0.32  
   0.45  -0.42  0.79  
   0.14  -0.84  -0.53  

8  1216.67  -254.50  252.26  
   -0.47  -0.19  0.86  
   0.29  0.89  0.35  
   -0.83  0.41  -0.36  

7  1212.65  -167.88  -39.29  
   0.63  0.70  0.34  
   -0.77  0.50  0.38  
   0.10  -0.50  0.86  

2  856.36  -40.63  573.73  
   0.56  -0.83  0.01  
   0.82  0.56  0.06  
   -0.06  -0.03  1.00  

4  1220.24  163.41  -7.59  
   0.79  -0.56  0.23  
   0.58  0.59  -0.56  
   0.18  0.58  0.80  

3  1326.06  -6.25  36.61  
   -0.35  0.05  -0.93  
   -0.02  -1.00  -0.05  
   -0.94  0.00  0.35  

5  1199.70  236.64  269.68  
   -0.33  0.58  0.75  
   -0.24  0.71  -0.66  
   -0.92  -0.39  -0.10  

6  1407.32  200.47  350.49  
   0.90  0.03  -0.44  
   -0.42  0.36  -0.84  
   0.13  0.93  0.33  

7  1212.21  -167.43  -39.74  
   0.63  0.70  0.34  
   -0.77  0.51  0.38  
   0.10  -0.50  0.86  

8  1234.98  -262.09  244.67  
   -0.55  -0.18  0.81  
   0.31  0.86  0.40  
   -0.77  0.47  -0.42  

9  1459.56  -204.04  330.84  
   0.87  0.29  -0.40  
   0.49  -0.43  0.76  
   0.05  -0.86  -0.51  

2  856.36  -40.63  573.73  
   0.56  -0.83  0.01  
   0.82  0.56  0.07  
   -0.06  -0.03  1.00  

4  1219.35  163.41  -7.59  
   0.79  -0.57  0.23  
   0.58  0.59  -0.56  
   0.18  0.57  0.80  

3  1324.72  -5.80  37.06  
   -0.35  0.05  -0.93  
   -0.02  -1.00  -0.05  
   -0.94  0.00  0.35  

5  1198.81  236.64  269.68  
   -0.33  0.58  0.74  
   -0.24  0.71  -0.66  
   -0.91  -0.39  -0.10  

6  1407.32  200.47  350.49  
   0.90  0.03  -0.44  
   -0.42  0.36  -0.83  
   0.13  0.93  0.34  

7  1212.21  -166.09  -39.29  
   0.64  0.69  0.34  
   -0.76  0.53  0.37  
   0.08  -0.50  0.86  

9  1483.22  -202.70  287.09  
   0.83  0.21  -0.52  
   0.55  -0.43  0.71  
   -0.07  -0.88  -0.48  

8  1254.17  -272.80  236.19  
   -0.64  -0.15  0.75  
   0.33  0.83  0.45  
   -0.69  0.53  -0.48  

2  856.36  -40.63  573.73  
   0.56  -0.83  0.01  
   0.82  0.56  0.07  
   -0.06  -0.03  1.00  

5  1199.26  235.74  268.78  
   -0.33  0.58  0.74  
   -0.23  0.71  -0.66  
   -0.91  -0.40  -0.10  

4  1218.90  162.52  -8.04  
   0.79  -0.57  0.22  
   0.58  0.59  -0.56  
   0.18  0.57  0.80  

3  1324.72  -5.80  36.61  
   -0.35  0.05  -0.93  
   -0.02  -1.00  -0.05  
   -0.94  -0.00  0.35  

6  1406.87  200.03  350.49  
   0.90  0.03  -0.44  
   -0.42  0.36  -0.83  
   0.13  0.93  0.34  

8  1279.62  -282.18  217.88  
   -0.73  -0.11  0.68  
   0.34  0.80  0.49  
   -0.60  0.58  -0.55  

7  1211.76  -167.43  -42.86  
   0.65  0.68  0.35  
   -0.76  0.54  0.36  
   0.05  -0.50  0.87  

9  1504.65  -198.24  237.98  
   0.77  0.13  -0.63  
   0.61  -0.45  0.65  
   -0.20  -0.88  -0.43  

2  856.36  -40.63  573.73  
   0.56  -0.83  0.01  
   0.82  0.56  0.07  
   -0.06  -0.03  1.00  

3  1324.27  -5.36  37.50  
   -0.35  0.04  -0.93  
   -0.01  -1.00  -0.04  
   -0.94  -0.00  0.35  

4  1218.90  162.07  -8.93  
   0.79  -0.57  0.22  
   0.58  0.59  -0.56  
   0.19  0.57  0.80  

5  1199.26  236.19  268.78  
   -0.33  0.58  0.74  
   -0.24  0.71  -0.66  
   -0.91  -0.40  -0.10  

6  1406.87  199.58  350.04  
   0.90  0.03  -0.44  
   -0.42  0.37  -0.83  
   0.13  0.93  0.34  

7  1212.65  -166.09  -44.65  
   0.66  0.67  0.35  
   -0.75  0.57  0.33  
   0.03  -0.48  0.88  

8  1303.29  -282.62  206.28  
   -0.80  -0.07  0.60  
   0.33  0.78  0.53  
   -0.50  0.62  -0.61  

9  1516.71  -184.84  186.18  
   0.68  0.08  -0.73  
   0.66  -0.48  0.57  
   -0.31  -0.87  -0.38  

4  1219.35  161.63  -9.38  
   0.79  -0.57  0.22  
   0.58  0.59  -0.56  
   0.19  0.57  0.80  

2  856.36  -40.63  573.73  
   0.56  -0.83  0.01  
   0.82  0.56  0.06  
   -0.06  -0.03  1.00  

3  1324.27  -5.36  38.40  
   -0.35  0.04  -0.94  
   -0.01  -1.00  -0.04  
   -0.94  -0.00  0.35  

5  1198.81  235.74  268.34  
   -0.33  0.58  0.74  
   -0.24  0.71  -0.66  
   -0.91  -0.40  -0.10  

6  1406.87  200.03  350.04  
   0.90  0.03  -0.44  
   -0.42  0.37  -0.83  
   0.14  0.93  0.34  

9  1523.40  -178.15  141.98  
   0.58  0.05  -0.81  
   0.71  -0.52  0.48  
   -0.40  -0.85  -0.34  

8  1318.02  -288.43  187.52  
   -0.85  -0.02  0.52  
   0.32  0.77  0.55  
   -0.41  0.64  -0.65  

7  1213.10  -165.65  -48.22  
   0.67  0.66  0.35  
   -0.75  0.59  0.31  
   -0.00  -0.47  0.88  

2  856.36  -40.63  573.73  
   0.56  -0.83  0.01  
   0.82  0.56  0.07  
   -0.06  -0.03  1.00  

5  1199.26  236.19  267.89  
   -0.33  0.58  0.74  
   -0.24  0.71  -0.66  
   -0.91  -0.40  -0.10  

4  1219.80  161.63  -8.93  
   0.79  -0.58  0.21  
   0.58  0.59  -0.56  
   0.19  0.56  0.80  

6  1406.87  199.58  350.04  
   0.90  0.03  -0.44  
   -0.42  0.37  -0.83  
   0.14  0.93  0.34  

3  1324.72  -5.80  37.95  
   -0.35  0.04  -0.94  
   -0.01  -1.00  -0.04  
   -0.94  -0.01  0.35  

7  1214.44  -163.86  -50.90  
   0.68  0.65  0.35  
   -0.74  0.61  0.29  
   -0.02  -0.46  0.89  

8  1330.97  -283.96  175.02  
   -0.89  0.00  0.45  
   0.29  0.77  0.57  
   -0.34  0.64  -0.69  

9  1519.83  -159.84  102.24  
   0.45  0.02  -0.89  
   0.75  -0.56  0.36  
   -0.49  -0.83  -0.27  

2  856.36  -40.63  573.73  
   0.56  -0.83  0.01  
   0.82  0.56  0.07  
   -0.06  -0.03  1.00  

4  1220.69  162.07  -8.48  
   0.79  -0.58  0.21  
   0.58  0.59  -0.56  
   0.20  0.56  0.80  

3  1325.17  -5.36  38.84  
   -0.35  0.04  -0.94  
   -0.00  -1.00  -0.04  
   -0.94  -0.01  0.35  

5  1199.26  236.19  267.89  
   -0.33  0.58  0.74  
   -0.24  0.71  -0.66  
   -0.91  -0.40  -0.10  

7  1214.88  -162.07  -52.24  
   0.69  0.64  0.34  
   -0.73  0.63  0.28  
   -0.04  -0.44  0.90  

8  1341.69  -284.41  164.31  
   -0.92  0.03  0.38  
   0.26  0.77  0.57  
   -0.28  0.63  -0.72  

6  1406.87  200.03  350.49  
   0.90  0.03  -0.44  
   -0.42  0.37  -0.83  
   0.14  0.93  0.34  

9  1510.01  -146.00  66.53  
   0.31  -0.01  -0.95  
   0.77  -0.58  0.26  
   -0.55  -0.82  -0.18  

3  1325.17  -4.02  40.63  
   -0.34  0.03  -0.94  
   0.00  -1.00  -0.04  
   -0.94  -0.01  0.34  

4  1221.13  162.07  -8.93  
   0.79  -0.58  0.21  
   0.58  0.59  -0.56  
   0.20  0.56  0.80  

2  856.36  -40.63  573.73  
   0.56  -0.83  0.01  
   0.82  0.56  0.06  
   -0.06  -0.03  1.00  

5  1199.26  236.64  267.44  
   -0.33  0.58  0.74  
   -0.24  0.71  -0.67  
   -0.91  -0.40  -0.10  

6  1406.87  199.58  350.04  
   0.90  0.03  -0.44  
   -0.42  0.37  -0.83  
   0.14  0.93  0.34  

8  1351.06  -277.71  151.80  
   -0.95  0.04  0.32  
   0.23  0.78  0.58  
   -0.22  0.62  -0.75  

7  1215.33  -159.84  -55.81  
   0.70  0.63  0.34  
   -0.72  0.65  0.26  
   -0.06  -0.43  0.90  

9  1501.53  -135.28  32.15  
   0.19  -0.03  -0.98  
   0.78  -0.61  0.17  
   -0.60  -0.80  -0.09  

2  856.36  -40.63  573.73  
   0.56  -0.83  0.01  
   0.82  0.56  0.07  
   -0.06  -0.03  1.00  

3  1326.06  -3.13  42.42  
   -0.34  0.03  -0.94  
   0.00  -1.00  -0.03  
   -0.94  -0.02  0.34  

4  1221.13  162.52  -8.48  
   0.79  -0.58  0.21  
   0.58  0.59  -0.56  
   0.20  0.56  0.80  

5  1199.26  237.08  267.44  
   -0.33  0.58  0.74  
   -0.24  0.71  -0.67  
   -0.91  -0.40  -0.10  

6  1406.43  200.03  350.49  
   0.90  0.03  -0.44  
   -0.42  0.37  -0.83  
   0.14  0.93  0.34  

9  1490.81  -122.34  9.82  
   0.06  -0.06  -1.00  
   0.78  -0.62  0.08  
   -0.62  -0.78  0.00  

7  1215.33  -157.16  -59.38  
   0.71  0.62  0.34  
   -0.70  0.67  0.23  
   -0.09  -0.41  0.91  

8  1360.44  -275.03  142.43  
   -0.96  0.06  0.26  
   0.21  0.78  0.59  
   -0.17  0.63  -0.76  

2  856.36  -40.63  573.73  
   0.56  -0.83  0.01  
   0.82  0.56  0.07  
   -0.06  -0.03  1.00  

4  1221.13  162.97  -8.48  
   0.79  -0.58  0.21  
   0.58  0.59  -0.56  
   0.20  0.56  0.80  

3  1325.61  -3.13  42.42  
   -0.34  0.03  -0.94  
   0.01  -1.00  -0.03  
   -0.94  -0.02  0.34  

5  1199.70  237.08  267.89  
   -0.33  0.59  0.74  
   -0.24  0.71  -0.67  
   -0.91  -0.40  -0.09  

6  1406.87  199.13  350.49  
   0.90  0.03  -0.44  
   -0.42  0.37  -0.83  
   0.14  0.93  0.34  

7  1216.67  -154.04  -63.40  
   0.72  0.60  0.35  
   -0.68  0.70  0.20  
   -0.12  -0.39  0.91  

9  1481.88  -118.76  -22.32  
   -0.03  -0.10  -0.99  
   0.78  -0.62  0.04  
   -0.62  -0.78  0.10  

8  1368.47  -274.59  120.55  
   -0.98  0.08  0.20  
   0.19  0.76  0.62  
   -0.10  0.64  -0.76  

2  856.36  -40.63  573.73  
   0.56  -0.83  0.01  
   0.82  0.56  0.07  
   -0.06  -0.03  1.00  

4  1221.58  163.41  -7.59  
   0.79  -0.58  0.20  
   0.58  0.59  -0.56  
   0.20  0.56  0.80  

3  1324.27  -2.68  42.86  
   -0.34  0.02  -0.94  
   0.01  -1.00  -0.03  
   -0.94  -0.02  0.34  

5  1199.26  237.08  267.89  
   -0.33  0.59  0.74  
   -0.24  0.71  -0.67  
   -0.91  -0.40  -0.09  

6  1407.32  199.13  350.49  
   0.90  0.03  -0.44  
   -0.42  0.36  -0.83  
   0.14  0.93  0.34  

8  1374.73  -274.14  104.48  
   -0.98  0.11  0.16  
   0.19  0.74  0.64  
   -0.05  0.66  -0.75  

7  1217.56  -149.57  -66.97  
   0.73  0.58  0.35  
   -0.67  0.72  0.18  
   -0.15  -0.37  0.92  

9  1475.63  -116.53  -45.99  
   -0.11  -0.15  -0.98  
   0.79  -0.61  0.01  
   -0.60  -0.78  0.19  

2  856.36  -40.63  573.73  
   0.56  -0.83  0.01  
   0.82  0.56  0.07  
   -0.06  -0.03  1.00  

3  1324.27  -3.13  42.86  
   -0.34  0.02  -0.94  
   0.01  -1.00  -0.03  
   -0.94  -0.02  0.34  

4  1221.58  163.86  -7.59  
   0.79  -0.58  0.20  
   0.58  0.59  -0.57  
   0.21  0.56  0.80  

5  1199.70  237.53  268.34  
   -0.33  0.59  0.74  
   -0.24  0.71  -0.67  
   -0.91  -0.40  -0.09  

6  1406.87  199.58  350.04  
   0.90  0.03  -0.44  
   -0.42  0.36  -0.83  
   0.13  0.93  0.34  

7  1216.22  -148.68  -70.99  
   0.73  0.58  0.36  
   -0.66  0.73  0.17  
   -0.16  -0.36  0.92  

9  1473.40  -116.53  -60.28  
   -0.13  -0.19  -0.97  
   0.79  -0.61  0.01  
   -0.60  -0.77  0.23  

8  1376.96  -274.59  94.65  
   -0.98  0.14  0.14  
   0.20  0.73  0.65  
   -0.02  0.66  -0.75  

2  856.36  -40.63  573.73  
   0.56  -0.83  0.01  
   0.82  0.56  0.07  
   -0.06  -0.03  1.00  

4  1222.03  163.86  -7.14  
   0.79  -0.58  0.20  
   0.58  0.59  -0.57  
   0.21  0.57  0.80  

3  1324.27  -2.68  42.86  
   -0.34  0.02  -0.94  
   0.02  -1.00  -0.03  
   -0.94  -0.02  0.34  

5  1199.70  237.98  268.34  
   -0.33  0.59  0.74  
   -0.24  0.71  -0.67  
   -0.91  -0.40  -0.09  

8  1378.74  -276.82  87.51  
   -0.98  0.15  0.14  
   0.20  0.73  0.66  
   -0.00  0.67  -0.74  

6  1407.32  199.58  350.04  
   0.90  0.03  -0.44  
   -0.42  0.36  -0.83  
   0.13  0.93  0.34  

7  1216.67  -147.79  -71.88  
   0.73  0.57  0.36  
   -0.66  0.74  0.16  
   -0.17  -0.36  0.92  

9  1472.51  -116.53  -67.87  
   -0.14  -0.20  -0.97  
   0.80  -0.61  0.01  
   -0.59  -0.77  0.25  

2  856.36  -40.63  573.73  
   0.56  -0.83  0.01  
   0.82  0.56  0.07  
   -0.06  -0.03  1.00  

4  1222.47  163.86  -7.14  
   0.79  -0.58  0.20  
   0.58  0.59  -0.57  
   0.21  0.57  0.80  

3  1324.27  -2.68  42.86  
   -0.34  0.02  -0.94  
   0.02  -1.00  -0.03  
   -0.94  -0.03  0.34  

5  1200.15  237.53  268.78  
   -0.33  0.59  0.74  
   -0.24  0.70  -0.67  
   -0.91  -0.40  -0.09  

6  1406.87  199.58  350.49  
   0.90  0.03  -0.44  
   -0.42  0.36  -0.83  
   0.13  0.93  0.33  

8  1378.30  -277.71  86.17  
   -0.98  0.15  0.14  
   0.21  0.72  0.66  
   -0.00  0.68  -0.74  

7  1216.67  -147.34  -71.88  
   0.73  0.57  0.36  
   -0.66  0.74  0.16  
   -0.17  -0.36  0.92  

9  1472.51  -117.43  -68.76  
   -0.14  -0.21  -0.97  
   0.80  -0.60  0.02  
   -0.59  -0.77  0.25  

2  856.36  -40.63  573.73  
   0.56  -0.83  0.01  
   0.82  0.56  0.06  
   -0.06  -0.03  1.00  

6  1407.32  200.03  350.49  
   0.90  0.03  -0.44  
   -0.42  0.36  -0.83  
   0.13  0.93  0.33  

4  1222.92  163.86  -7.14  
   0.79  -0.58  0.20  
   0.58  0.59  -0.57  
   0.21  0.57  0.80  

5  1199.70  237.98  269.23  
   -0.33  0.59  0.74  
   -0.24  0.70  -0.67  
   -0.91  -0.39  -0.09  

3  1324.72  -2.68  42.86  
   -0.34  0.02  -0.94  
   0.02  -1.00  -0.03  
   -0.94  -0.03  0.34  

7  1217.12  -147.34  -71.88  
   0.73  0.57  0.36  
   -0.66  0.74  0.16  
   -0.17  -0.36  0.92  

8  1376.06  -277.27  86.62  
   -0.98  0.15  0.15  
   0.21  0.72  0.66  
   -0.01  0.68  -0.73  

9  1473.40  -117.87  -67.87  
   -0.13  -0.21  -0.97  
   0.80  -0.60  0.02  
   -0.59  -0.77  0.25  

2  856.36  -40.63  573.73  
   0.56  -0.83  0.01  
   0.82  0.56  0.07  
   -0.06  -0.03  1.00  

4  1222.92  164.31  -6.70  
   0.79  -0.58  0.20  
   0.58  0.59  -0.57  
   0.21  0.56  0.80  

3  1324.72  -1.79  43.76  
   -0.34  0.02  -0.94  
   0.02  -1.00  -0.03  
   -0.94  -0.03  0.34  

6  1406.87  200.03  350.49  
   0.90  0.03  -0.44  
   -0.42  0.36  -0.83  
   0.13  0.93  0.33  

5  1200.15  238.42  268.78  
   -0.33  0.59  0.74  
   -0.24  0.70  -0.67  
   -0.91  -0.39  -0.09  

8  1372.05  -279.05  95.10  
   -0.97  0.12  0.19  
   0.22  0.71  0.66  
   -0.06  0.69  -0.72  

7  1218.01  -147.79  -69.65  
   0.73  0.58  0.36  
   -0.66  0.73  0.18  
   -0.16  -0.36  0.92  

9  1477.42  -121.00  -50.45  
   -0.08  -0.18  -0.98  
   0.80  -0.60  0.04  
   -0.59  -0.78  0.20  

2  856.36  -40.63  573.73  
   0.56  -0.83  0.01  
   0.82  0.56  0.07  
   -0.06  -0.03  1.00  

4  1223.37  164.31  -6.25  
   0.79  -0.58  0.20  
   0.58  0.59  -0.57  
   0.21  0.56  0.80  

3  1324.72  -2.23  43.31  
   -0.34  0.02  -0.94  
   0.02  -1.00  -0.03  
   -0.94  -0.03  0.34  

5  1200.15  238.42  268.34  
   -0.33  0.59  0.74  
   -0.24  0.70  -0.67  
   -0.91  -0.40  -0.09  

6  1406.87  199.58  350.49  
   0.90  0.03  -0.44  
   -0.42  0.36  -0.83  
   0.13  0.93  0.33  

9  1480.10  -125.46  -38.40  
   -0.04  -0.17  -0.98  
   0.80  -0.60  0.07  
   -0.60  -0.78  0.16  

8  1366.24  -280.84  102.24  
   -0.97  0.10  0.23  
   0.24  0.71  0.66  
   -0.10  0.69  -0.71  

7  1218.01  -148.68  -69.65  
   0.73  0.58  0.36  
   -0.67  0.72  0.19  
   -0.15  -0.38  0.91  

3  1324.72  -2.23  43.31  
   -0.34  0.02  -0.94  
   0.02  -1.00  -0.03  
   -0.94  -0.03  0.34  

2  856.36  -40.63  573.73  
   0.56  -0.83  0.01  
   0.82  0.56  0.07  
   -0.06  -0.03  1.00  

4  1223.37  164.31  -6.70  
   0.79  -0.58  0.20  
   0.58  0.59  -0.57  
   0.21  0.56  0.80  

5  1200.15  238.42  268.34  
   -0.33  0.59  0.74  
   -0.24  0.70  -0.67  
   -0.91  -0.40  -0.09  

6  1407.77  200.03  350.04  
   0.90  0.03  -0.44  
   -0.42  0.36  -0.83  
   0.13  0.93  0.33  

8  1361.78  -282.62  108.50  
   -0.96  0.09  0.27  
   0.25  0.71  0.65  
   -0.13  0.69  -0.71  

9  1484.11  -129.03  -24.56  
   0.00  -0.16  -0.99  
   0.80  -0.60  0.10  
   -0.61  -0.79  0.12  

7  1218.01  -150.02  -67.87  
   0.72  0.59  0.35  
   -0.68  0.71  0.20  
   -0.13  -0.39  0.91  

2  856.36  -40.63  573.73  
   0.56  -0.83  0.01  
   0.82  0.56  0.07  
   -0.06  -0.03  1.00  

4  1222.92  164.31  -6.70  
   0.79  -0.58  0.20  
   0.58  0.59  -0.57  
   0.21  0.56  0.80  

3  1324.72  -2.68  43.31  
   -0.34  0.02  -0.94  
   0.02  -1.00  -0.03  
   -0.94  -0.03  0.34  

8  1352.85  -285.30  122.34  
   -0.94  0.08  0.33  
   0.28  0.73  0.63  
   -0.19  0.68  -0.71  

7  1218.01  -150.91  -64.29  
   0.72  0.60  0.35  
   -0.69  0.69  0.22  
   -0.11  -0.40  0.91  

6  1407.32  199.58  350.49  
   0.90  0.03  -0.44  
   -0.42  0.36  -0.83  
   0.13  0.93  0.33  

5  1200.15  238.42  268.34  
   -0.33  0.59  0.74  
   -0.24  0.70  -0.67  
   -0.91  -0.40  -0.09  

9  1487.69  -138.41  -6.25  
   0.08  -0.15  -0.99  
   0.78  -0.60  0.15  
   -0.62  -0.78  0.07  

3  1324.72  -2.68  43.31  
   -0.34  0.02  -0.94  
   0.02  -1.00  -0.03  
   -0.94  -0.03  0.34  

2  856.36  -40.63  573.73  
   0.56  -0.83  0.01  
   0.82  0.56  0.06  
   -0.06  -0.03  1.00  

4  1222.92  163.86  -6.70  
   0.79  -0.58  0.20  
   0.58  0.59  -0.57  
   0.22  0.56  0.80  

5  1200.15  238.87  267.89  
   -0.33  0.59  0.74  
   -0.24  0.70  -0.67  
   -0.91  -0.40  -0.09  

6  1407.32  200.03  350.49  
   0.90  0.03  -0.44  
   -0.42  0.36  -0.83  
   0.13  0.93  0.33  

9  1490.81  -145.11  20.09  
   0.17  -0.15  -0.97  
   0.77  -0.60  0.23  
   -0.62  -0.79  0.01  

8  1342.13  -282.18  136.18  
   -0.92  0.05  0.39  
   0.30  0.73  0.61  
   -0.26  0.68  -0.69  

7  1217.12  -153.14  -62.06  
   0.71  0.62  0.35  
   -0.70  0.67  0.24  
   -0.08  -0.42  0.90  

2  856.36  -40.63  573.73  
   0.56  -0.83  0.01  
   0.82  0.56  0.06  
   -0.06  -0.03  1.00  

3  1324.72  -2.23  43.31  
   -0.34  0.02  -0.94  
   0.02  -1.00  -0.03  
   -0.94  -0.03  0.34  

5  1200.15  238.87  267.89  
   -0.33  0.59  0.74  
   -0.24  0.70  -0.67  
   -0.91  -0.40  -0.09  

6  1406.87  200.03  350.49  
   0.90  0.03  -0.44  
   -0.42  0.36  -0.83  
   0.13  0.93  0.33  

4  1222.92  163.86  -6.70  
   0.79  -0.58  0.20  
   0.58  0.59  -0.57  
   0.22  0.56  0.80  

7  1216.22  -156.72  -58.49  
   0.69  0.64  0.34  
   -0.72  0.63  0.27  
   -0.04  -0.44  0.90  

9  1491.70  -161.18  52.24  
   0.29  -0.15  -0.95  
   0.74  -0.59  0.32  
   -0.60  -0.79  -0.06  

8  1322.49  -287.09  154.04  
   -0.88  0.03  0.48  
   0.34  0.74  0.58  
   -0.34  0.67  -0.66  

2  856.36  -40.63  574.18  
   0.56  -0.83  0.01  
   0.82  0.56  0.07  
   -0.06  -0.03  1.00  

3  1325.17  -2.68  42.86  
   -0.34  0.02  -0.94  
   0.02  -1.00  -0.03  
   -0.94  -0.03  0.34  

4  1222.92  163.86  -6.70  
   0.79  -0.58  0.20  
   0.58  0.59  -0.57  
   0.22  0.56  0.80  

5  1200.15  238.87  267.89  
   -0.33  0.59  0.73  
   -0.24  0.70  -0.67  
   -0.91  -0.40  -0.09  

6  1407.32  199.58  350.49  
   0.90  0.03  -0.44  
   -0.42  0.36  -0.83  
   0.13  0.93  0.33  

7  1213.99  -159.84  -54.47  
   0.67  0.67  0.33  
   -0.74  0.60  0.30  
   0.00  -0.45  0.89  

8  1304.63  -286.20  172.34  
   -0.83  0.00  0.56  
   0.37  0.76  0.53  
   -0.43  0.65  -0.63  

9  1489.03  -178.59  91.08  
   0.42  -0.14  -0.90  
   0.70  -0.58  0.41  
   -0.58  -0.80  -0.14  

4  1222.92  164.31  -7.14  
   0.79  -0.58  0.19  
   0.58  0.59  -0.57  
   0.22  0.56  0.80  

2  856.36  -40.63  573.73  
   0.56  -0.83  0.01  
   0.82  0.56  0.07  
   -0.06  -0.03  1.00  

3  1325.17  -2.68  42.42  
   -0.34  0.02  -0.94  
   0.02  -1.00  -0.03  
   -0.94  -0.03  0.34  

6  1407.32  200.03  350.49  
   0.90  0.03  -0.44  
   -0.42  0.36  -0.83  
   0.13  0.93  0.33  

5  1200.15  238.42  267.89  
   -0.33  0.59  0.73  
   -0.24  0.70  -0.67  
   -0.91  -0.40  -0.09  

8  1283.20  -285.75  197.79  
   -0.76  -0.03  0.65  
   0.38  0.78  0.49  
   -0.52  0.62  -0.59  

7  1212.21  -163.41  -48.22  
   0.65  0.69  0.31  
   -0.76  0.56  0.34  
   0.06  -0.46  0.89  

9  1485.01  -186.18  134.84  
   0.54  -0.09  -0.84  
   0.66  -0.57  0.48  
   -0.52  -0.82  -0.25  

2  856.36  -40.63  573.73  
   0.56  -0.83  0.01  
   0.82  0.56  0.06  
   -0.06  -0.03  1.00  

3  1325.17  -4.46  42.42  
   -0.35  0.03  -0.94  
   0.01  -1.00  -0.03  
   -0.94  -0.02  0.35  

4  1222.47  163.41  -7.59  
   0.79  -0.58  0.19  
   0.58  0.59  -0.56  
   0.21  0.56  0.80  

5  1200.15  238.42  267.44  
   -0.33  0.60  0.73  
   -0.24  0.70  -0.68  
   -0.91  -0.40  -0.09  

6  1406.87  199.58  350.04  
   0.90  0.03  -0.44  
   -0.42  0.36  -0.83  
   0.13  0.93  0.33  

8  1258.19  -286.20  212.97  
   -0.69  -0.05  0.72  
   0.40  0.81  0.43  
   -0.60  0.59  -0.54  

7  1210.42  -167.43  -43.76  
   0.63  0.71  0.30  
   -0.76  0.52  0.38  
   0.11  -0.47  0.88  

9  1476.97  -198.69  184.84  
   0.65  -0.03  -0.76  
   0.62  -0.55  0.56  
   -0.44  -0.83  -0.34  

2  856.36  -40.63  573.73  
   0.56  -0.83  0.01  
   0.82  0.56  0.07  
   -0.06  -0.03  1.00  

4  1222.92  162.97  -8.93  
   0.79  -0.58  0.20  
   0.58  0.60  -0.56  
   0.21  0.56  0.81  

3  1324.72  -4.91  41.52  
   -0.35  0.03  -0.94  
   -0.00  -1.00  -0.03  
   -0.94  -0.01  0.35  

5  1200.15  239.32  267.00  
   -0.33  0.60  0.73  
   -0.24  0.70  -0.68  
   -0.91  -0.40  -0.09  

6  1407.32  199.58  349.15  
   0.89  0.03  -0.45  
   -0.43  0.37  -0.83  
   0.14  0.93  0.34  

7  1209.97  -166.09  -38.40  
   0.63  0.73  0.28  
   -0.76  0.51  0.40  
   0.15  -0.47  0.87  

8  1239.89  -280.84  226.37  
   -0.62  -0.08  0.78  
   0.40  0.82  0.40  
   -0.68  0.56  -0.47  

9  1465.81  -204.94  227.26  
   0.74  0.03  -0.67  
   0.58  -0.53  0.62  
   -0.33  -0.85  -0.41  

2  856.36  -40.63  573.73  
   0.56  -0.83  0.01  
   0.82  0.56  0.07  
   -0.06  -0.03  1.00  

4  1222.92  161.63  -9.82  
   0.79  -0.58  0.20  
   0.57  0.60  -0.56  
   0.20  0.55  0.81  

3  1324.72  -6.25  41.08  
   -0.35  0.03  -0.94  
   -0.01  -1.00  -0.03  
   -0.94  -0.00  0.35  

5  1200.60  238.87  266.10  
   -0.33  0.60  0.73  
   -0.24  0.69  -0.68  
   -0.91  -0.40  -0.08  

6  1407.77  198.69  349.60  
   0.89  0.03  -0.45  
   -0.43  0.37  -0.82  
   0.14  0.93  0.34  

8  1226.05  -279.05  231.28  
   -0.56  -0.09  0.82  
   0.40  0.84  0.37  
   -0.72  0.54  -0.43  

7  1209.53  -167.88  -37.50  
   0.62  0.73  0.28  
   -0.77  0.49  0.41  
   0.16  -0.47  0.87  

9  1456.43  -214.76  258.07  
   0.81  0.08  -0.58  
   0.53  -0.51  0.67  
   -0.24  -0.85  -0.46  

2  856.36  -40.63  573.73  
   0.56  -0.83  0.01  
   0.82  0.56  0.06  
   -0.06  -0.03  1.00  

3  1324.72  -7.14  40.63  
   -0.35  0.03  -0.94  
   -0.01  -1.00  -0.03  
   -0.94  0.00  0.35  

4  1222.92  161.18  -9.82  
   0.80  -0.57  0.20  
   0.57  0.60  -0.55  
   0.20  0.55  0.81  

6  1407.77  199.13  349.15  
   0.89  0.03  -0.45  
   -0.43  0.37  -0.82  
   0.15  0.93  0.34  

5  1201.04  238.87  265.66  
   -0.33  0.60  0.73  
   -0.24  0.69  -0.68  
   -0.91  -0.40  -0.08  

8  1210.42  -263.87  242.89  
   -0.49  -0.11  0.86  
   0.37  0.87  0.32  
   -0.79  0.48  -0.39  

7  1209.08  -168.77  -37.50  
   0.62  0.73  0.28  
   -0.77  0.49  0.41  
   0.16  -0.47  0.87  

9  1442.14  -215.21  293.79  
   0.87  0.14  -0.47  
   0.47  -0.52  0.71  
   -0.15  -0.84  -0.52  

2  856.36  -40.63  573.73  
   0.56  -0.83  0.01  
   0.82  0.56  0.06  
   -0.06  -0.03  1.00  

3  1324.72  -7.59  39.29  
   -0.35  0.03  -0.94  
   -0.01  -1.00  -0.02  
   -0.94  0.00  0.35  

4  1222.92  160.73  -10.27  
   0.80  -0.57  0.20  
   0.57  0.61  -0.55  
   0.19  0.55  0.81  

5  1201.49  239.32  265.66  
   -0.33  0.60  0.73  
   -0.24  0.69  -0.68  
   -0.91  -0.40  -0.08  

6  1407.77  199.13  349.15  
   0.89  0.03  -0.45  
   -0.43  0.37  -0.82  
   0.15  0.93  0.34  

8  1198.36  -257.18  245.57  
   -0.43  -0.10  0.90  
   0.35  0.89  0.27  
   -0.83  0.44  -0.35  

7  1209.08  -168.77  -37.50  
   0.61  0.74  0.28  
   -0.77  0.49  0.41  
   0.16  -0.47  0.87  

9  1430.09  -214.76  317.45  
   0.90  0.19  -0.39  
   0.43  -0.53  0.73  
   -0.07  -0.83  -0.56  

2  856.36  -41.08  573.73  
   0.56  -0.83  0.01  
   0.82  0.56  0.06  
   -0.06  -0.03  1.00  

3  1324.72  -7.59  39.29  
   -0.35  0.03  -0.94  
   -0.02  -1.00  -0.02  
   -0.94  0.01  0.35  

4  1222.47  160.73  -10.27  
   0.80  -0.57  0.20  
   0.57  0.61  -0.55  
   0.19  0.56  0.81  

6  1408.66  198.69  348.70  
   0.89  0.03  -0.45  
   -0.43  0.37  -0.82  
   0.15  0.93  0.34  

5  1201.49  239.76  264.77  
   -0.33  0.60  0.73  
   -0.24  0.69  -0.68  
   -0.91  -0.40  -0.08  

7  1208.63  -169.22  -37.95  
   0.61  0.74  0.29  
   -0.78  0.48  0.40  
   0.16  -0.47  0.87  

9  1418.48  -217.88  337.99  
   0.92  0.24  -0.32  
   0.40  -0.52  0.76  
   0.02  -0.82  -0.57  

8  1189.88  -251.37  246.91  
   -0.39  -0.11  0.92  
   0.34  0.90  0.25  
   -0.86  0.41  -0.31  

2  856.36  -40.63  573.73  
   0.56  -0.83  0.01  
   0.82  0.56  0.07  
   -0.06  -0.03  1.00  

4  1222.92  161.63  -10.27  
   0.80  -0.57  0.21  
   0.57  0.61  -0.55  
   0.19  0.56  0.81  

3  1324.72  -7.59  38.84  
   -0.35  0.03  -0.94  
   -0.02  -1.00  -0.02  
   -0.94  0.01  0.35  

6  1408.21  200.03  349.15  
   0.89  0.03  -0.46  
   -0.43  0.37  -0.82  
   0.15  0.93  0.34  

5  1201.49  239.32  264.77  
   -0.33  0.60  0.73  
   -0.24  0.69  -0.68  
   -0.91  -0.40  -0.08  

8  1184.08  -246.01  248.25  
   -0.35  -0.10  0.93  
   0.34  0.91  0.23  
   -0.87  0.40  -0.29  

7  1208.63  -168.77  -37.06  
   0.61  0.74  0.29  
   -0.78  0.48  0.40  
   0.16  -0.47  0.87  

9  1408.66  -217.44  357.19  
   0.92  0.28  -0.26  
   0.37  -0.51  0.77  
   0.08  -0.81  -0.58  

2  856.36  -40.63  573.73  
   0.56  -0.83  0.01  
   0.82  0.56  0.07  
   -0.06  -0.03  1.00  

4  1222.47  161.63  -10.27  
   0.80  -0.56  0.21  
   0.57  0.61  -0.55  
   0.18  0.56  0.81  

3  1324.72  -7.59  39.29  
   -0.35  0.03  -0.94  
   -0.02  -1.00  -0.03  
   -0.94  0.01  0.35  

5  1201.49  239.76  264.32  
   -0.33  0.60  0.73  
   -0.24  0.69  -0.68  
   -0.91  -0.40  -0.08  

6  1408.21  200.03  349.15  
   0.89  0.03  -0.46  
   -0.43  0.37  -0.82  
   0.15  0.93  0.34  

8  1178.27  -241.99  249.14  
   -0.32  -0.09  0.94  
   0.34  0.92  0.20  
   -0.89  0.38  -0.27  

7  1209.08  -168.77  -37.06  
   0.61  0.74  0.30  
   -0.78  0.48  0.40  
   0.15  -0.47  0.87  

9  1401.96  -221.90  366.56  
   0.93  0.30  -0.22  
   0.35  -0.51  0.79  
   0.12  -0.81  -0.58  

2  856.36  -40.63  573.73  
   0.56  -0.83  0.01  
   0.82  0.56  0.07  
   -0.06  -0.03  1.00  

6  1408.66  200.03  348.26  
   0.89  0.03  -0.46  
   -0.43  0.37  -0.82  
   0.15  0.93  0.34  

5  1201.49  240.21  263.87  
   -0.33  0.60  0.73  
   -0.24  0.69  -0.68  
   -0.91  -0.40  -0.08  

3  1324.72  -7.59  38.40  
   -0.35  0.03  -0.94  
   -0.02  -1.00  -0.03  
   -0.94  0.01  0.35  

4  1222.47  162.07  -9.82  
   0.80  -0.56  0.21  
   0.57  0.61  -0.55  
   0.18  0.56  0.81  

7  1209.53  -168.77  -37.06  
   0.61  0.74  0.30  
   -0.78  0.48  0.39  
   0.15  -0.47  0.87  

9  1396.16  -219.22  373.71  
   0.93  0.32  -0.20  
   0.34  -0.51  0.79  
   0.15  -0.80  -0.58  

8  1176.49  -239.76  248.69  
   -0.30  -0.08  0.95  
   0.33  0.93  0.18  
   -0.89  0.37  -0.25  

2  856.36  -40.63  573.73  
   0.56  -0.83  0.01  
   0.82  0.56  0.07  
   -0.06  -0.03  1.00  

3  1325.17  -7.59  38.40  
   -0.35  0.03  -0.94  
   -0.02  -1.00  -0.03  
   -0.94  0.01  0.35  

4  1222.92  162.07  -10.27  
   0.80  -0.56  0.21  
   0.57  0.61  -0.55  
   0.18  0.56  0.81  

5  1201.94  239.76  263.87  
   -0.33  0.60  0.73  
   -0.24  0.69  -0.68  
   -0.91  -0.40  -0.08  

6  1408.21  200.03  348.26  
   0.89  0.03  -0.46  
   -0.43  0.37  -0.82  
   0.15  0.93  0.34  

8  1175.59  -238.87  249.58  
   -0.30  -0.08  0.95  
   0.33  0.93  0.18  
   -0.90  0.37  -0.25  

7  1209.97  -169.22  -36.61  
   0.61  0.74  0.30  
   -0.78  0.48  0.39  
   0.14  -0.47  0.87  

9  1394.82  -220.56  376.39  
   0.93  0.32  -0.19  
   0.34  -0.51  0.79  
   0.16  -0.80  -0.58  

2  856.36  -40.63  573.73  
   0.56  -0.83  0.01  
   0.82  0.56  0.07  
   -0.06  -0.03  1.00  

3  1325.17  -8.04  37.95  
   -0.35  0.04  -0.94  
   -0.02  -1.00  -0.03  
   -0.94  0.01  0.35  

4  1222.92  162.07  -10.27  
   0.80  -0.56  0.21  
   0.57  0.61  -0.55  
   0.18  0.56  0.81  

5  1202.38  240.21  264.32  
   -0.33  0.60  0.73  
   -0.24  0.69  -0.68  
   -0.91  -0.40  -0.08  

6  1408.66  199.58  348.26  
   0.89  0.03  -0.46  
   -0.43  0.37  -0.82  
   0.15  0.93  0.34  

7  1209.97  -169.22  -36.61  
   0.61  0.74  0.30  
   -0.78  0.48  0.39  
   0.14  -0.47  0.87  

8  1176.04  -238.42  249.58  
   -0.30  -0.08  0.95  
   0.32  0.93  0.18  
   -0.90  0.36  -0.25  

9  1394.37  -221.46  377.28  
   0.93  0.32  -0.18  
   0.33  -0.51  0.79  
   0.16  -0.80  -0.58  

3  1326.06  -8.04  37.50  
   -0.35  0.04  -0.94  
   -0.02  -1.00  -0.03  
   -0.94  0.01  0.35  

2  856.36  -40.63  573.73  
   0.56  -0.83  0.01  
   0.82  0.56  0.07  
   -0.06  -0.03  1.00  

4  1222.92  161.63  -10.27  
   0.80  -0.56  0.21  
   0.57  0.61  -0.55  
   0.18  0.56  0.81  

5  1201.94  240.66  264.77  
   -0.33  0.60  0.73  
   -0.24  0.69  -0.68  
   -0.91  -0.40  -0.08  

6  1408.66  200.03  348.26  
   0.89  0.03  -0.46  
   -0.43  0.37  -0.82  
   0.15  0.93  0.34  

8  1176.49  -237.98  250.03  
   -0.30  -0.09  0.95  
   0.32  0.93  0.18  
   -0.90  0.36  -0.25  

9  1394.37  -220.56  378.17  
   0.93  0.32  -0.18  
   0.33  -0.51  0.79  
   0.16  -0.80  -0.58  

7  1210.42  -169.66  -36.61  
   0.60  0.74  0.30  
   -0.78  0.48  0.39  
   0.14  -0.48  0.87  

2  856.36  -40.63  574.18  
   0.56  -0.83  0.01  
   0.82  0.56  0.07  
   -0.06  -0.03  1.00  

4  1222.92  161.63  -10.72  
   0.80  -0.56  0.21  
   0.57  0.61  -0.55  
   0.18  0.56  0.81  

3  1326.06  -8.48  37.50  
   -0.35  0.04  -0.94  
   -0.03  -1.00  -0.03  
   -0.94  0.01  0.35  

6  1408.66  199.13  348.70  
   0.89  0.03  -0.46  
   -0.43  0.37  -0.82  
   0.15  0.93  0.34  

5  1201.94  240.66  264.32  
   -0.33  0.60  0.73  
   -0.24  0.69  -0.68  
   -0.91  -0.40  -0.08  

7  1210.42  -169.66  -36.61  
   0.60  0.74  0.30  
   -0.78  0.48  0.39  
   0.14  -0.48  0.87  

8  1176.49  -237.98  250.92  
   -0.30  -0.09  0.95  
   0.32  0.93  0.19  
   -0.90  0.36  -0.25  

9  1394.37  -221.46  378.17  
   0.93  0.32  -0.18  
   0.33  -0.51  0.79  
   0.16  -0.80  -0.58  

2  856.36  -40.63  573.73  
   0.56  -0.83  0.01  
   0.82  0.56  0.07  
   -0.06  -0.03  1.00  

4  1223.37  161.18  -10.72  
   0.80  -0.56  0.21  
   0.57  0.61  -0.55  
   0.18  0.56  0.81  

3  1325.61  -8.48  37.95  
   -0.35  0.04  -0.94  
   -0.03  -1.00  -0.03  
   -0.94  0.01  0.35  

7  1209.97  -169.66  -36.61  
   0.60  0.74  0.30  
   -0.78  0.48  0.39  
   0.14  -0.48  0.87  

6  1408.66  199.58  348.70  
   0.89  0.03  -0.46  
   -0.43  0.37  -0.82  
   0.15  0.93  0.34  

5  1202.38  240.66  264.32  
   -0.33  0.60  0.73  
   -0.24  0.69  -0.68  
   -0.91  -0.40  -0.08  

8  1184.52  -244.67  252.26  
   -0.34  -0.11  0.93  
   0.32  0.92  0.23  
   -0.88  0.38  -0.28  

9  1400.62  -219.67  376.39  
   0.93  0.32  -0.20  
   0.34  -0.51  0.79  
   0.16  -0.80  -0.58  

2  856.36  -40.63  573.73  
   0.56  -0.83  0.01  
   0.82  0.56  0.06  
   -0.06  -0.03  1.00  

4  1222.92  161.18  -9.82  
   0.80  -0.56  0.21  
   0.57  0.61  -0.55  
   0.18  0.56  0.81  

3  1325.61  -8.48  38.40  
   -0.35  0.04  -0.94  
   -0.03  -1.00  -0.03  
   -0.94  0.01  0.35  

5  1201.94  239.76  264.32  
   -0.33  0.60  0.73  
   -0.24  0.69  -0.68  
   -0.91  -0.40  -0.08  

7  1209.97  -170.11  -36.17  
   0.60  0.74  0.30  
   -0.78  0.48  0.39  
   0.14  -0.47  0.87  

9  1424.29  -223.69  360.31  
   0.92  0.29  -0.26  
   0.37  -0.49  0.79  
   0.10  -0.83  -0.55  

6  1408.21  199.13  349.15  
   0.89  0.03  -0.46  
   -0.43  0.37  -0.82  
   0.15  0.93  0.34  

8  1198.81  -250.92  252.26  
   -0.41  -0.12  0.90  
   0.33  0.90  0.27  
   -0.85  0.41  -0.33  

2  856.36  -40.63  573.73  
   0.56  -0.83  0.01  
   0.82  0.56  0.07  
   -0.06  -0.03  1.00  

3  1324.27  -8.04  39.29  
   -0.35  0.03  -0.94  
   -0.02  -1.00  -0.03  
   -0.94  0.01  0.35  

4  1222.47  161.18  -10.27  
   0.80  -0.56  0.21  
   0.57  0.61  -0.55  
   0.18  0.56  0.81  

5  1201.49  239.32  264.32  
   -0.33  0.60  0.73  
   -0.24  0.69  -0.68  
   -0.91  -0.40  -0.08  

6  1408.21  200.03  348.70  
   0.89  0.03  -0.46  
   -0.43  0.37  -0.82  
   0.15  0.93  0.34  

8  1224.71  -259.85  250.03  
   -0.52  -0.10  0.85  
   0.35  0.88  0.32  
   -0.78  0.46  -0.42  

9  1455.54  -218.33  324.59  
   0.91  0.21  -0.36  
   0.42  -0.46  0.78  
   -0.00  -0.86  -0.51  

7  1209.08  -170.11  -38.40  
   0.61  0.72  0.32  
   -0.78  0.49  0.38  
   0.12  -0.48  0.87  

2  856.36  -40.63  573.73  
   0.56  -0.83  0.01  
   0.82  0.56  0.07  
   -0.06  -0.03  1.00  

4  1221.13  160.73  -10.27  
   0.80  -0.57  0.21  
   0.57  0.60  -0.55  
   0.19  0.56  0.81  

5  1201.04  239.32  265.66  
   -0.33  0.60  0.73  
   -0.24  0.69  -0.68  
   -0.91  -0.40  -0.08  

3  1323.83  -8.04  39.29  
   -0.35  0.03  -0.94  
   -0.02  -1.00  -0.03  
   -0.94  0.01  0.35  

6  1407.32  199.58  348.70  
   0.89  0.03  -0.45  
   -0.43  0.37  -0.82  
   0.15  0.93  0.35  

8  1252.84  -272.36  237.08  
   -0.63  -0.06  0.78  
   0.37  0.85  0.37  
   -0.69  0.52  -0.51  

9  1486.35  -222.80  283.07  
   0.88  0.13  -0.45  
   0.46  -0.46  0.76  
   -0.11  -0.88  -0.46  

7  1209.53  -169.66  -40.18  
   0.63  0.71  0.33  
   -0.78  0.52  0.36  
   0.09  -0.48  0.87  

2  856.36  -40.63  573.73  
   0.56  -0.83  0.01  
   0.82  0.56  0.07  
   -0.06  -0.03  1.00  

4  1220.69  161.18  -9.82  
   0.80  -0.57  0.21  
   0.57  0.60  -0.55  
   0.19  0.56  0.81  

3  1323.38  -7.14  39.29  
   -0.35  0.03  -0.94  
   -0.02  -1.00  -0.03  
   -0.94  0.01  0.35  

5  1201.04  238.87  264.77  
   -0.33  0.60  0.73  
   -0.24  0.69  -0.68  
   -0.91  -0.40  -0.09  

7  1211.31  -165.65  -42.42  
   0.64  0.69  0.34  
   -0.76  0.55  0.34  
   0.05  -0.47  0.88  

6  1407.32  200.03  348.70  
   0.89  0.03  -0.45  
   -0.43  0.38  -0.82  
   0.15  0.93  0.35  

9  1514.47  -214.76  223.24  
   0.82  0.03  -0.57  
   0.52  -0.45  0.72  
   -0.24  -0.89  -0.39  

8  1278.28  -274.14  222.35  
   -0.72  -0.03  0.69  
   0.37  0.82  0.42  
   -0.58  0.56  -0.58  

2  856.36  -40.63  573.73  
   0.56  -0.83  0.01  
   0.82  0.56  0.07  
   -0.06  -0.03  1.00  

3  1322.93  -6.70  40.18  
   -0.35  0.03  -0.94  
   -0.01  -1.00  -0.03  
   -0.94  0.00  0.35  

5  1200.15  238.87  265.21  
   -0.33  0.60  0.73  
   -0.24  0.69  -0.68  
   -0.91  -0.40  -0.09  

4  1219.35  161.63  -9.82  
   0.79  -0.57  0.21  
   0.58  0.60  -0.55  
   0.19  0.56  0.81  

6  1407.32  200.47  348.70  
   0.89  0.03  -0.45  
   -0.43  0.38  -0.82  
   0.15  0.93  0.35  

8  1304.63  -279.95  203.60  
   -0.80  0.00  0.61  
   0.37  0.80  0.47  
   -0.48  0.60  -0.64  

9  1527.87  -203.60  177.25  
   0.73  -0.03  -0.68  
   0.59  -0.47  0.66  
   -0.34  -0.88  -0.33  

7  1212.21  -165.65  -46.88  
   0.66  0.67  0.34  
   -0.75  0.58  0.31  
   0.00  -0.46  0.89  

2  856.36  -40.63  573.73  
   0.56  -0.83  0.01  
   0.82  0.56  0.07  
   -0.06  -0.03  1.00  

3  1323.38  -6.70  39.74  
   -0.35  0.02  -0.94  
   -0.01  -1.00  -0.02  
   -0.94  -0.00  0.35  

4  1219.80  161.18  -10.27  
   0.79  -0.58  0.21  
   0.58  0.60  -0.55  
   0.19  0.56  0.81  

5  1200.60  238.87  265.21  
   -0.33  0.60  0.73  
   -0.24  0.69  -0.68  
   -0.91  -0.40  -0.09  

6  1407.32  199.58  349.15  
   0.89  0.03  -0.45  
   -0.43  0.38  -0.82  
   0.15  0.93  0.35  

7  1214.88  -163.41  -51.79  
   0.68  0.65  0.35  
   -0.73  0.61  0.29  
   -0.03  -0.45  0.89  

9  1536.35  -191.54  126.80  
   0.63  -0.07  -0.77  
   0.64  -0.51  0.57  
   -0.43  -0.86  -0.28  

8  1325.17  -286.20  183.95  
   -0.85  0.05  0.52  
   0.35  0.79  0.51  
   -0.39  0.61  -0.69  

2  856.36  -40.63  573.73  
   0.56  -0.83  0.01  
   0.82  0.56  0.07  
   -0.06  -0.03  1.00  

4  1220.24  161.63  -10.72  
   0.79  -0.58  0.21  
   0.58  0.60  -0.55  
   0.20  0.56  0.81  

3  1323.83  -5.80  40.63  
   -0.35  0.02  -0.94  
   -0.00  -1.00  -0.02  
   -0.94  -0.01  0.35  

5  1200.60  238.87  265.21  
   -0.33  0.60  0.73  
   -0.24  0.69  -0.68  
   -0.91  -0.40  -0.09  

6  1406.87  200.47  348.70  
   0.89  0.03  -0.45  
   -0.43  0.38  -0.82  
   0.15  0.93  0.35  

7  1215.78  -160.29  -54.47  
   0.69  0.63  0.35  
   -0.72  0.64  0.27  
   -0.05  -0.44  0.90  

9  1537.69  -173.24  86.17  
   0.53  -0.08  -0.85  
   0.68  -0.55  0.48  
   -0.50  -0.83  -0.23  

8  1343.02  -276.37  166.99  
   -0.90  0.07  0.43  
   0.32  0.79  0.53  
   -0.31  0.61  -0.73  

4  1221.13  162.07  -10.27  
   0.79  -0.58  0.20  
   0.58  0.60  -0.55  
   0.20  0.56  0.81  

2  856.36  -40.63  573.73  
   0.56  -0.83  0.01  
   0.82  0.56  0.07  
   -0.06  -0.03  1.00  

5  1200.60  239.32  264.77  
   -0.33  0.60  0.73  
   -0.24  0.69  -0.68  
   -0.91  -0.40  -0.09  

3  1322.93  -5.80  41.52  
   -0.35  0.02  -0.94  
   0.00  -1.00  -0.02  
   -0.94  -0.01  0.35  

6  1407.32  200.03  349.60  
   0.89  0.03  -0.45  
   -0.43  0.38  -0.82  
   0.15  0.93  0.35  

7  1216.67  -158.95  -58.04  
   0.70  0.63  0.34  
   -0.71  0.66  0.24  
   -0.07  -0.42  0.91  

8  1353.74  -276.82  150.02  
   -0.93  0.09  0.36  
   0.29  0.79  0.55  
   -0.23  0.61  -0.76  

9  1530.99  -160.29  41.52  
   0.40  -0.11  -0.91  
   0.72  -0.58  0.38  
   -0.57  -0.81  -0.15  

2  856.36  -40.63  573.73  
   0.56  -0.83  0.01  
   0.82  0.56  0.07  
   -0.06  -0.03  1.00  

6  1406.87  200.47  349.60  
   0.89  0.03  -0.45  
   -0.43  0.37  -0.82  
   0.15  0.93  0.35  

5  1200.60  239.32  265.21  
   -0.33  0.60  0.73  
   -0.24  0.69  -0.68  
   -0.91  -0.40  -0.09  

3  1323.38  -5.36  41.08  
   -0.35  0.01  -0.94  
   0.00  -1.00  -0.02  
   -0.94  -0.01  0.35  

4  1222.47  161.63  -10.27  
   0.79  -0.58  0.20  
   0.58  0.60  -0.56  
   0.20  0.55  0.81  

8  1361.78  -275.03  135.73  
   -0.95  0.10  0.31  
   0.27  0.78  0.56  
   -0.18  0.61  -0.77  

7  1216.22  -154.93  -62.06  
   0.71  0.62  0.34  
   -0.70  0.68  0.22  
   -0.10  -0.40  0.91  

9  1523.40  -140.64  11.16  
   0.27  -0.11  -0.96  
   0.75  -0.60  0.28  
   -0.60  -0.79  -0.08  

2  856.36  -40.63  573.73  
   0.56  -0.83  0.01  
   0.82  0.56  0.07  
   -0.06  -0.03  1.00  

3  1323.38  -4.46  42.42  
   -0.35  0.01  -0.94  
   0.01  -1.00  -0.01  
   -0.94  -0.01  0.34  

4  1223.81  162.97  -9.38  
   0.79  -0.58  0.20  
   0.58  0.60  -0.56  
   0.21  0.55  0.81  

5  1200.15  239.76  265.21  
   -0.33  0.60  0.73  
   -0.24  0.69  -0.68  
   -0.91  -0.40  -0.08  

6  1406.87  200.03  349.60  
   0.89  0.03  -0.45  
   -0.43  0.37  -0.82  
   0.15  0.93  0.34  

7  1216.22  -152.70  -66.53  
   0.72  0.61  0.34  
   -0.69  0.70  0.19  
   -0.13  -0.37  0.92  

9  1507.78  -126.80  -16.97  
   0.13  -0.13  -0.98  
   0.78  -0.61  0.18  
   -0.62  -0.79  0.02  

8  1369.37  -272.80  118.76  
   -0.96  0.10  0.25  
   0.23  0.77  0.59  
   -0.13  0.63  -0.77  

3  1323.38  -4.46  42.86  
   -0.34  0.01  -0.94  
   0.01  -1.00  -0.01  
   -0.94  -0.02  0.34  

2  856.36  -40.63  573.73  
   0.56  -0.83  0.01  
   0.82  0.56  0.07  
   -0.06  -0.03  1.00  

4  1223.81  163.41  -9.38  
   0.79  -0.58  0.20  
   0.58  0.59  -0.56  
   0.21  0.56  0.80  

6  1407.32  200.03  349.60  
   0.89  0.03  -0.45  
   -0.43  0.37  -0.82  
   0.14  0.93  0.34  

5  1200.60  239.76  265.66  
   -0.33  0.60  0.73  
   -0.24  0.69  -0.68  
   -0.91  -0.40  -0.08  

7  1216.67  -150.47  -67.87  
   0.72  0.60  0.34  
   -0.68  0.71  0.18  
   -0.14  -0.36  0.92  

8  1374.73  -266.55  109.84  
   -0.97  0.10  0.20  
   0.20  0.76  0.61  
   -0.09  0.64  -0.77  

9  1496.17  -116.98  -33.49  
   0.02  -0.14  -0.99  
   0.78  -0.61  0.10  
   -0.62  -0.78  0.10  

2  856.36  -40.63  573.73  
   0.56  -0.83  0.01  
   0.82  0.56  0.07  
   -0.06  -0.03  1.00  

5  1200.60  240.21  267.00  
   -0.33  0.60  0.73  
   -0.24  0.69  -0.68  
   -0.91  -0.40  -0.08  

6  1406.87  200.47  350.94  
   0.89  0.03  -0.45  
   -0.43  0.36  -0.83  
   0.14  0.93  0.34  

3  1323.38  -2.68  43.76  
   -0.34  0.01  -0.94  
   0.01  -1.00  -0.01  
   -0.94  -0.02  0.34  

4  1223.81  163.86  -8.04  
   0.79  -0.58  0.20  
   0.58  0.59  -0.56  
   0.21  0.56  0.80  

8  1376.96  -268.78  104.48  
   -0.98  0.10  0.17  
   0.19  0.75  0.63  
   -0.07  0.65  -0.76  

7  1217.12  -147.79  -67.87  
   0.73  0.59  0.34  
   -0.67  0.72  0.17  
   -0.15  -0.35  0.92  

9  1485.45  -108.94  -38.84  
   -0.06  -0.13  -0.99  
   0.79  -0.61  0.04  
   -0.60  -0.78  0.14  

3  1323.38  -2.23  43.76  
   -0.35  0.01  -0.94  
   0.02  -1.00  -0.02  
   -0.94  -0.02  0.35  

2  856.36  -40.63  573.73  
   0.56  -0.83  0.01  
   0.82  0.56  0.06  
   -0.06  -0.03  1.00  

4  1223.37  164.75  -7.59  
   0.79  -0.58  0.20  
   0.58  0.59  -0.57  
   0.21  0.56  0.80  

6  1406.43  200.03  350.49  
   0.89  0.03  -0.45  
   -0.43  0.36  -0.83  
   0.14  0.93  0.33  

5  1201.04  240.21  267.89  
   -0.33  0.60  0.73  
   -0.23  0.69  -0.68  
   -0.91  -0.39  -0.09  

7  1217.12  -147.34  -69.65  
   0.73  0.59  0.34  
   -0.67  0.73  0.17  
   -0.15  -0.35  0.92  

9  1480.10  -106.71  -44.20  
   -0.10  -0.13  -0.99  
   0.79  -0.61  -0.00  
   -0.60  -0.78  0.17  

8  1377.85  -269.68  101.80  
   -0.98  0.09  0.16  
   0.17  0.74  0.64  
   -0.06  0.66  -0.75  

2  856.36  -40.63  573.73  
   0.56  -0.83  0.01  
   0.82  0.56  0.07  
   -0.06  -0.03  1.00  

5  1200.15  241.10  267.89  
   -0.33  0.60  0.73  
   -0.23  0.69  -0.68  
   -0.91  -0.39  -0.09  

3  1323.38  -1.34  44.65  
   -0.34  0.01  -0.94  
   0.02  -1.00  -0.02  
   -0.94  -0.02  0.34  

4  1223.37  165.20  -6.70  
   0.79  -0.58  0.20  
   0.58  0.59  -0.57  
   0.22  0.56  0.80  

6  1406.87  200.47  350.49  
   0.89  0.03  -0.45  
   -0.43  0.36  -0.83  
   0.14  0.93  0.33  

8  1378.30  -268.34  100.91  
   -0.98  0.09  0.15  
   0.17  0.74  0.65  
   -0.06  0.67  -0.74  

9  1476.97  -105.37  -47.77  
   -0.12  -0.14  -0.98  
   0.79  -0.61  -0.01  
   -0.60  -0.78  0.19  

7  1217.12  -146.89  -70.10  
   0.73  0.59  0.34  
   -0.66  0.73  0.16  
   -0.15  -0.35  0.93  

2  856.36  -40.63  573.73  
   0.56  -0.83  0.01  
   0.82  0.56  0.07  
   -0.06  -0.03  1.00  

3  1323.38  -1.34  44.20  
   -0.35  0.01  -0.94  
   0.02  -1.00  -0.02  
   -0.94  -0.03  0.34  

4  1223.81  165.65  -6.70  
   0.79  -0.59  0.20  
   0.58  0.59  -0.57  
   0.22  0.56  0.80  

5  1200.15  241.10  268.34  
   -0.33  0.60  0.73  
   -0.23  0.69  -0.68  
   -0.92  -0.39  -0.09  

6  1406.87  200.47  350.94  
   0.89  0.03  -0.45  
   -0.43  0.36  -0.83  
   0.14  0.93  0.33  

9  1476.97  -105.37  -47.77  
   -0.13  -0.14  -0.98  
   0.79  -0.61  -0.02  
   -0.60  -0.78  0.19  

8  1378.74  -269.23  99.12  
   -0.98  0.09  0.15  
   0.17  0.74  0.66  
   -0.06  0.67  -0.74  

7  1217.12  -146.89  -70.54  
   0.73  0.59  0.34  
   -0.66  0.73  0.16  
   -0.16  -0.34  0.93  

2  856.36  -40.63  573.73  
   0.56  -0.83  0.01  
   0.82  0.56  0.06  
   -0.06  -0.03  1.00  

4  1223.81  165.20  -6.25  
   0.79  -0.59  0.20  
   0.58  0.59  -0.57  
   0.22  0.56  0.80  

5  1200.15  241.10  267.89  
   -0.33  0.60  0.73  
   -0.23  0.69  -0.68  
   -0.91  -0.39  -0.09  

3  1323.38  -1.34  43.76  
   -0.35  0.01  -0.94  
   0.02  -1.00  -0.02  
   -0.94  -0.03  0.34  

6  1406.87  200.47  350.94  
   0.89  0.03  -0.45  
   -0.43  0.35  -0.83  
   0.14  0.93  0.33  

7  1217.56  -146.89  -70.54  
   0.73  0.59  0.34  
   -0.66  0.73  0.16  
   -0.16  -0.34  0.93  

8  1379.19  -269.23  98.23  
   -0.98  0.09  0.15  
   0.17  0.73  0.66  
   -0.05  0.67  -0.74  

9  1475.63  -104.92  -50.01  
   -0.14  -0.15  -0.98  
   0.79  -0.61  -0.02  
   -0.60  -0.77  0.20  

2  856.36  -40.63  573.73  
   0.56  -0.83  0.01  
   0.82  0.56  0.06  
   -0.06  -0.03  1.00  

4  1223.81  165.20  -6.25  
   0.79  -0.59  0.19  
   0.58  0.58  -0.57  
   0.22  0.56  0.80  

5  1200.60  241.10  268.34  
   -0.33  0.60  0.73  
   -0.23  0.69  -0.68  
   -0.92  -0.39  -0.09  

3  1323.38  -1.79  44.20  
   -0.34  0.01  -0.94  
   0.02  -1.00  -0.02  
   -0.94  -0.03  0.34  

6  1406.87  200.47  351.38  
   0.89  0.03  -0.45  
   -0.43  0.35  -0.83  
   0.14  0.93  0.33  

7  1217.12  -146.45  -70.99  
   0.73  0.59  0.34  
   -0.66  0.73  0.16  
   -0.16  -0.34  0.93  

9  1475.18  -106.26  -50.90  
   -0.14  -0.15  -0.98  
   0.79  -0.61  -0.02  
   -0.60  -0.77  0.21  

8  1379.19  -269.23  97.33  
   -0.98  0.09  0.15  
   0.17  0.73  0.66  
   -0.05  0.68  -0.74  

2  856.36  -40.63  573.73  
   0.56  -0.83  0.01  
   0.82  0.56  0.06  
   -0.06  -0.03  1.00  

4  1223.37  165.20  -6.70  
   0.79  -0.59  0.19  
   0.58  0.58  -0.57  
   0.22  0.56  0.80  

5  1200.15  241.10  268.78  
   -0.33  0.60  0.73  
   -0.23  0.69  -0.68  
   -0.92  -0.39  -0.09  

3  1323.38  -1.79  44.65  
   -0.34  0.01  -0.94  
   0.02  -1.00  -0.02  
   -0.94  -0.03  0.34  

6  1406.87  200.03  350.94  
   0.89  0.03  -0.45  
   -0.43  0.35  -0.83  
   0.14  0.93  0.33  

7  1217.12  -146.89  -70.54  
   0.73  0.59  0.34  
   -0.66  0.73  0.16  
   -0.16  -0.34  0.93  

9  1474.29  -106.26  -51.35  
   -0.14  -0.15  -0.98  
   0.79  -0.61  -0.02  
   -0.60  -0.77  0.21  

8  1379.19  -269.68  96.89  
   -0.98  0.09  0.15  
   0.17  0.73  0.66  
   -0.05  0.68  -0.73  

2  856.36  -40.63  573.73  
   0.56  -0.83  0.01  
   0.82  0.56  0.07  
   -0.06  -0.03  1.00  

4  1223.37  164.75  -6.25  
   0.79  -0.59  0.19  
   0.58  0.58  -0.57  
   0.22  0.56  0.80  

3  1323.38  -1.79  44.20  
   -0.34  0.01  -0.94  
   0.02  -1.00  -0.02  
   -0.94  -0.03  0.34  

6  1406.87  200.47  350.94  
   0.89  0.03  -0.45  
   -0.43  0.36  -0.83  
   0.14  0.93  0.33  

5  1200.60  241.10  268.78  
   -0.33  0.60  0.73  
   -0.23  0.69  -0.68  
   -0.91  -0.39  -0.09  

7  1217.12  -146.89  -70.54  
   0.74  0.59  0.34  
   -0.66  0.74  0.16  
   -0.16  -0.34  0.93  

8  1379.19  -270.12  96.44  
   -0.98  0.09  0.15  
   0.17  0.73  0.66  
   -0.05  0.68  -0.73  

9  1474.29  -106.26  -51.35  
   -0.14  -0.15  -0.98  
   0.79  -0.62  -0.02  
   -0.60  -0.77  0.21  

2  856.36  -40.63  573.73  
   0.56  -0.83  0.01  
   0.82  0.56  0.06  
   -0.06  -0.03  1.00  

4  1223.81  164.75  -6.25  
   0.79  -0.59  0.19  
   0.58  0.58  -0.57  
   0.22  0.56  0.80  

3  1323.38  -1.79  44.20  
   -0.34  0.01  -0.94  
   0.02  -1.00  -0.02  
   -0.94  -0.03  0.34  

5  1200.15  240.66  268.34  
   -0.33  0.60  0.73  
   -0.23  0.69  -0.68  
   -0.91  -0.39  -0.09  

6  1406.87  200.03  351.38  
   0.89  0.03  -0.45  
   -0.43  0.35  -0.83  
   0.14  0.93  0.33  

8  1378.30  -269.23  96.89  
   -0.98  0.09  0.16  
   0.17  0.73  0.66  
   -0.06  0.68  -0.73  

7  1217.56  -146.89  -70.54  
   0.74  0.58  0.34  
   -0.66  0.73  0.16  
   -0.16  -0.34  0.93  

9  1477.42  -107.16  -48.67  
   -0.12  -0.16  -0.98  
   0.79  -0.62  0.00  
   -0.60  -0.77  0.20  

2  856.36  -40.63  573.73  
   0.56  -0.83  0.01  
   0.82  0.56  0.06  
   -0.06  -0.03  1.00  

4  1223.81  165.20  -6.25  
   0.79  -0.59  0.19  
   0.58  0.58  -0.57  
   0.22  0.56  0.80  

3  1323.38  -1.79  44.65  
   -0.34  0.01  -0.94  
   0.02  -1.00  -0.02  
   -0.94  -0.03  0.34  

8  1370.71  -269.68  107.60  
   -0.97  0.07  0.22  
   0.21  0.73  0.66  
   -0.12  0.68  -0.72  

5  1200.60  241.10  268.78  
   -0.33  0.60  0.73  
   -0.23  0.69  -0.68  
   -0.91  -0.39  -0.09  

7  1218.01  -146.89  -68.31  
   0.73  0.59  0.34  
   -0.67  0.72  0.18  
   -0.14  -0.36  0.92  

6  1406.87  200.47  350.94  
   0.89  0.03  -0.45  
   -0.43  0.35  -0.83  
   0.13  0.93  0.33  

9  1485.45  -114.30  -31.70  
   -0.03  -0.17  -0.99  
   0.79  -0.61  0.08  
   -0.61  -0.78  0.15  

3  1324.27  -0.45  44.20  
   -0.34  0.02  -0.94  
   0.02  -1.00  -0.03  
   -0.94  -0.03  0.34  

2  856.36  -40.63  573.73  
   0.56  -0.83  0.01  
   0.82  0.56  0.07  
   -0.06  -0.03  1.00  

4  1223.37  164.75  -6.25  
   0.79  -0.59  0.19  
   0.58  0.58  -0.57  
   0.22  0.56  0.80  

5  1200.15  241.55  269.23  
   -0.33  0.60  0.73  
   -0.23  0.70  -0.68  
   -0.92  -0.39  -0.09  

7  1217.56  -147.79  -64.29  
   0.72  0.60  0.34  
   -0.69  0.69  0.22  
   -0.10  -0.39  0.91  

6  1406.87  200.92  351.38  
   0.89  0.03  -0.45  
   -0.43  0.35  -0.83  
   0.13  0.94  0.33  

9  1493.49  -127.69  1.79  
   0.10  -0.19  -0.98  
   0.79  -0.59  0.19  
   -0.61  -0.79  0.09  

8  1352.40  -275.93  125.02  
   -0.94  0.05  0.33  
   0.26  0.73  0.64  
   -0.21  0.69  -0.70  

2  856.36  -40.63  573.73  
   0.56  -0.83  0.01  
   0.82  0.56  0.07  
   -0.06  -0.03  1.00  

3  1325.17  0.45  42.42  
   -0.35  0.03  -0.94  
   0.03  -1.00  -0.04  
   -0.94  -0.04  0.34  

4  1222.47  166.54  -6.70  
   0.78  -0.59  0.20  
   0.58  0.58  -0.57  
   0.22  0.56  0.80  

5  1200.15  241.55  269.68  
   -0.33  0.60  0.73  
   -0.23  0.70  -0.68  
   -0.92  -0.39  -0.09  

7  1218.90  -150.91  -59.83  
   0.70  0.62  0.35  
   -0.71  0.66  0.25  
   -0.07  -0.42  0.90  

8  1331.42  -280.39  148.68  
   -0.89  0.01  0.46  
   0.32  0.73  0.60  
   -0.33  0.68  -0.65  

6  1406.87  200.92  350.94  
   0.89  0.03  -0.45  
   -0.43  0.35  -0.83  
   0.13  0.94  0.33  

9  1498.40  -148.23  52.69  
   0.28  -0.19  -0.94  
   0.77  -0.54  0.34  
   -0.57  -0.82  -0.00  

2  856.36  -40.63  573.73  
   0.56  -0.83  0.01  
   0.82  0.56  0.07  
   -0.06  -0.03  1.00  

4  1222.47  166.99  -6.70  
   0.78  -0.59  0.20  
   0.59  0.58  -0.57  
   0.22  0.56  0.80  

3  1326.06  1.34  41.52  
   -0.34  0.04  -0.94  
   0.02  -1.00  -0.05  
   -0.94  -0.04  0.34  

6  1406.87  200.92  350.94  
   0.89  0.03  -0.45  
   -0.43  0.35  -0.83  
   0.13  0.94  0.32  

5  1200.15  241.10  269.23  
   -0.33  0.60  0.73  
   -0.23  0.70  -0.68  
   -0.92  -0.39  -0.09  

8  1303.73  -287.98  175.47  
   -0.81  -0.03  0.58  
   0.36  0.75  0.55  
   -0.45  0.66  -0.60  

7  1218.46  -156.27  -55.36  
   0.68  0.65  0.34  
   -0.73  0.62  0.29  
   -0.02  -0.45  0.89  

9  1496.17  -167.88  106.26  
   0.44  -0.14  -0.89  
   0.73  -0.52  0.45  
   -0.52  -0.84  -0.12  

2  856.36  -40.63  573.73  
   0.56  -0.83  0.01  
   0.82  0.56  0.07  
   -0.06  -0.03  1.00  

3  1326.51  1.34  39.74  
   -0.34  0.05  -0.94  
   0.01  -1.00  -0.06  
   -0.94  -0.03  0.34  

4  1222.47  166.99  -7.59  
   0.78  -0.59  0.20  
   0.59  0.58  -0.56  
   0.21  0.56  0.80  

5  1200.15  241.10  269.23  
   -0.33  0.60  0.73  
   -0.23  0.70  -0.68  
   -0.92  -0.39  -0.09  

6  1407.32  200.92  350.94  
   0.89  0.03  -0.45  
   -0.43  0.35  -0.83  
   0.13  0.94  0.32  

7  1217.12  -159.84  -48.22  
   0.66  0.68  0.32  
   -0.75  0.57  0.34  
   0.04  -0.47  0.88  

8  1278.28  -284.41  200.03  
   -0.73  -0.08  0.68  
   0.38  0.78  0.50  
   -0.57  0.62  -0.54  

9  1487.69  -178.59  165.65  
   0.58  -0.07  -0.81  
   0.68  -0.50  0.53  
   -0.44  -0.87  -0.24  

2  856.36  -40.63  573.73  
   0.56  -0.83  0.01  
   0.82  0.56  0.07  
   -0.06  -0.03  1.00  

3  1327.40  -0.89  39.29  
   -0.34  0.05  -0.94  
   -0.00  -1.00  -0.05  
   -0.94  -0.02  0.34  

4  1222.47  165.65  -9.38  
   0.78  -0.59  0.21  
   0.59  0.59  -0.55  
   0.20  0.55  0.81  

6  1407.77  200.03  350.49  
   0.89  0.02  -0.46  
   -0.43  0.36  -0.83  
   0.14  0.93  0.33  

5  1200.60  241.99  267.44  
   -0.33  0.60  0.73  
   -0.23  0.69  -0.68  
   -0.91  -0.39  -0.09  

7  1216.67  -165.20  -43.31  
   0.65  0.70  0.30  
   -0.76  0.53  0.38  
   0.10  -0.47  0.87  

8  1250.16  -280.39  219.67  
   -0.64  -0.12  0.76  
   0.38  0.81  0.44  
   -0.67  0.57  -0.47  

9  1472.95  -194.67  231.28  
   0.72  0.05  -0.69  
   0.62  -0.48  0.62  
   -0.30  -0.87  -0.38  

3  1327.40  -1.79  38.84  
   -0.34  0.05  -0.94  
   -0.01  -1.00  -0.05  
   -0.94  -0.01  0.34  

2  856.36  -41.08  573.73  
   0.56  -0.83  0.01  
   0.82  0.56  0.06  
   -0.06  -0.03  1.00  

4  1222.47  164.75  -10.72  
   0.78  -0.58  0.21  
   0.59  0.59  -0.55  
   0.19  0.55  0.81  

5  1202.38  241.99  264.77  
   -0.33  0.60  0.72  
   -0.24  0.69  -0.68  
   -0.91  -0.40  -0.09  

6  1408.66  200.03  349.15  
   0.89  0.02  -0.46  
   -0.44  0.36  -0.82  
   0.15  0.93  0.33  

7  1215.33  -164.75  -41.08  
   0.64  0.71  0.29  
   -0.76  0.52  0.39  
   0.12  -0.47  0.87  

8  1230.96  -273.25  230.39  
   -0.55  -0.14  0.82  
   0.38  0.84  0.40  
   -0.74  0.53  -0.41  

9  1457.33  -200.92  271.46  
   0.80  0.15  -0.58  
   0.57  -0.48  0.67  
   -0.17  -0.87  -0.47  

2  856.36  -41.08  573.73  
   0.56  -0.83  0.01  
   0.82  0.56  0.07  
   -0.06  -0.03  1.00  

3  1327.40  -2.68  38.84  
   -0.34  0.05  -0.94  
   -0.02  -1.00  -0.04  
   -0.94  -0.00  0.34  

4  1222.47  164.75  -10.72  
   0.78  -0.58  0.21  
   0.59  0.59  -0.55  
   0.19  0.55  0.81  

5  1202.38  241.99  263.87  
   -0.33  0.61  0.72  
   -0.24  0.69  -0.68  
   -0.91  -0.40  -0.08  

8  1218.01  -271.02  234.85  
   -0.50  -0.15  0.85  
   0.37  0.85  0.37  
   -0.78  0.50  -0.37  

6  1408.21  200.03  348.70  
   0.89  0.02  -0.46  
   -0.44  0.37  -0.82  
   0.15  0.93  0.33  

7  1213.99  -166.54  -40.63  
   0.63  0.72  0.29  
   -0.76  0.51  0.39  
   0.14  -0.47  0.87  

9  1445.27  -208.06  301.82  
   0.84  0.21  -0.50  
   0.54  -0.47  0.70  
   -0.09  -0.86  -0.51  

2  856.36  -41.08  573.73  
   0.56  -0.83  0.01  
   0.82  0.56  0.06  
   -0.06  -0.03  1.00  

3  1327.84  -3.13  38.84  
   -0.34  0.05  -0.94  
   -0.02  -1.00  -0.04  
   -0.94  0.00  0.34  

5  1202.83  241.99  263.87  
   -0.33  0.61  0.72  
   -0.24  0.69  -0.68  
   -0.91  -0.40  -0.08  

6  1408.66  200.03  348.26  
   0.89  0.02  -0.46  
   -0.44  0.37  -0.82  
   0.15  0.93  0.33  

4  1223.37  164.31  -11.61  
   0.79  -0.58  0.21  
   0.59  0.60  -0.54  
   0.19  0.55  0.81  

7  1213.10  -167.43  -40.18  
   0.62  0.73  0.28  
   -0.77  0.50  0.40  
   0.14  -0.47  0.87  

8  1209.08  -265.21  241.10  
   -0.45  -0.16  0.88  
   0.36  0.87  0.35  
   -0.82  0.47  -0.34  

9  1435.45  -207.17  323.25  
   0.86  0.27  -0.43  
   0.51  -0.47  0.72  
   -0.01  -0.84  -0.54  

2  856.36  -40.63  573.73  
   0.56  -0.83  0.01  
   0.82  0.56  0.06  
   -0.06  -0.03  1.00  

4  1223.37  163.86  -11.61  
   0.79  -0.58  0.21  
   0.59  0.60  -0.54  
   0.18  0.55  0.81  

3  1327.84  -3.13  38.40  
   -0.34  0.04  -0.94  
   -0.02  -1.00  -0.04  
   -0.94  0.01  0.34  

6  1408.66  200.03  348.70  
   0.89  0.02  -0.46  
   -0.44  0.37  -0.82  
   0.15  0.93  0.34  

7  1213.10  -167.43  -38.84  
   0.62  0.73  0.28  
   -0.77  0.50  0.40  
   0.15  -0.46  0.87  

5  1202.38  242.44  263.43  
   -0.33  0.61  0.72  
   -0.24  0.69  -0.69  
   -0.91  -0.40  -0.08  

8  1203.28  -258.96  245.12  
   -0.42  -0.17  0.89  
   0.34  0.88  0.33  
   -0.84  0.44  -0.31  

9  1425.62  -204.04  345.13  
   0.87  0.32  -0.37  
   0.49  -0.48  0.73  
   0.05  -0.82  -0.57  

2  856.36  -40.63  573.73  
   0.56  -0.83  0.01  
   0.82  0.56  0.07  
   -0.06  -0.03  1.00  

3  1327.40  -3.57  38.40  
   -0.34  0.04  -0.94  
   -0.02  -1.00  -0.04  
   -0.94  0.01  0.34  

4  1222.92  163.86  -11.61  
   0.79  -0.58  0.21  
   0.59  0.60  -0.54  
   0.18  0.55  0.81  

5  1202.38  242.44  263.43  
   -0.33  0.61  0.72  
   -0.24  0.69  -0.69  
   -0.91  -0.40  -0.08  

7  1212.65  -167.43  -38.84  
   0.62  0.73  0.28  
   -0.77  0.50  0.40  
   0.15  -0.46  0.87  

8  1197.92  -254.94  247.80  
   -0.40  -0.17  0.90  
   0.33  0.89  0.31  
   -0.86  0.42  -0.30  

9  1419.37  -205.38  357.63  
   0.88  0.34  -0.33  
   0.46  -0.49  0.74  
   0.10  -0.80  -0.59  

6  1408.66  200.03  348.26  
   0.89  0.02  -0.46  
   -0.44  0.37  -0.82  
   0.15  0.93  0.34  

2  856.36  -40.63  573.73  
   0.56  -0.83  0.01  
   0.82  0.56  0.07  
   -0.06  -0.03  1.00  

3  1327.40  -4.46  38.40  
   -0.34  0.04  -0.94  
   -0.03  -1.00  -0.04  
   -0.94  0.01  0.34  

6  1408.21  199.58  349.15  
   0.89  0.02  -0.46  
   -0.44  0.37  -0.82  
   0.15  0.93  0.34  

5  1202.83  242.44  263.43  
   -0.33  0.61  0.72  
   -0.24  0.69  -0.69  
   -0.91  -0.40  -0.08  

4  1223.37  163.86  -11.61  
   0.79  -0.58  0.21  
   0.59  0.60  -0.54  
   0.18  0.55  0.81  

8  1196.13  -251.82  249.14  
   -0.38  -0.18  0.91  
   0.32  0.89  0.31  
   -0.87  0.41  -0.28  

7  1212.65  -167.88  -37.95  
   0.62  0.74  0.28  
   -0.77  0.49  0.40  
   0.16  -0.46  0.87  

9  1414.46  -203.60  366.56  
   0.88  0.36  -0.31  
   0.46  -0.48  0.75  
   0.12  -0.80  -0.59  

2  856.36  -40.63  573.73  
   0.56  -0.83  0.01  
   0.82  0.56  0.07  
   -0.06  -0.03  1.00  

3  1327.40  -4.91  38.40  
   -0.34  0.04  -0.94  
   -0.03  -1.00  -0.04  
   -0.94  0.01  0.35  

4  1223.37  163.41  -11.16  
   0.79  -0.58  0.21  
   0.59  0.60  -0.54  
   0.19  0.55  0.81  

5  1202.83  242.44  263.43  
   -0.33  0.61  0.72  
   -0.24  0.69  -0.69  
   -0.91  -0.40  -0.08  

6  1408.66  200.03  349.15  
   0.89  0.02  -0.46  
   -0.44  0.37  -0.82  
   0.15  0.93  0.34  

8  1193.90  -249.58  251.37  
   -0.37  -0.17  0.91  
   0.31  0.90  0.30  
   -0.87  0.40  -0.28  

7  1213.10  -168.32  -37.06  
   0.61  0.74  0.28  
   -0.77  0.49  0.40  
   0.16  -0.46  0.87  

9  1410.44  -204.04  373.26  
   0.88  0.37  -0.29  
   0.45  -0.48  0.76  
   0.14  -0.80  -0.59  

2  856.36  -40.63  573.73  
   0.56  -0.83  0.01  
   0.82  0.56  0.07  
   -0.06  -0.03  1.00  

5  1202.83  241.55  264.32  
   -0.33  0.61  0.72  
   -0.24  0.69  -0.68  
   -0.91  -0.40  -0.08  

4  1223.37  162.97  -11.16  
   0.79  -0.58  0.21  
   0.58  0.60  -0.55  
   0.19  0.55  0.81  

3  1327.40  -5.36  38.40  
   -0.35  0.04  -0.94  
   -0.03  -1.00  -0.03  
   -0.94  0.01  0.35  

6  1408.66  199.58  349.15  
   0.89  0.02  -0.46  
   -0.44  0.37  -0.82  
   0.15  0.93  0.34  

8  1191.22  -245.57  252.26  
   -0.36  -0.16  0.92  
   0.30  0.91  0.28  
   -0.88  0.38  -0.28  

9  1409.55  -204.49  376.39  
   0.89  0.36  -0.27  
   0.43  -0.47  0.77  
   0.15  -0.81  -0.57  

7  1213.10  -167.88  -36.17  
   0.61  0.74  0.28  
   -0.78  0.49  0.40  
   0.16  -0.46  0.87  

2  856.36  -40.63  573.73  
   0.56  -0.83  0.01  
   0.82  0.56  0.07  
   -0.06  -0.03  1.00  

3  1327.84  -4.91  38.84  
   -0.35  0.04  -0.94  
   -0.03  -1.00  -0.04  
   -0.94  0.01  0.35  

4  1222.92  163.41  -9.82  
   0.79  -0.58  0.21  
   0.58  0.60  -0.55  
   0.19  0.55  0.81  

6  1408.21  200.03  349.15  
   0.89  0.02  -0.46  
   -0.43  0.37  -0.82  
   0.15  0.93  0.34  

5  1201.94  240.66  264.77  
   -0.33  0.60  0.73  
   -0.24  0.69  -0.68  
   -0.91  -0.40  -0.08  

7  1213.54  -168.77  -36.17  
   0.61  0.73  0.30  
   -0.78  0.49  0.39  
   0.14  -0.47  0.87  

8  1187.20  -237.98  255.39  
   -0.34  -0.14  0.93  
   0.28  0.93  0.24  
   -0.90  0.34  -0.28  

9  1406.43  -203.60  379.07  
   0.90  0.35  -0.26  
   0.40  -0.48  0.78  
   0.15  -0.81  -0.57  

2  856.36  -40.63  573.73  
   0.56  -0.83  0.01  
   0.82  0.56  0.07  
   -0.06  -0.03  1.00  

4  1223.37  163.41  -9.38  
   0.79  -0.58  0.21  
   0.58  0.60  -0.55  
   0.20  0.55  0.81  

3  1327.40  -6.25  38.84  
   -0.35  0.04  -0.94  
   -0.03  -1.00  -0.04  
   -0.94  0.01  0.35  

5  1202.38  239.32  265.66  
   -0.33  0.60  0.73  
   -0.24  0.69  -0.68  
   -0.91  -0.40  -0.08  

6  1407.77  200.03  349.15  
   0.89  0.02  -0.46  
   -0.43  0.37  -0.82  
   0.15  0.93  0.34  

8  1187.20  -238.87  255.39  
   -0.34  -0.14  0.93  
   0.28  0.93  0.24  
   -0.90  0.34  -0.28  

7  1213.54  -168.77  -36.17  
   0.61  0.73  0.30  
   -0.78  0.49  0.39  
   0.14  -0.47  0.87  

9  1405.98  -204.94  378.62  
   0.90  0.35  -0.25  
   0.40  -0.48  0.78  
   0.15  -0.80  -0.57  

