4  1190.77  187.97  -39.74  
   0.71  -0.70  0.10  
   0.65  0.60  -0.47  
   0.26  0.40  0.88  

5  1217.12  217.88  277.71  
   -0.43  0.56  0.70  
   0.04  0.79  -0.61  
   -0.90  -0.23  -0.36  

2  855.02  -37.50  579.09  
   0.31  -0.95  -0.02  
   0.95  0.31  0.00  
   0.01  -0.02  1.00  

3  1251.94  -14.73  17.86  
   -0.33  0.11  -0.94  
   -0.10  -0.99  -0.08  
   -0.94  0.06  0.33  

6  1422.95  133.05  340.22  
   0.81  0.13  -0.56  
   -0.50  0.66  -0.56  
   0.30  0.74  0.60  

7  1189.43  -201.81  -27.68  
   0.73  0.67  0.13  
   -0.63  0.59  0.51  
   0.26  -0.45  0.85  

8  1198.81  -247.35  288.43  
   -0.40  -0.54  0.74  
   -0.01  0.81  0.59  
   -0.92  0.23  -0.32  

9  1431.43  -169.22  344.24  
   0.88  -0.18  -0.44  
   0.46  0.54  0.71  
   0.10  -0.82  0.56  

2  855.46  -37.50  578.64  
   0.31  -0.95  -0.02  
   0.95  0.31  0.00  
   0.01  -0.02  1.00  

3  1252.39  -14.73  17.86  
   -0.33  0.11  -0.94  
   -0.10  -0.99  -0.08  
   -0.94  0.06  0.33  

4  1190.77  188.42  -40.63  
   0.71  -0.70  0.10  
   0.65  0.60  -0.47  
   0.26  0.40  0.88  

5  1217.12  218.33  276.82  
   -0.43  0.57  0.70  
   0.04  0.79  -0.61  
   -0.90  -0.24  -0.36  

6  1423.39  133.50  339.77  
   0.81  0.13  -0.57  
   -0.50  0.66  -0.56  
   0.30  0.74  0.60  

8  1199.26  -247.80  288.43  
   -0.40  -0.54  0.74  
   -0.01  0.81  0.59  
   -0.92  0.23  -0.32  

9  1431.43  -168.77  344.24  
   0.88  -0.18  -0.44  
   0.46  0.53  0.71  
   0.10  -0.83  0.55  

7  1189.88  -201.81  -27.68  
   0.73  0.67  0.13  
   -0.63  0.59  0.51  
   0.26  -0.45  0.85  

2  855.46  -37.50  578.64  
   0.31  -0.95  -0.02  
   0.95  0.31  0.00  
   0.01  -0.02  1.00  

3  1252.84  -14.73  17.86  
   -0.32  0.11  -0.94  
   -0.10  -0.99  -0.08  
   -0.94  0.07  0.33  

5  1217.56  218.78  276.82  
   -0.43  0.56  0.70  
   0.04  0.79  -0.61  
   -0.90  -0.24  -0.36  

4  1191.22  187.97  -40.63  
   0.71  -0.70  0.10  
   0.65  0.60  -0.46  
   0.26  0.40  0.88  

6  1423.39  133.50  339.33  
   0.81  0.13  -0.57  
   -0.50  0.66  -0.56  
   0.30  0.74  0.60  

7  1189.88  -201.36  -27.68  
   0.73  0.67  0.13  
   -0.63  0.59  0.50  
   0.26  -0.45  0.85  

8  1199.26  -247.35  287.98  
   -0.40  -0.54  0.74  
   -0.01  0.81  0.59  
   -0.92  0.23  -0.32  

9  1431.43  -170.56  344.24  
   0.88  -0.18  -0.44  
   0.46  0.53  0.71  
   0.11  -0.83  0.55  

2  855.02  -37.06  578.64  
   0.31  -0.95  -0.02  
   0.95  0.31  0.00  
   0.01  -0.02  1.00  

4  1191.22  187.52  -41.52  
   0.71  -0.69  0.10  
   0.65  0.60  -0.46  
   0.26  0.40  0.88  

3  1252.84  -15.63  18.31  
   -0.32  0.11  -0.94  
   -0.10  -0.99  -0.08  
   -0.94  0.07  0.33  

6  1425.62  136.62  337.99  
   0.81  0.09  -0.59  
   -0.51  0.62  -0.60  
   0.31  0.78  0.54  

5  1219.35  219.22  275.03  
   -0.43  0.56  0.71  
   0.04  0.79  -0.61  
   -0.90  -0.24  -0.36  

7  1189.88  -201.81  -28.13  
   0.73  0.67  0.12  
   -0.63  0.60  0.50  
   0.26  -0.45  0.86  

9  1435.45  -172.79  344.24  
   0.88  -0.16  -0.44  
   0.45  0.53  0.71  
   0.12  -0.83  0.54  

8  1202.83  -246.01  287.98  
   -0.40  -0.53  0.74  
   -0.00  0.81  0.58  
   -0.91  0.23  -0.33  

2  855.02  -37.06  579.09  
   0.31  -0.95  -0.02  
   0.95  0.31  0.00  
   0.01  -0.02  1.00  

3  1253.28  -15.63  18.75  
   -0.32  0.11  -0.94  
   -0.10  -0.99  -0.08  
   -0.94  0.07  0.33  

4  1193.90  187.08  -41.97  
   0.71  -0.69  0.09  
   0.65  0.61  -0.45  
   0.26  0.39  0.89  

5  1229.17  219.67  272.36  
   -0.45  0.57  0.69  
   0.04  0.78  -0.62  
   -0.89  -0.25  -0.38  

6  1434.11  135.73  340.67  
   0.80  0.06  -0.60  
   -0.52  0.56  -0.65  
   0.29  0.83  0.47  

8  1209.97  -243.78  287.54  
   -0.43  -0.50  0.75  
   0.00  0.83  0.55  
   -0.90  0.24  -0.35  

7  1190.33  -201.81  -28.57  
   0.73  0.67  0.12  
   -0.63  0.60  0.50  
   0.26  -0.44  0.86  

9  1443.48  -179.04  347.36  
   0.89  -0.12  -0.44  
   0.42  0.55  0.72  
   0.16  -0.82  0.54  

2  855.02  -37.06  578.64  
   0.31  -0.95  -0.02  
   0.95  0.31  0.00  
   0.01  -0.02  1.00  

4  1203.72  184.84  -41.97  
   0.73  -0.68  0.07  
   0.63  0.63  -0.45  
   0.26  0.37  0.89  

5  1249.26  215.65  271.46  
   -0.48  0.59  0.65  
   0.06  0.76  -0.64  
   -0.88  -0.27  -0.40  

6  1449.73  124.12  344.24  
   0.78  0.04  -0.62  
   -0.54  0.54  -0.65  
   0.31  0.84  0.45  

3  1256.85  -17.86  20.09  
   -0.31  0.09  -0.95  
   -0.09  -0.99  -0.07  
   -0.95  0.06  0.32  

7  1193.90  -202.26  -30.36  
   0.73  0.67  0.11  
   -0.63  0.60  0.49  
   0.26  -0.43  0.86  

8  1219.80  -244.23  285.75  
   -0.45  -0.49  0.75  
   0.01  0.84  0.55  
   -0.89  0.25  -0.37  

9  1456.88  -186.18  350.04  
   0.90  -0.07  -0.43  
   0.39  0.57  0.73  
   0.19  -0.82  0.54  

4  1222.03  183.51  -42.42  
   0.75  -0.66  0.03  
   0.60  0.66  -0.44  
   0.27  0.35  0.90  

2  855.46  -37.50  579.09  
   0.31  -0.95  -0.02  
   0.95  0.31  0.00  
   0.01  -0.02  1.00  

3  1264.00  -20.09  22.32  
   -0.29  0.07  -0.95  
   -0.07  -1.00  -0.05  
   -0.95  0.05  0.30  

5  1275.16  206.72  271.91  
   -0.50  0.62  0.61  
   0.10  0.73  -0.67  
   -0.86  -0.28  -0.42  

8  1235.87  -239.76  283.52  
   -0.48  -0.48  0.74  
   0.00  0.84  0.54  
   -0.88  0.26  -0.40  

6  1472.51  108.94  353.17  
   0.76  -0.02  -0.65  
   -0.54  0.55  -0.64  
   0.37  0.84  0.40  

9  1470.72  -194.22  362.55  
   0.91  0.02  -0.42  
   0.34  0.56  0.75  
   0.25  -0.83  0.50  

7  1201.49  -203.15  -30.81  
   0.72  0.68  0.10  
   -0.64  0.61  0.48  
   0.27  -0.41  0.87  

2  855.46  -37.50  579.09  
   0.31  -0.95  -0.02  
   0.95  0.31  0.00  
   0.01  -0.02  1.00  

4  1245.69  180.83  -41.52  
   0.78  -0.63  -0.01  
   0.57  0.70  -0.43  
   0.28  0.33  0.90  

5  1304.18  189.76  268.34  
   -0.50  0.66  0.57  
   0.13  0.70  -0.70  
   -0.86  -0.28  -0.43  

3  1275.16  -21.43  26.34  
   -0.26  0.05  -0.96  
   -0.05  -1.00  -0.04  
   -0.96  0.04  0.26  

6  1497.96  96.89  363.88  
   0.74  -0.12  -0.66  
   -0.51  0.53  -0.67  
   0.44  0.84  0.33  

7  1215.78  -204.49  -31.70  
   0.72  0.69  0.07  
   -0.64  0.61  0.47  
   0.28  -0.39  0.88  

9  1486.35  -204.94  377.28  
   0.90  0.14  -0.41  
   0.29  0.52  0.81  
   0.33  -0.84  0.42  

8  1252.84  -238.87  284.86  
   -0.49  -0.47  0.74  
   -0.00  0.85  0.53  
   -0.87  0.26  -0.41  

2  855.02  -37.50  578.64  
   0.31  -0.95  -0.02  
   0.95  0.31  0.00  
   0.01  -0.02  1.00  

4  1274.71  176.36  -36.17  
   0.79  -0.60  -0.08  
   0.53  0.75  -0.41  
   0.31  0.28  0.91  

3  1290.79  -24.11  33.49  
   -0.21  0.03  -0.98  
   -0.04  -1.00  -0.02  
   -0.98  0.03  0.21  

6  1516.71  91.08  389.33  
   0.71  -0.30  -0.64  
   -0.46  0.49  -0.74  
   0.53  0.82  0.21  

8  1276.50  -235.30  286.20  
   -0.50  -0.47  0.73  
   -0.02  0.84  0.54  
   -0.87  0.26  -0.42  

7  1233.64  -203.15  -29.47  
   0.71  0.70  0.03  
   -0.63  0.62  0.46  
   0.30  -0.35  0.89  

5  1332.76  174.58  271.46  
   -0.47  0.68  0.56  
   0.15  0.69  -0.71  
   -0.87  -0.25  -0.43  

9  1499.29  -204.94  400.05  
   0.88  0.25  -0.41  
   0.26  0.47  0.84  
   0.40  -0.84  0.35  

3  1312.22  -26.34  44.20  
   -0.13  0.00  -0.99  
   -0.03  -1.00  0.00  
   -0.99  0.02  0.13  

2  855.46  -37.50  578.64  
   0.31  -0.95  -0.02  
   0.95  0.31  0.00  
   0.01  -0.02  1.00  

4  1312.22  170.56  -33.04  
   0.80  -0.58  -0.16  
   0.49  0.78  -0.38  
   0.35  0.23  0.91  

5  1357.31  152.70  278.16  
   -0.42  0.70  0.57  
   0.16  0.68  -0.71  
   -0.89  -0.21  -0.40  

8  1300.16  -236.19  289.32  
   -0.48  -0.49  0.72  
   -0.02  0.83  0.55  
   -0.87  0.25  -0.41  

9  1511.80  -213.87  421.93  
   0.84  0.34  -0.42  
   0.23  0.47  0.85  
   0.48  -0.82  0.31  

6  1529.21  84.83  420.14  
   0.65  -0.48  -0.59  
   -0.38  0.46  -0.80  
   0.66  0.74  0.11  

7  1261.32  -207.62  -25.90  
   0.70  0.71  -0.03  
   -0.63  0.64  0.45  
   0.34  -0.30  0.89  

2  855.02  -37.50  578.64  
   0.31  -0.95  -0.02  
   0.95  0.31  0.00  
   0.01  -0.02  1.00  

3  1337.22  -30.36  56.70  
   -0.05  -0.01  -1.00  
   -0.02  -1.00  0.01  
   -1.00  0.02  0.05  

6  1539.92  84.39  442.91  
   0.60  -0.57  -0.56  
   -0.33  0.46  -0.83  
   0.73  0.68  0.09  

4  1345.26  162.97  -25.45  
   0.79  -0.57  -0.24  
   0.47  0.81  -0.35  
   0.39  0.16  0.90  

5  1380.53  143.32  286.20  
   -0.37  0.70  0.61  
   0.17  0.70  -0.70  
   -0.91  -0.16  -0.38  

7  1293.02  -208.06  -19.20  
   0.69  0.71  -0.11  
   -0.61  0.66  0.44  
   0.38  -0.24  0.89  

9  1525.64  -215.21  446.04  
   0.80  0.42  -0.42  
   0.22  0.45  0.87  
   0.56  -0.79  0.26  

8  1322.49  -237.08  297.81  
   -0.45  -0.52  0.72  
   -0.03  0.82  0.57  
   -0.89  0.24  -0.39  

2  855.46  -37.50  579.09  
   0.31  -0.95  -0.02  
   0.95  0.31  0.00  
   0.01  -0.02  1.00  

4  1380.53  154.48  -13.84  
   0.77  -0.54  -0.33  
   0.45  0.83  -0.32  
   0.44  0.10  0.89  

3  1358.65  -33.49  69.21  
   0.03  -0.01  -1.00  
   -0.02  -1.00  0.01  
   -1.00  0.02  -0.03  

5  1404.64  129.48  296.47  
   -0.33  0.70  0.63  
   0.18  0.70  -0.69  
   -0.93  -0.11  -0.35  

7  1326.51  -209.40  -8.93  
   0.68  0.71  -0.19  
   -0.59  0.69  0.43  
   0.43  -0.18  0.88  

6  1551.53  81.71  475.51  
   0.54  -0.67  -0.51  
   -0.28  0.43  -0.86  
   0.79  0.61  0.05  

8  1344.36  -237.98  309.86  
   -0.41  -0.55  0.73  
   -0.04  0.80  0.59  
   -0.91  0.21  -0.35  

9  1531.89  -216.99  483.10  
   0.74  0.50  -0.45  
   0.21  0.46  0.86  
   0.64  -0.74  0.23  

2  855.46  -37.50  578.64  
   0.31  -0.95  -0.02  
   0.95  0.31  0.00  
   0.01  -0.02  1.00  

3  1380.53  -36.61  83.05  
   0.09  -0.01  -1.00  
   -0.02  -1.00  0.01  
   -1.00  0.02  -0.09  

4  1413.12  151.36  -1.34  
   0.76  -0.52  -0.40  
   0.44  0.85  -0.28  
   0.49  0.04  0.87  

5  1426.07  117.87  306.73  
   -0.27  0.70  0.66  
   0.18  0.71  -0.68  
   -0.95  -0.06  -0.31  

6  1560.46  76.80  506.31  
   0.48  -0.73  -0.48  
   -0.24  0.42  -0.87  
   0.84  0.53  0.03  

7  1361.78  -211.19  1.34  
   0.67  0.69  -0.27  
   -0.56  0.72  0.41  
   0.48  -0.13  0.87  

8  1367.14  -237.98  324.15  
   -0.36  -0.60  0.72  
   -0.05  0.78  0.62  
   -0.93  0.19  -0.31  

9  1541.26  -214.76  514.35  
   0.67  0.55  -0.49  
   0.22  0.48  0.85  
   0.70  -0.68  0.20  

2  855.46  -37.06  579.09  
   0.31  -0.95  -0.02  
   0.95  0.31  0.00  
   0.01  -0.02  1.00  

3  1400.62  -36.17  104.92  
   0.17  -0.01  -0.98  
   -0.01  -1.00  0.00  
   -0.98  0.01  -0.17  

5  1442.14  112.51  330.40  
   -0.19  0.70  0.69  
   0.17  0.72  -0.67  
   -0.97  -0.01  -0.26  

4  1445.72  146.00  18.31  
   0.73  -0.49  -0.47  
   0.42  0.87  -0.25  
   0.54  -0.02  0.84  

6  1562.70  76.35  536.67  
   0.40  -0.77  -0.49  
   -0.18  0.45  -0.87  
   0.90  0.44  0.04  

9  1543.50  -203.60  550.96  
   0.59  0.60  -0.54  
   0.24  0.51  0.83  
   0.77  -0.62  0.16  

7  1390.35  -208.51  21.43  
   0.66  0.66  -0.37  
   -0.53  0.75  0.39  
   0.54  -0.06  0.84  

8  1385.89  -234.85  343.35  
   -0.30  -0.65  0.70  
   -0.07  0.74  0.66  
   -0.95  0.15  -0.27  

2  855.46  -37.50  579.09  
   0.31  -0.95  -0.02  
   0.95  0.31  0.00  
   0.01  -0.02  1.00  

3  1421.61  -41.08  123.23  
   0.25  -0.01  -0.97  
   -0.02  -1.00  0.00  
   -0.97  0.01  -0.25  

4  1476.08  136.62  41.97  
   0.70  -0.46  -0.55  
   0.41  0.89  -0.22  
   0.59  -0.07  0.81  

5  1460.90  102.24  348.26  
   -0.11  0.69  0.71  
   0.15  0.72  -0.67  
   -0.98  0.04  -0.18  

6  1565.82  74.12  571.50  
   0.33  -0.80  -0.50  
   -0.15  0.48  -0.87  
   0.93  0.36  0.04  

7  1422.50  -210.74  38.84  
   0.63  0.64  -0.45  
   -0.51  0.77  0.37  
   0.59  -0.00  0.81  

8  1402.41  -241.55  358.08  
   -0.26  -0.68  0.69  
   -0.08  0.72  0.68  
   -0.96  0.12  -0.25  

9  1543.50  -200.92  588.47  
   0.53  0.63  -0.57  
   0.25  0.52  0.81  
   0.81  -0.58  0.13  

2  855.46  -37.50  578.64  
   0.31  -0.95  -0.02  
   0.95  0.31  0.00  
   0.01  -0.02  1.00  

3  1441.25  -41.52  145.11  
   0.34  -0.01  -0.94  
   -0.02  -1.00  0.00  
   -0.94  0.02  -0.34  

6  1562.70  75.46  606.77  
   0.26  -0.83  -0.49  
   -0.13  0.48  -0.87  
   0.96  0.29  0.02  

5  1472.51  98.67  368.80  
   -0.00  0.66  0.75  
   0.12  0.74  -0.66  
   -0.99  0.09  -0.08  

7  1449.73  -212.53  58.49  
   0.60  0.60  -0.53  
   -0.49  0.80  0.35  
   0.63  0.05  0.77  

4  1507.78  129.03  62.06  
   0.67  -0.42  -0.61  
   0.39  0.90  -0.19  
   0.63  -0.11  0.77  

8  1422.95  -236.19  384.42  
   -0.19  -0.72  0.66  
   -0.10  0.69  0.72  
   -0.98  0.07  -0.20  

9  1551.09  -196.90  621.51  
   0.46  0.64  -0.62  
   0.26  0.56  0.78  
   0.85  -0.53  0.09  

2  855.46  -37.50  578.64  
   0.31  -0.95  -0.02  
   0.95  0.31  0.00  
   0.01  -0.02  1.00  

3  1458.66  -40.63  164.75  
   0.41  -0.00  -0.91  
   -0.02  -1.00  -0.01  
   -0.91  0.02  -0.41  

4  1532.78  123.23  87.51  
   0.64  -0.40  -0.66  
   0.39  0.91  -0.17  
   0.66  -0.15  0.73  

6  1558.68  77.69  640.71  
   0.21  -0.86  -0.47  
   -0.12  0.46  -0.88  
   0.97  0.24  -0.01  

5  1485.45  91.53  384.42  
   0.11  0.62  0.78  
   0.10  0.77  -0.63  
   -0.99  0.15  0.02  

7  1479.65  -211.19  82.15  
   0.57  0.55  -0.61  
   -0.47  0.82  0.31  
   0.67  0.11  0.73  

8  1438.13  -235.74  409.43  
   -0.13  -0.76  0.63  
   -0.12  0.65  0.75  
   -0.98  0.03  -0.18  

9  1552.43  -180.38  663.92  
   0.39  0.63  -0.67  
   0.29  0.60  0.74  
   0.87  -0.48  0.05  

2  855.46  -37.50  578.64  
   0.31  -0.95  -0.02  
   0.95  0.31  0.00  
   0.01  -0.02  1.00  

3  1476.97  -46.43  184.40  
   0.47  -0.00  -0.88  
   -0.03  -1.00  -0.01  
   -0.88  0.03  -0.47  

4  1556.89  115.19  112.96  
   0.60  -0.37  -0.71  
   0.39  0.91  -0.15  
   0.70  -0.19  0.69  

6  1554.66  73.22  675.53  
   0.14  -0.89  -0.44  
   -0.11  0.43  -0.90  
   0.98  0.17  -0.04  

5  1492.15  83.94  405.85  
   0.21  0.54  0.81  
   0.10  0.81  -0.57  
   -0.97  0.21  0.12  

7  1505.10  -210.29  112.51  
   0.54  0.50  -0.68  
   -0.44  0.85  0.28  
   0.72  0.15  0.68  

9  1559.12  -174.13  693.39  
   0.34  0.62  -0.71  
   0.31  0.63  0.71  
   0.89  -0.46  0.02  

8  1455.09  -237.08  430.86  
   -0.09  -0.79  0.61  
   -0.13  0.61  0.78  
   -0.99  -0.01  -0.16  

2  855.02  -37.06  578.64  
   0.31  -0.95  -0.02  
   0.95  0.31  0.00  
   0.01  -0.02  1.00  

4  1577.88  111.62  135.28  
   0.56  -0.35  -0.75  
   0.38  0.91  -0.13  
   0.73  -0.21  0.65  

3  1489.92  -51.35  204.49  
   0.54  -0.01  -0.84  
   -0.04  -1.00  -0.02  
   -0.84  0.05  -0.54  

5  1496.62  87.51  437.11  
   0.26  0.43  0.86  
   0.17  0.86  -0.48  
   -0.95  0.27  0.15  

6  1548.41  79.47  711.70  
   0.08  -0.92  -0.39  
   -0.09  0.39  -0.92  
   0.99  0.11  -0.06  

7  1525.19  -210.29  134.84  
   0.51  0.47  -0.72  
   -0.43  0.87  0.26  
   0.75  0.17  0.64  

9  1557.34  -159.84  717.50  
   0.29  0.63  -0.72  
   0.33  0.64  0.69  
   0.90  -0.44  -0.02  

8  1464.02  -229.05  456.31  
   -0.04  -0.80  0.60  
   -0.16  0.59  0.79  
   -0.99  -0.07  -0.15  

2  855.46  -37.50  578.64  
   0.31  -0.95  -0.02  
   0.95  0.31  0.00  
   0.01  -0.02  1.00  

3  1506.88  -54.92  233.06  
   0.62  -0.01  -0.79  
   -0.05  -1.00  -0.03  
   -0.78  0.06  -0.62  

4  1597.97  97.33  161.63  
   0.52  -0.32  -0.79  
   0.38  0.92  -0.12  
   0.77  -0.24  0.60  

6  1543.50  75.90  737.15  
   0.04  -0.92  -0.38  
   -0.10  0.38  -0.92  
   0.99  0.07  -0.07  

5  1503.31  73.22  462.56  
   0.26  0.39  0.88  
   0.24  0.86  -0.45  
   -0.94  0.33  0.13  

7  1541.26  -216.54  159.84  
   0.47  0.44  -0.76  
   -0.42  0.87  0.25  
   0.78  0.20  0.59  

8  1472.51  -228.15  476.40  
   -0.01  -0.80  0.60  
   -0.19  0.59  0.78  
   -0.98  -0.11  -0.16  

9  1551.09  -158.06  748.31  
   0.25  0.66  -0.71  
   0.33  0.63  0.71  
   0.91  -0.41  -0.06  

2  855.46  -37.50  578.64  
   0.31  -0.95  -0.02  
   0.95  0.31  0.00  
   0.01  -0.02  1.00  

6  1535.46  73.22  765.72  
   -0.00  -0.93  -0.37  
   -0.11  0.37  -0.92  
   0.99  0.04  -0.10  

5  1506.88  69.65  482.20  
   0.27  0.39  0.88  
   0.25  0.85  -0.46  
   -0.93  0.35  0.13  

4  1612.26  94.21  188.42  
   0.47  -0.29  -0.83  
   0.38  0.92  -0.11  
   0.80  -0.26  0.55  

3  1518.49  -57.15  249.58  
   0.67  -0.01  -0.74  
   -0.06  -1.00  -0.05  
   -0.74  0.08  -0.67  

8  1481.44  -223.69  494.26  
   0.02  -0.78  0.62  
   -0.22  0.60  0.77  
   -0.98  -0.15  -0.16  

9  1551.98  -151.80  771.08  
   0.21  0.69  -0.69  
   0.34  0.61  0.72  
   0.92  -0.39  -0.10  

7  1556.89  -216.99  181.72  
   0.43  0.41  -0.80  
   -0.41  0.88  0.23  
   0.80  0.23  0.55  

2  855.46  -37.50  579.09  
   0.31  -0.95  -0.02  
   0.95  0.31  0.00  
   0.01  -0.02  1.00  

3  1526.53  -60.28  269.68  
   0.72  -0.00  -0.70  
   -0.08  -0.99  -0.07  
   -0.69  0.10  -0.71  

4  1622.97  85.28  214.31  
   0.43  -0.27  -0.86  
   0.38  0.92  -0.09  
   0.82  -0.29  0.49  

6  1523.85  70.99  805.01  
   -0.05  -0.95  -0.31  
   -0.12  0.32  -0.94  
   0.99  -0.01  -0.13  

5  1510.01  64.74  505.87  
   0.29  0.40  0.87  
   0.25  0.84  -0.47  
   -0.92  0.36  0.15  

7  1569.39  -213.87  214.31  
   0.39  0.37  -0.84  
   -0.39  0.90  0.22  
   0.83  0.24  0.50  

8  1486.35  -217.44  520.15  
   0.06  -0.79  0.61  
   -0.23  0.58  0.78  
   -0.97  -0.19  -0.15  

9  1539.92  -141.54  808.14  
   0.14  0.71  -0.69  
   0.33  0.62  0.71  
   0.93  -0.33  -0.15  

2  855.02  -37.50  578.64  
   0.31  -0.95  -0.02  
   0.95  0.31  0.00  
   0.01  -0.02  1.00  

5  1512.24  64.74  521.49  
   0.31  0.40  0.86  
   0.24  0.85  -0.48  
   -0.92  0.35  0.16  

4  1633.24  84.83  234.40  
   0.39  -0.25  -0.89  
   0.39  0.92  -0.08  
   0.83  -0.32  0.45  

3  1534.12  -62.51  286.20  
   0.76  -0.01  -0.65  
   -0.09  -0.99  -0.09  
   -0.65  0.13  -0.75  

6  1519.83  74.12  826.44  
   -0.07  -0.97  -0.24  
   -0.13  0.25  -0.96  
   0.99  -0.04  -0.14  

7  1578.77  -218.33  231.73  
   0.37  0.35  -0.86  
   -0.38  0.90  0.21  
   0.85  0.24  0.47  

9  1539.03  -140.64  825.55  
   0.11  0.73  -0.68  
   0.33  0.62  0.71  
   0.94  -0.30  -0.17  

8  1490.81  -218.78  537.12  
   0.08  -0.79  0.60  
   -0.25  0.57  0.78  
   -0.97  -0.21  -0.15  

2  855.46  -37.50  578.64  
   0.31  -0.95  -0.02  
   0.95  0.31  0.00  
   0.01  -0.02  1.00  

3  1537.69  -57.15  305.40  
   0.79  -0.02  -0.62  
   -0.10  -0.99  -0.10  
   -0.61  0.14  -0.78  

4  1638.60  83.05  252.71  
   0.36  -0.23  -0.90  
   0.40  0.92  -0.08  
   0.84  -0.33  0.42  

5  1514.03  67.87  543.82  
   0.32  0.41  0.85  
   0.23  0.84  -0.49  
   -0.92  0.35  0.18  

6  1512.24  83.05  848.32  
   -0.09  -0.98  -0.19  
   -0.11  0.20  -0.97  
   0.99  -0.07  -0.12  

7  1584.13  -209.85  252.71  
   0.35  0.32  -0.88  
   -0.36  0.91  0.19  
   0.86  0.25  0.43  

9  1534.12  -129.93  845.64  
   0.08  0.73  -0.68  
   0.33  0.62  0.71  
   0.94  -0.28  -0.19  

8  1492.60  -211.63  556.32  
   0.11  -0.80  0.59  
   -0.27  0.55  0.79  
   -0.96  -0.24  -0.15  

2  855.46  -37.50  578.64  
   0.31  -0.95  -0.02  
   0.95  0.31  0.00  
   0.01  -0.02  1.00  

3  1541.26  -62.95  315.66  
   0.81  -0.03  -0.58  
   -0.11  -0.99  -0.09  
   -0.58  0.14  -0.81  

4  1646.19  77.69  270.57  
   0.34  -0.21  -0.92  
   0.39  0.92  -0.07  
   0.86  -0.34  0.39  

5  1515.81  63.85  558.55  
   0.33  0.43  0.84  
   0.23  0.83  -0.51  
   -0.92  0.36  0.18  

6  1508.67  81.26  857.70  
   -0.10  -0.98  -0.19  
   -0.10  0.20  -0.97  
   0.99  -0.08  -0.12  

9  1529.66  -129.03  864.84  
   0.05  0.74  -0.67  
   0.33  0.62  0.71  
   0.94  -0.25  -0.21  

8  1496.17  -209.85  568.37  
   0.11  -0.80  0.59  
   -0.28  0.55  0.79  
   -0.95  -0.26  -0.16  

7  1589.93  -216.10  266.10  
   0.33  0.31  -0.89  
   -0.36  0.91  0.19  
   0.87  0.26  0.41  

2  855.46  -37.50  578.64  
   0.31  -0.95  -0.02  
   0.95  0.31  0.00  
   0.01  -0.02  1.00  

4  1648.42  76.35  278.16  
   0.32  -0.20  -0.93  
   0.39  0.92  -0.06  
   0.86  -0.34  0.37  

3  1544.84  -63.85  324.59  
   0.83  -0.04  -0.55  
   -0.11  -0.99  -0.10  
   -0.54  0.14  -0.83  

5  1516.71  64.29  566.14  
   0.34  0.43  0.84  
   0.22  0.83  -0.51  
   -0.91  0.36  0.18  

6  1507.78  80.37  868.86  
   -0.11  -0.98  -0.19  
   -0.10  0.20  -0.97  
   0.99  -0.09  -0.12  

7  1595.29  -213.87  274.59  
   0.32  0.29  -0.90  
   -0.36  0.92  0.17  
   0.88  0.27  0.40  

9  1529.21  -125.02  878.23  
   0.03  0.74  -0.68  
   0.33  0.63  0.70  
   0.94  -0.24  -0.22  

8  1502.87  -208.06  580.88  
   0.13  -0.81  0.56  
   -0.28  0.52  0.81  
   -0.95  -0.26  -0.16  

2  855.46  -37.50  578.64  
   0.31  -0.95  -0.02  
   0.95  0.31  0.00  
   0.01  -0.02  1.00  

4  1650.21  80.37  291.55  
   0.30  -0.19  -0.93  
   0.40  0.92  -0.06  
   0.87  -0.35  0.35  

3  1546.62  -61.61  334.42  
   0.85  -0.04  -0.53  
   -0.11  -0.99  -0.11  
   -0.52  0.15  -0.84  

5  1516.71  64.74  573.29  
   0.34  0.43  0.83  
   0.22  0.83  -0.52  
   -0.91  0.36  0.19  

7  1598.41  -208.06  286.20  
   0.32  0.27  -0.91  
   -0.35  0.92  0.16  
   0.88  0.27  0.39  

6  1503.31  82.15  880.02  
   -0.12  -0.97  -0.19  
   -0.10  0.20  -0.97  
   0.99  -0.10  -0.12  

9  1526.08  -118.76  891.63  
   0.01  0.73  -0.68  
   0.33  0.64  0.69  
   0.94  -0.23  -0.23  

8  1502.42  -205.38  592.93  
   0.15  -0.82  0.55  
   -0.27  0.50  0.82  
   -0.95  -0.27  -0.15  

2  855.46  -37.50  578.64  
   0.31  -0.95  -0.02  
   0.95  0.31  0.00  
   0.01  -0.02  1.00  

3  1547.96  -59.38  337.99  
   0.86  -0.03  -0.51  
   -0.11  -0.99  -0.11  
   -0.50  0.15  -0.85  

5  1516.71  65.19  578.20  
   0.35  0.43  0.83  
   0.22  0.83  -0.52  
   -0.91  0.37  0.19  

4  1651.99  78.58  296.91  
   0.29  -0.19  -0.94  
   0.40  0.92  -0.06  
   0.87  -0.36  0.34  

6  1502.87  79.47  884.93  
   -0.13  -0.97  -0.19  
   -0.10  0.20  -0.97  
   0.99  -0.11  -0.13  

7  1602.43  -207.17  291.55  
   0.31  0.26  -0.91  
   -0.35  0.93  0.15  
   0.88  0.27  0.38  

8  1505.10  -210.74  596.06  
   0.15  -0.83  0.54  
   -0.27  0.49  0.83  
   -0.95  -0.27  -0.15  

9  1527.87  -122.34  897.43  
   0.01  0.73  -0.68  
   0.33  0.64  0.69  
   0.95  -0.23  -0.23  

2  855.46  -37.50  578.64  
   0.31  -0.95  -0.02  
   0.95  0.31  0.00  
   0.01  -0.02  1.00  

4  1652.44  80.81  301.38  
   0.28  -0.19  -0.94  
   0.40  0.91  -0.06  
   0.87  -0.36  0.33  

3  1548.85  -55.81  339.77  
   0.86  -0.03  -0.51  
   -0.10  -0.99  -0.12  
   -0.50  0.15  -0.85  

7  1603.77  -205.38  293.79  
   0.31  0.26  -0.91  
   -0.34  0.93  0.14  
   0.89  0.27  0.38  

5  1516.71  65.63  580.43  
   0.35  0.43  0.83  
   0.22  0.83  -0.52  
   -0.91  0.37  0.20  

6  1501.08  79.03  888.06  
   -0.13  -0.97  -0.19  
   -0.10  0.21  -0.97  
   0.99  -0.11  -0.13  

8  1505.10  -205.83  601.41  
   0.16  -0.84  0.51  
   -0.27  0.47  0.84  
   -0.95  -0.27  -0.15  

9  1526.98  -115.19  905.02  
   -0.01  0.72  -0.69  
   0.33  0.65  0.68  
   0.94  -0.23  -0.24  

2  855.46  -37.50  579.09  
   0.31  -0.95  -0.02  
   0.95  0.31  0.00  
   0.01  -0.02  1.00  

3  1549.30  -57.60  341.11  
   0.86  -0.03  -0.51  
   -0.11  -0.99  -0.12  
   -0.50  0.15  -0.85  

5  1516.26  65.63  582.22  
   0.35  0.43  0.83  
   0.22  0.82  -0.52  
   -0.91  0.37  0.20  

4  1652.89  80.37  303.61  
   0.28  -0.18  -0.94  
   0.40  0.92  -0.06  
   0.88  -0.36  0.32  

6  1500.19  79.03  891.18  
   -0.14  -0.97  -0.19  
   -0.10  0.21  -0.97  
   0.98  -0.11  -0.13  

8  1506.44  -209.40  602.75  
   0.16  -0.85  0.50  
   -0.26  0.46  0.85  
   -0.95  -0.27  -0.15  

9  1526.53  -116.53  907.70  
   -0.01  0.72  -0.70  
   0.33  0.66  0.67  
   0.94  -0.22  -0.25  

7  1604.22  -206.28  296.91  
   0.31  0.25  -0.92  
   -0.34  0.93  0.14  
   0.89  0.27  0.38  

2  855.46  -37.50  578.64  
   0.31  -0.95  -0.02  
   0.95  0.31  0.00  
   0.01  -0.02  1.00  

4  1652.89  80.81  304.50  
   0.27  -0.18  -0.94  
   0.40  0.92  -0.06  
   0.88  -0.36  0.32  

6  1498.85  79.92  892.97  
   -0.14  -0.97  -0.19  
   -0.10  0.21  -0.97  
   0.98  -0.12  -0.13  

5  1516.71  66.08  583.56  
   0.36  0.43  0.83  
   0.22  0.82  -0.52  
   -0.91  0.37  0.20  

3  1549.30  -57.60  341.56  
   0.86  -0.03  -0.51  
   -0.11  -0.99  -0.12  
   -0.50  0.15  -0.85  

7  1605.11  -204.04  298.25  
   0.31  0.25  -0.92  
   -0.34  0.93  0.14  
   0.89  0.27  0.37  

8  1506.44  -208.95  602.31  
   0.16  -0.85  0.50  
   -0.26  0.45  0.86  
   -0.95  -0.27  -0.15  

9  1527.42  -115.19  908.60  
   -0.01  0.72  -0.70  
   0.33  0.66  0.67  
   0.94  -0.22  -0.25  

3  1549.30  -57.15  342.90  
   0.86  -0.03  -0.50  
   -0.11  -0.99  -0.12  
   -0.49  0.15  -0.86  

2  855.46  -37.50  579.09  
   0.31  -0.95  -0.02  
   0.95  0.31  0.00  
   0.01  -0.02  1.00  

4  1653.33  81.71  305.84  
   0.27  -0.18  -0.95  
   0.40  0.92  -0.06  
   0.88  -0.36  0.32  

5  1515.81  66.53  584.89  
   0.36  0.43  0.83  
   0.22  0.83  -0.52  
   -0.91  0.37  0.20  

6  1497.96  79.03  894.75  
   -0.14  -0.97  -0.19  
   -0.10  0.21  -0.97  
   0.98  -0.12  -0.13  

8  1506.88  -208.51  603.20  
   0.16  -0.85  0.49  
   -0.26  0.45  0.86  
   -0.95  -0.27  -0.15  

9  1526.53  -115.19  909.94  
   -0.01  0.72  -0.70  
   0.33  0.66  0.67  
   0.94  -0.22  -0.25  

7  1605.56  -203.15  299.59  
   0.31  0.25  -0.92  
   -0.34  0.93  0.13  
   0.89  0.27  0.37  

2  855.46  -37.50  578.64  
   0.31  -0.95  -0.02  
   0.95  0.31  0.00  
   0.01  -0.02  1.00  

3  1549.30  -57.15  343.79  
   0.86  -0.04  -0.50  
   -0.11  -0.99  -0.11  
   -0.49  0.15  -0.86  

5  1515.81  66.08  585.79  
   0.36  0.43  0.83  
   0.22  0.82  -0.52  
   -0.91  0.37  0.20  

4  1653.78  80.37  305.40  
   0.27  -0.18  -0.95  
   0.40  0.92  -0.06  
   0.88  -0.36  0.32  

7  1606.00  -203.60  300.04  
   0.31  0.25  -0.92  
   -0.34  0.93  0.13  
   0.89  0.27  0.37  

6  1498.40  79.47  896.09  
   -0.14  -0.97  -0.19  
   -0.10  0.21  -0.97  
   0.98  -0.12  -0.13  

8  1506.88  -208.95  603.20  
   0.16  -0.85  0.49  
   -0.26  0.45  0.86  
   -0.95  -0.27  -0.15  

9  1526.98  -115.64  909.94  
   -0.01  0.72  -0.70  
   0.33  0.66  0.67  
   0.94  -0.22  -0.25  

2  855.46  -37.50  578.64  
   0.31  -0.95  -0.02  
   0.95  0.31  0.00  
   0.01  -0.02  1.00  

4  1653.33  81.71  307.18  
   0.27  -0.18  -0.95  
   0.40  0.92  -0.06  
   0.88  -0.36  0.32  

3  1549.30  -55.81  344.69  
   0.86  -0.04  -0.50  
   -0.11  -0.99  -0.11  
   -0.49  0.15  -0.86  

5  1515.81  66.53  586.23  
   0.36  0.43  0.83  
   0.22  0.83  -0.52  
   -0.91  0.37  0.20  

7  1606.45  -202.70  300.04  
   0.31  0.25  -0.92  
   -0.34  0.93  0.13  
   0.89  0.27  0.37  

9  1526.53  -113.85  910.83  
   -0.01  0.72  -0.70  
   0.34  0.66  0.67  
   0.94  -0.22  -0.25  

8  1506.88  -208.06  603.20  
   0.16  -0.85  0.49  
   -0.26  0.45  0.86  
   -0.95  -0.27  -0.15  

6  1497.51  79.03  898.33  
   -0.14  -0.97  -0.19  
   -0.11  0.21  -0.97  
   0.98  -0.12  -0.13  

5  1514.92  66.53  586.68  
   0.36  0.43  0.83  
   0.22  0.82  -0.52  
   -0.91  0.37  0.20  

2  855.46  -37.50  579.09  
   0.31  -0.95  -0.02  
   0.95  0.31  0.00  
   0.01  -0.02  1.00  

6  1497.06  79.47  898.33  
   -0.14  -0.97  -0.19  
   -0.11  0.21  -0.97  
   0.98  -0.12  -0.13  

4  1653.78  80.81  308.07  
   0.27  -0.18  -0.95  
   0.40  0.92  -0.06  
   0.88  -0.36  0.32  

3  1549.30  -57.15  344.24  
   0.86  -0.04  -0.51  
   -0.11  -0.99  -0.11  
   -0.50  0.15  -0.85  

7  1606.90  -202.70  300.04  
   0.31  0.25  -0.92  
   -0.34  0.93  0.13  
   0.89  0.27  0.37  

8  1506.88  -209.40  602.75  
   0.16  -0.85  0.50  
   -0.26  0.45  0.86  
   -0.95  -0.27  -0.14  

9  1525.64  -115.64  911.72  
   -0.01  0.72  -0.69  
   0.34  0.66  0.68  
   0.94  -0.22  -0.25  

2  855.46  -37.50  578.64  
   0.31  -0.95  -0.02  
   0.95  0.31  0.00  
   0.01  -0.02  1.00  

3  1548.85  -57.60  342.90  
   0.86  -0.04  -0.51  
   -0.12  -0.99  -0.11  
   -0.50  0.15  -0.85  

4  1653.33  82.15  308.07  
   0.27  -0.18  -0.95  
   0.40  0.92  -0.06  
   0.88  -0.36  0.31  

7  1606.90  -202.26  299.59  
   0.31  0.25  -0.92  
   -0.34  0.93  0.13  
   0.89  0.27  0.37  

5  1515.37  66.53  587.13  
   0.36  0.43  0.83  
   0.22  0.82  -0.53  
   -0.91  0.37  0.20  

6  1496.62  78.13  898.77  
   -0.14  -0.97  -0.19  
   -0.11  0.21  -0.97  
   0.98  -0.12  -0.13  

8  1506.44  -208.95  601.86  
   0.16  -0.85  0.50  
   -0.25  0.45  0.85  
   -0.95  -0.26  -0.14  

9  1525.64  -116.09  911.72  
   -0.01  0.72  -0.69  
   0.34  0.65  0.68  
   0.94  -0.22  -0.25  

2  855.46  -37.50  578.64  
   0.31  -0.95  -0.02  
   0.95  0.31  0.00  
   0.01  -0.02  1.00  

4  1652.89  81.71  308.97  
   0.27  -0.18  -0.95  
   0.40  0.92  -0.06  
   0.88  -0.36  0.31  

3  1547.96  -58.04  342.90  
   0.86  -0.05  -0.51  
   -0.12  -0.99  -0.11  
   -0.50  0.15  -0.85  

5  1514.92  66.53  588.47  
   0.36  0.43  0.83  
   0.22  0.82  -0.53  
   -0.91  0.37  0.20  

6  1496.62  79.47  899.67  
   -0.14  -0.97  -0.19  
   -0.11  0.20  -0.97  
   0.98  -0.12  -0.13  

8  1505.10  -208.95  602.31  
   0.16  -0.85  0.50  
   -0.25  0.45  0.85  
   -0.95  -0.27  -0.14  

7  1606.90  -201.81  299.59  
   0.31  0.25  -0.92  
   -0.34  0.93  0.13  
   0.89  0.27  0.37  

9  1525.64  -116.53  911.72  
   -0.01  0.73  -0.69  
   0.34  0.65  0.68  
   0.94  -0.22  -0.25  

2  855.46  -37.50  578.64  
   0.31  -0.95  -0.02  
   0.95  0.31  0.00  
   0.01  -0.02  1.00  

5  1514.47  66.08  588.47  
   0.36  0.44  0.82  
   0.22  0.82  -0.53  
   -0.91  0.37  0.19  

4  1653.33  81.71  307.18  
   0.27  -0.18  -0.95  
   0.40  0.92  -0.06  
   0.88  -0.36  0.31  

3  1547.96  -58.04  342.01  
   0.85  -0.05  -0.52  
   -0.12  -0.99  -0.10  
   -0.51  0.15  -0.85  

6  1496.17  79.47  898.77  
   -0.14  -0.97  -0.19  
   -0.11  0.20  -0.97  
   0.98  -0.12  -0.13  

7  1606.00  -203.60  299.14  
   0.31  0.25  -0.92  
   -0.34  0.93  0.14  
   0.89  0.27  0.37  

8  1504.65  -210.29  600.52  
   0.16  -0.85  0.50  
   -0.25  0.46  0.85  
   -0.95  -0.26  -0.14  

9  1525.64  -119.21  910.83  
   -0.01  0.73  -0.68  
   0.34  0.64  0.69  
   0.94  -0.22  -0.25  

2  855.46  -37.50  578.64  
   0.31  -0.95  -0.02  
   0.95  0.31  0.00  
   0.01  -0.02  1.00  

3  1547.07  -55.81  338.44  
   0.85  -0.05  -0.53  
   -0.12  -0.99  -0.10  
   -0.52  0.15  -0.84  

4  1651.55  82.15  305.84  
   0.27  -0.18  -0.95  
   0.39  0.92  -0.07  
   0.88  -0.35  0.31  

6  1495.72  79.47  899.22  
   -0.14  -0.97  -0.19  
   -0.11  0.20  -0.97  
   0.98  -0.12  -0.14  

5  1513.58  67.87  588.91  
   0.34  0.45  0.82  
   0.24  0.81  -0.54  
   -0.91  0.38  0.17  

7  1605.11  -200.92  296.91  
   0.31  0.25  -0.92  
   -0.34  0.93  0.14  
   0.89  0.27  0.37  

8  1503.76  -208.95  598.74  
   0.16  -0.85  0.50  
   -0.25  0.46  0.85  
   -0.95  -0.26  -0.14  

9  1525.19  -118.32  908.60  
   -0.01  0.73  -0.68  
   0.34  0.64  0.69  
   0.94  -0.22  -0.25  

4  1649.76  85.28  300.48  
   0.27  -0.20  -0.94  
   0.39  0.92  -0.08  
   0.88  -0.34  0.32  

2  855.46  -37.50  579.09  
   0.31  -0.95  -0.02  
   0.95  0.31  0.00  
   0.01  -0.02  1.00  

3  1544.84  -58.49  332.63  
   0.83  -0.05  -0.55  
   -0.12  -0.99  -0.08  
   -0.54  0.14  -0.83  

5  1514.92  62.51  584.00  
   0.31  0.47  0.83  
   0.26  0.79  -0.55  
   -0.91  0.39  0.12  

6  1497.06  77.69  896.99  
   -0.14  -0.97  -0.19  
   -0.11  0.20  -0.97  
   0.98  -0.11  -0.14  

9  1525.19  -121.00  904.13  
   -0.00  0.74  -0.68  
   0.34  0.64  0.69  
   0.94  -0.23  -0.25  

8  1504.21  -212.53  593.82  
   0.16  -0.85  0.51  
   -0.25  0.46  0.85  
   -0.96  -0.26  -0.14  

7  1604.22  -202.70  292.89  
   0.31  0.25  -0.92  
   -0.35  0.93  0.14  
   0.89  0.28  0.37  

2  855.46  -37.50  579.09  
   0.31  -0.95  -0.02  
   0.95  0.31  0.00  
   0.01  -0.02  1.00  

4  1645.74  86.17  289.77  
   0.28  -0.21  -0.94  
   0.38  0.92  -0.09  
   0.88  -0.33  0.34  

3  1542.16  -58.04  323.25  
   0.82  -0.05  -0.58  
   -0.11  -0.99  -0.07  
   -0.57  0.12  -0.81  

5  1512.69  67.87  577.30  
   0.26  0.49  0.83  
   0.28  0.78  -0.55  
   -0.92  0.38  0.07  

6  1501.97  75.90  888.06  
   -0.12  -0.97  -0.19  
   -0.12  0.20  -0.97  
   0.98  -0.10  -0.14  

7  1601.54  -204.94  279.05  
   0.32  0.26  -0.91  
   -0.35  0.93  0.14  
   0.88  0.28  0.39  

9  1527.87  -123.23  893.42  
   0.01  0.74  -0.68  
   0.34  0.63  0.69  
   0.94  -0.23  -0.24  

8  1504.21  -214.76  581.77  
   0.15  -0.85  0.51  
   -0.24  0.46  0.85  
   -0.96  -0.25  -0.14  

2  855.46  -37.50  579.09  
   0.31  -0.95  -0.02  
   0.95  0.31  0.00  
   0.01  -0.02  1.00  

3  1536.80  -57.60  312.09  
   0.79  -0.05  -0.61  
   -0.10  -0.99  -0.06  
   -0.60  0.11  -0.79  

4  1639.94  89.30  272.80  
   0.31  -0.23  -0.92  
   0.38  0.92  -0.10  
   0.87  -0.32  0.37  

5  1515.37  61.61  562.57  
   0.23  0.51  0.83  
   0.30  0.77  -0.56  
   -0.93  0.37  0.03  

6  1508.22  70.54  872.43  
   -0.10  -0.98  -0.20  
   -0.13  0.21  -0.97  
   0.99  -0.07  -0.15  

8  1502.42  -217.88  569.71  
   0.14  -0.85  0.51  
   -0.24  0.47  0.85  
   -0.96  -0.24  -0.14  

7  1596.18  -205.38  264.77  
   0.34  0.26  -0.90  
   -0.35  0.92  0.14  
   0.87  0.27  0.41  

9  1530.10  -127.69  878.23  
   0.02  0.74  -0.68  
   0.33  0.63  0.70  
   0.94  -0.24  -0.23  

3  1530.99  -58.94  290.66  
   0.75  -0.04  -0.66  
   -0.10  -0.99  -0.05  
   -0.65  0.10  -0.75  

2  855.46  -37.50  579.09  
   0.31  -0.95  -0.02  
   0.95  0.31  0.00  
   0.01  -0.02  1.00  

4  1634.58  87.06  248.25  
   0.35  -0.24  -0.91  
   0.37  0.92  -0.10  
   0.86  -0.30  0.41  

5  1514.92  62.06  542.03  
   0.15  0.53  0.84  
   0.33  0.77  -0.55  
   -0.93  0.36  -0.06  

6  1517.15  68.31  850.55  
   -0.07  -0.97  -0.21  
   -0.15  0.22  -0.96  
   0.99  -0.03  -0.16  

7  1590.38  -204.49  237.98  
   0.38  0.28  -0.88  
   -0.36  0.92  0.14  
   0.85  0.26  0.45  

8  1501.08  -221.46  547.84  
   0.12  -0.85  0.51  
   -0.24  0.47  0.85  
   -0.96  -0.22  -0.15  

9  1536.35  -133.05  856.36  
   0.04  0.74  -0.68  
   0.33  0.63  0.70  
   0.94  -0.26  -0.22  

2  855.46  -37.50  579.09  
   0.31  -0.95  -0.02  
   0.95  0.31  0.00  
   0.01  -0.02  1.00  

4  1624.76  92.87  230.83  
   0.38  -0.26  -0.89  
   0.37  0.92  -0.11  
   0.85  -0.29  0.45  

5  1512.69  66.53  532.66  
   0.13  0.52  0.84  
   0.34  0.78  -0.53  
   -0.93  0.35  -0.08  

3  1523.40  -54.47  275.03  
   0.71  -0.04  -0.70  
   -0.09  -1.00  -0.04  
   -0.70  0.09  -0.71  

6  1522.51  70.99  831.35  
   -0.04  -0.97  -0.22  
   -0.15  0.23  -0.96  
   0.99  -0.01  -0.16  

8  1496.62  -218.33  530.42  
   0.09  -0.85  0.52  
   -0.24  0.49  0.84  
   -0.97  -0.20  -0.16  

7  1581.00  -206.28  221.01  
   0.40  0.30  -0.86  
   -0.36  0.92  0.15  
   0.84  0.25  0.48  

9  1540.82  -136.18  831.35  
   0.08  0.74  -0.67  
   0.33  0.61  0.72  
   0.94  -0.27  -0.20  

2  855.46  -37.50  579.09  
   0.31  -0.95  -0.02  
   0.95  0.31  0.00  
   0.01  -0.02  1.00  

3  1516.71  -58.49  255.84  
   0.66  -0.04  -0.75  
   -0.09  -1.00  -0.02  
   -0.74  0.08  -0.67  

6  1532.33  68.76  800.55  
   -0.01  -0.97  -0.24  
   -0.17  0.24  -0.96  
   0.99  0.03  -0.16  

4  1616.27  89.74  201.36  
   0.43  -0.27  -0.86  
   0.37  0.92  -0.11  
   0.82  -0.27  0.50  

5  1510.90  65.63  508.99  
   0.09  0.52  0.85  
   0.35  0.78  -0.52  
   -0.93  0.34  -0.11  

8  1496.17  -224.14  506.31  
   0.06  -0.84  0.53  
   -0.23  0.51  0.83  
   -0.97  -0.17  -0.17  

7  1572.07  -208.95  190.65  
   0.44  0.32  -0.83  
   -0.37  0.92  0.16  
   0.82  0.23  0.53  

9  1547.07  -146.89  804.12  
   0.11  0.75  -0.65  
   0.32  0.59  0.74  
   0.94  -0.29  -0.17  

2  855.46  -37.50  579.09  
   0.31  -0.95  -0.02  
   0.95  0.31  0.00  
   0.01  -0.02  1.00  

3  1506.88  -55.81  236.19  
   0.61  -0.04  -0.79  
   -0.09  -1.00  -0.02  
   -0.78  0.08  -0.62  

4  1603.77  97.33  170.11  
   0.48  -0.29  -0.83  
   0.37  0.92  -0.11  
   0.79  -0.25  0.55  

5  1509.56  70.54  479.97  
   0.04  0.53  0.85  
   0.35  0.79  -0.51  
   -0.94  0.32  -0.15  

6  1542.16  69.65  765.27  
   0.04  -0.96  -0.27  
   -0.18  0.26  -0.95  
   0.98  0.08  -0.16  

7  1558.23  -206.72  165.20  
   0.48  0.35  -0.80  
   -0.37  0.91  0.17  
   0.79  0.21  0.57  

8  1493.04  -220.12  483.54  
   0.02  -0.85  0.53  
   -0.23  0.51  0.83  
   -0.97  -0.14  -0.19  

9  1554.66  -146.00  775.10  
   0.15  0.74  -0.65  
   0.32  0.59  0.74  
   0.94  -0.32  -0.15  

2  855.46  -37.50  579.09  
   0.31  -0.95  -0.02  
   0.95  0.31  0.00  
   0.01  -0.02  1.00  

3  1494.83  -55.81  211.63  
   0.56  -0.04  -0.83  
   -0.09  -1.00  -0.01  
   -0.82  0.08  -0.56  

4  1586.81  96.89  140.20  
   0.53  -0.31  -0.79  
   0.37  0.92  -0.11  
   0.76  -0.24  0.61  

7  1539.92  -214.76  133.05  
   0.53  0.39  -0.76  
   -0.38  0.90  0.19  
   0.76  0.19  0.62  

6  1550.19  68.76  732.68  
   0.08  -0.95  -0.29  
   -0.19  0.27  -0.94  
   0.98  0.13  -0.16  

5  1505.10  70.99  450.50  
   0.00  0.55  0.83  
   0.34  0.78  -0.52  
   -0.94  0.29  -0.19  

8  1487.24  -227.26  455.41  
   -0.03  -0.84  0.54  
   -0.23  0.53  0.82  
   -0.97  -0.10  -0.21  

9  1560.91  -154.93  739.82  
   0.20  0.74  -0.64  
   0.31  0.57  0.76  
   0.93  -0.35  -0.12  

3  1480.54  -52.69  188.86  
   0.49  -0.04  -0.87  
   -0.10  -0.99  -0.01  
   -0.86  0.09  -0.49  

2  855.46  -37.50  578.64  
   0.31  -0.95  -0.02  
   0.95  0.31  0.00  
   0.01  -0.02  1.00  

5  1497.06  77.69  419.70  
   -0.04  0.58  0.81  
   0.34  0.77  -0.54  
   -0.94  0.25  -0.22  

4  1566.27  105.82  104.03  
   0.59  -0.34  -0.73  
   0.38  0.92  -0.12  
   0.71  -0.21  0.67  

6  1560.02  70.54  690.71  
   0.13  -0.94  -0.33  
   -0.21  0.29  -0.93  
   0.97  0.19  -0.16  

9  1568.50  -161.18  696.96  
   0.27  0.73  -0.63  
   0.31  0.55  0.78  
   0.91  -0.40  -0.08  

7  1518.49  -215.65  101.80  
   0.57  0.42  -0.71  
   -0.40  0.89  0.22  
   0.72  0.16  0.67  

8  1476.97  -226.37  424.61  
   -0.09  -0.83  0.55  
   -0.22  0.56  0.80  
   -0.97  -0.05  -0.24  

4  1543.50  109.84  72.33  
   0.65  -0.36  -0.67  
   0.38  0.92  -0.13  
   0.66  -0.17  0.73  

3  1464.02  -54.02  161.63  
   0.42  -0.04  -0.91  
   -0.11  -0.99  -0.00  
   -0.90  0.10  -0.42  

5  1490.36  83.49  391.12  
   -0.08  0.61  0.79  
   0.33  0.76  -0.56  
   -0.94  0.22  -0.26  

2  855.46  -37.50  579.09  
   0.31  -0.95  -0.02  
   0.95  0.31  0.00  
   0.01  -0.02  1.00  

6  1564.03  72.33  648.30  
   0.19  -0.91  -0.36  
   -0.23  0.31  -0.92  
   0.96  0.25  -0.15  

8  1464.02  -235.30  397.82  
   -0.15  -0.81  0.56  
   -0.21  0.58  0.79  
   -0.97  0.00  -0.26  

9  1568.05  -162.07  662.58  
   0.33  0.72  -0.61  
   0.32  0.53  0.79  
   0.89  -0.45  -0.06  

7  1494.38  -216.10  73.22  
   0.61  0.46  -0.64  
   -0.42  0.88  0.24  
   0.68  0.12  0.73  

6  1571.18  70.10  604.99  
   0.25  -0.88  -0.41  
   -0.27  0.35  -0.90  
   0.93  0.33  -0.15  

2  855.46  -37.50  578.64  
   0.31  -0.95  -0.02  
   0.95  0.31  0.00  
   0.01  -0.02  1.00  

5  1480.99  87.06  361.65  
   -0.13  0.65  0.75  
   0.32  0.74  -0.59  
   -0.94  0.17  -0.30  

3  1445.72  -52.24  138.86  
   0.35  -0.04  -0.93  
   -0.12  -0.99  -0.00  
   -0.93  0.11  -0.35  

4  1516.71  112.51  40.18  
   0.71  -0.38  -0.59  
   0.37  0.92  -0.15  
   0.60  -0.12  0.79  

7  1464.02  -216.54  43.76  
   0.65  0.50  -0.57  
   -0.44  0.86  0.26  
   0.62  0.08  0.78  

8  1451.52  -235.74  366.12  
   -0.21  -0.80  0.55  
   -0.20  0.59  0.78  
   -0.96  0.06  -0.29  

9  1571.63  -173.68  621.51  
   0.39  0.70  -0.60  
   0.31  0.51  0.80  
   0.87  -0.50  -0.02  

2  855.46  -37.50  579.09  
   0.31  -0.95  -0.02  
   0.95  0.31  0.00  
   0.01  -0.02  1.00  

3  1426.52  -46.43  116.98  
   0.29  -0.03  -0.96  
   -0.12  -0.99  -0.00  
   -0.95  0.12  -0.29  

4  1488.13  120.10  16.97  
   0.75  -0.41  -0.52  
   0.37  0.91  -0.17  
   0.54  -0.07  0.84  

5  1470.72  92.42  336.20  
   -0.18  0.68  0.71  
   0.31  0.73  -0.61  
   -0.93  0.11  -0.34  

6  1574.30  72.33  571.95  
   0.29  -0.84  -0.45  
   -0.29  0.37  -0.88  
   0.91  0.39  -0.13  

8  1435.45  -233.96  345.58  
   -0.27  -0.79  0.55  
   -0.19  0.60  0.77  
   -0.95  0.10  -0.31  

7  1434.55  -218.33  20.09  
   0.68  0.54  -0.50  
   -0.46  0.84  0.28  
   0.57  0.04  0.82  

9  1569.39  -167.88  588.91  
   0.44  0.67  -0.59  
   0.32  0.50  0.80  
   0.84  -0.54  0.01  

2  855.46  -37.50  578.64  
   0.31  -0.95  -0.02  
   0.95  0.31  0.00  
   0.01  -0.02  1.00  

4  1460.90  122.78  -3.57  
   0.79  -0.42  -0.45  
   0.37  0.91  -0.19  
   0.48  -0.02  0.87  

3  1411.34  -48.67  95.10  
   0.22  -0.03  -0.98  
   -0.13  -0.99  -0.00  
   -0.97  0.12  -0.22  

6  1576.54  66.53  541.14  
   0.34  -0.80  -0.49  
   -0.30  0.40  -0.86  
   0.89  0.44  -0.11  

5  1461.34  91.98  312.09  
   -0.23  0.70  0.68  
   0.31  0.71  -0.63  
   -0.92  0.06  -0.38  

7  1405.09  -217.88  -2.68  
   0.70  0.57  -0.42  
   -0.49  0.82  0.29  
   0.51  0.00  0.86  

8  1419.82  -242.89  320.13  
   -0.33  -0.76  0.56  
   -0.17  0.63  0.76  
   -0.93  0.15  -0.33  

9  1569.39  -185.29  551.41  
   0.51  0.65  -0.56  
   0.30  0.48  0.82  
   0.81  -0.59  0.05  

2  855.46  -37.50  578.64  
   0.31  -0.95  -0.02  
   0.95  0.31  0.00  
   0.01  -0.02  1.00  

4  1433.21  130.82  -24.11  
   0.82  -0.43  -0.37  
   0.38  0.90  -0.21  
   0.42  0.03  0.91  

3  1393.03  -43.31  77.24  
   0.16  -0.01  -0.99  
   -0.14  -0.99  -0.01  
   -0.98  0.14  -0.16  

7  1376.96  -214.76  -20.09  
   0.72  0.60  -0.35  
   -0.52  0.80  0.31  
   0.47  -0.04  0.88  

5  1449.29  101.80  293.79  
   -0.28  0.71  0.64  
   0.31  0.70  -0.64  
   -0.91  0.01  -0.42  

6  1577.43  70.10  506.76  
   0.40  -0.76  -0.51  
   -0.31  0.41  -0.86  
   0.86  0.50  -0.08  

8  1400.62  -243.78  300.48  
   -0.38  -0.74  0.56  
   -0.15  0.65  0.75  
   -0.91  0.20  -0.35  

9  1566.71  -188.42  514.35  
   0.57  0.62  -0.54  
   0.30  0.46  0.84  
   0.77  -0.64  0.07  

2  855.46  -37.50  578.64  
   0.31  -0.95  -0.02  
   0.95  0.31  0.00  
   0.01  -0.02  1.00  

4  1402.41  136.62  -41.08  
   0.85  -0.45  -0.29  
   0.39  0.89  -0.22  
   0.36  0.07  0.93  

3  1373.83  -41.52  61.61  
   0.10  0.01  -0.99  
   -0.15  -0.99  -0.03  
   -0.98  0.15  -0.10  

5  1433.66  107.60  275.48  
   -0.34  0.72  0.60  
   0.30  0.69  -0.66  
   -0.89  -0.04  -0.45  

6  1573.41  76.80  475.95  
   0.46  -0.72  -0.52  
   -0.32  0.41  -0.86  
   0.83  0.56  -0.04  

8  1380.08  -247.80  284.86  
   -0.43  -0.70  0.57  
   -0.13  0.67  0.73  
   -0.90  0.24  -0.38  

7  1347.49  -215.65  -33.93  
   0.73  0.63  -0.28  
   -0.54  0.77  0.33  
   0.42  -0.09  0.90  

9  1558.68  -196.45  482.65  
   0.63  0.58  -0.51  
   0.30  0.42  0.86  
   0.71  -0.70  0.09  

2  855.91  -37.50  578.64  
   0.31  -0.95  -0.02  
   0.95  0.31  0.00  
   0.01  -0.02  1.00  

4  1367.14  143.32  -56.70  
   0.86  -0.46  -0.21  
   0.41  0.88  -0.24  
   0.30  0.12  0.95  

3  1352.40  -38.40  42.86  
   0.03  0.03  -1.00  
   -0.15  -0.99  -0.04  
   -0.99  0.15  -0.02  

5  1413.12  121.89  257.18  
   -0.40  0.73  0.56  
   0.29  0.68  -0.68  
   -0.87  -0.11  -0.48  

6  1565.82  79.47  438.89  
   0.53  -0.66  -0.53  
   -0.34  0.40  -0.85  
   0.77  0.63  -0.01  

7  1314.90  -215.21  -45.54  
   0.74  0.65  -0.20  
   -0.56  0.75  0.35  
   0.37  -0.15  0.91  

8  1358.21  -249.14  270.12  
   -0.47  -0.66  0.58  
   -0.10  0.70  0.71  
   -0.88  0.27  -0.40  

9  1549.30  -202.70  450.06  
   0.70  0.53  -0.48  
   0.31  0.37  0.87  
   0.64  -0.76  0.10  

2  855.91  -37.50  578.64  
   0.31  -0.95  -0.02  
   0.95  0.31  0.00  
   0.01  -0.02  1.00  

3  1329.63  -34.38  33.93  
   -0.04  0.05  -1.00  
   -0.14  -0.99  -0.05  
   -0.99  0.14  0.04  

4  1331.86  150.91  -66.53  
   0.86  -0.48  -0.13  
   0.44  0.86  -0.27  
   0.24  0.17  0.95  

5  1389.91  133.50  243.33  
   -0.46  0.71  0.53  
   0.28  0.68  -0.68  
   -0.85  -0.16  -0.51  

6  1549.30  89.74  411.21  
   0.63  -0.64  -0.45  
   -0.32  0.31  -0.89  
   0.71  0.70  -0.01  

8  1331.86  -252.26  261.64  
   -0.50  -0.62  0.60  
   -0.08  0.73  0.68  
   -0.86  0.29  -0.41  

7  1284.54  -212.08  -50.90  
   0.75  0.65  -0.12  
   -0.58  0.73  0.37  
   0.33  -0.20  0.92  

9  1535.01  -199.58  428.63  
   0.76  0.47  -0.45  
   0.33  0.32  0.89  
   0.57  -0.82  0.09  

2  855.46  -37.50  578.64  
   0.31  -0.95  -0.02  
   0.95  0.31  0.00  
   0.01  -0.02  1.00  

6  1535.46  101.35  396.03  
   0.67  -0.59  -0.45  
   -0.34  0.29  -0.89  
   0.66  0.75  -0.00  

3  1310.88  -31.25  25.00  
   -0.10  0.07  -0.99  
   -0.14  -0.99  -0.05  
   -0.99  0.13  0.11  

5  1363.56  148.68  239.32  
   -0.49  0.71  0.51  
   0.25  0.68  -0.69  
   -0.84  -0.21  -0.51  

4  1299.27  157.16  -72.78  
   0.86  -0.50  -0.06  
   0.47  0.83  -0.29  
   0.20  0.22  0.95  

7  1258.64  -210.29  -57.15  
   0.75  0.65  -0.05  
   -0.59  0.71  0.38  
   0.28  -0.26  0.92  

8  1305.97  -254.05  257.18  
   -0.51  -0.59  0.63  
   -0.06  0.75  0.66  
   -0.86  0.30  -0.42  

9  1520.28  -200.92  403.62  
   0.80  0.38  -0.46  
   0.35  0.32  0.88  
   0.48  -0.87  0.12  

2  855.46  -37.50  578.64  
   0.31  -0.95  -0.02  
   0.95  0.31  0.00  
   0.01  -0.02  1.00  

4  1274.71  162.97  -75.90  
   0.85  -0.53  -0.01  
   0.50  0.81  -0.32  
   0.18  0.27  0.95  

3  1295.70  -26.79  18.31  
   -0.15  0.08  -0.99  
   -0.13  -0.99  -0.06  
   -0.98  0.12  0.15  

6  1511.35  112.07  384.42  
   0.70  -0.53  -0.48  
   -0.39  0.28  -0.88  
   0.59  0.80  -0.01  

8  1282.75  -252.71  254.94  
   -0.51  -0.58  0.64  
   -0.05  0.76  0.64  
   -0.86  0.29  -0.42  

7  1241.23  -207.62  -59.83  
   0.76  0.65  0.00  
   -0.60  0.70  0.39  
   0.25  -0.30  0.92  

5  1337.67  166.99  236.64  
   -0.50  0.70  0.52  
   0.22  0.68  -0.70  
   -0.84  -0.23  -0.49  

9  1503.76  -190.20  384.87  
   0.83  0.27  -0.49  
   0.39  0.35  0.85  
   0.40  -0.90  0.19  

3  1285.43  -27.68  11.16  
   -0.19  0.09  -0.98  
   -0.12  -0.99  -0.07  
   -0.97  0.11  0.20  

2  855.46  -37.50  578.64  
   0.31  -0.95  -0.02  
   0.95  0.31  0.00  
   0.01  -0.02  1.00  

4  1255.96  166.99  -74.56  
   0.83  -0.55  0.03  
   0.52  0.78  -0.35  
   0.17  0.31  0.94  

5  1310.43  182.61  240.21  
   -0.48  0.67  0.56  
   0.18  0.71  -0.69  
   -0.86  -0.23  -0.46  

7  1226.49  -207.62  -62.06  
   0.75  0.66  0.04  
   -0.62  0.68  0.40  
   0.23  -0.32  0.92  

8  1256.85  -257.18  253.60  
   -0.49  -0.55  0.68  
   -0.03  0.79  0.62  
   -0.87  0.28  -0.40  

6  1493.49  113.41  372.81  
   0.73  -0.45  -0.52  
   -0.45  0.25  -0.86  
   0.51  0.86  -0.02  

9  1485.45  -194.67  366.56  
   0.86  0.17  -0.48  
   0.40  0.35  0.85  
   0.31  -0.92  0.23  

4  1240.78  173.68  -72.78  
   0.81  -0.58  0.06  
   0.56  0.74  -0.37  
   0.17  0.34  0.93  

2  855.46  -37.50  578.64  
   0.31  -0.95  -0.02  
   0.95  0.31  0.00  
   0.01  -0.02  1.00  

5  1284.98  198.24  242.89  
   -0.45  0.65  0.61  
   0.14  0.73  -0.67  
   -0.88  -0.22  -0.42  

3  1276.95  -23.66  7.59  
   -0.21  0.10  -0.97  
   -0.12  -0.99  -0.07  
   -0.97  0.10  0.22  

6  1471.17  117.87  362.10  
   0.74  -0.38  -0.56  
   -0.51  0.22  -0.83  
   0.44  0.90  -0.03  

7  1215.78  -204.94  -63.85  
   0.74  0.67  0.07  
   -0.63  0.66  0.40  
   0.22  -0.34  0.91  

8  1233.64  -258.96  250.92  
   -0.45  -0.54  0.71  
   -0.02  0.80  0.60  
   -0.89  0.26  -0.37  

9  1463.13  -190.65  348.26  
   0.87  0.07  -0.50  
   0.44  0.37  0.82  
   0.24  -0.93  0.29  

2  855.46  -37.50  578.64  
   0.31  -0.95  -0.02  
   0.95  0.31  0.00  
   0.01  -0.02  1.00  

3  1269.80  -20.09  5.36  
   -0.24  0.10  -0.97  
   -0.11  -0.99  -0.07  
   -0.97  0.09  0.24  

6  1450.63  119.66  354.96  
   0.74  -0.31  -0.60  
   -0.56  0.20  -0.80  
   0.37  0.93  -0.03  

4  1226.94  177.70  -70.10  
   0.80  -0.60  0.10  
   0.58  0.71  -0.39  
   0.16  0.37  0.92  

5  1259.98  212.97  246.91  
   -0.43  0.64  0.64  
   0.11  0.74  -0.66  
   -0.90  -0.21  -0.39  

9  1443.04  -182.17  339.33  
   0.86  -0.01  -0.52  
   0.48  0.38  0.79  
   0.19  -0.92  0.33  

8  1213.54  -260.75  250.48  
   -0.41  -0.56  0.72  
   -0.01  0.79  0.61  
   -0.91  0.24  -0.33  

7  1205.06  -203.15  -63.40  
   0.73  0.67  0.10  
   -0.65  0.65  0.40  
   0.20  -0.36  0.91  

2  855.46  -37.06  578.64  
   0.31  -0.95  -0.02  
   0.95  0.31  0.00  
   0.01  -0.02  1.00  

4  1212.21  181.27  -65.63  
   0.78  -0.62  0.13  
   0.61  0.68  -0.41  
   0.17  0.39  0.90  

3  1262.21  -18.31  3.13  
   -0.26  0.10  -0.96  
   -0.10  -0.99  -0.07  
   -0.96  0.08  0.27  

6  1432.32  120.55  346.47  
   0.74  -0.26  -0.62  
   -0.59  0.18  -0.78  
   0.31  0.95  -0.02  

5  1237.65  221.46  250.48  
   -0.40  0.62  0.67  
   0.09  0.76  -0.65  
   -0.91  -0.20  -0.36  

7  1195.24  -201.81  -62.06  
   0.73  0.67  0.12  
   -0.65  0.64  0.41  
   0.19  -0.38  0.90  

9  1426.52  -173.24  330.40  
   0.84  -0.08  -0.54  
   0.53  0.39  0.76  
   0.15  -0.92  0.37  

8  1197.92  -261.19  250.48  
   -0.38  -0.57  0.73  
   -0.00  0.79  0.61  
   -0.92  0.23  -0.30  

4  1198.81  183.06  -63.85  
   0.76  -0.63  0.16  
   0.63  0.65  -0.41  
   0.16  0.41  0.90  

2  855.46  -37.50  579.09  
   0.31  -0.95  -0.02  
   0.95  0.31  0.00  
   0.01  -0.02  1.00  

3  1254.17  -18.31  1.79  
   -0.29  0.10  -0.95  
   -0.11  -0.99  -0.07  
   -0.95  0.08  0.29  

5  1217.12  226.37  250.03  
   -0.38  0.61  0.70  
   0.07  0.77  -0.63  
   -0.92  -0.19  -0.34  

6  1413.57  123.23  344.69  
   0.74  -0.22  -0.64  
   -0.62  0.17  -0.77  
   0.28  0.96  -0.01  

8  1184.97  -262.98  252.71  
   -0.36  -0.59  0.72  
   -0.01  0.78  0.63  
   -0.93  0.22  -0.28  

9  1410.44  -162.52  329.06  
   0.81  -0.13  -0.57  
   0.57  0.39  0.72  
   0.13  -0.91  0.39  

7  1184.52  -201.36  -58.49  
   0.73  0.67  0.15  
   -0.66  0.63  0.42  
   0.18  -0.40  0.90  

3  1244.80  -20.09  0.45  
   -0.31  0.09  -0.95  
   -0.11  -0.99  -0.06  
   -0.94  0.09  0.32  

2  855.46  -37.50  579.09  
   0.31  -0.95  -0.02  
   0.95  0.31  0.00  
   0.01  -0.02  1.00  

4  1187.20  183.06  -62.06  
   0.75  -0.63  0.18  
   0.64  0.64  -0.42  
   0.15  0.43  0.89  

5  1202.83  228.15  250.92  
   -0.36  0.60  0.72  
   0.05  0.78  -0.62  
   -0.93  -0.19  -0.31  

6  1400.62  120.55  338.88  
   0.73  -0.18  -0.65  
   -0.63  0.17  -0.76  
   0.25  0.97  0.01  

8  1172.02  -265.66  254.94  
   -0.35  -0.60  0.72  
   -0.01  0.77  0.64  
   -0.94  0.21  -0.27  

7  1172.47  -204.49  -55.36  
   0.72  0.67  0.18  
   -0.67  0.61  0.42  
   0.17  -0.43  0.89  

9  1395.71  -158.06  327.72  
   0.79  -0.17  -0.59  
   0.60  0.39  0.69  
   0.11  -0.90  0.41  

2  855.46  -37.50  578.64  
   0.31  -0.95  -0.02  
   0.95  0.31  0.00  
   0.01  -0.02  1.00  

3  1237.21  -23.66  -0.89  
   -0.33  0.07  -0.94  
   -0.11  -0.99  -0.04  
   -0.94  0.09  0.34  

5  1192.56  228.60  251.37  
   -0.35  0.59  0.72  
   0.04  0.78  -0.62  
   -0.94  -0.19  -0.30  

4  1180.50  181.72  -60.28  
   0.75  -0.63  0.19  
   0.64  0.64  -0.43  
   0.15  0.45  0.88  

6  1388.57  118.32  336.65  
   0.73  -0.14  -0.67  
   -0.64  0.20  -0.74  
   0.23  0.97  0.05  

8  1162.65  -264.77  258.51  
   -0.34  -0.61  0.72  
   -0.03  0.77  0.64  
   -0.94  0.20  -0.28  

9  1384.99  -151.36  325.93  
   0.78  -0.21  -0.59  
   0.62  0.39  0.68  
   0.09  -0.90  0.44  

7  1160.86  -204.49  -51.79  
   0.71  0.67  0.20  
   -0.68  0.59  0.43  
   0.17  -0.44  0.88  

2  855.02  -37.50  578.64  
   0.31  -0.95  -0.02  
   0.95  0.31  0.00  
   0.01  -0.02  1.00  

5  1183.18  227.71  254.50  
   -0.33  0.59  0.73  
   0.04  0.79  -0.62  
   -0.94  -0.18  -0.29  

6  1378.74  116.09  337.54  
   0.72  -0.10  -0.68  
   -0.65  0.22  -0.73  
   0.22  0.97  0.09  

4  1174.70  181.27  -57.60  
   0.76  -0.62  0.20  
   0.64  0.64  -0.44  
   0.15  0.46  0.88  

3  1230.96  -26.34  -1.79  
   -0.35  0.05  -0.93  
   -0.11  -0.99  -0.01  
   -0.93  0.10  0.36  

8  1151.93  -258.96  263.43  
   -0.34  -0.59  0.73  
   -0.04  0.79  0.62  
   -0.94  0.18  -0.29  

7  1148.80  -205.83  -49.56  
   0.69  0.68  0.22  
   -0.70  0.57  0.43  
   0.17  -0.46  0.87  

9  1377.40  -150.47  324.59  
   0.79  -0.22  -0.58  
   0.61  0.40  0.68  
   0.07  -0.89  0.45  

2  855.46  -37.50  578.64  
   0.31  -0.95  -0.02  
   0.95  0.31  0.00  
   0.01  -0.02  1.00  

3  1225.15  -26.79  -1.34  
   -0.37  0.04  -0.93  
   -0.10  -0.99  0.00  
   -0.92  0.10  0.37  

4  1170.68  182.17  -54.92  
   0.76  -0.62  0.20  
   0.63  0.64  -0.45  
   0.15  0.46  0.87  

6  1373.83  114.30  340.22  
   0.72  -0.06  -0.69  
   -0.66  0.25  -0.71  
   0.22  0.97  0.15  

8  1145.23  -256.73  265.66  
   -0.36  -0.58  0.73  
   -0.04  0.80  0.60  
   -0.93  0.18  -0.31  

5  1176.93  227.26  257.18  
   -0.33  0.58  0.74  
   0.04  0.79  -0.61  
   -0.94  -0.17  -0.28  

7  1138.09  -204.04  -46.88  
   0.68  0.69  0.24  
   -0.72  0.55  0.43  
   0.16  -0.46  0.87  

9  1373.39  -149.57  323.70  
   0.80  -0.24  -0.56  
   0.60  0.41  0.68  
   0.07  -0.88  0.47  

2  855.46  -37.50  579.09  
   0.31  -0.95  -0.02  
   0.95  0.31  0.00  
   0.01  -0.02  1.00  

5  1175.15  227.71  258.51  
   -0.32  0.59  0.74  
   0.04  0.79  -0.61  
   -0.95  -0.17  -0.28  

3  1220.69  -27.24  -0.89  
   -0.38  0.03  -0.92  
   -0.10  -0.99  0.01  
   -0.92  0.10  0.38  

4  1166.66  182.61  -53.13  
   0.77  -0.61  0.20  
   0.62  0.64  -0.45  
   0.15  0.47  0.87  

6  1369.81  110.73  337.10  
   0.72  -0.01  -0.70  
   -0.67  0.29  -0.69  
   0.21  0.96  0.20  

7  1132.28  -202.70  -44.65  
   0.67  0.70  0.26  
   -0.73  0.54  0.43  
   0.16  -0.48  0.87  

9  1371.60  -146.89  324.59  
   0.80  -0.25  -0.55  
   0.60  0.43  0.68  
   0.07  -0.87  0.49  

8  1143.89  -255.39  267.89  
   -0.37  -0.57  0.73  
   -0.04  0.80  0.60  
   -0.93  0.19  -0.32  

2  855.02  -37.50  578.64  
   0.31  -0.95  -0.02  
   0.95  0.31  0.00  
   0.01  -0.02  1.00  

3  1218.90  -27.24  -1.34  
   -0.39  0.03  -0.92  
   -0.10  -0.99  0.01  
   -0.91  0.10  0.39  

4  1164.43  183.06  -53.13  
   0.77  -0.60  0.20  
   0.62  0.64  -0.45  
   0.15  0.47  0.87  

6  1370.71  110.28  337.99  
   0.72  0.01  -0.70  
   -0.67  0.30  -0.68  
   0.20  0.95  0.22  

5  1174.25  227.26  258.96  
   -0.32  0.59  0.74  
   0.04  0.79  -0.61  
   -0.95  -0.17  -0.28  

7  1128.71  -203.15  -44.20  
   0.67  0.69  0.27  
   -0.73  0.53  0.43  
   0.15  -0.49  0.86  

9  1372.05  -148.68  324.15  
   0.80  -0.26  -0.54  
   0.59  0.45  0.67  
   0.07  -0.85  0.52  

8  1143.00  -255.84  267.89  
   -0.38  -0.57  0.73  
   -0.04  0.80  0.60  
   -0.93  0.20  -0.33  

2  855.46  -37.50  579.09  
   0.31  -0.95  -0.02  
   0.95  0.31  0.00  
   0.01  -0.02  1.00  

4  1162.65  183.06  -52.69  
   0.77  -0.60  0.20  
   0.62  0.64  -0.46  
   0.14  0.48  0.87  

3  1217.56  -26.79  -2.23  
   -0.40  0.04  -0.92  
   -0.11  -0.99  0.01  
   -0.91  0.10  0.40  

5  1172.47  227.26  259.41  
   -0.33  0.58  0.74  
   0.04  0.80  -0.60  
   -0.94  -0.17  -0.28  

9  1372.05  -147.79  323.25  
   0.80  -0.27  -0.53  
   0.59  0.46  0.66  
   0.07  -0.85  0.53  

6  1370.26  111.62  338.44  
   0.72  0.02  -0.70  
   -0.67  0.32  -0.68  
   0.20  0.95  0.24  

8  1143.00  -255.39  268.34  
   -0.38  -0.57  0.73  
   -0.04  0.80  0.60  
   -0.92  0.20  -0.33  

7  1127.37  -203.60  -42.86  
   0.67  0.69  0.28  
   -0.73  0.52  0.44  
   0.15  -0.50  0.85  

4  1159.52  182.17  -50.90  
   0.77  -0.60  0.22  
   0.62  0.63  -0.46  
   0.14  0.49  0.86  

2  855.46  -37.50  579.09  
   0.31  -0.95  -0.02  
   0.95  0.31  0.00  
   0.01  -0.02  1.00  

3  1217.12  -27.68  -3.57  
   -0.41  0.05  -0.91  
   -0.11  -0.99  -0.00  
   -0.91  0.10  0.41  

5  1171.58  227.26  260.30  
   -0.33  0.58  0.75  
   0.04  0.80  -0.60  
   -0.94  -0.17  -0.28  

6  1368.92  110.73  339.33  
   0.72  0.03  -0.69  
   -0.67  0.32  -0.67  
   0.20  0.95  0.26  

8  1143.00  -255.84  269.68  
   -0.38  -0.57  0.73  
   -0.04  0.80  0.60  
   -0.93  0.20  -0.32  

9  1371.15  -147.34  324.15  
   0.80  -0.27  -0.53  
   0.60  0.46  0.66  
   0.07  -0.84  0.53  

7  1129.61  -206.28  -41.08  
   0.68  0.67  0.29  
   -0.72  0.53  0.46  
   0.15  -0.52  0.84  

2  855.02  -37.50  578.64  
   0.31  -0.95  -0.02  
   0.95  0.31  0.00  
   0.01  -0.02  1.00  

6  1369.37  110.73  337.54  
   0.72  0.05  -0.69  
   -0.66  0.34  -0.67  
   0.20  0.94  0.28  

4  1158.63  181.72  -49.56  
   0.76  -0.60  0.23  
   0.63  0.62  -0.46  
   0.14  0.50  0.86  

5  1170.68  226.37  261.64  
   -0.33  0.57  0.75  
   0.03  0.80  -0.60  
   -0.94  -0.17  -0.28  

3  1217.12  -27.68  -4.91  
   -0.42  0.06  -0.91  
   -0.11  -0.99  -0.02  
   -0.90  0.10  0.42  

7  1132.73  -207.17  -40.18  
   0.69  0.66  0.29  
   -0.70  0.53  0.47  
   0.15  -0.53  0.83  

8  1143.89  -257.62  270.57  
   -0.37  -0.58  0.73  
   -0.04  0.79  0.61  
   -0.93  0.19  -0.32  

9  1371.60  -148.23  323.70  
   0.80  -0.28  -0.53  
   0.60  0.46  0.66  
   0.06  -0.84  0.53  

2  855.02  -37.06  578.64  
   0.31  -0.95  -0.02  
   0.95  0.31  0.00  
   0.01  -0.02  1.00  

4  1159.52  182.17  -48.67  
   0.76  -0.60  0.23  
   0.63  0.62  -0.47  
   0.14  0.50  0.85  

3  1218.46  -27.24  -4.91  
   -0.42  0.08  -0.91  
   -0.12  -0.99  -0.03  
   -0.90  0.09  0.42  

5  1170.68  225.92  262.09  
   -0.33  0.57  0.75  
   0.03  0.80  -0.60  
   -0.94  -0.17  -0.28  

6  1368.92  110.73  337.99  
   0.72  0.06  -0.69  
   -0.66  0.34  -0.66  
   0.20  0.94  0.29  

8  1144.34  -258.51  271.46  
   -0.36  -0.58  0.73  
   -0.04  0.79  0.61  
   -0.93  0.19  -0.31  

7  1135.86  -208.06  -38.40  
   0.70  0.65  0.29  
   -0.69  0.54  0.48  
   0.16  -0.54  0.83  

9  1371.60  -147.34  324.59  
   0.80  -0.29  -0.53  
   0.60  0.46  0.66  
   0.06  -0.84  0.54  

2  855.46  -37.50  579.09  
   0.31  -0.95  -0.02  
   0.95  0.31  0.00  
   0.01  -0.02  1.00  

4  1161.75  180.83  -48.67  
   0.76  -0.61  0.23  
   0.63  0.62  -0.47  
   0.14  0.50  0.85  

3  1221.13  -27.24  -4.46  
   -0.42  0.09  -0.90  
   -0.12  -0.99  -0.04  
   -0.90  0.09  0.42  

6  1369.37  109.84  337.99  
   0.72  0.06  -0.69  
   -0.67  0.34  -0.66  
   0.20  0.94  0.29  

5  1170.68  226.37  262.98  
   -0.32  0.58  0.75  
   0.03  0.80  -0.60  
   -0.95  -0.17  -0.27  

7  1139.87  -211.19  -38.40  
   0.71  0.65  0.28  
   -0.69  0.54  0.49  
   0.16  -0.54  0.82  

8  1144.79  -259.41  272.36  
   -0.35  -0.58  0.74  
   -0.04  0.80  0.60  
   -0.94  0.18  -0.30  

9  1371.15  -148.68  324.15  
   0.80  -0.29  -0.53  
   0.60  0.45  0.66  
   0.05  -0.84  0.54  

2  855.02  -37.50  579.09  
   0.31  -0.95  -0.02  
   0.95  0.31  0.00  
   0.01  -0.02  1.00  

3  1224.71  -26.34  -2.68  
   -0.41  0.10  -0.91  
   -0.12  -0.99  -0.05  
   -0.90  0.09  0.42  

4  1165.32  180.38  -48.22  
   0.75  -0.62  0.22  
   0.64  0.61  -0.47  
   0.15  0.50  0.85  

5  1170.68  226.37  263.43  
   -0.31  0.57  0.76  
   0.03  0.80  -0.60  
   -0.95  -0.16  -0.27  

6  1368.92  109.84  337.99  
   0.72  0.07  -0.69  
   -0.67  0.35  -0.66  
   0.20  0.93  0.30  

8  1146.13  -259.41  274.14  
   -0.33  -0.58  0.74  
   -0.04  0.80  0.60  
   -0.94  0.17  -0.29  

7  1146.13  -211.19  -36.17  
   0.72  0.65  0.27  
   -0.68  0.54  0.50  
   0.18  -0.54  0.82  

9  1371.15  -149.57  323.25  
   0.80  -0.29  -0.52  
   0.60  0.44  0.67  
   0.04  -0.85  0.53  

2  855.46  -37.50  579.09  
   0.31  -0.95  -0.02  
   0.95  0.31  0.00  
   0.01  -0.02  1.00  

3  1228.72  -27.68  -1.79  
   -0.41  0.10  -0.91  
   -0.12  -0.99  -0.05  
   -0.91  0.09  0.41  

4  1168.90  178.59  -47.77  
   0.75  -0.63  0.21  
   0.64  0.60  -0.47  
   0.17  0.49  0.86  

5  1170.68  225.03  264.77  
   -0.30  0.57  0.76  
   0.03  0.80  -0.59  
   -0.95  -0.16  -0.26  

6  1368.47  109.84  338.44  
   0.72  0.08  -0.69  
   -0.67  0.36  -0.66  
   0.19  0.93  0.31  

7  1152.38  -214.31  -35.72  
   0.72  0.65  0.25  
   -0.67  0.54  0.51  
   0.19  -0.53  0.82  

8  1147.46  -262.09  275.03  
   -0.32  -0.59  0.75  
   -0.04  0.79  0.61  
   -0.95  0.16  -0.28  

9  1371.15  -150.47  323.70  
   0.80  -0.30  -0.52  
   0.60  0.43  0.67  
   0.03  -0.85  0.52  

