2  859.93  -38.84  576.86  
   1.00  0.06  -0.02  
   -0.06  1.00  0.00  
   0.02  -0.00  1.00  

4  1378.74  230.83  -71.88  
   0.67  -0.74  -0.05  
   0.69  0.65  -0.31  
   0.27  0.17  0.95  

3  1423.84  71.44  20.54  
   -0.20  0.02  -0.98  
   -0.01  -1.00  -0.02  
   -0.98  0.00  0.20  

6  1487.24  222.80  344.69  
   0.85  -0.07  -0.53  
   -0.44  0.48  -0.76  
   0.30  0.87  0.38  

5  1287.21  299.59  206.28  
   0.02  0.64  0.77  
   -0.05  0.77  -0.64  
   -1.00  -0.02  0.05  

7  1370.71  -91.08  -107.60  
   0.62  0.79  -0.05  
   -0.72  0.59  0.38  
   0.33  -0.19  0.92  

9  1463.58  -99.12  308.52  
   0.67  0.23  -0.71  
   0.65  0.27  0.71  
   0.35  -0.94  0.03  

8  1288.55  -203.60  141.09  
   -0.05  -0.74  0.68  
   0.17  0.66  0.73  
   -0.98  0.15  0.09  

2  859.93  -38.40  577.30  
   1.00  0.06  -0.02  
   -0.06  1.00  0.00  
   0.02  -0.00  1.00  

3  1415.36  56.26  24.56  
   -0.24  0.06  -0.97  
   0.00  -1.00  -0.06  
   -0.97  -0.02  0.24  

4  1368.47  218.33  -66.97  
   0.66  -0.75  -0.05  
   0.69  0.64  -0.34  
   0.29  0.19  0.94  

6  1483.22  204.04  347.36  
   0.88  -0.06  -0.47  
   -0.38  0.49  -0.78  
   0.28  0.87  0.41  

5  1278.73  275.93  214.31  
   0.02  0.62  0.79  
   -0.03  0.79  -0.62  
   -1.00  -0.01  0.03  

7  1367.58  -104.48  -111.17  
   0.64  0.76  -0.05  
   -0.71  0.62  0.33  
   0.28  -0.18  0.94  

8  1293.91  -226.81  136.18  
   -0.08  -0.77  0.63  
   0.17  0.62  0.77  
   -0.98  0.17  0.08  

9  1464.02  -103.58  305.40  
   0.62  0.20  -0.76  
   0.71  0.25  0.65  
   0.32  -0.95  0.01  

2  859.93  -38.40  577.30  
   1.00  0.06  -0.02  
   -0.06  1.00  0.00  
   0.02  -0.00  1.00  

3  1407.77  32.15  20.09  
   -0.26  0.10  -0.96  
   -0.02  -1.00  -0.09  
   -0.97  -0.01  0.26  

4  1350.17  187.08  -71.88  
   0.65  -0.76  -0.03  
   0.71  0.62  -0.34  
   0.28  0.20  0.94  

5  1258.64  244.67  208.06  
   -0.01  0.52  0.85  
   -0.09  0.85  -0.52  
   -1.00  -0.08  0.04  

6  1471.61  210.29  339.33  
   0.92  -0.09  -0.37  
   -0.27  0.52  -0.81  
   0.27  0.85  0.45  

8  1295.25  -253.60  136.62  
   -0.10  -0.78  0.61  
   0.16  0.60  0.79  
   -0.98  0.17  0.06  

7  1364.01  -132.16  -113.41  
   0.68  0.74  -0.05  
   -0.69  0.65  0.32  
   0.27  -0.18  0.95  

9  1465.36  -124.57  299.14  
   0.61  0.21  -0.76  
   0.74  0.20  0.65  
   0.29  -0.96  -0.03  

3  1397.50  10.72  15.18  
   -0.28  0.15  -0.95  
   -0.10  -0.99  -0.13  
   -0.96  0.06  0.29  

2  859.93  -38.40  577.30  
   1.00  0.05  -0.02  
   -0.06  1.00  0.00  
   0.02  -0.00  1.00  

4  1329.63  160.73  -81.26  
   0.60  -0.80  0.01  
   0.76  0.57  -0.29  
   0.23  0.18  0.96  

6  1456.88  212.97  328.17  
   0.94  -0.13  -0.33  
   -0.21  0.54  -0.82  
   0.28  0.83  0.48  

7  1355.53  -160.73  -110.28  
   0.70  0.71  -0.04  
   -0.65  0.66  0.37  
   0.29  -0.23  0.93  

8  1290.79  -272.80  142.43  
   -0.10  -0.78  0.61  
   0.14  0.60  0.79  
   -0.98  0.17  0.05  

5  1239.44  228.15  191.54  
   -0.02  0.45  0.89  
   -0.14  0.88  -0.45  
   -0.99  -0.13  0.04  

9  1467.15  -143.32  298.25  
   0.64  0.23  -0.74  
   0.73  0.12  0.67  
   0.24  -0.97  -0.09  

2  859.93  -38.40  577.30  
   1.00  0.05  -0.02  
   -0.06  1.00  0.00  
   0.02  -0.00  1.00  

4  1317.58  147.79  -92.42  
   0.59  -0.81  0.03  
   0.79  0.57  -0.25  
   0.18  0.17  0.97  

3  1387.23  4.46  12.06  
   -0.31  0.18  -0.93  
   -0.16  -0.98  -0.13  
   -0.94  0.11  0.33  

5  1233.19  221.01  182.61  
   -0.03  0.47  0.88  
   -0.14  0.87  -0.47  
   -0.99  -0.14  0.04  

6  1450.18  204.04  318.79  
   0.93  -0.12  -0.34  
   -0.21  0.58  -0.79  
   0.29  0.81  0.51  

8  1271.14  -274.59  158.95  
   -0.15  -0.69  0.70  
   0.14  0.69  0.71  
   -0.98  0.20  -0.01  

9  1467.59  -164.31  286.64  
   0.73  0.18  -0.66  
   0.67  -0.01  0.74  
   0.13  -0.98  -0.13  

7  1341.24  -172.79  -105.37  
   0.70  0.71  -0.02  
   -0.64  0.64  0.41  
   0.31  -0.27  0.91  

2  859.93  -38.40  577.30  
   1.00  0.06  -0.02  
   -0.06  1.00  0.00  
   0.02  -0.00  1.00  

3  1376.06  -1.79  6.25  
   -0.34  0.17  -0.92  
   -0.18  -0.98  -0.11  
   -0.92  0.13  0.37  

4  1307.31  141.54  -99.12  
   0.61  -0.79  0.06  
   0.77  0.59  -0.23  
   0.14  0.19  0.97  

5  1228.72  222.80  175.47  
   -0.04  0.48  0.87  
   -0.16  0.86  -0.48  
   -0.99  -0.16  0.05  

7  1317.13  -179.93  -104.03  
   0.67  0.74  0.04  
   -0.68  0.59  0.44  
   0.30  -0.32  0.90  

8  1255.96  -275.48  163.41  
   -0.22  -0.62  0.75  
   0.14  0.74  0.65  
   -0.97  0.25  -0.07  

6  1443.48  197.35  312.99  
   0.92  -0.10  -0.38  
   -0.25  0.61  -0.75  
   0.31  0.79  0.54  

9  1468.04  -177.25  266.10  
   0.81  0.08  -0.59  
   0.59  -0.10  0.80  
   0.00  -0.99  -0.13  

2  859.93  -38.40  577.30  
   1.00  0.06  -0.02  
   -0.06  1.00  0.00  
   0.02  -0.00  1.00  

3  1367.14  -5.36  3.57  
   -0.36  0.15  -0.92  
   -0.17  -0.98  -0.09  
   -0.91  0.13  0.38  

4  1300.16  139.75  -97.78  
   0.64  -0.77  0.06  
   0.76  0.61  -0.23  
   0.14  0.19  0.97  

5  1227.39  224.58  173.68  
   -0.05  0.51  0.86  
   -0.17  0.84  -0.51  
   -0.98  -0.17  0.04  

6  1443.04  196.01  312.09  
   0.92  -0.09  -0.39  
   -0.26  0.62  -0.75  
   0.31  0.78  0.54  

9  1468.49  -197.35  236.19  
   0.83  -0.02  -0.55  
   0.54  -0.14  0.83  
   -0.09  -0.99  -0.11  

8  1247.48  -276.37  163.86  
   -0.29  -0.55  0.79  
   0.19  0.77  0.61  
   -0.94  0.33  -0.11  

7  1301.06  -179.49  -105.37  
   0.65  0.75  0.07  
   -0.70  0.56  0.44  
   0.29  -0.34  0.90  

2  859.93  -38.40  577.30  
   1.00  0.06  -0.02  
   -0.06  1.00  0.00  
   0.02  -0.00  1.00  

3  1356.87  -5.80  2.68  
   -0.39  0.13  -0.91  
   -0.16  -0.98  -0.07  
   -0.91  0.12  0.40  

4  1290.34  142.43  -99.57  
   0.65  -0.75  0.09  
   0.75  0.62  -0.24  
   0.13  0.22  0.97  

6  1443.48  196.90  310.31  
   0.92  -0.08  -0.38  
   -0.26  0.61  -0.75  
   0.30  0.79  0.54  

5  1222.03  225.92  177.25  
   -0.07  0.49  0.87  
   -0.16  0.85  -0.50  
   -0.98  -0.18  0.02  

7  1277.84  -170.56  -104.03  
   0.65  0.75  0.14  
   -0.73  0.55  0.41  
   0.23  -0.37  0.90  

8  1247.92  -281.73  160.29  
   -0.39  -0.44  0.80  
   0.28  0.77  0.57  
   -0.87  0.45  -0.18  

9  1474.74  -216.99  190.65  
   0.82  -0.16  -0.55  
   0.53  -0.16  0.84  
   -0.22  -0.97  -0.04  

2  859.93  -38.40  577.30  
   1.00  0.06  -0.02  
   -0.06  1.00  0.00  
   0.02  -0.00  1.00  

3  1352.40  -3.57  0.00  
   -0.41  0.11  -0.91  
   -0.15  -0.99  -0.06  
   -0.90  0.11  0.42  

5  1218.46  230.39  175.02  
   -0.08  0.51  0.86  
   -0.16  0.84  -0.51  
   -0.98  -0.18  0.02  

4  1284.54  147.34  -100.01  
   0.66  -0.74  0.10  
   0.74  0.62  -0.26  
   0.13  0.25  0.96  

6  1439.47  198.69  308.07  
   0.92  -0.07  -0.39  
   -0.27  0.61  -0.75  
   0.29  0.79  0.54  

8  1253.73  -288.43  146.89  
   -0.51  -0.31  0.80  
   0.37  0.76  0.53  
   -0.77  0.57  -0.27  

7  1263.10  -162.07  -112.07  
   0.62  0.75  0.23  
   -0.77  0.53  0.35  
   0.14  -0.39  0.91  

9  1478.31  -233.96  129.03  
   0.78  -0.32  -0.54  
   0.50  -0.20  0.84  
   -0.38  -0.93  0.01  

2  859.93  -38.40  577.30  
   1.00  0.05  -0.02  
   -0.05  1.00  0.00  
   0.02  -0.00  1.00  

3  1349.28  -1.79  -0.89  
   -0.41  0.11  -0.90  
   -0.14  -0.99  -0.05  
   -0.90  0.11  0.42  

4  1281.41  148.23  -99.57  
   0.66  -0.74  0.11  
   0.73  0.62  -0.27  
   0.13  0.26  0.96  

7  1256.41  -155.38  -116.53  
   0.61  0.75  0.25  
   -0.78  0.53  0.32  
   0.10  -0.39  0.91  

5  1214.88  231.73  175.02  
   -0.08  0.50  0.86  
   -0.17  0.84  -0.51  
   -0.98  -0.18  0.02  

6  1435.45  201.81  307.63  
   0.92  -0.07  -0.39  
   -0.27  0.60  -0.75  
   0.28  0.80  0.53  

8  1260.43  -284.86  138.41  
   -0.58  -0.24  0.78  
   0.40  0.75  0.52  
   -0.71  0.61  -0.34  

9  1475.63  -233.96  84.83  
   0.71  -0.45  -0.54  
   0.48  -0.24  0.84  
   -0.51  -0.86  0.05  

2  859.93  -38.40  577.30  
   1.00  0.05  -0.02  
   -0.06  1.00  0.00  
   0.02  -0.00  1.00  

4  1278.73  151.80  -98.23  
   0.66  -0.74  0.11  
   0.74  0.62  -0.28  
   0.14  0.26  0.95  

3  1347.94  -0.45  -1.34  
   -0.42  0.11  -0.90  
   -0.14  -0.99  -0.05  
   -0.90  0.10  0.43  

5  1210.42  233.51  175.47  
   -0.07  0.49  0.87  
   -0.16  0.85  -0.50  
   -0.98  -0.18  0.02  

8  1263.55  -278.16  137.96  
   -0.62  -0.18  0.77  
   0.39  0.77  0.50  
   -0.68  0.61  -0.40  

7  1253.28  -149.57  -116.98  
   0.61  0.75  0.26  
   -0.79  0.54  0.29  
   0.08  -0.39  0.92  

9  1472.51  -232.17  62.51  
   0.67  -0.54  -0.52  
   0.45  -0.27  0.85  
   -0.60  -0.80  0.06  

6  1432.32  202.70  307.63  
   0.92  -0.07  -0.38  
   -0.27  0.60  -0.76  
   0.28  0.80  0.53  

2  859.93  -38.40  577.30  
   1.00  0.06  -0.02  
   -0.06  1.00  0.00  
   0.02  -0.00  1.00  

3  1346.15  0.89  -2.23  
   -0.42  0.10  -0.90  
   -0.13  -0.99  -0.05  
   -0.90  0.10  0.43  

4  1277.39  153.14  -97.78  
   0.66  -0.74  0.11  
   0.74  0.62  -0.28  
   0.14  0.27  0.95  

6  1432.32  202.70  307.63  
   0.92  -0.07  -0.38  
   -0.27  0.59  -0.76  
   0.28  0.80  0.53  

5  1210.42  233.96  175.47  
   -0.07  0.49  0.87  
   -0.16  0.85  -0.50  
   -0.98  -0.18  0.02  

7  1248.82  -146.00  -117.87  
   0.59  0.76  0.27  
   -0.80  0.53  0.28  
   0.07  -0.39  0.92  

8  1259.98  -265.21  141.54  
   -0.62  -0.13  0.77  
   0.40  0.80  0.45  
   -0.68  0.58  -0.45  

9  1468.04  -240.66  50.01  
   0.66  -0.59  -0.47  
   0.38  -0.28  0.88  
   -0.65  -0.76  0.04  

2  859.93  -38.40  577.30  
   1.00  0.05  -0.02  
   -0.06  1.00  0.00  
   0.02  -0.00  1.00  

3  1343.47  3.13  -3.13  
   -0.43  0.08  -0.90  
   -0.12  -0.99  -0.04  
   -0.90  0.09  0.43  

4  1276.50  154.48  -98.23  
   0.68  -0.73  0.12  
   0.72  0.63  -0.28  
   0.13  0.28  0.95  

5  1212.21  239.76  175.47  
   -0.08  0.51  0.85  
   -0.17  0.84  -0.52  
   -0.98  -0.19  0.02  

6  1432.32  204.49  306.29  
   0.92  -0.06  -0.40  
   -0.28  0.60  -0.75  
   0.28  0.80  0.53  

7  1241.23  -140.20  -116.53  
   0.58  0.76  0.29  
   -0.81  0.52  0.26  
   0.04  -0.39  0.92  

8  1264.44  -271.02  134.39  
   -0.65  -0.06  0.76  
   0.45  0.77  0.45  
   -0.61  0.63  -0.48  

9  1463.13  -244.67  29.47  
   0.62  -0.65  -0.44  
   0.38  -0.24  0.89  
   -0.69  -0.72  0.09  

2  859.93  -38.40  577.30  
   1.00  0.05  -0.02  
   -0.06  1.00  0.00  
   0.02  -0.00  1.00  

4  1274.27  155.82  -96.89  
   0.69  -0.72  0.12  
   0.72  0.63  -0.29  
   0.13  0.29  0.95  

3  1340.79  3.57  -3.57  
   -0.43  0.07  -0.90  
   -0.11  -0.99  -0.02  
   -0.90  0.09  0.44  

6  1432.32  204.94  306.29  
   0.92  -0.05  -0.40  
   -0.29  0.60  -0.75  
   0.28  0.80  0.53  

5  1212.65  239.32  176.36  
   -0.09  0.52  0.85  
   -0.17  0.84  -0.52  
   -0.98  -0.19  0.01  

7  1232.74  -135.73  -118.32  
   0.56  0.76  0.33  
   -0.83  0.52  0.22  
   -0.00  -0.39  0.92  

8  1275.16  -283.96  116.53  
   -0.70  0.06  0.71  
   0.53  0.71  0.46  
   -0.48  0.70  -0.53  

9  1457.77  -255.39  -16.97  
   0.53  -0.75  -0.40  
   0.41  -0.19  0.89  
   -0.74  -0.64  0.21  

2  859.93  -38.40  577.30  
   1.00  0.06  -0.02  
   -0.06  1.00  0.00  
   0.02  -0.00  1.00  

3  1337.22  2.23  -4.91  
   -0.44  0.05  -0.90  
   -0.10  -1.00  -0.01  
   -0.89  0.08  0.44  

4  1272.48  156.72  -96.89  
   0.69  -0.71  0.12  
   0.71  0.64  -0.30  
   0.14  0.30  0.95  

5  1211.76  239.76  176.36  
   -0.09  0.51  0.85  
   -0.17  0.84  -0.52  
   -0.98  -0.19  0.01  

6  1431.88  203.60  306.73  
   0.91  -0.05  -0.40  
   -0.29  0.60  -0.74  
   0.28  0.80  0.53  

7  1226.94  -132.16  -120.55  
   0.55  0.76  0.35  
   -0.83  0.52  0.20  
   -0.03  -0.40  0.92  

9  1448.84  -266.10  -58.94  
   0.44  -0.83  -0.34  
   0.43  -0.14  0.89  
   -0.79  -0.54  0.29  

8  1279.18  -290.66  99.57  
   -0.72  0.13  0.68  
   0.56  0.68  0.47  
   -0.40  0.72  -0.56  

2  859.93  -38.40  577.30  
   1.00  0.06  -0.02  
   -0.06  1.00  0.00  
   0.02  -0.00  1.00  

4  1271.14  156.27  -96.89  
   0.70  -0.70  0.12  
   0.70  0.64  -0.30  
   0.13  0.30  0.94  

3  1335.43  0.00  -4.91  
   -0.45  0.03  -0.89  
   -0.09  -1.00  0.01  
   -0.89  0.09  0.45  

6  1430.98  202.70  307.18  
   0.91  -0.05  -0.41  
   -0.30  0.61  -0.74  
   0.28  0.79  0.54  

5  1211.31  240.21  175.91  
   -0.09  0.52  0.85  
   -0.17  0.83  -0.53  
   -0.98  -0.19  0.01  

7  1221.58  -131.27  -119.66  
   0.55  0.76  0.36  
   -0.84  0.52  0.18  
   -0.05  -0.40  0.92  

9  1444.82  -271.02  -85.28  
   0.37  -0.88  -0.31  
   0.43  -0.13  0.89  
   -0.82  -0.46  0.32  

8  1287.21  -292.89  88.85  
   -0.74  0.20  0.65  
   0.59  0.66  0.46  
   -0.33  0.72  -0.60  

2  859.93  -38.40  577.30  
   1.00  0.06  -0.02  
   -0.06  1.00  0.00  
   0.02  -0.00  1.00  

3  1334.10  -0.89  -4.91  
   -0.45  0.03  -0.89  
   -0.09  -1.00  0.02  
   -0.89  0.09  0.45  

4  1270.69  154.93  -97.33  
   0.70  -0.70  0.12  
   0.70  0.65  -0.30  
   0.13  0.30  0.95  

6  1431.43  202.70  306.73  
   0.91  -0.05  -0.41  
   -0.30  0.61  -0.73  
   0.29  0.79  0.54  

5  1212.65  240.21  174.58  
   -0.09  0.53  0.84  
   -0.17  0.83  -0.54  
   -0.98  -0.20  0.01  

8  1296.59  -294.68  77.69  
   -0.76  0.23  0.61  
   0.59  0.64  0.49  
   -0.28  0.73  -0.62  

7  1219.35  -131.27  -120.55  
   0.55  0.75  0.37  
   -0.83  0.52  0.17  
   -0.06  -0.40  0.91  

9  1441.25  -265.66  -107.16  
   0.30  -0.91  -0.30  
   0.45  -0.15  0.88  
   -0.84  -0.40  0.36  

2  859.93  -38.40  577.30  
   1.00  0.06  -0.02  
   -0.06  1.00  0.00  
   0.02  -0.00  1.00  

4  1270.69  154.93  -97.78  
   0.70  -0.70  0.13  
   0.70  0.65  -0.30  
   0.13  0.30  0.94  

3  1334.10  -1.34  -5.80  
   -0.45  0.02  -0.89  
   -0.09  -1.00  0.02  
   -0.89  0.09  0.45  

5  1211.76  240.21  174.58  
   -0.09  0.53  0.84  
   -0.17  0.83  -0.54  
   -0.98  -0.20  0.01  

6  1431.43  202.26  306.29  
   0.91  -0.04  -0.42  
   -0.30  0.61  -0.73  
   0.29  0.79  0.54  

7  1218.90  -131.27  -120.55  
   0.55  0.75  0.37  
   -0.83  0.53  0.17  
   -0.07  -0.40  0.91  

8  1304.63  -296.02  69.21  
   -0.79  0.24  0.57  
   0.57  0.63  0.52  
   -0.24  0.74  -0.63  

9  1441.25  -265.21  -123.23  
   0.24  -0.92  -0.30  
   0.46  -0.16  0.88  
   -0.86  -0.35  0.38  

2  859.93  -38.40  577.30  
   1.00  0.06  -0.02  
   -0.06  1.00  0.00  
   0.02  -0.00  1.00  

4  1270.25  154.48  -97.78  
   0.71  -0.70  0.13  
   0.70  0.65  -0.30  
   0.13  0.30  0.94  

3  1333.65  -1.34  -5.80  
   -0.45  0.02  -0.89  
   -0.09  -1.00  0.02  
   -0.89  0.09  0.45  

5  1211.76  240.66  175.02  
   -0.09  0.53  0.84  
   -0.17  0.83  -0.54  
   -0.98  -0.19  0.01  

7  1218.46  -130.82  -120.55  
   0.56  0.74  0.37  
   -0.83  0.54  0.16  
   -0.08  -0.40  0.91  

6  1430.98  201.81  306.73  
   0.91  -0.04  -0.42  
   -0.30  0.61  -0.73  
   0.29  0.79  0.54  

8  1307.75  -293.79  67.87  
   -0.79  0.24  0.56  
   0.56  0.64  0.53  
   -0.23  0.73  -0.64  

9  1442.14  -259.85  -129.48  
   0.21  -0.93  -0.31  
   0.46  -0.19  0.87  
   -0.86  -0.33  0.38  

2  859.93  -38.40  577.30  
   1.00  0.06  -0.02  
   -0.06  1.00  0.00  
   0.02  -0.00  1.00  

3  1333.20  -0.45  -5.80  
   -0.45  0.02  -0.89  
   -0.09  -1.00  0.02  
   -0.89  0.09  0.45  

4  1270.25  155.38  -97.78  
   0.70  -0.70  0.13  
   0.70  0.65  -0.30  
   0.13  0.30  0.94  

5  1210.87  240.66  175.47  
   -0.09  0.53  0.84  
   -0.17  0.83  -0.54  
   -0.98  -0.19  0.01  

8  1308.65  -291.55  67.42  
   -0.80  0.24  0.55  
   0.56  0.64  0.53  
   -0.23  0.73  -0.64  

6  1430.98  201.81  306.73  
   0.91  -0.04  -0.42  
   -0.30  0.61  -0.73  
   0.29  0.79  0.54  

7  1218.90  -129.48  -121.00  
   0.56  0.74  0.37  
   -0.82  0.54  0.16  
   -0.08  -0.40  0.91  

9  1441.70  -257.18  -132.16  
   0.20  -0.93  -0.32  
   0.46  -0.20  0.86  
   -0.86  -0.32  0.39  

2  859.93  -38.84  577.30  
   1.00  0.06  -0.02  
   -0.06  1.00  0.00  
   0.02  -0.00  1.00  

4  1269.80  156.27  -97.78  
   0.71  -0.69  0.13  
   0.69  0.65  -0.31  
   0.13  0.30  0.94  

3  1332.76  0.00  -5.36  
   -0.46  0.02  -0.89  
   -0.09  -1.00  0.02  
   -0.89  0.09  0.46  

5  1210.42  243.33  176.36  
   -0.09  0.53  0.84  
   -0.17  0.82  -0.54  
   -0.98  -0.19  0.01  

8  1309.54  -290.66  63.85  
   -0.80  0.24  0.55  
   0.56  0.64  0.54  
   -0.22  0.73  -0.64  

6  1430.98  201.36  307.18  
   0.91  -0.04  -0.42  
   -0.31  0.61  -0.73  
   0.29  0.79  0.54  

7  1217.56  -126.36  -121.44  
   0.56  0.74  0.37  
   -0.82  0.54  0.15  
   -0.09  -0.39  0.91  

9  1439.91  -253.16  -137.96  
   0.18  -0.93  -0.33  
   0.47  -0.21  0.86  
   -0.86  -0.31  0.40  

2  859.93  -38.40  576.86  
   1.00  0.06  -0.02  
   -0.06  1.00  0.00  
   0.02  -0.00  1.00  

4  1268.46  157.61  -97.33  
   0.72  -0.69  0.12  
   0.68  0.66  -0.31  
   0.13  0.30  0.94  

3  1331.42  0.45  -5.36  
   -0.46  0.01  -0.89  
   -0.08  -1.00  0.03  
   -0.89  0.08  0.46  

5  1210.42  244.23  176.36  
   -0.09  0.54  0.84  
   -0.17  0.82  -0.55  
   -0.98  -0.19  0.01  

6  1430.98  201.36  307.18  
   0.90  -0.04  -0.42  
   -0.31  0.62  -0.72  
   0.29  0.79  0.55  

7  1214.88  -123.23  -123.23  
   0.55  0.74  0.38  
   -0.83  0.55  0.14  
   -0.10  -0.39  0.91  

9  1434.11  -248.25  -158.95  
   0.13  -0.93  -0.33  
   0.51  -0.23  0.83  
   -0.85  -0.27  0.45  

8  1313.56  -288.88  48.67  
   -0.81  0.27  0.52  
   0.56  0.61  0.57  
   -0.16  0.75  -0.64  

4  1268.91  157.61  -97.33  
   0.72  -0.68  0.12  
   0.68  0.67  -0.31  
   0.13  0.30  0.94  

3  1330.52  0.00  -5.80  
   -0.46  0.00  -0.89  
   -0.08  -1.00  0.04  
   -0.88  0.09  0.46  

2  859.93  -38.40  576.86  
   1.00  0.06  -0.02  
   -0.06  1.00  0.00  
   0.02  -0.00  1.00  

6  1430.98  201.81  308.07  
   0.90  -0.04  -0.43  
   -0.32  0.62  -0.72  
   0.29  0.78  0.55  

5  1211.76  245.12  175.02  
   -0.10  0.55  0.83  
   -0.17  0.81  -0.56  
   -0.98  -0.20  0.02  

7  1212.65  -121.89  -123.68  
   0.55  0.74  0.38  
   -0.83  0.55  0.13  
   -0.11  -0.39  0.91  

9  1428.75  -242.44  -175.02  
   0.08  -0.94  -0.34  
   0.53  -0.25  0.81  
   -0.85  -0.24  0.47  

8  1318.02  -289.77  35.27  
   -0.83  0.29  0.48  
   0.55  0.58  0.60  
   -0.11  0.76  -0.64  

4  1268.91  156.72  -98.23  
   0.73  -0.68  0.12  
   0.68  0.67  -0.31  
   0.13  0.30  0.94  

3  1330.08  -0.45  -6.70  
   -0.46  0.00  -0.89  
   -0.08  -1.00  0.04  
   -0.88  0.09  0.46  

2  859.93  -38.40  577.30  
   1.00  0.06  -0.02  
   -0.06  1.00  0.00  
   0.02  -0.00  1.00  

5  1211.76  245.12  174.13  
   -0.10  0.55  0.83  
   -0.17  0.81  -0.56  
   -0.98  -0.20  0.02  

6  1430.98  200.47  307.18  
   0.90  -0.04  -0.44  
   -0.32  0.63  -0.71  
   0.30  0.78  0.55  

7  1211.76  -122.34  -124.12  
   0.55  0.74  0.39  
   -0.83  0.55  0.13  
   -0.12  -0.39  0.91  

8  1321.15  -291.11  30.36  
   -0.84  0.30  0.46  
   0.54  0.58  0.60  
   -0.08  0.75  -0.65  

9  1423.39  -241.10  -184.40  
   0.03  -0.93  -0.35  
   0.52  -0.29  0.80  
   -0.85  -0.21  0.48  

2  859.93  -38.40  576.86  
   1.00  0.05  -0.02  
   -0.06  1.00  0.00  
   0.02  -0.00  1.00  

4  1268.46  155.82  -98.67  
   0.73  -0.68  0.12  
   0.67  0.67  -0.31  
   0.13  0.30  0.94  

3  1330.08  -0.89  -6.70  
   -0.46  0.00  -0.89  
   -0.08  -1.00  0.04  
   -0.88  0.09  0.46  

5  1212.65  244.23  173.68  
   -0.10  0.55  0.83  
   -0.17  0.81  -0.56  
   -0.98  -0.20  0.02  

6  1431.43  200.47  307.18  
   0.90  -0.04  -0.44  
   -0.32  0.63  -0.71  
   0.30  0.78  0.55  

8  1324.27  -290.21  29.02  
   -0.84  0.31  0.45  
   0.54  0.59  0.60  
   -0.07  0.74  -0.66  

7  1212.21  -124.12  -124.12  
   0.55  0.73  0.39  
   -0.82  0.55  0.13  
   -0.12  -0.40  0.91  

9  1420.27  -243.33  -190.65  
   -0.01  -0.94  -0.34  
   0.51  -0.30  0.80  
   -0.86  -0.17  0.48  

3  1330.52  -1.79  -7.59  
   -0.46  0.00  -0.89  
   -0.08  -1.00  0.04  
   -0.88  0.09  0.46  

2  859.93  -38.40  577.30  
   1.00  0.06  -0.02  
   -0.06  1.00  0.00  
   0.02  -0.00  1.00  

4  1269.36  154.93  -99.12  
   0.73  -0.68  0.12  
   0.68  0.67  -0.30  
   0.12  0.30  0.95  

5  1212.21  243.78  173.24  
   -0.09  0.55  0.83  
   -0.18  0.81  -0.56  
   -0.98  -0.20  0.02  

8  1325.61  -289.77  28.57  
   -0.84  0.31  0.44  
   0.54  0.59  0.60  
   -0.07  0.74  -0.67  

6  1430.98  200.47  306.73  
   0.90  -0.04  -0.44  
   -0.32  0.63  -0.71  
   0.30  0.77  0.55  

9  1420.71  -243.33  -191.10  
   -0.01  -0.94  -0.35  
   0.51  -0.30  0.80  
   -0.86  -0.17  0.48  

7  1212.65  -125.02  -123.68  
   0.56  0.73  0.39  
   -0.82  0.55  0.14  
   -0.12  -0.40  0.91  

2  859.93  -38.40  577.30  
   1.00  0.05  -0.02  
   -0.06  1.00  0.00  
   0.02  -0.00  1.00  

5  1212.65  244.23  171.90  
   -0.09  0.55  0.83  
   -0.18  0.81  -0.56  
   -0.98  -0.20  0.02  

6  1430.98  200.47  306.29  
   0.90  -0.04  -0.44  
   -0.32  0.63  -0.71  
   0.30  0.77  0.56  

4  1268.91  154.93  -99.57  
   0.73  -0.68  0.12  
   0.68  0.67  -0.30  
   0.12  0.30  0.95  

3  1330.97  -2.23  -8.04  
   -0.46  0.00  -0.89  
   -0.08  -1.00  0.04  
   -0.88  0.09  0.46  

8  1326.06  -289.32  28.13  
   -0.84  0.31  0.44  
   0.54  0.59  0.60  
   -0.07  0.74  -0.67  

7  1212.65  -125.02  -124.12  
   0.56  0.73  0.39  
   -0.82  0.56  0.14  
   -0.12  -0.40  0.91  

9  1421.61  -242.44  -192.88  
   -0.02  -0.94  -0.35  
   0.51  -0.31  0.80  
   -0.86  -0.17  0.49  

4  1269.36  154.93  -99.57  
   0.73  -0.68  0.12  
   0.68  0.67  -0.30  
   0.12  0.30  0.95  

2  859.93  -38.40  577.30  
   1.00  0.05  -0.02  
   -0.06  1.00  0.00  
   0.02  -0.00  1.00  

3  1330.97  -1.79  -8.04  
   -0.46  0.00  -0.89  
   -0.08  -1.00  0.04  
   -0.88  0.09  0.46  

5  1213.10  244.67  172.34  
   -0.09  0.55  0.83  
   -0.18  0.81  -0.56  
   -0.98  -0.20  0.02  

6  1430.54  200.47  306.73  
   0.90  -0.04  -0.44  
   -0.32  0.63  -0.70  
   0.31  0.77  0.56  

8  1326.95  -289.77  25.90  
   -0.84  0.32  0.44  
   0.54  0.59  0.60  
   -0.06  0.74  -0.67  

7  1212.65  -124.57  -124.12  
   0.56  0.73  0.39  
   -0.82  0.56  0.14  
   -0.12  -0.40  0.91  

9  1416.69  -240.66  -196.01  
   -0.04  -0.94  -0.35  
   0.51  -0.32  0.80  
   -0.86  -0.15  0.49  

2  859.93  -38.40  577.30  
   1.00  0.05  -0.02  
   -0.06  1.00  0.00  
   0.02  -0.00  1.00  

4  1268.46  154.48  -99.12  
   0.73  -0.67  0.12  
   0.68  0.67  -0.30  
   0.12  0.30  0.95  

3  1330.52  -1.79  -8.04  
   -0.46  0.01  -0.89  
   -0.08  -1.00  0.04  
   -0.88  0.09  0.46  

5  1212.21  244.23  172.34  
   -0.09  0.55  0.83  
   -0.18  0.81  -0.56  
   -0.98  -0.20  0.02  

6  1430.98  200.92  306.73  
   0.90  -0.04  -0.44  
   -0.32  0.64  -0.70  
   0.31  0.77  0.56  

9  1405.53  -244.23  -204.04  
   -0.09  -0.95  -0.31  
   0.51  -0.31  0.80  
   -0.85  -0.09  0.51  

8  1325.61  -291.11  21.43  
   -0.83  0.36  0.42  
   0.55  0.58  0.60  
   -0.03  0.73  -0.68  

7  1211.31  -124.12  -124.57  
   0.56  0.73  0.39  
   -0.82  0.56  0.14  
   -0.12  -0.40  0.91  

2  859.93  -38.40  577.30  
   1.00  0.06  -0.02  
   -0.06  1.00  0.00  
   0.02  -0.00  1.00  

4  1268.02  153.59  -99.57  
   0.73  -0.67  0.12  
   0.67  0.67  -0.30  
   0.12  0.30  0.95  

3  1329.18  -2.23  -7.59  
   -0.47  0.00  -0.88  
   -0.08  -1.00  0.04  
   -0.88  0.09  0.47  

5  1212.21  244.23  172.34  
   -0.10  0.55  0.83  
   -0.18  0.81  -0.56  
   -0.98  -0.20  0.02  

6  1430.98  200.47  306.73  
   0.90  -0.04  -0.44  
   -0.32  0.64  -0.70  
   0.30  0.77  0.56  

7  1209.53  -123.23  -124.12  
   0.55  0.73  0.40  
   -0.83  0.55  0.14  
   -0.12  -0.40  0.91  

8  1321.15  -295.13  16.97  
   -0.82  0.41  0.41  
   0.58  0.56  0.60  
   0.01  0.72  -0.69  

9  1385.89  -248.69  -206.28  
   -0.15  -0.95  -0.26  
   0.52  -0.30  0.80  
   -0.84  -0.01  0.54  

3  1329.18  -2.23  -6.70  
   -0.47  0.00  -0.88  
   -0.08  -1.00  0.04  
   -0.88  0.09  0.47  

4  1267.57  154.04  -99.57  
   0.73  -0.68  0.13  
   0.68  0.67  -0.31  
   0.12  0.31  0.94  

2  859.93  -38.40  577.30  
   1.00  0.06  -0.02  
   -0.06  1.00  0.00  
   0.02  -0.00  1.00  

8  1315.79  -299.59  21.88  
   -0.80  0.45  0.40  
   0.60  0.56  0.57  
   0.04  0.70  -0.72  

6  1430.54  200.47  307.18  
   0.90  -0.04  -0.44  
   -0.32  0.64  -0.70  
   0.30  0.77  0.56  

5  1211.76  243.78  172.79  
   -0.10  0.55  0.83  
   -0.18  0.81  -0.56  
   -0.98  -0.20  0.02  

7  1208.63  -123.68  -123.68  
   0.54  0.74  0.39  
   -0.84  0.53  0.14  
   -0.11  -0.40  0.91  

9  1367.14  -255.39  -196.90  
   -0.22  -0.95  -0.21  
   0.53  -0.30  0.79  
   -0.82  0.07  0.57  

2  859.93  -38.40  577.30  
   1.00  0.06  -0.02  
   -0.06  1.00  0.00  
   0.02  -0.00  1.00  

4  1267.57  154.48  -99.12  
   0.73  -0.68  0.13  
   0.68  0.67  -0.31  
   0.12  0.31  0.94  

3  1328.74  -3.57  -6.25  
   -0.48  0.00  -0.88  
   -0.08  -1.00  0.05  
   -0.88  0.09  0.47  

5  1211.76  243.78  173.68  
   -0.10  0.55  0.83  
   -0.18  0.81  -0.56  
   -0.98  -0.20  0.02  

7  1208.19  -124.57  -122.34  
   0.53  0.75  0.39  
   -0.84  0.52  0.14  
   -0.10  -0.40  0.91  

6  1430.54  200.47  307.63  
   0.90  -0.04  -0.44  
   -0.31  0.64  -0.70  
   0.30  0.77  0.56  

8  1312.22  -300.93  28.13  
   -0.79  0.49  0.38  
   0.62  0.57  0.55  
   0.05  0.67  -0.74  

9  1352.40  -256.28  -188.42  
   -0.28  -0.95  -0.14  
   0.55  -0.28  0.78  
   -0.78  0.14  0.60  

2  859.93  -38.40  577.30  
   1.00  0.05  -0.02  
   -0.06  1.00  0.00  
   0.02  -0.00  1.00  

4  1267.12  153.59  -99.12  
   0.73  -0.68  0.13  
   0.68  0.67  -0.31  
   0.12  0.31  0.94  

3  1328.74  -4.02  -6.25  
   -0.48  -0.00  -0.88  
   -0.09  -1.00  0.05  
   -0.87  0.10  0.48  

7  1207.74  -125.91  -121.00  
   0.52  0.76  0.39  
   -0.85  0.51  0.14  
   -0.09  -0.40  0.91  

6  1430.54  200.92  307.63  
   0.90  -0.04  -0.44  
   -0.31  0.64  -0.70  
   0.30  0.77  0.56  

5  1211.31  243.33  174.13  
   -0.10  0.55  0.83  
   -0.18  0.81  -0.55  
   -0.98  -0.20  0.02  

8  1309.09  -302.27  30.36  
   -0.78  0.49  0.38  
   0.62  0.57  0.54  
   0.05  0.66  -0.75  

9  1348.38  -257.18  -182.17  
   -0.29  -0.95  -0.12  
   0.56  -0.27  0.78  
   -0.77  0.16  0.61  

2  859.93  -38.40  577.30  
   1.00  0.05  -0.02  
   -0.06  1.00  0.00  
   0.02  -0.00  1.00  

3  1327.84  -4.02  -5.80  
   -0.48  0.00  -0.88  
   -0.09  -0.99  0.05  
   -0.87  0.10  0.48  

4  1266.23  153.14  -98.23  
   0.72  -0.68  0.13  
   0.68  0.67  -0.31  
   0.13  0.31  0.94  

6  1430.09  200.47  308.52  
   0.90  -0.04  -0.43  
   -0.31  0.64  -0.70  
   0.30  0.77  0.56  

5  1210.42  243.33  175.02  
   -0.10  0.54  0.83  
   -0.18  0.81  -0.55  
   -0.98  -0.20  0.02  

7  1206.85  -126.36  -119.66  
   0.52  0.76  0.38  
   -0.85  0.51  0.15  
   -0.08  -0.41  0.91  

9  1344.36  -256.73  -173.24  
   -0.29  -0.95  -0.12  
   0.56  -0.27  0.78  
   -0.77  0.16  0.61  

8  1304.63  -301.38  38.84  
   -0.77  0.50  0.39  
   0.63  0.57  0.52  
   0.04  0.65  -0.76  

2  859.93  -38.40  577.30  
   1.00  0.06  -0.02  
   -0.06  1.00  0.00  
   0.02  -0.00  1.00  

4  1265.78  153.14  -98.23  
   0.72  -0.68  0.13  
   0.68  0.67  -0.31  
   0.13  0.31  0.94  

3  1327.84  -3.57  -5.80  
   -0.48  0.00  -0.88  
   -0.09  -0.99  0.05  
   -0.87  0.10  0.48  

5  1210.42  242.89  175.02  
   -0.10  0.54  0.83  
   -0.18  0.81  -0.55  
   -0.98  -0.20  0.02  

7  1206.40  -126.80  -118.76  
   0.51  0.77  0.38  
   -0.85  0.50  0.15  
   -0.07  -0.41  0.91  

6  1430.09  200.92  308.07  
   0.90  -0.04  -0.43  
   -0.31  0.64  -0.70  
   0.30  0.77  0.56  

9  1336.33  -260.30  -164.75  
   -0.31  -0.95  -0.09  
   0.57  -0.26  0.78  
   -0.76  0.19  0.62  

8  1300.16  -302.27  42.86  
   -0.76  0.53  0.38  
   0.65  0.57  0.50  
   0.04  0.63  -0.78  

2  859.93  -38.40  577.30  
   1.00  0.06  -0.02  
   -0.06  1.00  0.00  
   0.02  -0.00  1.00  

4  1266.23  153.14  -97.78  
   0.72  -0.68  0.13  
   0.68  0.67  -0.31  
   0.13  0.31  0.94  

3  1327.84  -4.02  -5.80  
   -0.48  0.00  -0.88  
   -0.09  -0.99  0.05  
   -0.87  0.10  0.48  

6  1430.09  200.92  308.07  
   0.90  -0.04  -0.43  
   -0.31  0.64  -0.70  
   0.30  0.77  0.56  

5  1210.42  242.44  175.47  
   -0.10  0.54  0.83  
   -0.18  0.81  -0.55  
   -0.98  -0.20  0.02  

7  1206.40  -127.69  -117.87  
   0.50  0.77  0.38  
   -0.86  0.48  0.16  
   -0.06  -0.41  0.91  

9  1332.31  -263.43  -158.95  
   -0.30  -0.95  -0.07  
   0.57  -0.24  0.78  
   -0.76  0.20  0.62  

8  1294.36  -304.50  48.67  
   -0.74  0.54  0.40  
   0.67  0.57  0.48  
   0.03  0.62  -0.78  

2  859.93  -38.40  577.30  
   1.00  0.06  -0.02  
   -0.06  1.00  0.00  
   0.02  -0.00  1.00  

3  1327.40  -4.91  -4.91  
   -0.49  0.00  -0.87  
   -0.09  -0.99  0.05  
   -0.87  0.10  0.48  

4  1265.34  152.70  -97.33  
   0.72  -0.68  0.13  
   0.68  0.66  -0.31  
   0.13  0.31  0.94  

5  1209.53  241.99  175.47  
   -0.10  0.54  0.83  
   -0.18  0.82  -0.55  
   -0.98  -0.20  0.01  

8  1289.00  -302.72  60.72  
   -0.73  0.54  0.41  
   0.68  0.58  0.44  
   -0.00  0.61  -0.79  

9  1328.29  -270.57  -142.88  
   -0.29  -0.95  -0.05  
   0.55  -0.21  0.80  
   -0.78  0.21  0.59  

7  1206.40  -130.37  -115.64  
   0.50  0.78  0.38  
   -0.87  0.47  0.17  
   -0.04  -0.41  0.91  

6  1429.64  200.03  308.97  
   0.90  -0.04  -0.43  
   -0.31  0.64  -0.71  
   0.30  0.77  0.56  

2  859.93  -38.40  577.30  
   1.00  0.05  -0.02  
   -0.06  1.00  0.00  
   0.02  -0.00  1.00  

4  1264.89  152.70  -94.65  
   0.71  -0.69  0.13  
   0.69  0.66  -0.31  
   0.13  0.31  0.94  

3  1327.84  -4.46  -3.57  
   -0.49  0.01  -0.87  
   -0.10  -0.99  0.04  
   -0.87  0.11  0.49  

5  1209.53  241.10  176.81  
   -0.10  0.54  0.84  
   -0.18  0.82  -0.55  
   -0.98  -0.20  0.01  

6  1429.20  199.58  309.41  
   0.90  -0.04  -0.43  
   -0.31  0.64  -0.71  
   0.30  0.77  0.56  

8  1285.88  -297.81  83.94  
   -0.75  0.47  0.47  
   0.65  0.65  0.39  
   -0.12  0.60  -0.79  

9  1339.01  -282.18  -121.89  
   -0.24  -0.96  -0.13  
   0.49  -0.24  0.84  
   -0.84  0.14  0.53  

7  1209.97  -138.41  -110.28  
   0.50  0.78  0.37  
   -0.86  0.46  0.21  
   -0.01  -0.42  0.91  

2  859.93  -38.40  577.30  
   1.00  0.05  -0.02  
   -0.06  1.00  0.00  
   0.02  -0.00  1.00  

4  1264.89  151.36  -94.65  
   0.71  -0.69  0.13  
   0.69  0.65  -0.30  
   0.12  0.31  0.94  

3  1328.29  -6.25  -2.23  
   -0.49  0.02  -0.87  
   -0.11  -0.99  0.04  
   -0.86  0.12  0.49  

5  1209.97  240.66  177.25  
   -0.10  0.54  0.84  
   -0.18  0.82  -0.55  
   -0.98  -0.20  0.01  

6  1429.20  200.03  309.86  
   0.90  -0.04  -0.43  
   -0.31  0.64  -0.71  
   0.30  0.77  0.56  

7  1212.65  -144.21  -107.16  
   0.53  0.77  0.36  
   -0.85  0.47  0.24  
   0.01  -0.43  0.90  

8  1289.00  -291.55  96.44  
   -0.78  0.34  0.52  
   0.58  0.69  0.43  
   -0.22  0.64  -0.74  

9  1377.40  -271.46  -114.30  
   -0.11  -0.89  -0.44  
   0.48  -0.44  0.76  
   -0.87  -0.13  0.48  

2  859.93  -38.40  577.30  
   1.00  0.06  -0.02  
   -0.06  1.00  0.00  
   0.02  -0.00  1.00  

3  1327.84  -5.80  -2.68  
   -0.49  0.02  -0.87  
   -0.11  -0.99  0.04  
   -0.86  0.12  0.49  

4  1264.44  150.47  -95.99  
   0.71  -0.69  0.14  
   0.70  0.65  -0.30  
   0.11  0.31  0.94  

5  1209.53  240.21  177.25  
   -0.10  0.54  0.83  
   -0.18  0.82  -0.55  
   -0.98  -0.21  0.01  

7  1213.99  -143.77  -109.39  
   0.55  0.75  0.37  
   -0.83  0.50  0.23  
   -0.01  -0.43  0.90  

6  1429.64  199.58  309.41  
   0.90  -0.04  -0.43  
   -0.31  0.64  -0.71  
   0.30  0.77  0.57  

9  1409.55  -254.94  -123.23  
   -0.03  -0.79  -0.61  
   0.52  -0.53  0.67  
   -0.85  -0.30  0.43  

8  1302.39  -293.34  85.72  
   -0.82  0.27  0.51  
   0.54  0.68  0.50  
   -0.21  0.68  -0.70  

3  1327.84  -5.80  -3.13  
   -0.49  0.03  -0.87  
   -0.11  -0.99  0.03  
   -0.87  0.12  0.49  

2  859.93  -38.40  576.86  
   1.00  0.05  -0.02  
   -0.06  1.00  0.00  
   0.02  -0.00  1.00  

4  1264.00  151.80  -95.55  
   0.71  -0.69  0.14  
   0.70  0.65  -0.30  
   0.11  0.31  0.94  

5  1209.08  240.21  177.70  
   -0.10  0.54  0.84  
   -0.18  0.82  -0.55  
   -0.98  -0.21  0.01  

6  1428.75  200.03  309.86  
   0.90  -0.04  -0.43  
   -0.30  0.64  -0.70  
   0.30  0.77  0.57  

8  1315.79  -295.13  63.40  
   -0.83  0.29  0.47  
   0.53  0.64  0.55  
   -0.14  0.71  -0.69  

9  1417.59  -241.55  -142.43  
   -0.03  -0.76  -0.65  
   0.57  -0.54  0.61  
   -0.82  -0.35  0.45  

7  1213.99  -139.75  -111.62  
   0.57  0.73  0.37  
   -0.82  0.53  0.22  
   -0.04  -0.43  0.90  

2  859.93  -38.40  577.30  
   1.00  0.06  -0.02  
   -0.06  1.00  0.00  
   0.02  -0.00  1.00  

3  1327.84  -4.46  -4.91  
   -0.48  0.02  -0.88  
   -0.10  -0.99  0.03  
   -0.87  0.11  0.48  

4  1264.00  151.80  -95.55  
   0.71  -0.69  0.14  
   0.70  0.65  -0.30  
   0.11  0.31  0.94  

5  1209.97  241.10  176.81  
   -0.10  0.54  0.83  
   -0.18  0.82  -0.55  
   -0.98  -0.21  0.01  

6  1428.75  200.03  309.41  
   0.90  -0.04  -0.43  
   -0.31  0.65  -0.70  
   0.30  0.76  0.57  

7  1212.65  -135.73  -114.75  
   0.58  0.72  0.38  
   -0.81  0.55  0.20  
   -0.07  -0.43  0.90  

8  1327.84  -296.47  31.70  
   -0.85  0.31  0.43  
   0.52  0.59  0.62  
   -0.06  0.75  -0.66  

9  1422.95  -223.69  -171.90  
   -0.06  -0.76  -0.65  
   0.62  -0.54  0.57  
   -0.78  -0.37  0.51  

2  859.93  -38.40  577.30  
   1.00  0.06  -0.02  
   -0.06  1.00  0.00  
   0.02  -0.00  1.00  

5  1211.76  242.89  174.58  
   -0.10  0.55  0.83  
   -0.18  0.81  -0.56  
   -0.98  -0.21  0.02  

4  1265.34  152.25  -96.89  
   0.72  -0.68  0.14  
   0.69  0.66  -0.30  
   0.11  0.31  0.94  

3  1328.74  -4.91  -6.25  
   -0.48  0.01  -0.88  
   -0.10  -0.99  0.04  
   -0.87  0.10  0.48  

7  1212.21  -133.05  -116.98  
   0.59  0.71  0.39  
   -0.81  0.56  0.19  
   -0.08  -0.43  0.90  

8  1336.77  -296.91  3.57  
   -0.85  0.34  0.39  
   0.52  0.53  0.67  
   0.02  0.77  -0.63  

9  1420.71  -208.95  -205.83  
   -0.10  -0.79  -0.61  
   0.66  -0.51  0.55  
   -0.75  -0.35  0.57  

6  1429.64  200.47  308.52  
   0.90  -0.03  -0.44  
   -0.31  0.65  -0.69  
   0.31  0.76  0.58  

2  859.93  -38.40  577.30  
   1.00  0.06  -0.02  
   -0.06  1.00  0.00  
   0.02  -0.00  1.00  

3  1328.29  -4.46  -6.25  
   -0.47  0.01  -0.88  
   -0.09  -0.99  0.04  
   -0.88  0.10  0.47  

6  1429.64  200.47  308.97  
   0.90  -0.03  -0.44  
   -0.31  0.65  -0.69  
   0.31  0.76  0.58  

5  1211.31  242.89  174.58  
   -0.10  0.55  0.83  
   -0.18  0.81  -0.56  
   -0.98  -0.21  0.02  

4  1265.78  151.80  -97.33  
   0.72  -0.68  0.14  
   0.69  0.66  -0.30  
   0.11  0.32  0.94  

9  1412.23  -203.60  -234.40  
   -0.15  -0.82  -0.55  
   0.67  -0.49  0.56  
   -0.73  -0.28  0.63  

7  1211.31  -129.48  -119.21  
   0.59  0.70  0.40  
   -0.80  0.57  0.19  
   -0.10  -0.43  0.90  

8  1339.90  -296.02  -17.41  
   -0.85  0.38  0.36  
   0.51  0.49  0.71  
   0.09  0.79  -0.61  

2  859.93  -38.40  576.86  
   1.00  0.05  -0.02  
   -0.06  1.00  0.00  
   0.02  -0.00  1.00  

4  1265.78  151.80  -97.78  
   0.72  -0.68  0.15  
   0.69  0.66  -0.30  
   0.11  0.32  0.94  

3  1328.74  -3.57  -7.59  
   -0.47  0.01  -0.88  
   -0.09  -1.00  0.04  
   -0.88  0.09  0.47  

5  1211.31  243.33  174.13  
   -0.10  0.55  0.83  
   -0.18  0.81  -0.56  
   -0.98  -0.21  0.02  

6  1430.09  200.47  308.52  
   0.90  -0.03  -0.44  
   -0.31  0.65  -0.69  
   0.31  0.76  0.58  

7  1210.87  -128.14  -120.10  
   0.59  0.70  0.40  
   -0.80  0.57  0.19  
   -0.10  -0.43  0.90  

8  1340.35  -298.25  -26.79  
   -0.85  0.42  0.33  
   0.51  0.48  0.71  
   0.14  0.77  -0.62  

9  1398.84  -210.29  -250.03  
   -0.21  -0.86  -0.47  
   0.65  -0.48  0.58  
   -0.73  -0.18  0.66  

2  859.93  -38.40  577.30  
   1.00  0.06  -0.02  
   -0.06  1.00  0.00  
   0.02  -0.00  1.00  

3  1329.18  -2.68  -8.04  
   -0.47  0.00  -0.88  
   -0.08  -1.00  0.04  
   -0.88  0.09  0.47  

4  1265.34  152.25  -98.67  
   0.72  -0.68  0.15  
   0.68  0.66  -0.30  
   0.11  0.32  0.94  

5  1211.31  242.89  174.13  
   -0.10  0.55  0.83  
   -0.18  0.81  -0.56  
   -0.98  -0.21  0.02  

6  1430.09  200.47  308.52  
   0.90  -0.03  -0.44  
   -0.31  0.65  -0.69  
   0.31  0.76  0.58  

8  1337.22  -297.81  -22.77  
   -0.84  0.44  0.32  
   0.52  0.49  0.70  
   0.15  0.75  -0.64  

7  1209.97  -127.25  -119.66  
   0.58  0.70  0.41  
   -0.80  0.56  0.19  
   -0.10  -0.44  0.89  

9  1382.76  -220.56  -239.32  
   -0.27  -0.88  -0.39  
   0.62  -0.47  0.63  
   -0.74  -0.07  0.67  

2  859.93  -38.40  577.30  
   1.00  0.05  -0.02  
   -0.06  1.00  0.00  
   0.02  -0.00  1.00  

4  1266.23  152.25  -98.23  
   0.72  -0.68  0.15  
   0.68  0.66  -0.30  
   0.11  0.32  0.94  

3  1328.74  -3.57  -8.04  
   -0.47  -0.00  -0.88  
   -0.08  -1.00  0.05  
   -0.88  0.10  0.47  

5  1212.21  243.78  173.24  
   -0.10  0.55  0.83  
   -0.18  0.81  -0.56  
   -0.98  -0.21  0.02  

7  1209.53  -128.59  -118.76  
   0.57  0.71  0.41  
   -0.81  0.55  0.19  
   -0.09  -0.44  0.89  

8  1334.54  -302.27  -12.06  
   -0.83  0.48  0.30  
   0.54  0.51  0.67  
   0.17  0.72  -0.68  

6  1429.64  200.47  308.52  
   0.90  -0.03  -0.44  
   -0.31  0.65  -0.69  
   0.31  0.76  0.58  

9  1363.56  -229.94  -223.69  
   -0.36  -0.90  -0.23  
   0.60  -0.42  0.69  
   -0.72  0.11  0.69  

2  859.93  -38.40  577.30  
   1.00  0.06  -0.02  
   -0.06  1.00  0.00  
   0.02  -0.00  1.00  

3  1329.18  -5.36  -6.25  
   -0.48  -0.00  -0.88  
   -0.09  -0.99  0.05  
   -0.88  0.10  0.47  

4  1266.23  152.25  -98.67  
   0.72  -0.68  0.15  
   0.68  0.66  -0.30  
   0.11  0.32  0.94  

6  1430.09  200.03  308.52  
   0.90  -0.03  -0.44  
   -0.31  0.66  -0.69  
   0.31  0.75  0.58  

5  1212.21  242.89  173.68  
   -0.10  0.55  0.83  
   -0.18  0.81  -0.56  
   -0.98  -0.21  0.02  

7  1209.08  -132.16  -116.53  
   0.56  0.72  0.40  
   -0.82  0.53  0.19  
   -0.07  -0.44  0.90  

8  1330.52  -304.06  5.80  
   -0.81  0.51  0.28  
   0.55  0.54  0.63  
   0.17  0.67  -0.72  

9  1341.24  -239.76  -199.13  
   -0.44  -0.90  -0.06  
   0.59  -0.34  0.73  
   -0.68  0.28  0.68  

2  859.48  -38.40  577.30  
   1.00  0.06  -0.02  
   -0.06  1.00  0.00  
   0.02  -0.00  1.00  

3  1328.74  -6.70  -5.36  
   -0.48  -0.00  -0.88  
   -0.10  -0.99  0.05  
   -0.87  0.11  0.48  

4  1266.68  151.80  -97.78  
   0.72  -0.68  0.14  
   0.68  0.66  -0.31  
   0.11  0.32  0.94  

5  1211.76  242.89  174.13  
   -0.10  0.55  0.83  
   -0.18  0.81  -0.56  
   -0.98  -0.21  0.02  

6  1429.64  200.03  308.97  
   0.90  -0.03  -0.44  
   -0.31  0.66  -0.69  
   0.31  0.75  0.58  

8  1324.27  -307.18  23.66  
   -0.81  0.52  0.27  
   0.57  0.57  0.59  
   0.15  0.63  -0.76  

7  1208.19  -135.73  -113.85  
   0.55  0.74  0.39  
   -0.83  0.51  0.21  
   -0.05  -0.44  0.90  

9  1333.20  -250.03  -175.47  
   -0.47  -0.88  0.03  
   0.59  -0.29  0.75  
   -0.66  0.38  0.66  

2  859.93  -38.40  577.30  
   1.00  0.06  -0.02  
   -0.06  1.00  0.00  
   0.02  -0.00  1.00  

3  1327.84  -6.25  -4.46  
   -0.49  0.01  -0.87  
   -0.10  -0.99  0.05  
   -0.87  0.11  0.48  

4  1265.78  152.25  -96.89  
   0.72  -0.68  0.14  
   0.69  0.66  -0.31  
   0.12  0.32  0.94  

5  1210.42  241.99  175.47  
   -0.10  0.54  0.83  
   -0.18  0.81  -0.55  
   -0.98  -0.21  0.02  

6  1430.09  200.47  308.97  
   0.90  -0.04  -0.44  
   -0.31  0.65  -0.69  
   0.31  0.76  0.58  

7  1210.42  -141.09  -108.94  
   0.53  0.76  0.37  
   -0.85  0.48  0.23  
   0.00  -0.44  0.90  

8  1303.73  -308.07  56.70  
   -0.81  0.45  0.37  
   0.58  0.61  0.53  
   0.02  0.65  -0.76  

9  1343.92  -258.96  -144.66  
   -0.39  -0.92  -0.11  
   0.58  -0.33  0.75  
   -0.72  0.23  0.66  

2  859.93  -38.40  577.30  
   1.00  0.05  -0.02  
   -0.06  1.00  0.00  
   0.02  -0.00  1.00  

3  1327.40  -7.59  -3.13  
   -0.49  0.01  -0.87  
   -0.12  -0.99  0.05  
   -0.86  0.12  0.49  

4  1264.89  151.80  -96.44  
   0.71  -0.69  0.14  
   0.69  0.66  -0.30  
   0.11  0.31  0.94  

5  1210.87  241.55  175.02  
   -0.10  0.54  0.83  
   -0.18  0.81  -0.55  
   -0.98  -0.21  0.02  

7  1212.65  -150.02  -103.58  
   0.54  0.76  0.35  
   -0.84  0.47  0.27  
   0.04  -0.44  0.90  

6  1429.64  200.03  308.97  
   0.90  -0.03  -0.43  
   -0.31  0.65  -0.69  
   0.31  0.76  0.58  

8  1301.95  -300.04  85.72  
   -0.84  0.26  0.47  
   0.51  0.65  0.56  
   -0.16  0.71  -0.69  

9  1374.28  -250.03  -115.19  
   -0.25  -0.90  -0.37  
   0.54  -0.44  0.71  
   -0.80  -0.03  0.60  

2  859.93  -38.40  577.30  
   1.00  0.06  -0.02  
   -0.06  1.00  0.00  
   0.02  -0.00  1.00  

4  1264.89  149.13  -96.89  
   0.71  -0.69  0.14  
   0.69  0.66  -0.30  
   0.11  0.31  0.94  

3  1327.84  -7.59  -3.13  
   -0.49  0.02  -0.87  
   -0.12  -0.99  0.05  
   -0.86  0.13  0.49  

5  1210.87  241.55  175.02  
   -0.10  0.54  0.83  
   -0.19  0.81  -0.55  
   -0.98  -0.21  0.02  

6  1429.64  200.47  308.52  
   0.90  -0.03  -0.43  
   -0.31  0.65  -0.69  
   0.31  0.75  0.58  

8  1316.24  -294.68  83.05  
   -0.87  0.20  0.45  
   0.46  0.68  0.58  
   -0.19  0.71  -0.68  

7  1215.78  -151.80  -104.92  
   0.57  0.74  0.36  
   -0.82  0.50  0.27  
   0.03  -0.45  0.89  

9  1407.77  -227.26  -121.89  
   -0.18  -0.79  -0.59  
   0.55  -0.58  0.60  
   -0.81  -0.22  0.54  

2  859.93  -38.40  577.30  
   1.00  0.06  -0.02  
   -0.06  1.00  0.00  
   0.02  -0.00  1.00  

3  1327.84  -7.59  -3.13  
   -0.49  0.02  -0.87  
   -0.12  -0.99  0.04  
   -0.86  0.13  0.49  

5  1210.42  240.66  175.91  
   -0.10  0.54  0.83  
   -0.19  0.81  -0.55  
   -0.98  -0.21  0.02  

6  1429.20  200.03  308.97  
   0.90  -0.03  -0.43  
   -0.31  0.66  -0.69  
   0.31  0.75  0.58  

4  1264.00  149.57  -95.99  
   0.71  -0.69  0.15  
   0.70  0.65  -0.30  
   0.11  0.31  0.94  

7  1216.22  -148.23  -108.05  
   0.59  0.72  0.36  
   -0.81  0.53  0.26  
   -0.00  -0.44  0.90  

8  1329.63  -291.55  66.53  
   -0.88  0.18  0.43  
   0.43  0.65  0.62  
   -0.17  0.74  -0.65  

9  1433.21  -206.72  -134.84  
   -0.10  -0.72  -0.69  
   0.60  -0.60  0.54  
   -0.80  -0.35  0.49  

2  859.93  -38.40  577.30  
   1.00  0.06  -0.02  
   -0.06  1.00  0.00  
   0.02  -0.00  1.00  

6  1429.20  200.03  308.97  
   0.90  -0.03  -0.43  
   -0.31  0.66  -0.69  
   0.31  0.75  0.58  

4  1263.55  150.47  -95.99  
   0.70  -0.69  0.15  
   0.70  0.65  -0.30  
   0.11  0.32  0.94  

5  1209.53  240.66  176.81  
   -0.10  0.54  0.83  
   -0.18  0.81  -0.55  
   -0.98  -0.21  0.02  

3  1327.84  -5.80  -3.57  
   -0.49  0.03  -0.87  
   -0.12  -0.99  0.04  
   -0.86  0.12  0.49  

7  1217.56  -140.64  -112.07  
   0.61  0.70  0.37  
   -0.79  0.57  0.23  
   -0.04  -0.43  0.90  

9  1444.38  -191.54  -157.61  
   -0.09  -0.71  -0.70  
   0.63  -0.59  0.51  
   -0.77  -0.40  0.50  

8  1343.92  -287.54  41.52  
   -0.90  0.19  0.40  
   0.43  0.61  0.66  
   -0.12  0.77  -0.63  

2  859.93  -38.40  577.30  
   1.00  0.05  -0.02  
   -0.06  1.00  0.00  
   0.02  -0.00  1.00  

4  1263.55  151.36  -95.55  
   0.70  -0.69  0.15  
   0.70  0.64  -0.30  
   0.11  0.32  0.94  

3  1327.84  -2.68  -3.13  
   -0.48  0.03  -0.87  
   -0.11  -0.99  0.03  
   -0.87  0.11  0.48  

5  1209.08  241.10  178.15  
   -0.10  0.54  0.83  
   -0.18  0.81  -0.55  
   -0.98  -0.21  0.01  

8  1354.63  -281.29  12.06  
   -0.91  0.23  0.35  
   0.42  0.57  0.71  
   -0.03  0.79  -0.61  

6  1428.75  200.47  309.41  
   0.90  -0.03  -0.43  
   -0.30  0.65  -0.69  
   0.31  0.76  0.58  

7  1217.12  -134.39  -115.19  
   0.62  0.69  0.38  
   -0.78  0.59  0.21  
   -0.08  -0.42  0.90  

9  1444.38  -177.25  -186.63  
   -0.13  -0.73  -0.67  
   0.67  -0.56  0.49  
   -0.73  -0.39  0.56  

2  859.93  -38.40  577.30  
   1.00  0.06  -0.02  
   -0.06  1.00  0.00  
   0.02  -0.00  1.00  

3  1327.84  -1.79  -3.57  
   -0.48  0.02  -0.88  
   -0.10  -0.99  0.03  
   -0.87  0.10  0.48  

4  1263.55  153.14  -95.10  
   0.70  -0.69  0.15  
   0.70  0.64  -0.31  
   0.12  0.32  0.94  

5  1208.63  241.99  178.59  
   -0.10  0.54  0.83  
   -0.18  0.81  -0.55  
   -0.98  -0.21  0.01  

6  1428.75  200.47  309.86  
   0.90  -0.03  -0.43  
   -0.31  0.65  -0.69  
   0.30  0.76  0.58  

7  1216.22  -129.93  -117.87  
   0.63  0.67  0.39  
   -0.77  0.61  0.19  
   -0.11  -0.42  0.90  

8  1357.76  -281.29  -12.06  
   -0.91  0.28  0.31  
   0.42  0.51  0.75  
   0.05  0.81  -0.58  

9  1435.45  -169.66  -223.24  
   -0.18  -0.78  -0.61  
   0.69  -0.54  0.49  
   -0.70  -0.33  0.63  

3  1328.29  -0.89  -4.02  
   -0.48  0.02  -0.88  
   -0.09  -0.99  0.03  
   -0.87  0.10  0.48  

2  859.93  -38.40  577.30  
   1.00  0.06  -0.02  
   -0.06  1.00  0.00  
   0.02  -0.00  1.00  

4  1264.00  154.48  -94.65  
   0.71  -0.69  0.15  
   0.70  0.64  -0.32  
   0.12  0.33  0.94  

5  1209.08  241.99  178.59  
   -0.10  0.54  0.83  
   -0.18  0.81  -0.55  
   -0.98  -0.21  0.01  

8  1353.74  -283.52  -31.25  
   -0.89  0.36  0.30  
   0.45  0.49  0.75  
   0.12  0.80  -0.59  

6  1428.75  200.92  310.31  
   0.90  -0.03  -0.43  
   -0.31  0.65  -0.69  
   0.30  0.76  0.58  

9  1424.73  -175.02  -246.46  
   -0.21  -0.82  -0.53  
   0.68  -0.51  0.53  
   -0.70  -0.25  0.66  

7  1214.44  -125.91  -119.21  
   0.62  0.67  0.40  
   -0.77  0.61  0.18  
   -0.12  -0.43  0.90  

2  859.93  -38.40  577.30  
   1.00  0.06  -0.02  
   -0.06  1.00  0.00  
   0.02  -0.00  1.00  

3  1328.29  -0.89  -4.46  
   -0.48  0.01  -0.88  
   -0.09  -1.00  0.04  
   -0.87  0.10  0.48  

4  1264.89  155.38  -94.21  
   0.71  -0.69  0.15  
   0.70  0.64  -0.32  
   0.12  0.33  0.94  

5  1208.63  242.89  178.59  
   -0.10  0.54  0.83  
   -0.18  0.81  -0.55  
   -0.98  -0.20  0.02  

7  1212.21  -125.46  -120.10  
   0.61  0.67  0.42  
   -0.78  0.60  0.18  
   -0.12  -0.44  0.89  

8  1349.28  -288.43  -37.06  
   -0.87  0.40  0.30  
   0.47  0.46  0.75  
   0.17  0.79  -0.58  

6  1428.75  200.47  309.86  
   0.90  -0.03  -0.43  
   -0.31  0.65  -0.69  
   0.30  0.76  0.58  

9  1405.98  -188.42  -256.73  
   -0.25  -0.86  -0.45  
   0.66  -0.49  0.56  
   -0.70  -0.16  0.69  

2  859.93  -38.40  577.30  
   1.00  0.06  -0.02  
   -0.06  1.00  0.00  
   0.02  -0.00  1.00  

3  1328.74  -2.23  -4.91  
   -0.48  0.00  -0.88  
   -0.09  -0.99  0.04  
   -0.87  0.10  0.48  

4  1265.78  155.38  -94.21  
   0.71  -0.69  0.15  
   0.69  0.65  -0.32  
   0.13  0.33  0.94  

5  1209.08  242.89  178.59  
   -0.10  0.55  0.83  
   -0.18  0.81  -0.56  
   -0.98  -0.20  0.02  

6  1428.75  200.47  309.86  
   0.90  -0.03  -0.43  
   -0.31  0.65  -0.69  
   0.30  0.76  0.58  

7  1210.87  -126.80  -118.32  
   0.60  0.68  0.42  
   -0.79  0.58  0.19  
   -0.11  -0.44  0.89  

8  1345.26  -293.34  -32.15  
   -0.85  0.45  0.28  
   0.49  0.48  0.73  
   0.20  0.75  -0.63  

9  1380.98  -206.72  -250.03  
   -0.34  -0.88  -0.34  
   0.63  -0.48  0.61  
   -0.69  -0.01  0.72  

2  859.93  -38.40  577.30  
   1.00  0.06  -0.02  
   -0.06  1.00  0.00  
   0.02  -0.00  1.00  

5  1209.53  242.89  178.59  
   -0.10  0.55  0.83  
   -0.18  0.81  -0.56  
   -0.98  -0.20  0.02  

3  1327.84  -3.13  -4.46  
   -0.48  0.00  -0.87  
   -0.09  -0.99  0.05  
   -0.87  0.10  0.48  

4  1265.78  154.93  -95.10  
   0.71  -0.69  0.15  
   0.69  0.65  -0.32  
   0.12  0.33  0.94  

6  1428.75  200.03  310.31  
   0.90  -0.03  -0.43  
   -0.31  0.65  -0.69  
   0.30  0.76  0.58  

7  1209.08  -129.48  -116.98  
   0.59  0.69  0.42  
   -0.80  0.56  0.19  
   -0.10  -0.45  0.89  

9  1362.67  -219.67  -233.51  
   -0.41  -0.88  -0.25  
   0.61  -0.47  0.64  
   -0.68  0.10  0.73  

8  1340.79  -299.59  -22.32  
   -0.83  0.48  0.27  
   0.51  0.49  0.70  
   0.21  0.72  -0.66  

2  859.93  -38.40  577.30  
   1.00  0.05  -0.02  
   -0.06  1.00  0.00  
   0.02  -0.00  1.00  

3  1327.84  -4.02  -4.91  
   -0.49  0.00  -0.87  
   -0.09  -0.99  0.05  
   -0.87  0.11  0.48  

4  1265.78  154.04  -94.65  
   0.71  -0.69  0.15  
   0.69  0.65  -0.32  
   0.12  0.33  0.94  

6  1428.75  200.47  310.31  
   0.90  -0.03  -0.43  
   -0.31  0.65  -0.69  
   0.30  0.76  0.58  

5  1209.08  242.89  177.70  
   -0.10  0.55  0.83  
   -0.18  0.81  -0.56  
   -0.98  -0.20  0.02  

7  1209.53  -132.16  -115.19  
   0.58  0.70  0.42  
   -0.81  0.55  0.20  
   -0.09  -0.45  0.89  

8  1338.56  -303.61  -7.59  
   -0.82  0.51  0.25  
   0.53  0.52  0.67  
   0.21  0.68  -0.70  

9  1346.60  -229.49  -211.63  
   -0.47  -0.87  -0.12  
   0.60  -0.42  0.68  
   -0.65  0.25  0.72  

3  1327.84  -4.46  -3.57  
   -0.49  0.00  -0.87  
   -0.10  -0.99  0.05  
   -0.87  0.11  0.48  

2  859.93  -38.40  577.30  
   1.00  0.06  -0.02  
   -0.06  1.00  0.00  
   0.02  -0.00  1.00  

4  1265.78  153.14  -95.10  
   0.71  -0.69  0.15  
   0.69  0.65  -0.32  
   0.12  0.33  0.94  

5  1209.53  241.99  177.70  
   -0.10  0.55  0.83  
   -0.18  0.81  -0.56  
   -0.98  -0.21  0.02  

6  1428.75  200.03  309.86  
   0.90  -0.03  -0.43  
   -0.31  0.65  -0.69  
   0.30  0.76  0.58  

8  1332.76  -304.50  8.48  
   -0.81  0.54  0.23  
   0.54  0.55  0.63  
   0.21  0.64  -0.74  

7  1208.19  -135.28  -112.07  
   0.56  0.72  0.41  
   -0.82  0.53  0.21  
   -0.07  -0.45  0.89  

9  1334.10  -238.87  -193.77  
   -0.51  -0.86  -0.02  
   0.61  -0.38  0.69  
   -0.60  0.34  0.72  

6  1428.75  200.47  309.86  
   0.90  -0.03  -0.43  
   -0.31  0.65  -0.69  
   0.30  0.76  0.58  

2  859.93  -38.40  576.86  
   1.00  0.06  -0.02  
   -0.06  1.00  0.00  
   0.02  -0.00  1.00  

4  1265.34  151.36  -96.89  
   0.71  -0.69  0.14  
   0.69  0.65  -0.31  
   0.12  0.32  0.94  

3  1327.40  -5.80  -3.57  
   -0.49  0.01  -0.87  
   -0.11  -0.99  0.05  
   -0.87  0.12  0.49  

5  1209.53  241.99  177.70  
   -0.10  0.54  0.83  
   -0.18  0.81  -0.55  
   -0.98  -0.21  0.02  

8  1324.27  -308.97  21.88  
   -0.81  0.53  0.25  
   0.56  0.56  0.62  
   0.18  0.64  -0.75  

9  1334.54  -241.99  -184.84  
   -0.50  -0.87  -0.03  
   0.62  -0.38  0.68  
   -0.60  0.32  0.73  

7  1207.29  -139.30  -109.39  
   0.55  0.73  0.40  
   -0.83  0.50  0.22  
   -0.04  -0.45  0.89  

2  859.93  -38.40  577.30  
   1.00  0.06  -0.02  
   -0.06  1.00  0.00  
   0.02  -0.00  1.00  

6  1428.30  200.47  309.41  
   0.90  -0.03  -0.43  
   -0.30  0.66  -0.69  
   0.30  0.75  0.58  

5  1208.63  241.10  177.25  
   -0.10  0.54  0.84  
   -0.18  0.82  -0.55  
   -0.98  -0.20  0.02  

7  1208.19  -141.09  -107.16  
   0.53  0.76  0.38  
   -0.85  0.47  0.24  
   0.01  -0.45  0.89  

4  1265.34  151.80  -96.89  
   0.71  -0.69  0.14  
   0.70  0.65  -0.30  
   0.12  0.31  0.94  

8  1308.65  -308.52  47.33  
   -0.80  0.51  0.33  
   0.60  0.58  0.55  
   0.09  0.64  -0.77  

3  1327.40  -5.80  -3.57  
   -0.49  0.01  -0.87  
   -0.11  -0.99  0.05  
   -0.86  0.12  0.49  

9  1334.10  -251.82  -154.04  
   -0.43  -0.90  -0.06  
   0.61  -0.34  0.72  
   -0.67  0.27  0.69  

4  1265.78  151.80  -96.89  
   0.70  -0.70  0.13  
   0.70  0.65  -0.30  
   0.12  0.31  0.94  

2  859.93  -38.40  576.86  
   1.00  0.06  -0.02  
   -0.06  1.00  0.00  
   0.02  -0.00  1.00  

3  1327.84  -5.80  -3.13  
   -0.49  0.01  -0.87  
   -0.11  -0.99  0.05  
   -0.86  0.12  0.49  

5  1208.63  239.76  176.81  
   -0.10  0.54  0.84  
   -0.18  0.82  -0.55  
   -0.98  -0.20  0.02  

9  1338.11  -263.43  -124.57  
   -0.31  -0.95  -0.11  
   0.57  -0.28  0.77  
   -0.76  0.17  0.63  

6  1428.30  200.92  309.41  
   0.90  -0.04  -0.43  
   -0.30  0.66  -0.69  
   0.30  0.75  0.58  

8  1285.88  -306.73  73.22  
   -0.77  0.45  0.45  
   0.63  0.61  0.48  
   -0.05  0.65  -0.75  

7  1208.63  -144.21  -105.82  
   0.49  0.80  0.35  
   -0.87  0.42  0.27  
   0.07  -0.43  0.90  

2  859.93  -38.40  577.30  
   1.00  0.06  -0.02  
   -0.06  1.00  0.00  
   0.02  -0.00  1.00  

4  1267.12  152.25  -95.99  
   0.71  -0.70  0.13  
   0.70  0.65  -0.30  
   0.13  0.30  0.95  

3  1328.74  -5.80  -2.68  
   -0.49  0.01  -0.87  
   -0.11  -0.99  0.05  
   -0.87  0.12  0.49  

5  1209.08  240.21  176.81  
   -0.10  0.54  0.84  
   -0.18  0.82  -0.54  
   -0.98  -0.20  0.02  

7  1212.21  -146.45  -101.35  
   0.44  0.85  0.30  
   -0.88  0.35  0.31  
   0.16  -0.40  0.90  

6  1428.30  200.92  309.41  
   0.90  -0.04  -0.43  
   -0.30  0.65  -0.69  
   0.30  0.75  0.58  

8  1261.76  -294.23  108.50  
   -0.73  0.34  0.59  
   0.63  0.68  0.39  
   -0.26  0.65  -0.71  

9  1343.92  -271.02  -82.60  
   -0.13  -0.98  -0.18  
   0.49  -0.22  0.84  
   -0.86  0.02  0.51  

2  859.93  -38.40  577.30  
   1.00  0.06  -0.02  
   -0.06  1.00  0.00  
   0.02  -0.00  1.00  

3  1329.18  -5.80  -0.89  
   -0.49  0.01  -0.87  
   -0.12  -0.99  0.06  
   -0.87  0.13  0.48  

4  1269.36  151.80  -96.89  
   0.71  -0.70  0.12  
   0.69  0.66  -0.29  
   0.12  0.29  0.95  

5  1210.42  241.10  175.91  
   -0.09  0.54  0.84  
   -0.18  0.82  -0.55  
   -0.98  -0.20  0.02  

6  1428.30  200.92  309.86  
   0.90  -0.04  -0.43  
   -0.30  0.66  -0.69  
   0.31  0.75  0.58  

9  1350.17  -271.02  -44.65  
   -0.00  -0.97  -0.25  
   0.40  -0.23  0.89  
   -0.92  -0.10  0.39  

8  1245.24  -279.50  134.39  
   -0.71  0.25  0.66  
   0.58  0.75  0.33  
   -0.41  0.62  -0.67  

7  1212.65  -150.02  -98.23  
   0.42  0.86  0.28  
   -0.89  0.32  0.32  
   0.19  -0.39  0.90  

2  859.93  -38.40  577.30  
   1.00  0.06  -0.02  
   -0.06  1.00  0.00  
   0.02  -0.00  1.00  

3  1329.63  -6.70  -1.34  
   -0.49  0.01  -0.87  
   -0.12  -0.99  0.06  
   -0.87  0.13  0.48  

4  1269.80  151.36  -97.33  
   0.71  -0.70  0.12  
   0.69  0.66  -0.29  
   0.12  0.29  0.95  

5  1210.42  240.21  175.02  
   -0.09  0.54  0.83  
   -0.18  0.82  -0.55  
   -0.98  -0.20  0.02  

6  1428.75  200.47  309.86  
   0.90  -0.04  -0.43  
   -0.30  0.66  -0.69  
   0.31  0.75  0.58  

7  1214.44  -152.70  -98.23  
   0.41  0.87  0.27  
   -0.89  0.32  0.33  
   0.20  -0.38  0.90  

8  1238.99  -264.32  149.57  
   -0.71  0.14  0.69  
   0.49  0.81  0.33  
   -0.51  0.57  -0.64  

9  1360.44  -262.09  -16.52  
   0.09  -0.94  -0.34  
   0.33  -0.29  0.90  
   -0.94  -0.19  0.28  

2  859.93  -38.84  577.30  
   1.00  0.06  -0.02  
   -0.06  1.00  0.00  
   0.02  -0.00  1.00  

5  1209.08  237.98  175.91  
   -0.09  0.53  0.84  
   -0.18  0.82  -0.54  
   -0.98  -0.20  0.02  

4  1268.91  150.02  -97.33  
   0.70  -0.70  0.12  
   0.70  0.65  -0.29  
   0.12  0.28  0.95  

3  1330.08  -7.14  -0.89  
   -0.49  0.02  -0.87  
   -0.13  -0.99  0.05  
   -0.86  0.14  0.48  

6  1427.86  200.92  310.31  
   0.90  -0.04  -0.43  
   -0.30  0.66  -0.69  
   0.31  0.75  0.58  

8  1234.08  -256.28  158.95  
   -0.70  0.02  0.71  
   0.40  0.84  0.36  
   -0.59  0.54  -0.60  

7  1217.56  -154.93  -97.78  
   0.43  0.86  0.26  
   -0.88  0.34  0.33  
   0.19  -0.37  0.91  

9  1373.39  -252.26  2.68  
   0.18  -0.88  -0.43  
   0.29  -0.37  0.88  
   -0.94  -0.28  0.19  

2  859.93  -38.40  576.86  
   1.00  0.06  -0.02  
   -0.06  1.00  0.00  
   0.02  -0.00  1.00  

3  1331.42  -6.25  0.00  
   -0.48  0.05  -0.88  
   -0.14  -0.99  0.02  
   -0.87  0.13  0.48  

4  1267.57  149.13  -97.33  
   0.69  -0.71  0.12  
   0.71  0.64  -0.28  
   0.12  0.28  0.95  

5  1207.29  236.64  177.70  
   -0.09  0.53  0.84  
   -0.18  0.82  -0.54  
   -0.98  -0.20  0.02  

7  1225.15  -156.27  -100.91  
   0.47  0.85  0.26  
   -0.87  0.38  0.31  
   0.16  -0.37  0.92  

6  1427.41  200.92  310.31  
   0.91  -0.05  -0.42  
   -0.29  0.66  -0.70  
   0.31  0.75  0.58  

8  1221.58  -245.57  169.66  
   -0.61  -0.18  0.77  
   0.25  0.88  0.40  
   -0.75  0.44  -0.49  

9  1411.34  -214.31  63.85  
   0.49  -0.58  -0.65  
   0.34  -0.56  0.76  
   -0.80  -0.60  -0.08  

2  859.93  -38.40  577.30  
   1.00  0.06  -0.02  
   -0.06  1.00  0.00  
   0.02  -0.00  1.00  

3  1333.20  -6.70  -0.45  
   -0.47  0.07  -0.88  
   -0.14  -0.99  -0.01  
   -0.87  0.12  0.48  

4  1267.57  148.68  -95.55  
   0.68  -0.72  0.12  
   0.72  0.63  -0.28  
   0.13  0.28  0.95  

7  1233.19  -158.50  -103.58  
   0.49  0.83  0.25  
   -0.86  0.42  0.31  
   0.15  -0.37  0.92  

5  1207.29  236.19  177.70  
   -0.10  0.53  0.84  
   -0.18  0.83  -0.54  
   -0.98  -0.20  0.02  

6  1426.96  201.36  310.31  
   0.91  -0.05  -0.41  
   -0.28  0.65  -0.70  
   0.30  0.75  0.58  

8  1214.88  -251.37  165.65  
   -0.52  -0.29  0.81  
   0.22  0.86  0.45  
   -0.83  0.41  -0.38  

9  1426.07  -194.67  106.26  
   0.64  -0.36  -0.68  
   0.45  -0.55  0.71  
   -0.62  -0.76  -0.19  

2  859.48  -38.40  576.86  
   1.00  0.06  -0.02  
   -0.06  1.00  0.00  
   0.02  -0.00  1.00  

3  1336.33  -5.36  0.45  
   -0.46  0.09  -0.88  
   -0.14  -0.99  -0.03  
   -0.88  0.11  0.47  

4  1268.02  148.23  -93.32  
   0.66  -0.74  0.12  
   0.74  0.62  -0.28  
   0.13  0.28  0.95  

5  1206.40  231.73  181.72  
   -0.09  0.50  0.86  
   -0.17  0.84  -0.51  
   -0.98  -0.20  0.01  

6  1426.52  200.47  312.09  
   0.91  -0.05  -0.40  
   -0.27  0.65  -0.71  
   0.30  0.76  0.58  

9  1433.21  -179.93  168.77  
   0.78  -0.18  -0.60  
   0.48  -0.44  0.76  
   -0.40  -0.88  -0.26  

8  1204.61  -240.21  167.43  
   -0.40  -0.27  0.88  
   0.20  0.90  0.37  
   -0.89  0.33  -0.30  

7  1240.78  -160.73  -103.58  
   0.52  0.82  0.24  
   -0.84  0.44  0.32  
   0.16  -0.37  0.92  

2  859.48  -38.40  576.86  
   1.00  0.06  -0.02  
   -0.06  1.00  0.00  
   0.02  -0.00  1.00  

5  1205.95  232.17  181.72  
   -0.09  0.50  0.86  
   -0.17  0.84  -0.51  
   -0.98  -0.20  0.01  

4  1268.46  147.79  -94.21  
   0.66  -0.74  0.13  
   0.74  0.61  -0.27  
   0.13  0.27  0.95  

3  1338.11  -5.80  0.00  
   -0.45  0.11  -0.89  
   -0.15  -0.99  -0.05  
   -0.88  0.11  0.46  

6  1426.07  200.47  313.43  
   0.91  -0.06  -0.40  
   -0.27  0.65  -0.71  
   0.30  0.76  0.58  

7  1247.48  -164.75  -103.14  
   0.53  0.82  0.22  
   -0.83  0.44  0.34  
   0.18  -0.36  0.91  

9  1435.89  -171.90  227.71  
   0.85  -0.01  -0.53  
   0.50  -0.32  0.81  
   -0.18  -0.95  -0.26  

8  1203.28  -239.76  168.77  
   -0.32  -0.28  0.91  
   0.18  0.92  0.35  
   -0.93  0.28  -0.24  

2  859.93  -38.40  576.86  
   1.00  0.06  -0.02  
   -0.06  1.00  0.00  
   0.02  -0.00  1.00  

3  1341.24  -5.36  0.45  
   -0.44  0.12  -0.89  
   -0.15  -0.99  -0.06  
   -0.89  0.10  0.45  

4  1269.80  146.45  -94.21  
   0.66  -0.74  0.13  
   0.74  0.61  -0.27  
   0.12  0.27  0.95  

5  1206.85  233.06  181.72  
   -0.09  0.50  0.86  
   -0.17  0.84  -0.51  
   -0.98  -0.20  0.01  

6  1426.52  200.47  313.43  
   0.91  -0.06  -0.40  
   -0.27  0.65  -0.71  
   0.30  0.76  0.58  

7  1252.84  -166.99  -101.35  
   0.53  0.82  0.20  
   -0.82  0.45  0.35  
   0.19  -0.35  0.91  

8  1203.72  -238.87  171.00  
   -0.28  -0.29  0.92  
   0.18  0.92  0.34  
   -0.94  0.26  -0.21  

9  1434.55  -177.70  262.98  
   0.87  0.05  -0.49  
   0.49  -0.10  0.86  
   -0.00  -0.99  -0.11  

2  859.93  -38.40  577.30  
   1.00  0.06  -0.02  
   -0.06  1.00  0.00  
   0.02  -0.00  1.00  

4  1271.14  146.00  -93.76  
   0.65  -0.75  0.13  
   0.75  0.61  -0.26  
   0.12  0.27  0.96  

3  1343.47  -5.36  0.00  
   -0.43  0.12  -0.89  
   -0.15  -0.99  -0.06  
   -0.89  0.10  0.45  

5  1207.29  230.83  180.83  
   -0.08  0.50  0.86  
   -0.17  0.85  -0.50  
   -0.98  -0.19  0.02  

7  1259.53  -170.56  -100.01  
   0.53  0.83  0.18  
   -0.82  0.45  0.35  
   0.21  -0.34  0.92  

8  1203.28  -241.55  171.00  
   -0.24  -0.29  0.92  
   0.18  0.92  0.34  
   -0.95  0.25  -0.17  

6  1426.52  200.92  314.32  
   0.91  -0.06  -0.40  
   -0.27  0.65  -0.71  
   0.30  0.76  0.58  

9  1430.98  -186.18  290.21  
   0.87  0.12  -0.47  
   0.47  0.05  0.88  
   0.13  -0.99  -0.01  

4  1272.93  146.45  -94.21  
   0.65  -0.75  0.13  
   0.75  0.60  -0.26  
   0.12  0.26  0.96  

2  859.93  -38.40  577.30  
   1.00  0.06  -0.02  
   -0.06  1.00  0.00  
   0.02  -0.00  1.00  

3  1345.70  -6.25  0.89  
   -0.43  0.12  -0.90  
   -0.15  -0.99  -0.06  
   -0.89  0.11  0.44  

5  1208.19  230.83  179.04  
   -0.08  0.49  0.87  
   -0.18  0.85  -0.50  
   -0.98  -0.19  0.02  

6  1426.52  201.36  314.77  
   0.91  -0.06  -0.40  
   -0.27  0.65  -0.71  
   0.31  0.76  0.57  

9  1424.29  -198.24  311.20  
   0.87  0.14  -0.47  
   0.44  0.17  0.88  
   0.20  -0.98  0.08  

7  1264.00  -174.58  -96.89  
   0.53  0.83  0.17  
   -0.82  0.45  0.36  
   0.23  -0.33  0.92  

8  1201.94  -241.99  173.68  
   -0.20  -0.29  0.93  
   0.18  0.93  0.33  
   -0.96  0.23  -0.14  

2  859.93  -38.84  577.30  
   1.00  0.06  -0.02  
   -0.06  1.00  0.00  
   0.02  -0.00  1.00  

3  1347.04  -7.14  0.45  
   -0.42  0.12  -0.90  
   -0.15  -0.99  -0.06  
   -0.89  0.11  0.44  

4  1274.71  145.11  -94.21  
   0.65  -0.75  0.13  
   0.75  0.61  -0.25  
   0.11  0.26  0.96  

5  1208.63  229.94  179.04  
   -0.07  0.50  0.87  
   -0.18  0.85  -0.50  
   -0.98  -0.19  0.02  

6  1426.96  200.47  315.66  
   0.91  -0.07  -0.40  
   -0.27  0.65  -0.71  
   0.31  0.76  0.57  

7  1269.36  -179.49  -91.08  
   0.53  0.83  0.16  
   -0.81  0.45  0.38  
   0.24  -0.33  0.91  

8  1199.70  -243.33  175.91  
   -0.18  -0.29  0.94  
   0.17  0.93  0.32  
   -0.97  0.21  -0.12  

9  1420.27  -201.36  315.66  
   0.87  0.12  -0.47  
   0.44  0.23  0.87  
   0.21  -0.97  0.15  

2  859.93  -38.40  577.30  
   1.00  0.06  -0.02  
   -0.06  1.00  0.00  
   0.02  -0.00  1.00  

6  1427.41  199.58  317.00  
   0.91  -0.07  -0.40  
   -0.27  0.64  -0.72  
   0.31  0.76  0.57  

5  1209.08  229.94  179.49  
   -0.07  0.50  0.86  
   -0.17  0.85  -0.50  
   -0.98  -0.19  0.02  

3  1347.04  -7.59  0.89  
   -0.42  0.12  -0.90  
   -0.15  -0.99  -0.06  
   -0.89  0.11  0.44  

4  1275.61  145.55  -93.32  
   0.65  -0.75  0.13  
   0.75  0.61  -0.25  
   0.11  0.26  0.96  

7  1275.16  -187.52  -84.83  
   0.57  0.81  0.15  
   -0.78  0.47  0.41  
   0.26  -0.35  0.90  

9  1418.03  -199.13  319.68  
   0.87  0.10  -0.48  
   0.45  0.25  0.86  
   0.20  -0.96  0.18  

8  1201.04  -248.69  180.38  
   -0.15  -0.34  0.93  
   0.14  0.92  0.36  
   -0.98  0.18  -0.09  

2  859.93  -38.40  576.86  
   1.00  0.06  -0.02  
   -0.06  1.00  0.00  
   0.02  -0.00  1.00  

3  1347.04  -7.59  0.89  
   -0.42  0.12  -0.90  
   -0.15  -0.99  -0.06  
   -0.89  0.11  0.44  

4  1275.61  146.00  -91.53  
   0.65  -0.75  0.13  
   0.75  0.60  -0.26  
   0.11  0.27  0.96  

5  1208.63  229.49  181.27  
   -0.07  0.49  0.87  
   -0.17  0.85  -0.50  
   -0.98  -0.18  0.02  

6  1427.41  199.13  318.34  
   0.92  -0.07  -0.39  
   -0.26  0.63  -0.73  
   0.30  0.77  0.56  

7  1277.39  -187.08  -84.39  
   0.58  0.80  0.15  
   -0.77  0.48  0.42  
   0.27  -0.35  0.90  

9  1418.03  -198.69  320.13  
   0.87  0.09  -0.49  
   0.45  0.26  0.85  
   0.20  -0.96  0.18  

8  1202.38  -248.69  181.72  
   -0.15  -0.35  0.93  
   0.14  0.92  0.37  
   -0.98  0.18  -0.09  

