2  855.46  -39.74  578.64  
   0.60  -0.80  -0.02  
   0.80  0.60  0.04  
   -0.02  -0.04  1.00  

3  1218.90  -30.81  25.45  
   -0.57  0.02  -0.82  
   -0.08  -1.00  0.03  
   -0.82  0.08  0.57  

4  1086.30  125.91  -34.38  
   0.67  -0.70  0.24  
   0.73  0.57  -0.37  
   0.13  0.42  0.90  

5  1099.69  378.17  16.07  
   -0.31  -0.03  0.95  
   -0.95  0.09  -0.31  
   -0.08  -1.00  -0.06  

6  1351.06  385.76  -42.86  
   0.99  0.16  0.05  
   -0.16  0.97  0.17  
   -0.02  -0.18  0.98  

8  1066.20  -429.52  37.95  
   -0.21  -0.06  0.98  
   0.97  0.13  0.21  
   -0.14  0.99  0.03  

7  1080.49  -180.83  -45.54  
   0.55  0.75  0.37  
   -0.83  0.51  0.22  
   -0.02  -0.43  0.90  

9  1322.93  -450.06  -16.52  
   0.98  -0.18  0.02  
   0.18  0.98  0.12  
   -0.04  -0.12  0.99  

2  855.46  -40.18  578.20  
   0.60  -0.80  -0.02  
   0.80  0.60  0.04  
   -0.02  -0.04  1.00  

3  1218.46  -30.81  25.00  
   -0.57  0.02  -0.82  
   -0.08  -1.00  0.03  
   -0.81  0.08  0.57  

4  1086.30  125.91  -34.38  
   0.67  -0.70  0.24  
   0.73  0.57  -0.37  
   0.12  0.42  0.90  

8  1064.42  -429.07  37.50  
   -0.21  -0.06  0.98  
   0.97  0.13  0.21  
   -0.14  0.99  0.03  

5  1101.03  378.17  16.97  
   -0.32  -0.02  0.95  
   -0.94  0.10  -0.31  
   -0.08  -0.99  -0.05  

7  1079.60  -180.38  -45.99  
   0.55  0.75  0.37  
   -0.84  0.50  0.21  
   -0.03  -0.42  0.90  

6  1352.40  384.42  -40.63  
   0.99  0.16  0.04  
   -0.17  0.97  0.17  
   -0.01  -0.17  0.98  

9  1321.59  -451.84  -17.41  
   0.98  -0.18  0.02  
   0.17  0.98  0.12  
   -0.04  -0.12  0.99  

2  855.46  -40.18  578.20  
   0.60  -0.80  -0.02  
   0.80  0.60  0.04  
   -0.02  -0.04  1.00  

3  1218.01  -30.36  25.00  
   -0.57  0.02  -0.82  
   -0.08  -1.00  0.03  
   -0.81  0.08  0.57  

4  1086.30  126.36  -34.38  
   0.67  -0.70  0.24  
   0.73  0.57  -0.37  
   0.12  0.43  0.90  

5  1101.48  378.17  17.41  
   -0.32  -0.03  0.95  
   -0.94  0.10  -0.32  
   -0.09  -0.99  -0.06  

7  1080.05  -179.93  -45.99  
   0.55  0.75  0.37  
   -0.84  0.51  0.21  
   -0.03  -0.42  0.91  

6  1353.29  384.42  -38.40  
   0.99  0.16  0.04  
   -0.17  0.97  0.16  
   -0.01  -0.17  0.99  

9  1322.04  -451.40  -18.75  
   0.98  -0.18  0.03  
   0.17  0.98  0.12  
   -0.05  -0.11  0.99  

8  1065.31  -428.63  36.61  
   -0.21  -0.05  0.98  
   0.97  0.13  0.21  
   -0.14  0.99  0.02  

2  855.91  -39.74  578.20  
   0.60  -0.80  -0.02  
   0.80  0.60  0.04  
   -0.02  -0.04  1.00  

5  1101.92  378.62  17.41  
   -0.32  -0.03  0.95  
   -0.94  0.10  -0.32  
   -0.09  -0.99  -0.06  

4  1086.30  126.36  -34.38  
   0.67  -0.70  0.24  
   0.73  0.57  -0.37  
   0.12  0.43  0.90  

3  1217.56  -30.36  25.45  
   -0.57  0.02  -0.82  
   -0.08  -1.00  0.03  
   -0.82  0.08  0.57  

6  1353.74  384.87  -38.40  
   0.99  0.16  0.04  
   -0.17  0.97  0.16  
   -0.01  -0.17  0.99  

7  1080.49  -179.49  -46.43  
   0.55  0.75  0.37  
   -0.83  0.51  0.21  
   -0.03  -0.42  0.91  

8  1067.99  -428.18  37.50  
   -0.22  -0.05  0.97  
   0.97  0.13  0.22  
   -0.14  0.99  0.02  

9  1323.83  -449.61  -18.75  
   0.98  -0.18  0.03  
   0.18  0.98  0.12  
   -0.05  -0.12  0.99  

2  855.46  -40.18  578.20  
   0.60  -0.80  -0.02  
   0.80  0.60  0.04  
   -0.02  -0.04  1.00  

3  1217.56  -30.36  25.45  
   -0.57  0.02  -0.82  
   -0.08  -1.00  0.03  
   -0.82  0.08  0.57  

4  1086.30  125.91  -34.83  
   0.67  -0.70  0.24  
   0.73  0.57  -0.37  
   0.12  0.43  0.90  

5  1106.39  377.73  21.43  
   -0.33  -0.04  0.94  
   -0.94  0.12  -0.33  
   -0.09  -0.99  -0.08  

6  1355.97  383.98  -40.18  
   0.98  0.17  0.06  
   -0.17  0.97  0.15  
   -0.04  -0.16  0.99  

8  1069.78  -427.73  45.99  
   -0.23  -0.01  0.97  
   0.96  0.15  0.22  
   -0.15  0.99  -0.03  

7  1080.49  -179.93  -46.43  
   0.55  0.75  0.37  
   -0.83  0.51  0.21  
   -0.03  -0.42  0.90  

9  1323.38  -444.25  -29.47  
   0.97  -0.21  0.09  
   0.19  0.97  0.15  
   -0.12  -0.12  0.98  

2  855.46  -40.18  578.20  
   0.60  -0.80  -0.02  
   0.80  0.60  0.04  
   -0.02  -0.04  1.00  

4  1086.74  126.80  -34.38  
   0.67  -0.70  0.25  
   0.73  0.57  -0.37  
   0.11  0.43  0.89  

3  1217.56  -29.91  25.45  
   -0.57  0.02  -0.82  
   -0.08  -1.00  0.03  
   -0.82  0.08  0.57  

6  1355.53  382.19  -49.56  
   0.98  0.17  0.12  
   -0.19  0.97  0.12  
   -0.09  -0.14  0.98  

5  1109.07  378.62  26.79  
   -0.35  -0.08  0.93  
   -0.93  0.13  -0.34  
   -0.10  -0.99  -0.13  

8  1070.67  -427.29  45.09  
   -0.24  0.04  0.97  
   0.96  0.15  0.23  
   -0.14  0.99  -0.07  

7  1080.05  -179.49  -46.88  
   0.55  0.75  0.37  
   -0.83  0.51  0.21  
   -0.03  -0.43  0.90  

9  1318.91  -440.68  -44.65  
   0.96  -0.23  0.16  
   0.21  0.97  0.14  
   -0.18  -0.10  0.98  

2  855.46  -39.74  578.64  
   0.60  -0.80  -0.02  
   0.80  0.60  0.04  
   -0.02  -0.04  1.00  

3  1218.01  -29.91  25.00  
   -0.57  0.02  -0.82  
   -0.08  -1.00  0.02  
   -0.82  0.08  0.57  

4  1085.85  128.14  -33.49  
   0.67  -0.70  0.26  
   0.73  0.57  -0.37  
   0.11  0.44  0.89  

5  1112.64  379.51  34.38  
   -0.37  -0.14  0.92  
   -0.92  0.16  -0.35  
   -0.10  -0.98  -0.18  

6  1353.74  381.30  -61.61  
   0.96  0.18  0.19  
   -0.20  0.98  0.09  
   -0.17  -0.13  0.98  

7  1079.15  -178.59  -47.77  
   0.55  0.74  0.38  
   -0.83  0.51  0.21  
   -0.04  -0.43  0.90  

8  1074.24  -424.61  48.67  
   -0.25  0.09  0.96  
   0.96  0.16  0.23  
   -0.13  0.98  -0.12  

9  1315.79  -438.45  -59.38  
   0.94  -0.24  0.22  
   0.21  0.97  0.15  
   -0.25  -0.10  0.96  

2  855.46  -40.18  578.20  
   0.60  -0.80  -0.02  
   0.80  0.60  0.04  
   -0.02  -0.04  1.00  

3  1217.56  -29.47  24.11  
   -0.57  0.02  -0.82  
   -0.07  -1.00  0.02  
   -0.82  0.07  0.57  

4  1086.30  128.59  -33.49  
   0.67  -0.69  0.27  
   0.74  0.57  -0.37  
   0.11  0.44  0.89  

5  1117.55  377.28  37.50  
   -0.39  -0.19  0.90  
   -0.92  0.18  -0.36  
   -0.09  -0.96  -0.25  

6  1347.94  377.73  -83.49  
   0.94  0.19  0.29  
   -0.21  0.97  0.06  
   -0.27  -0.12  0.95  

7  1079.60  -178.15  -47.77  
   0.55  0.74  0.38  
   -0.83  0.51  0.21  
   -0.04  -0.43  0.90  

8  1078.71  -424.16  51.35  
   -0.26  0.14  0.95  
   0.96  0.17  0.24  
   -0.13  0.97  -0.18  

9  1312.22  -434.88  -76.80  
   0.92  -0.25  0.31  
   0.21  0.96  0.15  
   -0.34  -0.08  0.94  

2  855.46  -40.18  578.20  
   0.60  -0.80  -0.02  
   0.80  0.60  0.04  
   -0.02  -0.04  1.00  

4  1085.85  128.59  -33.49  
   0.67  -0.69  0.27  
   0.74  0.57  -0.37  
   0.10  0.44  0.89  

3  1218.46  -29.47  23.22  
   -0.57  0.02  -0.82  
   -0.07  -1.00  0.02  
   -0.82  0.07  0.57  

5  1122.02  376.83  41.08  
   -0.41  -0.25  0.88  
   -0.91  0.20  -0.37  
   -0.08  -0.95  -0.31  

6  1338.11  375.05  -104.92  
   0.90  0.20  0.39  
   -0.23  0.97  0.03  
   -0.38  -0.12  0.92  

8  1080.94  -424.16  52.24  
   -0.27  0.21  0.94  
   0.96  0.17  0.24  
   -0.11  0.96  -0.24  

9  1301.50  -433.54  -95.55  
   0.88  -0.26  0.41  
   0.22  0.97  0.14  
   -0.43  -0.03  0.90  

7  1078.71  -178.59  -48.22  
   0.55  0.74  0.39  
   -0.83  0.51  0.20  
   -0.05  -0.44  0.90  

2  855.46  -40.18  578.20  
   0.60  -0.80  -0.02  
   0.80  0.60  0.04  
   -0.02  -0.04  1.00  

3  1218.46  -29.47  22.77  
   -0.57  0.02  -0.82  
   -0.07  -1.00  0.02  
   -0.82  0.07  0.57  

4  1085.40  129.03  -33.49  
   0.67  -0.69  0.28  
   0.74  0.57  -0.37  
   0.10  0.45  0.89  

5  1125.14  377.28  44.20  
   -0.42  -0.30  0.86  
   -0.90  0.22  -0.37  
   -0.07  -0.93  -0.36  

6  1330.52  374.15  -122.78  
   0.85  0.21  0.47  
   -0.24  0.97  0.00  
   -0.46  -0.12  0.88  

9  1292.13  -434.43  -107.60  
   0.85  -0.25  0.47  
   0.21  0.97  0.13  
   -0.49  -0.01  0.87  

8  1080.05  -423.27  54.92  
   -0.27  0.25  0.93  
   0.96  0.17  0.23  
   -0.11  0.95  -0.28  

7  1077.81  -178.15  -48.67  
   0.54  0.74  0.40  
   -0.84  0.51  0.20  
   -0.05  -0.44  0.90  

2  855.46  -40.18  578.20  
   0.60  -0.80  -0.02  
   0.80  0.60  0.04  
   -0.02  -0.04  1.00  

3  1218.46  -29.91  22.32  
   -0.57  0.02  -0.82  
   -0.07  -1.00  0.03  
   -0.82  0.07  0.57  

4  1085.85  128.59  -33.93  
   0.67  -0.69  0.28  
   0.74  0.57  -0.37  
   0.10  0.45  0.89  

5  1129.61  375.49  47.77  
   -0.43  -0.34  0.83  
   -0.90  0.23  -0.37  
   -0.07  -0.91  -0.41  

7  1076.92  -178.15  -48.67  
   0.54  0.74  0.40  
   -0.84  0.50  0.20  
   -0.05  -0.45  0.89  

6  1319.36  374.15  -138.41  
   0.81  0.21  0.55  
   -0.24  0.97  -0.03  
   -0.54  -0.11  0.83  

8  1080.94  -423.71  58.04  
   -0.27  0.28  0.92  
   0.96  0.18  0.22  
   -0.11  0.94  -0.32  

9  1284.98  -437.55  -112.96  
   0.82  -0.24  0.51  
   0.20  0.97  0.14  
   -0.53  -0.01  0.85  

2  855.46  -39.74  578.20  
   0.60  -0.80  -0.02  
   0.80  0.60  0.04  
   -0.02  -0.04  1.00  

5  1130.94  376.39  45.54  
   -0.44  -0.37  0.82  
   -0.90  0.23  -0.38  
   -0.05  -0.90  -0.44  

3  1218.90  -29.91  21.88  
   -0.57  0.02  -0.82  
   -0.07  -1.00  0.03  
   -0.82  0.08  0.57  

4  1085.85  128.59  -33.93  
   0.67  -0.69  0.28  
   0.73  0.57  -0.37  
   0.09  0.46  0.88  

6  1308.65  374.60  -152.70  
   0.76  0.21  0.61  
   -0.24  0.97  -0.04  
   -0.60  -0.11  0.79  

7  1076.92  -178.15  -48.67  
   0.54  0.74  0.40  
   -0.84  0.50  0.21  
   -0.05  -0.45  0.89  

8  1081.39  -421.48  62.95  
   -0.27  0.32  0.91  
   0.96  0.19  0.22  
   -0.10  0.93  -0.36  

9  1275.16  -437.11  -122.78  
   0.78  -0.23  0.58  
   0.19  0.97  0.13  
   -0.60  0.01  0.80  

3  1218.90  -30.36  21.43  
   -0.57  0.02  -0.82  
   -0.07  -1.00  0.03  
   -0.82  0.08  0.57  

2  855.46  -40.18  578.20  
   0.60  -0.80  -0.02  
   0.80  0.60  0.04  
   -0.02  -0.04  1.00  

4  1085.40  128.59  -33.93  
   0.67  -0.68  0.28  
   0.73  0.57  -0.37  
   0.09  0.46  0.88  

5  1132.28  374.15  45.99  
   -0.44  -0.41  0.80  
   -0.89  0.23  -0.38  
   -0.03  -0.88  -0.47  

6  1297.93  375.94  -166.09  
   0.72  0.22  0.66  
   -0.24  0.97  -0.06  
   -0.66  -0.12  0.75  

7  1076.03  -178.15  -49.11  
   0.54  0.74  0.40  
   -0.84  0.50  0.21  
   -0.05  -0.45  0.89  

8  1081.83  -421.03  62.06  
   -0.27  0.36  0.89  
   0.96  0.19  0.21  
   -0.09  0.91  -0.40  

9  1261.76  -440.68  -137.96  
   0.74  -0.21  0.64  
   0.18  0.98  0.12  
   -0.65  0.03  0.76  

4  1084.96  129.03  -34.38  
   0.67  -0.68  0.29  
   0.73  0.57  -0.38  
   0.09  0.47  0.88  

2  855.46  -40.18  578.64  
   0.60  -0.80  -0.02  
   0.80  0.60  0.04  
   -0.02  -0.04  1.00  

5  1135.86  374.60  49.56  
   -0.45  -0.46  0.77  
   -0.89  0.25  -0.38  
   -0.02  -0.85  -0.52  

3  1218.46  -30.36  20.09  
   -0.57  0.02  -0.82  
   -0.07  -1.00  0.03  
   -0.82  0.08  0.57  

6  1282.30  375.94  -179.49  
   0.64  0.22  0.74  
   -0.24  0.97  -0.09  
   -0.73  -0.12  0.67  

7  1075.13  -178.59  -48.67  
   0.53  0.74  0.41  
   -0.85  0.49  0.21  
   -0.04  -0.45  0.89  

9  1247.03  -443.36  -147.34  
   0.68  -0.18  0.71  
   0.16  0.98  0.10  
   -0.71  0.05  0.70  

8  1080.49  -421.48  64.29  
   -0.26  0.41  0.88  
   0.96  0.19  0.19  
   -0.08  0.89  -0.44  

2  855.46  -40.18  578.20  
   0.60  -0.80  -0.02  
   0.80  0.60  0.04  
   -0.02  -0.04  1.00  

5  1137.20  373.71  53.58  
   -0.46  -0.50  0.74  
   -0.89  0.27  -0.37  
   -0.01  -0.83  -0.56  

4  1084.96  128.59  -34.38  
   0.67  -0.68  0.30  
   0.74  0.56  -0.38  
   0.09  0.47  0.88  

3  1218.46  -30.36  20.09  
   -0.57  0.02  -0.82  
   -0.07  -1.00  0.03  
   -0.82  0.08  0.57  

6  1265.78  375.49  -188.86  
   0.57  0.23  0.79  
   -0.24  0.96  -0.10  
   -0.79  -0.14  0.60  

9  1233.19  -449.16  -155.82  
   0.62  -0.16  0.77  
   0.14  0.99  0.09  
   -0.77  0.05  0.63  

7  1075.13  -178.15  -48.67  
   0.53  0.74  0.41  
   -0.85  0.49  0.21  
   -0.04  -0.46  0.89  

8  1081.83  -420.14  69.21  
   -0.25  0.45  0.85  
   0.96  0.19  0.18  
   -0.08  0.87  -0.49  

2  855.46  -39.74  578.20  
   0.60  -0.80  -0.02  
   0.80  0.60  0.04  
   -0.02  -0.04  1.00  

3  1218.90  -30.36  19.20  
   -0.58  0.02  -0.82  
   -0.08  -1.00  0.03  
   -0.81  0.08  0.58  

4  1084.51  129.03  -34.38  
   0.67  -0.68  0.30  
   0.74  0.56  -0.38  
   0.09  0.47  0.88  

6  1242.12  373.26  -195.56  
   0.47  0.23  0.85  
   -0.26  0.96  -0.11  
   -0.84  -0.17  0.51  

7  1075.58  -178.15  -48.67  
   0.53  0.74  0.41  
   -0.85  0.48  0.21  
   -0.04  -0.46  0.89  

8  1085.85  -417.02  74.56  
   -0.25  0.53  0.81  
   0.97  0.20  0.17  
   -0.07  0.82  -0.56  

9  1209.53  -447.82  -163.86  
   0.52  -0.13  0.85  
   0.13  0.99  0.06  
   -0.85  0.08  0.53  

5  1137.64  374.15  57.15  
   -0.45  -0.55  0.71  
   -0.89  0.27  -0.36  
   0.01  -0.79  -0.61  

2  855.46  -40.18  578.20  
   0.60  -0.80  -0.02  
   0.80  0.60  0.04  
   -0.02  -0.04  1.00  

5  1138.54  371.92  62.95  
   -0.44  -0.59  0.67  
   -0.90  0.28  -0.34  
   0.02  -0.76  -0.66  

4  1084.51  129.48  -33.93  
   0.67  -0.68  0.31  
   0.74  0.55  -0.38  
   0.09  0.48  0.87  

3  1218.46  -30.36  18.75  
   -0.58  0.02  -0.81  
   -0.08  -1.00  0.03  
   -0.81  0.08  0.58  

6  1221.58  373.71  -200.47  
   0.39  0.23  0.89  
   -0.27  0.95  -0.13  
   -0.88  -0.19  0.43  

9  1182.29  -449.61  -175.91  
   0.41  -0.09  0.91  
   0.12  0.99  0.04  
   -0.90  0.10  0.42  

8  1084.96  -416.57  75.46  
   -0.23  0.60  0.77  
   0.97  0.18  0.15  
   -0.05  0.78  -0.62  

7  1075.13  -178.15  -48.67  
   0.52  0.74  0.42  
   -0.85  0.48  0.21  
   -0.04  -0.47  0.88  

3  1218.01  -30.36  18.31  
   -0.59  0.02  -0.81  
   -0.08  -1.00  0.04  
   -0.80  0.08  0.59  

2  855.46  -39.74  578.20  
   0.60  -0.80  -0.02  
   0.80  0.60  0.04  
   -0.02  -0.04  1.00  

4  1084.06  129.48  -33.93  
   0.66  -0.68  0.31  
   0.74  0.55  -0.38  
   0.09  0.49  0.87  

5  1137.20  372.37  65.63  
   -0.43  -0.63  0.65  
   -0.90  0.28  -0.33  
   0.03  -0.73  -0.69  

6  1204.61  375.05  -200.47  
   0.32  0.22  0.92  
   -0.27  0.95  -0.13  
   -0.91  -0.20  0.36  

7  1073.79  -177.25  -48.67  
   0.51  0.75  0.42  
   -0.86  0.47  0.21  
   -0.04  -0.47  0.88  

8  1081.83  -417.46  75.01  
   -0.21  0.63  0.75  
   0.98  0.17  0.13  
   -0.04  0.76  -0.65  

9  1164.88  -451.84  -180.38  
   0.36  -0.06  0.93  
   0.12  0.99  0.01  
   -0.93  0.10  0.36  

2  855.46  -40.18  578.20  
   0.60  -0.80  -0.02  
   0.80  0.60  0.04  
   -0.02  -0.04  1.00  

3  1218.46  -30.36  18.75  
   -0.59  0.02  -0.81  
   -0.07  -1.00  0.04  
   -0.80  0.08  0.59  

5  1137.64  372.81  73.67  
   -0.40  -0.69  0.60  
   -0.91  0.27  -0.30  
   0.04  -0.67  -0.74  

4  1084.06  129.48  -34.38  
   0.66  -0.68  0.32  
   0.75  0.54  -0.38  
   0.09  0.49  0.87  

6  1175.15  375.94  -200.47  
   0.20  0.19  0.96  
   -0.27  0.95  -0.14  
   -0.94  -0.23  0.24  

7  1074.24  -176.36  -48.67  
   0.51  0.75  0.42  
   -0.86  0.47  0.21  
   -0.05  -0.47  0.88  

8  1085.85  -415.68  78.13  
   -0.19  0.69  0.70  
   0.98  0.16  0.12  
   -0.03  0.71  -0.70  

9  1143.00  -448.27  -184.84  
   0.25  -0.02  0.97  
   0.13  0.99  -0.01  
   -0.96  0.13  0.25  

2  855.46  -40.18  578.20  
   0.60  -0.80  -0.02  
   0.80  0.60  0.04  
   -0.02  -0.04  1.00  

3  1218.01  -29.91  17.86  
   -0.60  0.01  -0.80  
   -0.07  -1.00  0.04  
   -0.80  0.08  0.60  

5  1138.09  369.24  75.46  
   -0.37  -0.76  0.53  
   -0.92  0.26  -0.28  
   0.07  -0.60  -0.80  

4  1083.17  129.93  -33.49  
   0.65  -0.69  0.32  
   0.75  0.53  -0.38  
   0.09  0.49  0.87  

6  1142.11  376.39  -199.13  
   0.07  0.15  0.99  
   -0.27  0.95  -0.13  
   -0.96  -0.26  0.11  

7  1072.90  -174.58  -50.01  
   0.49  0.76  0.43  
   -0.87  0.46  0.19  
   -0.05  -0.47  0.88  

9  1118.89  -447.38  -188.42  
   0.17  0.02  0.98  
   0.13  0.99  -0.05  
   -0.98  0.14  0.17  

8  1082.72  -413.44  76.35  
   -0.17  0.73  0.66  
   0.99  0.13  0.10  
   -0.01  0.66  -0.75  

2  855.46  -40.18  578.20  
   0.60  -0.80  -0.02  
   0.80  0.60  0.04  
   -0.02  -0.04  1.00  

3  1216.67  -28.57  16.07  
   -0.61  0.01  -0.79  
   -0.07  -1.00  0.04  
   -0.79  0.08  0.61  

4  1081.39  130.37  -33.49  
   0.64  -0.69  0.33  
   0.76  0.52  -0.38  
   0.09  0.49  0.87  

5  1136.30  370.58  75.90  
   -0.34  -0.81  0.48  
   -0.94  0.24  -0.26  
   0.09  -0.54  -0.84  

6  1118.89  376.83  -200.03  
   -0.02  0.12  0.99  
   -0.27  0.95  -0.13  
   -0.96  -0.27  0.02  

8  1077.81  -411.66  76.80  
   -0.14  0.76  0.63  
   0.99  0.12  0.09  
   -0.01  0.64  -0.77  

7  1069.78  -173.24  -50.01  
   0.47  0.77  0.43  
   -0.88  0.44  0.19  
   -0.04  -0.47  0.88  

9  1100.58  -444.70  -188.42  
   0.12  0.05  0.99  
   0.14  0.99  -0.07  
   -0.98  0.14  0.11  

2  855.46  -40.18  578.20  
   0.60  -0.80  -0.02  
   0.80  0.60  0.04  
   -0.02  -0.04  1.00  

4  1079.60  130.37  -33.49  
   0.63  -0.70  0.33  
   0.77  0.52  -0.38  
   0.09  0.49  0.87  

3  1215.78  -29.02  15.18  
   -0.62  0.01  -0.79  
   -0.07  -1.00  0.04  
   -0.78  0.08  0.62  

5  1132.73  370.58  75.46  
   -0.33  -0.82  0.48  
   -0.94  0.23  -0.25  
   0.10  -0.53  -0.84  

6  1110.41  375.49  -198.24  
   -0.04  0.10  0.99  
   -0.27  0.96  -0.10  
   -0.96  -0.27  -0.01  

8  1076.03  -412.55  76.35  
   -0.14  0.78  0.61  
   0.99  0.11  0.08  
   0.00  0.61  -0.79  

7  1067.54  -172.79  -49.56  
   0.46  0.77  0.43  
   -0.88  0.43  0.18  
   -0.04  -0.47  0.88  

9  1090.31  -444.70  -187.97  
   0.08  0.07  0.99  
   0.14  0.99  -0.08  
   -0.99  0.14  0.07  

2  855.46  -39.74  578.20  
   0.60  -0.80  -0.02  
   0.80  0.60  0.04  
   -0.02  -0.04  1.00  

3  1215.78  -29.02  14.29  
   -0.62  0.01  -0.78  
   -0.07  -1.00  0.04  
   -0.78  0.08  0.62  

5  1131.84  372.37  77.24  
   -0.31  -0.83  0.46  
   -0.94  0.22  -0.25  
   0.11  -0.51  -0.85  

4  1079.15  129.93  -33.49  
   0.63  -0.70  0.33  
   0.77  0.52  -0.37  
   0.09  0.49  0.87  

6  1100.58  375.49  -197.35  
   -0.07  0.09  0.99  
   -0.27  0.96  -0.10  
   -0.96  -0.28  -0.05  

7  1066.65  -171.00  -50.45  
   0.45  0.78  0.44  
   -0.89  0.42  0.17  
   -0.05  -0.47  0.88  

9  1079.15  -441.13  -187.97  
   0.03  0.08  1.00  
   0.15  0.99  -0.08  
   -0.99  0.15  0.02  

8  1076.92  -411.66  75.90  
   -0.13  0.80  0.58  
   0.99  0.10  0.08  
   0.01  0.58  -0.81  

2  855.46  -39.74  578.20  
   0.60  -0.80  -0.02  
   0.80  0.60  0.04  
   -0.02  -0.04  1.00  

4  1076.92  129.03  -34.38  
   0.62  -0.71  0.33  
   0.78  0.51  -0.36  
   0.09  0.49  0.87  

3  1213.99  -29.47  12.50  
   -0.63  0.01  -0.77  
   -0.07  -1.00  0.04  
   -0.77  0.08  0.63  

6  1079.60  375.49  -191.99  
   -0.15  0.07  0.99  
   -0.28  0.95  -0.11  
   -0.95  -0.29  -0.13  

5  1130.94  372.81  76.80  
   -0.29  -0.87  0.40  
   -0.95  0.20  -0.24  
   0.13  -0.45  -0.88  

8  1073.79  -409.87  76.35  
   -0.11  0.83  0.55  
   0.99  0.08  0.08  
   0.02  0.56  -0.83  

9  1063.53  -438.89  -187.08  
   -0.02  0.10  0.99  
   0.16  0.98  -0.09  
   -0.99  0.15  -0.03  

7  1063.53  -170.11  -50.45  
   0.44  0.78  0.44  
   -0.90  0.41  0.17  
   -0.05  -0.47  0.88  

2  855.46  -40.18  578.20  
   0.60  -0.80  -0.02  
   0.80  0.60  0.04  
   -0.02  -0.04  1.00  

3  1213.54  -29.02  10.27  
   -0.65  0.01  -0.76  
   -0.06  -1.00  0.04  
   -0.76  0.07  0.64  

5  1129.61  370.58  75.90  
   -0.27  -0.89  0.36  
   -0.95  0.20  -0.24  
   0.14  -0.40  -0.90  

6  1063.53  371.47  -189.31  
   -0.21  0.05  0.98  
   -0.30  0.95  -0.11  
   -0.93  -0.31  -0.18  

4  1073.35  128.14  -34.83  
   0.61  -0.72  0.33  
   0.79  0.50  -0.35  
   0.08  0.48  0.87  

9  1047.90  -438.89  -184.40  
   -0.06  0.10  0.99  
   0.16  0.98  -0.09  
   -0.98  0.16  -0.08  

7  1060.85  -169.66  -50.45  
   0.42  0.79  0.45  
   -0.91  0.39  0.16  
   -0.04  -0.47  0.88  

8  1070.22  -410.32  76.35  
   -0.09  0.85  0.52  
   1.00  0.06  0.06  
   0.02  0.52  -0.85  

2  855.46  -40.18  578.20  
   0.60  -0.80  -0.02  
   0.80  0.60  0.04  
   -0.02  -0.04  1.00  

3  1211.76  -28.57  9.38  
   -0.65  0.01  -0.76  
   -0.06  -1.00  0.04  
   -0.76  0.08  0.65  

4  1070.67  125.46  -37.06  
   0.60  -0.73  0.33  
   0.80  0.50  -0.34  
   0.08  0.47  0.88  

5  1120.68  370.14  72.33  
   -0.23  -0.91  0.33  
   -0.96  0.16  -0.23  
   0.16  -0.37  -0.91  

7  1059.95  -168.32  -50.45  
   0.41  0.79  0.45  
   -0.91  0.38  0.16  
   -0.05  -0.48  0.88  

8  1068.44  -407.64  78.58  
   -0.07  0.86  0.51  
   1.00  0.05  0.05  
   0.02  0.51  -0.86  

6  1045.22  367.46  -188.42  
   -0.24  0.01  0.97  
   -0.31  0.95  -0.09  
   -0.92  -0.32  -0.22  

9  1037.63  -438.00  -179.49  
   -0.09  0.11  0.99  
   0.16  0.98  -0.10  
   -0.98  0.15  -0.11  

2  855.46  -40.18  578.20  
   0.60  -0.80  -0.02  
   0.80  0.60  0.04  
   -0.02  -0.04  1.00  

4  1069.33  124.57  -37.50  
   0.59  -0.74  0.34  
   0.81  0.49  -0.33  
   0.08  0.46  0.88  

3  1209.97  -29.02  9.38  
   -0.66  0.01  -0.75  
   -0.07  -1.00  0.04  
   -0.75  0.08  0.65  

5  1118.44  369.69  78.13  
   -0.20  -0.93  0.30  
   -0.97  0.14  -0.21  
   0.15  -0.33  -0.93  

7  1057.72  -167.88  -50.90  
   0.39  0.80  0.45  
   -0.92  0.36  0.15  
   -0.05  -0.48  0.88  

6  1031.38  369.69  -178.59  
   -0.29  -0.01  0.96  
   -0.30  0.95  -0.08  
   -0.91  -0.31  -0.28  

9  1027.36  -441.57  -170.11  
   -0.12  0.10  0.99  
   0.14  0.99  -0.09  
   -0.98  0.13  -0.13  

8  1065.31  -406.30  84.39  
   -0.06  0.87  0.49  
   1.00  0.05  0.03  
   0.00  0.49  -0.87  

2  855.46  -39.74  578.20  
   0.60  -0.80  -0.02  
   0.80  0.60  0.04  
   -0.02  -0.04  1.00  

3  1209.53  -29.02  9.38  
   -0.66  0.01  -0.75  
   -0.07  -1.00  0.04  
   -0.75  0.08  0.66  

4  1068.44  124.57  -38.40  
   0.58  -0.74  0.34  
   0.81  0.48  -0.32  
   0.08  0.46  0.88  

5  1120.23  367.90  83.94  
   -0.19  -0.94  0.28  
   -0.97  0.15  -0.19  
   0.13  -0.31  -0.94  

6  1028.25  373.71  -171.00  
   -0.31  0.00  0.95  
   -0.28  0.96  -0.09  
   -0.91  -0.29  -0.29  

8  1060.85  -402.28  89.74  
   -0.03  0.88  0.47  
   1.00  0.04  -0.00  
   -0.02  0.47  -0.88  

7  1055.94  -166.99  -51.79  
   0.38  0.81  0.46  
   -0.92  0.35  0.14  
   -0.04  -0.48  0.88  

9  1016.20  -442.91  -163.41  
   -0.14  0.11  0.98  
   0.13  0.99  -0.10  
   -0.98  0.11  -0.15  

2  855.46  -40.18  578.20  
   0.60  -0.80  -0.02  
   0.80  0.60  0.04  
   -0.02  -0.04  1.00  

4  1065.76  124.57  -39.29  
   0.57  -0.75  0.34  
   0.82  0.48  -0.32  
   0.08  0.46  0.88  

3  1208.19  -29.47  8.04  
   -0.66  0.01  -0.75  
   -0.06  -1.00  0.04  
   -0.75  0.07  0.66  

5  1114.43  367.01  87.06  
   -0.17  -0.95  0.27  
   -0.98  0.13  -0.17  
   0.12  -0.29  -0.95  

8  1052.81  -399.16  95.10  
   -0.00  0.88  0.47  
   1.00  0.02  -0.03  
   -0.04  0.47  -0.88  

7  1054.60  -165.20  -52.24  
   0.36  0.81  0.46  
   -0.93  0.33  0.14  
   -0.04  -0.48  0.88  

6  1015.31  371.03  -165.65  
   -0.33  -0.02  0.94  
   -0.29  0.95  -0.08  
   -0.90  -0.30  -0.32  

9  1003.25  -442.47  -156.72  
   -0.15  0.13  0.98  
   0.12  0.99  -0.11  
   -0.98  0.10  -0.17  

2  855.46  -40.18  578.20  
   0.60  -0.80  -0.02  
   0.80  0.60  0.04  
   -0.02  -0.04  1.00  

3  1206.40  -29.47  6.70  
   -0.67  0.01  -0.74  
   -0.07  -1.00  0.04  
   -0.74  0.08  0.67  

5  1105.94  366.12  82.60  
   -0.13  -0.96  0.24  
   -0.98  0.09  -0.16  
   0.14  -0.25  -0.96  

4  1061.29  121.44  -40.18  
   0.56  -0.76  0.34  
   0.83  0.47  -0.32  
   0.08  0.46  0.89  

6  999.23  364.78  -164.75  
   -0.36  -0.05  0.93  
   -0.31  0.95  -0.07  
   -0.88  -0.32  -0.35  

7  1050.58  -165.20  -51.79  
   0.34  0.82  0.46  
   -0.94  0.31  0.14  
   -0.03  -0.48  0.87  

8  1047.01  -396.92  99.57  
   0.02  0.89  0.46  
   1.00  0.01  -0.06  
   -0.06  0.46  -0.89  

9  991.64  -442.47  -148.68  
   -0.17  0.15  0.97  
   0.11  0.99  -0.13  
   -0.98  0.09  -0.19  

2  855.46  -40.18  578.20  
   0.60  -0.80  -0.02  
   0.80  0.60  0.04  
   -0.02  -0.04  1.00  

3  1203.72  -29.91  6.70  
   -0.68  0.01  -0.74  
   -0.07  -1.00  0.04  
   -0.73  0.08  0.67  

4  1060.40  121.00  -41.08  
   0.56  -0.76  0.34  
   0.83  0.46  -0.32  
   0.08  0.46  0.89  

5  1104.60  364.33  83.49  
   -0.12  -0.97  0.23  
   -0.98  0.09  -0.15  
   0.13  -0.24  -0.96  

6  995.66  363.88  -159.39  
   -0.36  -0.05  0.93  
   -0.31  0.95  -0.07  
   -0.88  -0.32  -0.36  

8  1043.43  -394.69  106.26  
   0.03  0.89  0.45  
   1.00  0.01  -0.08  
   -0.08  0.45  -0.89  

9  984.05  -444.70  -137.96  
   -0.19  0.14  0.97  
   0.09  0.99  -0.13  
   -0.98  0.06  -0.20  

7  1048.35  -165.20  -50.45  
   0.32  0.82  0.47  
   -0.95  0.29  0.14  
   -0.02  -0.49  0.87  

2  855.46  -40.18  578.20  
   0.60  -0.80  -0.02  
   0.80  0.60  0.04  
   -0.02  -0.04  1.00  

4  1059.51  120.10  -41.52  
   0.56  -0.76  0.34  
   0.83  0.46  -0.32  
   0.08  0.46  0.89  

3  1202.83  -30.81  5.80  
   -0.68  0.01  -0.73  
   -0.07  -1.00  0.05  
   -0.73  0.08  0.68  

5  1103.26  363.44  83.94  
   -0.11  -0.97  0.21  
   -0.99  0.08  -0.14  
   0.12  -0.23  -0.97  

7  1046.56  -165.65  -50.45  
   0.31  0.82  0.47  
   -0.95  0.28  0.13  
   -0.02  -0.49  0.87  

6  992.98  362.10  -159.39  
   -0.37  -0.05  0.93  
   -0.32  0.95  -0.07  
   -0.87  -0.32  -0.37  

9  977.35  -446.04  -135.73  
   -0.20  0.15  0.97  
   0.08  0.99  -0.13  
   -0.98  0.05  -0.21  

8  1039.86  -393.80  108.94  
   0.04  0.90  0.44  
   0.99  0.01  -0.10  
   -0.09  0.44  -0.89  

2  855.46  -40.18  578.20  
   0.60  -0.80  -0.02  
   0.80  0.60  0.04  
   -0.02  -0.04  1.00  

5  1097.46  362.55  81.26  
   -0.09  -0.97  0.22  
   -0.99  0.06  -0.13  
   0.11  -0.23  -0.97  

3  1202.38  -30.81  5.80  
   -0.68  0.01  -0.73  
   -0.07  -1.00  0.05  
   -0.73  0.09  0.68  

4  1058.61  119.66  -41.52  
   0.56  -0.76  0.34  
   0.83  0.46  -0.32  
   0.08  0.46  0.88  

6  988.96  358.97  -164.31  
   -0.35  -0.07  0.94  
   -0.33  0.94  -0.05  
   -0.88  -0.32  -0.35  

7  1045.67  -165.65  -50.01  
   0.30  0.83  0.48  
   -0.95  0.27  0.13  
   -0.02  -0.49  0.87  

9  975.57  -447.82  -136.18  
   -0.19  0.14  0.97  
   0.07  0.99  -0.13  
   -0.98  0.04  -0.20  

8  1036.74  -392.91  108.94  
   0.05  0.89  0.44  
   0.99  0.00  -0.11  
   -0.10  0.45  -0.89  

2  855.46  -39.74  578.20  
   0.60  -0.80  -0.02  
   0.80  0.60  0.04  
   -0.02  -0.04  1.00  

4  1059.51  118.76  -42.86  
   0.56  -0.75  0.34  
   0.82  0.47  -0.32  
   0.08  0.46  0.88  

3  1202.38  -31.25  5.80  
   -0.68  0.01  -0.73  
   -0.07  -1.00  0.05  
   -0.73  0.09  0.68  

6  994.77  361.21  -171.45  
   -0.32  -0.05  0.95  
   -0.32  0.95  -0.06  
   -0.89  -0.32  -0.32  

5  1096.12  362.10  78.13  
   -0.08  -0.97  0.23  
   -0.99  0.05  -0.12  
   0.11  -0.24  -0.97  

9  977.80  -449.16  -139.30  
   -0.16  0.15  0.98  
   0.06  0.99  -0.15  
   -0.99  0.04  -0.17  

8  1032.27  -392.46  108.50  
   0.06  0.88  0.47  
   0.99  -0.01  -0.12  
   -0.11  0.47  -0.88  

7  1046.11  -165.20  -50.45  
   0.30  0.82  0.48  
   -0.95  0.27  0.13  
   -0.02  -0.50  0.87  

2  855.46  -40.18  578.20  
   0.60  -0.80  -0.02  
   0.80  0.60  0.04  
   -0.02  -0.04  1.00  

3  1202.38  -31.25  6.25  
   -0.68  0.00  -0.74  
   -0.07  -1.00  0.06  
   -0.73  0.09  0.67  

4  1060.85  118.32  -43.31  
   0.57  -0.74  0.34  
   0.82  0.48  -0.33  
   0.08  0.47  0.88  

6  1005.04  359.87  -185.74  
   -0.23  -0.01  0.97  
   -0.32  0.94  -0.06  
   -0.92  -0.33  -0.22  

5  1088.53  362.99  72.78  
   -0.07  -0.95  0.30  
   -0.99  0.03  -0.12  
   0.11  -0.31  -0.94  

7  1047.45  -165.20  -50.01  
   0.31  0.82  0.48  
   -0.95  0.28  0.14  
   -0.02  -0.50  0.87  

8  1028.70  -391.12  108.50  
   0.07  0.86  0.50  
   0.99  -0.01  -0.13  
   -0.11  0.50  -0.86  

9  986.28  -448.72  -143.32  
   -0.10  0.14  0.98  
   0.06  0.99  -0.14  
   -0.99  0.04  -0.11  

2  855.46  -40.18  578.20  
   0.60  -0.80  -0.02  
   0.80  0.60  0.04  
   -0.02  -0.04  1.00  

4  1064.87  118.32  -44.20  
   0.59  -0.73  0.35  
   0.80  0.49  -0.33  
   0.07  0.47  0.88  

5  1078.26  365.22  62.06  
   -0.06  -0.92  0.40  
   -0.99  0.00  -0.14  
   0.12  -0.40  -0.91  

3  1203.28  -32.15  6.70  
   -0.67  -0.00  -0.74  
   -0.07  -1.00  0.06  
   -0.74  0.09  0.67  

6  1024.68  354.96  -206.72  
   -0.11  0.02  0.99  
   -0.35  0.94  -0.06  
   -0.93  -0.35  -0.10  

7  1050.13  -165.20  -50.90  
   0.33  0.82  0.47  
   -0.95  0.29  0.15  
   -0.02  -0.50  0.87  

8  1027.81  -392.01  107.16  
   0.07  0.85  0.53  
   0.99  -0.00  -0.13  
   -0.11  0.53  -0.84  

9  997.00  -449.16  -145.11  
   -0.06  0.13  0.99  
   0.05  0.99  -0.13  
   -1.00  0.05  -0.07  

2  855.46  -40.18  578.64  
   0.60  -0.80  -0.02  
   0.80  0.60  0.04  
   -0.02  -0.04  1.00  

4  1067.10  118.32  -45.99  
   0.60  -0.72  0.35  
   0.79  0.51  -0.33  
   0.06  0.48  0.88  

3  1205.06  -30.81  8.48  
   -0.66  -0.00  -0.75  
   -0.07  -1.00  0.06  
   -0.75  0.09  0.66  

5  1080.49  367.01  54.47  
   -0.08  -0.89  0.45  
   -0.99  0.00  -0.16  
   0.14  -0.46  -0.88  

6  1039.86  353.62  -213.42  
   -0.06  0.05  1.00  
   -0.35  0.93  -0.07  
   -0.93  -0.36  -0.04  

7  1053.26  -165.20  -50.45  
   0.34  0.82  0.47  
   -0.94  0.30  0.15  
   -0.02  -0.49  0.87  

9  1009.05  -452.29  -142.43  
   -0.03  0.11  0.99  
   0.04  0.99  -0.11  
   -1.00  0.04  -0.03  

8  1031.38  -389.78  110.28  
   0.05  0.83  0.55  
   0.99  0.02  -0.13  
   -0.12  0.56  -0.82  

2  855.46  -39.74  578.20  
   0.60  -0.80  -0.02  
   0.80  0.60  0.04  
   -0.02  -0.04  1.00  

3  1205.95  -31.70  9.38  
   -0.66  -0.01  -0.75  
   -0.07  -1.00  0.07  
   -0.75  0.09  0.66  

4  1068.44  117.87  -46.43  
   0.61  -0.71  0.35  
   0.79  0.51  -0.33  
   0.06  0.48  0.88  

7  1053.70  -166.09  -50.01  
   0.34  0.81  0.47  
   -0.94  0.31  0.15  
   -0.02  -0.49  0.87  

6  1050.13  357.63  -211.19  
   -0.06  0.10  0.99  
   -0.34  0.94  -0.11  
   -0.94  -0.34  -0.02  

5  1087.64  366.12  59.38  
   -0.11  -0.89  0.45  
   -0.99  0.04  -0.16  
   0.12  -0.46  -0.88  

9  1022.90  -452.74  -146.45  
   0.04  0.09  0.99  
   0.04  0.99  -0.09  
   -1.00  0.04  0.03  

8  1029.59  -391.57  108.50  
   0.04  0.81  0.59  
   0.99  0.03  -0.12  
   -0.12  0.59  -0.80  

2  855.46  -40.18  578.20  
   0.60  -0.80  -0.02  
   0.80  0.60  0.04  
   -0.02  -0.04  1.00  

3  1206.40  -31.70  9.82  
   -0.66  -0.01  -0.75  
   -0.07  -1.00  0.07  
   -0.75  0.09  0.65  

5  1092.55  367.01  64.74  
   -0.15  -0.87  0.47  
   -0.98  0.08  -0.15  
   0.09  -0.49  -0.87  

6  1064.42  366.56  -206.72  
   -0.02  0.14  0.99  
   -0.30  0.94  -0.14  
   -0.95  -0.30  0.02  

4  1068.44  118.76  -45.09  
   0.61  -0.71  0.35  
   0.79  0.51  -0.34  
   0.06  0.48  0.88  

8  1032.72  -391.12  109.39  
   0.01  0.77  0.63  
   0.99  0.08  -0.12  
   -0.14  0.63  -0.77  

9  1047.01  -457.65  -145.11  
   0.13  0.02  0.99  
   0.02  1.00  -0.02  
   -0.99  0.02  0.13  

7  1055.49  -166.54  -49.56  
   0.36  0.81  0.46  
   -0.93  0.33  0.16  
   -0.02  -0.49  0.87  

2  855.46  -40.18  578.20  
   0.60  -0.80  -0.02  
   0.80  0.60  0.04  
   -0.02  -0.04  1.00  

3  1206.85  -31.25  10.27  
   -0.66  -0.01  -0.76  
   -0.06  -1.00  0.06  
   -0.75  0.09  0.65  

6  1080.94  378.17  -204.94  
   0.02  0.21  0.98  
   -0.26  0.95  -0.20  
   -0.97  -0.24  0.08  

5  1097.91  365.67  69.21  
   -0.19  -0.84  0.50  
   -0.98  0.13  -0.15  
   0.06  -0.52  -0.85  

4  1069.33  119.66  -43.76  
   0.61  -0.71  0.34  
   0.79  0.51  -0.34  
   0.07  0.48  0.88  

7  1057.27  -167.88  -50.90  
   0.38  0.80  0.46  
   -0.93  0.35  0.15  
   -0.04  -0.48  0.88  

8  1033.16  -396.03  100.01  
   -0.02  0.72  0.69  
   0.99  0.10  -0.08  
   -0.13  0.68  -0.72  

9  1070.22  -458.54  -154.04  
   0.22  -0.05  0.97  
   0.04  1.00  0.04  
   -0.97  0.03  0.22  

2  855.46  -40.18  578.20  
   0.60  -0.80  -0.02  
   0.80  0.60  0.04  
   -0.02  -0.04  1.00  

3  1208.19  -29.91  12.06  
   -0.65  -0.00  -0.76  
   -0.06  -1.00  0.05  
   -0.76  0.08  0.65  

4  1069.78  121.00  -43.31  
   0.61  -0.71  0.34  
   0.79  0.51  -0.34  
   0.07  0.48  0.87  

5  1097.91  365.67  70.99  
   -0.22  -0.81  0.54  
   -0.97  0.17  -0.15  
   0.03  -0.56  -0.83  

6  1101.03  392.01  -204.04  
   0.11  0.26  0.96  
   -0.20  0.95  -0.23  
   -0.97  -0.16  0.15  

7  1059.95  -166.99  -52.24  
   0.40  0.80  0.45  
   -0.92  0.37  0.15  
   -0.05  -0.48  0.88  

8  1035.40  -398.71  89.30  
   -0.05  0.66  0.75  
   0.99  0.12  -0.05  
   -0.12  0.74  -0.66  

9  1100.14  -464.34  -164.31  
   0.34  -0.15  0.93  
   0.05  0.99  0.14  
   -0.94  -0.00  0.34  

2  855.46  -40.18  578.20  
   0.60  -0.80  -0.02  
   0.80  0.60  0.04  
   -0.02  -0.04  1.00  

3  1209.08  -29.02  12.06  
   -0.64  0.00  -0.76  
   -0.06  -1.00  0.04  
   -0.76  0.07  0.64  

4  1069.78  121.44  -42.42  
   0.61  -0.71  0.34  
   0.79  0.51  -0.35  
   0.07  0.48  0.88  

5  1094.33  367.90  69.65  
   -0.24  -0.75  0.61  
   -0.97  0.17  -0.16  
   0.02  -0.63  -0.77  

6  1119.78  389.33  -204.94  
   0.21  0.26  0.94  
   -0.20  0.95  -0.22  
   -0.96  -0.15  0.25  

7  1062.19  -166.54  -53.13  
   0.42  0.79  0.44  
   -0.91  0.40  0.15  
   -0.06  -0.46  0.88  

8  1022.90  -406.75  59.83  
   -0.04  0.52  0.85  
   1.00  0.08  -0.00  
   -0.07  0.85  -0.52  

9  1143.45  -450.95  -175.47  
   0.56  -0.19  0.80  
   0.12  0.98  0.14  
   -0.82  0.02  0.58  

2  855.46  -39.74  578.20  
   0.60  -0.80  -0.02  
   0.80  0.60  0.04  
   -0.02  -0.04  1.00  

4  1071.12  121.00  -42.86  
   0.62  -0.71  0.33  
   0.78  0.52  -0.35  
   0.08  0.47  0.88  

3  1209.53  -28.57  12.95  
   -0.64  0.01  -0.77  
   -0.06  -1.00  0.04  
   -0.77  0.07  0.64  

6  1132.73  385.32  -208.51  
   0.27  0.26  0.93  
   -0.22  0.95  -0.21  
   -0.94  -0.15  0.32  

5  1090.31  367.90  61.17  
   -0.23  -0.73  0.65  
   -0.97  0.16  -0.17  
   0.02  -0.67  -0.74  

7  1063.53  -166.09  -54.47  
   0.44  0.79  0.43  
   -0.90  0.41  0.15  
   -0.06  -0.46  0.89  

9  1164.43  -437.55  -184.84  
   0.64  -0.21  0.73  
   0.18  0.98  0.12  
   -0.74  0.05  0.67  

8  1022.00  -409.43  40.18  
   -0.03  0.46  0.89  
   1.00  0.03  0.02  
   -0.02  0.89  -0.46  

2  855.46  -39.74  578.20  
   0.60  -0.80  -0.02  
   0.80  0.60  0.04  
   -0.02  -0.04  1.00  

4  1070.67  120.55  -42.86  
   0.62  -0.71  0.32  
   0.78  0.52  -0.35  
   0.08  0.47  0.88  

3  1209.97  -28.57  13.84  
   -0.63  0.01  -0.77  
   -0.06  -1.00  0.04  
   -0.77  0.07  0.63  

6  1154.61  383.98  -209.40  
   0.38  0.27  0.89  
   -0.22  0.96  -0.20  
   -0.90  -0.12  0.42  

5  1086.30  368.80  56.70  
   -0.24  -0.67  0.70  
   -0.97  0.15  -0.18  
   0.01  -0.73  -0.69  

7  1064.87  -165.20  -54.92  
   0.44  0.79  0.43  
   -0.89  0.43  0.15  
   -0.07  -0.45  0.89  

8  1018.43  -411.66  22.32  
   -0.03  0.40  0.92  
   1.00  0.00  0.03  
   0.01  0.92  -0.40  

9  1182.29  -433.54  -187.08  
   0.72  -0.24  0.65  
   0.21  0.97  0.13  
   -0.66  0.04  0.75  

2  855.46  -40.18  578.20  
   0.60  -0.80  -0.02  
   0.80  0.60  0.04  
   -0.02  -0.04  1.00  

3  1209.97  -28.57  14.73  
   -0.63  0.01  -0.78  
   -0.06  -1.00  0.04  
   -0.77  0.07  0.63  

4  1071.12  120.10  -43.31  
   0.63  -0.71  0.31  
   0.78  0.53  -0.35  
   0.08  0.46  0.88  

6  1188.99  382.64  -206.28  
   0.52  0.26  0.81  
   -0.22  0.96  -0.18  
   -0.83  -0.09  0.55  

5  1085.40  370.14  45.09  
   -0.25  -0.59  0.77  
   -0.97  0.15  -0.20  
   0.00  -0.79  -0.61  

7  1064.42  -164.75  -54.92  
   0.45  0.79  0.42  
   -0.89  0.43  0.15  
   -0.06  -0.44  0.90  

8  1017.09  -412.55  15.18  
   -0.04  0.32  0.95  
   1.00  -0.00  0.04  
   0.01  0.95  -0.32  

9  1200.60  -433.98  -173.24  
   0.80  -0.26  0.54  
   0.21  0.96  0.15  
   -0.56  -0.00  0.83  

2  855.46  -40.18  578.20  
   0.60  -0.80  -0.02  
   0.80  0.60  0.04  
   -0.02  -0.04  1.00  

4  1072.01  118.76  -43.76  
   0.64  -0.71  0.30  
   0.77  0.54  -0.34  
   0.08  0.45  0.89  

3  1209.97  -29.02  15.63  
   -0.63  0.01  -0.78  
   -0.06  -1.00  0.04  
   -0.78  0.07  0.63  

5  1086.74  370.58  37.50  
   -0.27  -0.51  0.81  
   -0.96  0.15  -0.22  
   -0.01  -0.85  -0.53  

6  1218.46  375.94  -196.90  
   0.62  0.27  0.73  
   -0.23  0.96  -0.15  
   -0.75  -0.08  0.66  

7  1065.76  -165.20  -54.47  
   0.46  0.79  0.42  
   -0.89  0.44  0.15  
   -0.07  -0.44  0.90  

8  1019.32  -413.00  11.16  
   -0.05  0.26  0.96  
   1.00  0.00  0.05  
   0.01  0.96  -0.26  

9  1218.46  -432.64  -160.73  
   0.85  -0.27  0.46  
   0.22  0.96  0.16  
   -0.48  -0.03  0.88  

2  855.46  -39.74  578.20  
   0.60  -0.80  -0.02  
   0.80  0.60  0.04  
   -0.02  -0.04  1.00  

3  1210.42  -30.36  16.97  
   -0.62  0.01  -0.79  
   -0.06  -1.00  0.04  
   -0.78  0.07  0.62  

4  1073.79  117.87  -45.09  
   0.65  -0.70  0.30  
   0.76  0.55  -0.34  
   0.08  0.45  0.89  

5  1087.64  369.24  31.70  
   -0.28  -0.46  0.84  
   -0.96  0.14  -0.24  
   -0.01  -0.88  -0.48  

6  1235.87  370.58  -188.86  
   0.69  0.27  0.67  
   -0.25  0.96  -0.13  
   -0.68  -0.08  0.73  

9  1231.40  -429.96  -151.36  
   0.88  -0.28  0.39  
   0.24  0.96  0.16  
   -0.42  -0.05  0.91  

8  1023.34  -413.89  3.57  
   -0.06  0.22  0.97  
   1.00  -0.00  0.06  
   0.02  0.98  -0.22  

7  1067.10  -165.20  -54.47  
   0.47  0.78  0.41  
   -0.88  0.45  0.14  
   -0.07  -0.43  0.90  

2  855.46  -39.74  578.20  
   0.60  -0.80  -0.02  
   0.80  0.60  0.04  
   -0.02  -0.04  1.00  

6  1249.26  368.35  -179.49  
   0.73  0.27  0.63  
   -0.26  0.96  -0.12  
   -0.63  -0.08  0.77  

5  1088.98  370.14  29.91  
   -0.28  -0.42  0.86  
   -0.96  0.14  -0.25  
   -0.02  -0.90  -0.44  

4  1074.69  117.43  -45.09  
   0.65  -0.70  0.29  
   0.76  0.56  -0.34  
   0.08  0.44  0.89  

3  1211.31  -30.36  17.86  
   -0.62  0.01  -0.79  
   -0.06  -1.00  0.04  
   -0.79  0.07  0.61  

7  1068.44  -166.54  -54.92  
   0.48  0.78  0.41  
   -0.88  0.46  0.14  
   -0.08  -0.43  0.90  

9  1243.91  -429.07  -147.79  
   0.89  -0.29  0.34  
   0.25  0.95  0.16  
   -0.37  -0.06  0.93  

8  1028.70  -416.57  0.00  
   -0.08  0.19  0.98  
   1.00  -0.01  0.08  
   0.02  0.98  -0.19  

2  855.46  -40.18  578.20  
   0.60  -0.80  -0.02  
   0.80  0.60  0.04  
   -0.02  -0.04  1.00  

3  1211.31  -29.91  18.31  
   -0.61  0.01  -0.79  
   -0.06  -1.00  0.03  
   -0.79  0.07  0.61  

4  1075.58  116.98  -45.09  
   0.65  -0.70  0.29  
   0.76  0.56  -0.34  
   0.08  0.44  0.90  

5  1086.30  371.03  24.56  
   -0.28  -0.37  0.88  
   -0.96  0.13  -0.26  
   -0.02  -0.92  -0.39  

6  1263.10  362.99  -169.66  
   0.78  0.28  0.56  
   -0.27  0.96  -0.10  
   -0.57  -0.08  0.82  

8  1033.61  -418.36  -6.25  
   -0.10  0.15  0.98  
   0.99  -0.01  0.10  
   0.03  0.99  -0.15  

7  1069.78  -166.54  -55.36  
   0.49  0.77  0.41  
   -0.87  0.48  0.14  
   -0.08  -0.42  0.90  

9  1255.96  -423.27  -140.64  
   0.91  -0.31  0.29  
   0.27  0.95  0.16  
   -0.32  -0.06  0.95  

2  855.46  -40.18  578.20  
   0.60  -0.80  -0.02  
   0.80  0.60  0.04  
   -0.02  -0.04  1.00  

3  1211.76  -29.91  19.20  
   -0.61  0.01  -0.79  
   -0.06  -1.00  0.03  
   -0.79  0.07  0.61  

4  1076.03  116.98  -44.65  
   0.65  -0.70  0.28  
   0.76  0.56  -0.34  
   0.08  0.44  0.90  

7  1070.67  -166.09  -55.36  
   0.50  0.77  0.40  
   -0.86  0.49  0.14  
   -0.09  -0.42  0.90  

6  1277.39  360.31  -154.48  
   0.83  0.28  0.48  
   -0.28  0.96  -0.08  
   -0.48  -0.07  0.87  

5  1085.85  369.69  20.54  
   -0.28  -0.31  0.91  
   -0.96  0.12  -0.26  
   -0.02  -0.94  -0.33  

8  1037.63  -417.46  -12.95  
   -0.11  0.10  0.99  
   0.99  -0.02  0.11  
   0.03  0.99  -0.09  

9  1268.02  -419.70  -129.48  
   0.93  -0.31  0.21  
   0.29  0.95  0.15  
   -0.24  -0.08  0.97  

2  855.46  -40.18  578.20  
   0.60  -0.80  -0.02  
   0.80  0.60  0.04  
   -0.02  -0.04  1.00  

3  1213.10  -30.36  20.09  
   -0.61  0.01  -0.80  
   -0.06  -1.00  0.03  
   -0.79  0.07  0.60  

4  1077.37  117.43  -45.09  
   0.65  -0.71  0.28  
   0.75  0.56  -0.34  
   0.08  0.43  0.90  

5  1084.96  371.03  16.07  
   -0.28  -0.23  0.93  
   -0.96  0.10  -0.26  
   -0.04  -0.97  -0.25  

6  1296.14  358.97  -131.71  
   0.88  0.28  0.37  
   -0.28  0.96  -0.06  
   -0.37  -0.05  0.93  

7  1072.90  -166.09  -56.70  
   0.51  0.76  0.40  
   -0.85  0.50  0.14  
   -0.09  -0.41  0.91  

9  1277.84  -418.36  -116.98  
   0.94  -0.31  0.13  
   0.29  0.95  0.14  
   -0.17  -0.09  0.98  

8  1040.76  -417.91  -17.86  
   -0.12  0.04  0.99  
   0.99  -0.03  0.12  
   0.04  1.00  -0.04  

2  855.46  -40.18  578.20  
   0.60  -0.80  -0.02  
   0.80  0.60  0.04  
   -0.02  -0.04  1.00  

3  1213.54  -29.91  20.54  
   -0.60  0.02  -0.80  
   -0.06  -1.00  0.03  
   -0.80  0.06  0.60  

4  1078.71  116.98  -45.09  
   0.65  -0.71  0.28  
   0.75  0.56  -0.34  
   0.08  0.43  0.90  

5  1086.30  371.03  12.50  
   -0.28  -0.19  0.94  
   -0.96  0.10  -0.27  
   -0.04  -0.98  -0.21  

6  1305.07  356.74  -116.53  
   0.91  0.29  0.29  
   -0.28  0.96  -0.05  
   -0.29  -0.03  0.96  

7  1074.24  -166.09  -57.60  
   0.52  0.76  0.40  
   -0.85  0.51  0.14  
   -0.10  -0.41  0.91  

8  1042.09  -418.80  -23.22  
   -0.12  -0.01  0.99  
   0.99  -0.04  0.12  
   0.04  1.00  0.01  

9  1285.43  -417.91  -105.82  
   0.95  -0.30  0.06  
   0.29  0.95  0.13  
   -0.09  -0.10  0.99  

2  855.46  -40.18  578.20  
   0.60  -0.80  -0.02  
   0.80  0.60  0.04  
   -0.02  -0.04  1.00  

4  1079.60  118.32  -45.54  
   0.65  -0.71  0.27  
   0.76  0.56  -0.33  
   0.08  0.42  0.90  

3  1214.88  -29.47  20.98  
   -0.60  0.02  -0.80  
   -0.06  -1.00  0.02  
   -0.80  0.06  0.60  

5  1082.28  371.03  0.89  
   -0.26  -0.07  0.96  
   -0.96  0.07  -0.26  
   -0.05  -0.99  -0.09  

6  1318.02  356.29  -85.72  
   0.95  0.27  0.12  
   -0.27  0.96  -0.02  
   -0.12  -0.01  0.99  

8  1046.56  -417.91  -30.81  
   -0.13  -0.10  0.99  
   0.99  -0.05  0.12  
   0.03  0.99  0.11  

9  1297.48  -416.12  -79.92  
   0.95  -0.29  -0.07  
   0.30  0.95  0.13  
   0.03  -0.14  0.99  

7  1076.47  -166.09  -58.49  
   0.53  0.75  0.39  
   -0.84  0.52  0.14  
   -0.10  -0.40  0.91  

4  1082.28  118.76  -46.43  
   0.65  -0.71  0.27  
   0.76  0.57  -0.32  
   0.08  0.42  0.91  

2  855.46  -40.18  578.20  
   0.60  -0.80  -0.02  
   0.80  0.60  0.04  
   -0.02  -0.04  1.00  

3  1217.12  -29.47  21.43  
   -0.59  0.02  -0.81  
   -0.06  -1.00  0.02  
   -0.80  0.07  0.59  

5  1080.05  371.47  -5.36  
   -0.23  0.07  0.97  
   -0.97  0.05  -0.24  
   -0.07  -1.00  0.05  

6  1329.63  362.10  -42.86  
   0.97  0.25  -0.07  
   -0.25  0.97  -0.01  
   0.06  0.03  1.00  

7  1079.15  -166.54  -59.38  
   0.54  0.75  0.39  
   -0.83  0.53  0.14  
   -0.10  -0.40  0.91  

9  1303.73  -419.70  -47.33  
   0.94  -0.26  -0.20  
   0.29  0.95  0.14  
   0.15  -0.19  0.97  

8  1050.58  -418.36  -33.93  
   -0.13  -0.21  0.97  
   0.99  -0.04  0.12  
   0.01  0.98  0.21  

2  855.46  -40.18  578.20  
   0.60  -0.80  -0.02  
   0.80  0.60  0.04  
   -0.02  -0.04  1.00  

3  1218.46  -28.57  21.43  
   -0.59  0.02  -0.81  
   -0.06  -1.00  0.02  
   -0.81  0.07  0.59  

4  1084.96  120.55  -47.33  
   0.64  -0.71  0.28  
   0.76  0.56  -0.32  
   0.07  0.42  0.91  

5  1081.39  373.71  -5.80  
   -0.21  0.17  0.96  
   -0.97  0.07  -0.23  
   -0.10  -0.98  0.15  

6  1333.20  365.67  -2.68  
   0.95  0.23  -0.21  
   -0.24  0.97  -0.03  
   0.20  0.08  0.98  

9  1306.41  -422.82  -10.72  
   0.91  -0.23  -0.34  
   0.29  0.94  0.16  
   0.28  -0.25  0.93  

8  1053.70  -419.25  -34.83  
   -0.12  -0.33  0.94  
   0.99  -0.03  0.12  
   -0.02  0.94  0.33  

7  1082.28  -167.43  -59.83  
   0.55  0.74  0.38  
   -0.83  0.54  0.15  
   -0.10  -0.40  0.91  

2  855.46  -40.18  578.20  
   0.60  -0.80  -0.02  
   0.80  0.60  0.04  
   -0.02  -0.04  1.00  

3  1220.69  -28.13  22.77  
   -0.58  0.02  -0.81  
   -0.07  -1.00  0.02  
   -0.81  0.07  0.58  

5  1082.28  371.03  -6.70  
   -0.19  0.30  0.94  
   -0.97  0.07  -0.22  
   -0.14  -0.95  0.27  

4  1088.98  121.00  -49.56  
   0.64  -0.71  0.29  
   0.76  0.56  -0.31  
   0.06  0.42  0.90  

6  1332.76  365.67  37.06  
   0.91  0.20  -0.37  
   -0.24  0.97  -0.05  
   0.35  0.13  0.93  

7  1085.85  -169.22  -60.72  
   0.56  0.73  0.38  
   -0.82  0.55  0.15  
   -0.10  -0.40  0.91  

8  1059.06  -420.59  -36.61  
   -0.12  -0.44  0.89  
   0.99  -0.01  0.12  
   -0.04  0.90  0.44  

9  1303.73  -425.95  24.11  
   0.86  -0.18  -0.47  
   0.30  0.94  0.18  
   0.41  -0.30  0.86  

2  855.46  -40.18  578.20  
   0.60  -0.80  -0.02  
   0.80  0.60  0.04  
   -0.02  -0.04  1.00  

6  1326.95  366.12  75.90  
   0.85  0.18  -0.49  
   -0.24  0.97  -0.07  
   0.46  0.18  0.87  

5  1082.28  371.03  -6.25  
   -0.16  0.40  0.90  
   -0.97  0.09  -0.21  
   -0.17  -0.91  0.37  

3  1222.47  -29.02  23.22  
   -0.57  0.02  -0.82  
   -0.07  -1.00  0.03  
   -0.82  0.07  0.57  

4  1092.10  121.89  -50.45  
   0.64  -0.71  0.29  
   0.77  0.56  -0.31  
   0.06  0.42  0.90  

8  1058.61  -422.82  -37.50  
   -0.10  -0.53  0.84  
   0.99  0.01  0.12  
   -0.07  0.85  0.52  

7  1088.98  -170.11  -61.17  
   0.57  0.73  0.37  
   -0.82  0.55  0.16  
   -0.09  -0.40  0.91  

9  1298.38  -427.29  55.81  
   0.81  -0.14  -0.56  
   0.30  0.93  0.21  
   0.50  -0.34  0.80  

2  855.46  -39.74  578.64  
   0.60  -0.80  -0.02  
   0.80  0.60  0.04  
   -0.02  -0.04  1.00  

3  1223.81  -29.91  23.22  
   -0.57  0.02  -0.82  
   -0.07  -1.00  0.03  
   -0.82  0.07  0.57  

4  1094.78  121.89  -52.69  
   0.64  -0.71  0.30  
   0.77  0.56  -0.30  
   0.05  0.42  0.91  

5  1081.39  371.47  -11.16  
   -0.13  0.46  0.88  
   -0.97  0.10  -0.20  
   -0.18  -0.88  0.43  

6  1321.59  371.47  92.87  
   0.82  0.15  -0.55  
   -0.25  0.96  -0.11  
   0.51  0.23  0.83  

7  1091.21  -171.00  -62.51  
   0.57  0.73  0.37  
   -0.81  0.56  0.16  
   -0.09  -0.40  0.91  

8  1058.61  -419.70  -41.52  
   -0.07  -0.62  0.78  
   0.99  0.03  0.11  
   -0.09  0.78  0.61  

9  1284.98  -430.41  82.60  
   0.75  -0.07  -0.66  
   0.30  0.92  0.24  
   0.59  -0.38  0.71  

2  855.46  -39.74  578.20  
   0.60  -0.80  -0.02  
   0.80  0.60  0.04  
   -0.02  -0.04  1.00  

3  1224.26  -29.02  23.66  
   -0.57  0.02  -0.82  
   -0.07  -1.00  0.03  
   -0.82  0.08  0.57  

4  1096.57  121.89  -54.92  
   0.63  -0.71  0.30  
   0.77  0.56  -0.29  
   0.04  0.42  0.91  

6  1310.43  375.94  105.37  
   0.78  0.12  -0.62  
   -0.24  0.96  -0.11  
   0.58  0.23  0.78  

5  1077.37  369.69  -18.75  
   -0.09  0.52  0.85  
   -0.98  0.10  -0.17  
   -0.17  -0.85  0.50  

8  1053.26  -419.70  -43.76  
   -0.03  -0.68  0.74  
   0.99  0.06  0.10  
   -0.11  0.73  0.67  

9  1268.02  -435.32  101.35  
   0.70  -0.01  -0.71  
   0.29  0.92  0.28  
   0.65  -0.40  0.65  

7  1092.55  -171.00  -63.40  
   0.57  0.73  0.38  
   -0.81  0.56  0.16  
   -0.10  -0.40  0.91  

2  855.46  -40.18  578.20  
   0.60  -0.80  -0.02  
   0.80  0.60  0.04  
   -0.02  -0.04  1.00  

6  1301.95  378.17  112.51  
   0.75  0.09  -0.66  
   -0.23  0.97  -0.12  
   0.62  0.24  0.74  

3  1224.71  -29.47  24.56  
   -0.56  0.02  -0.83  
   -0.08  -1.00  0.03  
   -0.82  0.08  0.56  

5  1075.13  368.80  -24.56  
   -0.06  0.56  0.82  
   -0.98  0.11  -0.15  
   -0.17  -0.82  0.55  

4  1099.24  121.89  -58.49  
   0.63  -0.72  0.30  
   0.78  0.56  -0.28  
   0.03  0.41  0.91  

8  1050.13  -418.36  -43.31  
   -0.00  -0.72  0.70  
   0.99  0.09  0.10  
   -0.13  0.69  0.71  

7  1093.89  -170.11  -64.29  
   0.57  0.73  0.37  
   -0.82  0.56  0.16  
   -0.09  -0.40  0.91  

9  1255.96  -437.11  115.64  
   0.67  0.04  -0.74  
   0.29  0.91  0.31  
   0.69  -0.42  0.59  

4  1101.92  120.55  -62.95  
   0.63  -0.72  0.31  
   0.78  0.57  -0.27  
   0.02  0.41  0.91  

2  855.46  -40.18  578.20  
   0.60  -0.80  -0.02  
   0.80  0.60  0.04  
   -0.02  -0.04  1.00  

3  1225.60  -29.02  24.56  
   -0.56  0.02  -0.83  
   -0.08  -1.00  0.03  
   -0.82  0.08  0.56  

6  1290.79  379.07  122.78  
   0.71  0.06  -0.70  
   -0.22  0.96  -0.14  
   0.67  0.25  0.70  

5  1071.12  367.46  -30.36  
   -0.02  0.61  0.79  
   -0.98  0.12  -0.12  
   -0.17  -0.78  0.60  

9  1248.37  -433.98  124.12  
   0.62  0.06  -0.78  
   0.30  0.90  0.31  
   0.72  -0.43  0.54  

8  1051.47  -416.57  -45.99  
   0.01  -0.76  0.65  
   0.99  0.10  0.10  
   -0.14  0.64  0.75  

7  1097.01  -170.56  -65.19  
   0.58  0.73  0.37  
   -0.81  0.56  0.16  
   -0.09  -0.40  0.91  

2  855.46  -40.18  578.20  
   0.60  -0.80  -0.02  
   0.80  0.60  0.04  
   -0.02  -0.04  1.00  

3  1226.05  -28.57  25.00  
   -0.56  0.03  -0.83  
   -0.09  -1.00  0.03  
   -0.83  0.09  0.56  

6  1274.27  384.42  134.84  
   0.66  0.01  -0.75  
   -0.21  0.96  -0.17  
   0.72  0.27  0.64  

5  1067.10  364.33  -36.61  
   0.02  0.66  0.75  
   -0.98  0.15  -0.10  
   -0.18  -0.74  0.65  

4  1105.05  120.10  -65.63  
   0.62  -0.72  0.30  
   0.78  0.56  -0.26  
   0.02  0.40  0.92  

7  1099.69  -171.45  -66.97  
   0.58  0.72  0.37  
   -0.81  0.56  0.17  
   -0.09  -0.40  0.91  

8  1050.58  -416.12  -47.33  
   0.04  -0.80  0.60  
   0.99  0.13  0.10  
   -0.15  0.59  0.79  

9  1235.42  -435.32  136.62  
   0.57  0.11  -0.81  
   0.31  0.89  0.34  
   0.76  -0.44  0.48  

2  855.46  -40.18  578.64  
   0.60  -0.80  -0.02  
   0.80  0.60  0.04  
   -0.02  -0.04  1.00  

3  1226.94  -28.13  25.90  
   -0.56  0.03  -0.83  
   -0.09  -1.00  0.03  
   -0.83  0.09  0.56  

4  1109.51  120.10  -69.65  
   0.61  -0.73  0.30  
   0.79  0.56  -0.25  
   0.02  0.39  0.92  

5  1058.61  361.65  -41.97  
   0.10  0.72  0.69  
   -0.98  0.20  -0.07  
   -0.19  -0.67  0.72  

6  1249.71  387.55  151.80  
   0.59  -0.06  -0.80  
   -0.20  0.96  -0.21  
   0.78  0.28  0.55  

9  1208.63  -441.13  153.59  
   0.53  0.21  -0.82  
   0.30  0.86  0.41  
   0.80  -0.46  0.39  

8  1039.86  -413.00  -47.77  
   0.12  -0.83  0.54  
   0.98  0.19  0.09  
   -0.18  0.52  0.84  

7  1102.82  -172.34  -67.42  
   0.58  0.73  0.36  
   -0.81  0.55  0.18  
   -0.07  -0.40  0.91  

2  855.46  -40.18  578.20  
   0.60  -0.80  -0.02  
   0.80  0.60  0.04  
   -0.02  -0.04  1.00  

3  1226.49  -28.13  26.34  
   -0.55  0.03  -0.83  
   -0.09  -1.00  0.02  
   -0.83  0.09  0.55  

4  1113.09  119.66  -72.33  
   0.60  -0.74  0.29  
   0.80  0.55  -0.25  
   0.03  0.38  0.92  

5  1049.24  357.19  -48.22  
   0.17  0.75  0.64  
   -0.97  0.25  -0.03  
   -0.18  -0.61  0.77  

6  1226.49  394.69  160.73  
   0.53  -0.13  -0.84  
   -0.17  0.95  -0.25  
   0.83  0.27  0.49  

8  1031.83  -407.19  -50.01  
   0.18  -0.86  0.48  
   0.97  0.25  0.07  
   -0.18  0.45  0.87  

7  1104.16  -172.79  -68.76  
   0.57  0.73  0.36  
   -0.82  0.54  0.19  
   -0.06  -0.40  0.91  

9  1182.29  -444.25  166.99  
   0.48  0.30  -0.83  
   0.27  0.84  0.47  
   0.83  -0.45  0.32  

2  855.46  -40.18  578.20  
   0.60  -0.80  -0.02  
   0.80  0.60  0.04  
   -0.02  -0.04  1.00  

5  1044.77  351.83  -61.17  
   0.22  0.77  0.60  
   -0.97  0.26  0.01  
   -0.15  -0.59  0.80  

3  1226.05  -28.13  27.68  
   -0.55  0.03  -0.83  
   -0.10  -0.99  0.02  
   -0.83  0.09  0.55  

4  1116.21  118.32  -76.35  
   0.60  -0.75  0.28  
   0.80  0.55  -0.24  
   0.02  0.37  0.93  

6  1211.31  402.28  154.48  
   0.50  -0.17  -0.85  
   -0.12  0.96  -0.26  
   0.86  0.23  0.46  

9  1167.56  -445.59  173.24  
   0.44  0.36  -0.82  
   0.26  0.82  0.50  
   0.86  -0.44  0.27  

8  1027.81  -405.41  -52.24  
   0.23  -0.87  0.44  
   0.96  0.28  0.07  
   -0.18  0.41  0.89  

7  1106.83  -171.90  -68.76  
   0.58  0.74  0.35  
   -0.82  0.54  0.21  
   -0.04  -0.41  0.91  

2  855.46  -40.18  578.20  
   0.60  -0.80  -0.02  
   0.80  0.60  0.04  
   -0.02  -0.04  1.00  

3  1226.05  -28.13  29.02  
   -0.55  0.04  -0.84  
   -0.10  -0.99  0.02  
   -0.83  0.10  0.55  

4  1118.89  117.43  -79.92  
   0.59  -0.76  0.28  
   0.81  0.54  -0.23  
   0.02  0.36  0.93  

5  1042.99  349.15  -68.31  
   0.25  0.78  0.58  
   -0.96  0.28  0.04  
   -0.14  -0.56  0.81  

6  1198.36  405.85  155.38  
   0.46  -0.19  -0.87  
   -0.09  0.96  -0.26  
   0.88  0.20  0.42  

7  1109.07  -173.68  -70.99  
   0.58  0.74  0.35  
   -0.82  0.54  0.21  
   -0.03  -0.41  0.91  

8  1027.36  -404.07  -58.04  
   0.26  -0.88  0.40  
   0.95  0.31  0.06  
   -0.18  0.36  0.91  

9  1155.06  -449.61  176.36  
   0.39  0.41  -0.82  
   0.25  0.81  0.53  
   0.89  -0.41  0.21  

2  855.46  -40.18  578.20  
   0.60  -0.80  -0.02  
   0.80  0.60  0.04  
   -0.02  -0.04  1.00  

7  1111.75  -173.68  -73.22  
   0.58  0.74  0.34  
   -0.82  0.53  0.22  
   -0.02  -0.41  0.91  

3  1225.60  -28.13  29.91  
   -0.55  0.04  -0.84  
   -0.11  -0.99  0.02  
   -0.83  0.10  0.55  

5  1037.18  344.69  -75.90  
   0.30  0.79  0.53  
   -0.95  0.31  0.07  
   -0.11  -0.52  0.84  

6  1179.17  413.00  155.82  
   0.40  -0.21  -0.89  
   -0.04  0.97  -0.25  
   0.92  0.14  0.38  

4  1121.12  116.09  -82.60  
   0.58  -0.77  0.27  
   0.81  0.54  -0.23  
   0.03  0.35  0.94  

8  1017.98  -398.71  -62.95  
   0.33  -0.88  0.35  
   0.93  0.36  0.05  
   -0.17  0.31  0.94  

9  1128.27  -451.40  179.93  
   0.34  0.48  -0.81  
   0.23  0.79  0.57  
   0.91  -0.38  0.16  

2  855.46  -39.74  578.20  
   0.60  -0.80  -0.02  
   0.80  0.60  0.04  
   -0.02  -0.04  1.00  

5  1030.93  342.01  -77.69  
   0.34  0.79  0.51  
   -0.94  0.34  0.09  
   -0.11  -0.51  0.86  

6  1166.22  417.46  159.39  
   0.37  -0.24  -0.90  
   -0.02  0.96  -0.27  
   0.93  0.11  0.35  

4  1122.02  116.09  -83.94  
   0.58  -0.77  0.27  
   0.81  0.53  -0.23  
   0.03  0.35  0.94  

3  1225.15  -27.68  30.36  
   -0.55  0.04  -0.84  
   -0.11  -0.99  0.02  
   -0.83  0.10  0.55  

8  1012.63  -396.48  -63.85  
   0.37  -0.88  0.31  
   0.91  0.40  0.05  
   -0.17  0.27  0.95  

9  1113.09  -448.27  186.18  
   0.31  0.52  -0.80  
   0.23  0.77  0.59  
   0.92  -0.37  0.12  

7  1112.19  -174.13  -73.67  
   0.57  0.75  0.34  
   -0.82  0.53  0.22  
   -0.01  -0.41  0.91  

2  855.46  -40.18  578.20  
   0.60  -0.80  -0.02  
   0.80  0.60  0.04  
   -0.02  -0.04  1.00  

3  1224.71  -28.13  30.36  
   -0.55  0.04  -0.84  
   -0.11  -0.99  0.02  
   -0.83  0.11  0.55  

4  1122.02  114.75  -84.39  
   0.57  -0.77  0.27  
   0.82  0.53  -0.23  
   0.03  0.35  0.94  

5  1026.91  337.10  -82.15  
   0.37  0.79  0.49  
   -0.92  0.37  0.11  
   -0.10  -0.49  0.87  

6  1153.27  418.36  158.50  
   0.34  -0.26  -0.90  
   0.01  0.96  -0.27  
   0.94  0.09  0.33  

8  1011.29  -392.91  -66.53  
   0.40  -0.87  0.29  
   0.90  0.43  0.05  
   -0.16  0.24  0.96  

7  1113.53  -173.68  -74.12  
   0.57  0.75  0.34  
   -0.82  0.52  0.23  
   -0.01  -0.41  0.91  

9  1104.16  -447.82  184.84  
   0.29  0.55  -0.78  
   0.22  0.75  0.62  
   0.93  -0.35  0.10  

2  855.46  -39.74  578.20  
   0.60  -0.80  -0.02  
   0.80  0.60  0.04  
   -0.02  -0.04  1.00  

3  1224.71  -28.57  30.36  
   -0.54  0.04  -0.84  
   -0.11  -0.99  0.03  
   -0.83  0.11  0.55  

4  1123.35  114.75  -84.39  
   0.57  -0.78  0.26  
   0.82  0.52  -0.23  
   0.04  0.35  0.94  

6  1142.11  420.59  160.29  
   0.32  -0.28  -0.90  
   0.03  0.96  -0.29  
   0.95  0.07  0.32  

5  1022.45  334.86  -83.05  
   0.40  0.79  0.47  
   -0.91  0.39  0.12  
   -0.09  -0.47  0.88  

8  1007.27  -392.01  -66.53  
   0.42  -0.86  0.27  
   0.89  0.45  0.04  
   -0.16  0.22  0.96  

7  1115.32  -174.58  -74.12  
   0.57  0.75  0.33  
   -0.82  0.52  0.23  
   0.00  -0.40  0.92  

9  1095.67  -449.16  187.08  
   0.28  0.58  -0.77  
   0.22  0.74  0.64  
   0.93  -0.35  0.08  

3  1224.71  -29.47  30.81  
   -0.54  0.04  -0.84  
   -0.11  -0.99  0.03  
   -0.83  0.11  0.54  

2  855.46  -40.18  578.20  
   0.60  -0.80  -0.02  
   0.80  0.60  0.04  
   -0.02  -0.04  1.00  

5  1022.00  335.31  -78.13  
   0.40  0.78  0.49  
   -0.91  0.39  0.12  
   -0.10  -0.49  0.87  

4  1122.91  115.19  -83.49  
   0.56  -0.78  0.26  
   0.82  0.52  -0.23  
   0.04  0.35  0.94  

6  1147.02  420.59  161.18  
   0.35  -0.28  -0.90  
   0.03  0.96  -0.29  
   0.94  0.07  0.34  

9  1097.46  -438.45  207.17  
   0.34  0.58  -0.74  
   0.25  0.71  0.66  
   0.91  -0.41  0.10  

8  998.79  -390.67  -44.20  
   0.44  -0.84  0.32  
   0.87  0.49  0.08  
   -0.23  0.24  0.94  

7  1115.32  -177.25  -71.44  
   0.55  0.76  0.33  
   -0.83  0.50  0.24  
   0.02  -0.41  0.91  

2  855.46  -39.74  578.20  
   0.60  -0.80  -0.02  
   0.80  0.60  0.04  
   -0.02  -0.04  1.00  

4  1123.35  114.30  -84.39  
   0.57  -0.78  0.27  
   0.82  0.52  -0.22  
   0.03  0.35  0.94  

3  1226.05  -29.91  31.70  
   -0.54  0.03  -0.84  
   -0.13  -0.99  0.04  
   -0.83  0.13  0.54  

5  1023.34  333.97  -80.81  
   0.39  0.77  0.50  
   -0.92  0.38  0.12  
   -0.10  -0.51  0.86  

6  1153.72  423.71  154.93  
   0.37  -0.27  -0.89  
   0.05  0.96  -0.27  
   0.93  0.06  0.37  

8  995.21  -389.33  -26.79  
   0.45  -0.83  0.33  
   0.85  0.51  0.12  
   -0.27  0.22  0.94  

7  1114.87  -180.38  -66.53  
   0.55  0.77  0.32  
   -0.84  0.48  0.26  
   0.05  -0.41  0.91  

9  1094.78  -432.20  225.47  
   0.35  0.58  -0.74  
   0.26  0.70  0.67  
   0.90  -0.43  0.09  

2  855.46  -40.18  578.20  
   0.60  -0.80  -0.02  
   0.80  0.60  0.04  
   -0.02  -0.04  1.00  

3  1225.60  -31.70  31.25  
   -0.54  0.03  -0.84  
   -0.13  -0.99  0.05  
   -0.83  0.13  0.54  

5  1022.90  331.29  -82.60  
   0.39  0.78  0.49  
   -0.91  0.39  0.12  
   -0.09  -0.50  0.86  

6  1150.59  422.37  154.48  
   0.36  -0.27  -0.89  
   0.05  0.96  -0.27  
   0.93  0.05  0.36  

4  1122.91  112.96  -84.83  
   0.57  -0.78  0.27  
   0.82  0.52  -0.22  
   0.03  0.35  0.94  

7  1114.43  -182.17  -65.63  
   0.54  0.77  0.32  
   -0.84  0.48  0.26  
   0.05  -0.42  0.91  

8  994.32  -392.01  -33.04  
   0.47  -0.83  0.30  
   0.85  0.52  0.11  
   -0.25  0.20  0.95  

9  1085.85  -437.11  223.69  
   0.33  0.60  -0.73  
   0.25  0.69  0.68  
   0.91  -0.40  0.08  

2  855.46  -40.18  578.64  
   0.60  -0.80  -0.02  
   0.80  0.60  0.04  
   -0.02  -0.04  1.00  

5  1021.11  331.74  -80.81  
   0.40  0.77  0.49  
   -0.91  0.40  0.12  
   -0.10  -0.49  0.86  

4  1123.35  112.51  -84.83  
   0.57  -0.78  0.27  
   0.82  0.52  -0.22  
   0.03  0.35  0.94  

3  1225.60  -31.70  31.25  
   -0.54  0.03  -0.84  
   -0.13  -0.99  0.05  
   -0.83  0.14  0.54  

6  1146.57  421.48  158.50  
   0.35  -0.28  -0.89  
   0.05  0.96  -0.28  
   0.93  0.06  0.35  

8  993.43  -391.57  -31.25  
   0.47  -0.83  0.30  
   0.84  0.52  0.12  
   -0.25  0.20  0.95  

9  1086.30  -435.32  224.58  
   0.33  0.60  -0.73  
   0.25  0.69  0.68  
   0.91  -0.41  0.07  

7  1114.43  -182.61  -66.08  
   0.54  0.77  0.33  
   -0.84  0.48  0.26  
   0.05  -0.42  0.91  

2  855.46  -40.18  578.20  
   0.60  -0.80  -0.02  
   0.80  0.60  0.04  
   -0.02  -0.04  1.00  

3  1225.60  -31.70  31.70  
   -0.54  0.03  -0.84  
   -0.13  -0.99  0.05  
   -0.83  0.14  0.54  

6  1147.02  422.37  158.06  
   0.36  -0.28  -0.89  
   0.05  0.96  -0.28  
   0.93  0.06  0.35  

4  1123.35  112.51  -84.39  
   0.57  -0.78  0.27  
   0.82  0.52  -0.22  
   0.03  0.35  0.94  

5  1021.11  332.18  -80.37  
   0.40  0.77  0.49  
   -0.91  0.40  0.12  
   -0.10  -0.49  0.86  

8  994.32  -390.67  -30.36  
   0.47  -0.83  0.31  
   0.85  0.52  0.12  
   -0.26  0.21  0.94  

9  1090.31  -434.43  224.14  
   0.34  0.60  -0.73  
   0.25  0.69  0.68  
   0.91  -0.41  0.08  

7  1114.87  -182.17  -66.08  
   0.54  0.77  0.32  
   -0.84  0.48  0.26  
   0.05  -0.41  0.91  

2  855.46  -40.18  578.64  
   0.60  -0.80  -0.02  
   0.80  0.60  0.04  
   -0.02  -0.04  1.00  

3  1226.49  -31.25  31.25  
   -0.54  0.03  -0.84  
   -0.13  -0.99  0.05  
   -0.83  0.14  0.54  

4  1122.91  112.07  -84.83  
   0.56  -0.78  0.27  
   0.83  0.52  -0.21  
   0.02  0.34  0.94  

5  1020.22  331.74  -80.81  
   0.40  0.77  0.49  
   -0.91  0.40  0.13  
   -0.10  -0.50  0.86  

6  1148.80  423.71  155.38  
   0.37  -0.28  -0.89  
   0.06  0.96  -0.28  
   0.93  0.05  0.37  

9  1094.78  -433.09  228.15  
   0.35  0.59  -0.73  
   0.26  0.69  0.67  
   0.90  -0.42  0.09  

8  996.55  -392.01  -26.34  
   0.46  -0.83  0.32  
   0.85  0.52  0.13  
   -0.27  0.21  0.94  

7  1115.76  -182.61  -65.63  
   0.55  0.77  0.32  
   -0.84  0.48  0.27  
   0.05  -0.42  0.91  

2  855.46  -39.74  578.20  
   0.60  -0.80  -0.02  
   0.80  0.60  0.04  
   -0.02  -0.04  1.00  

4  1120.68  110.28  -87.06  
   0.56  -0.78  0.28  
   0.83  0.53  -0.19  
   0.00  0.34  0.94  

3  1226.05  -30.81  31.25  
   -0.54  0.05  -0.84  
   -0.15  -0.99  0.04  
   -0.83  0.15  0.54  

5  1017.98  330.40  -84.39  
   0.40  0.76  0.52  
   -0.91  0.39  0.14  
   -0.10  -0.53  0.84  

8  999.68  -394.69  -15.18  
   0.44  -0.83  0.33  
   0.85  0.51  0.15  
   -0.30  0.22  0.93  

9  1102.37  -430.86  237.08  
   0.36  0.57  -0.74  
   0.27  0.69  0.67  
   0.89  -0.44  0.09  

7  1116.66  -184.84  -62.95  
   0.55  0.77  0.33  
   -0.83  0.48  0.29  
   0.06  -0.43  0.90  

6  1153.27  425.05  146.45  
   0.40  -0.28  -0.88  
   0.07  0.96  -0.27  
   0.91  0.04  0.40  

2  855.46  -40.18  578.20  
   0.60  -0.80  -0.02  
   0.80  0.60  0.04  
   -0.02  -0.04  1.00  

4  1119.34  109.84  -87.06  
   0.56  -0.78  0.28  
   0.83  0.53  -0.19  
   -0.00  0.34  0.94  

3  1226.05  -29.91  31.25  
   -0.54  0.05  -0.84  
   -0.16  -0.99  0.04  
   -0.83  0.15  0.54  

7  1116.21  -185.29  -62.06  
   0.56  0.76  0.33  
   -0.83  0.48  0.29  
   0.06  -0.43  0.90  

6  1160.41  425.05  142.43  
   0.42  -0.25  -0.87  
   0.08  0.97  -0.25  
   0.90  0.04  0.43  

5  1018.88  331.29  -84.39  
   0.38  0.75  0.54  
   -0.92  0.37  0.13  
   -0.10  -0.55  0.83  

8  1000.57  -395.59  -12.95  
   0.43  -0.83  0.35  
   0.85  0.50  0.16  
   -0.30  0.23  0.93  

9  1106.39  -430.41  238.42  
   0.37  0.56  -0.74  
   0.28  0.70  0.66  
   0.89  -0.45  0.11  

2  855.46  -39.74  578.20  
   0.60  -0.80  -0.02  
   0.80  0.60  0.04  
   -0.02  -0.04  1.00  

4  1119.78  110.73  -87.06  
   0.56  -0.78  0.28  
   0.82  0.53  -0.19  
   -0.00  0.34  0.94  

3  1226.05  -29.91  30.81  
   -0.54  0.05  -0.84  
   -0.16  -0.99  0.04  
   -0.83  0.15  0.54  

5  1020.66  333.08  -79.92  
   0.38  0.75  0.54  
   -0.92  0.37  0.12  
   -0.11  -0.55  0.83  

6  1163.54  423.71  146.45  
   0.43  -0.25  -0.87  
   0.06  0.97  -0.25  
   0.90  0.05  0.43  

7  1115.76  -184.84  -62.51  
   0.55  0.76  0.33  
   -0.83  0.48  0.28  
   0.06  -0.43  0.90  

8  998.79  -393.80  -13.84  
   0.43  -0.83  0.35  
   0.85  0.51  0.15  
   -0.30  0.23  0.93  

9  1105.94  -430.41  237.53  
   0.38  0.56  -0.74  
   0.27  0.70  0.66  
   0.89  -0.45  0.11  

2  855.46  -40.18  578.20  
   0.60  -0.80  -0.02  
   0.80  0.60  0.04  
   -0.02  -0.04  1.00  

4  1119.34  111.62  -85.72  
   0.57  -0.77  0.28  
   0.82  0.53  -0.19  
   0.00  0.34  0.94  

3  1226.05  -30.36  31.25  
   -0.54  0.05  -0.84  
   -0.15  -0.99  0.04  
   -0.83  0.15  0.54  

5  1018.88  336.20  -67.87  
   0.37  0.73  0.58  
   -0.92  0.38  0.10  
   -0.14  -0.57  0.81  

6  1173.36  421.48  151.80  
   0.48  -0.25  -0.84  
   0.04  0.96  -0.26  
   0.88  0.09  0.47  

7  1115.32  -183.95  -64.29  
   0.55  0.76  0.33  
   -0.83  0.48  0.27  
   0.05  -0.42  0.90  

8  997.00  -391.12  -10.72  
   0.42  -0.81  0.41  
   0.86  0.50  0.13  
   -0.31  0.30  0.90  

9  1123.80  -432.64  228.60  
   0.46  0.52  -0.72  
   0.25  0.71  0.66  
   0.85  -0.48  0.19  

2  855.46  -40.18  578.20  
   0.60  -0.80  -0.02  
   0.80  0.60  0.04  
   -0.02  -0.04  1.00  

3  1226.05  -29.02  30.81  
   -0.54  0.05  -0.84  
   -0.15  -0.99  0.04  
   -0.83  0.14  0.54  

5  1016.64  337.10  -58.49  
   0.35  0.69  0.63  
   -0.92  0.37  0.10  
   -0.16  -0.62  0.77  

4  1118.89  112.96  -84.83  
   0.57  -0.77  0.28  
   0.82  0.53  -0.20  
   0.00  0.35  0.94  

6  1185.42  419.70  146.00  
   0.56  -0.26  -0.79  
   0.03  0.95  -0.30  
   0.83  0.15  0.54  

7  1115.32  -182.17  -65.63  
   0.55  0.76  0.33  
   -0.83  0.49  0.26  
   0.04  -0.42  0.91  

9  1139.43  -432.64  220.56  
   0.54  0.46  -0.70  
   0.24  0.72  0.65  
   0.80  -0.53  0.28  

8  994.77  -389.78  -6.70  
   0.39  -0.79  0.47  
   0.86  0.50  0.11  
   -0.32  0.36  0.87  

2  855.46  -40.18  578.20  
   0.60  -0.80  -0.02  
   0.80  0.60  0.04  
   -0.02  -0.04  1.00  

5  1017.09  338.88  -50.45  
   0.32  0.65  0.69  
   -0.93  0.36  0.09  
   -0.19  -0.67  0.72  

3  1225.60  -28.57  30.81  
   -0.54  0.05  -0.84  
   -0.15  -0.99  0.03  
   -0.83  0.14  0.54  

4  1117.55  113.85  -83.94  
   0.57  -0.77  0.29  
   0.82  0.53  -0.20  
   0.00  0.35  0.94  

6  1202.38  420.14  138.41  
   0.64  -0.24  -0.73  
   0.02  0.95  -0.31  
   0.77  0.19  0.62  

7  1113.98  -181.72  -66.53  
   0.55  0.76  0.34  
   -0.83  0.49  0.25  
   0.02  -0.42  0.91  

9  1154.16  -435.77  211.63  
   0.63  0.41  -0.66  
   0.22  0.72  0.66  
   0.75  -0.56  0.36  

8  992.09  -388.44  1.79  
   0.37  -0.75  0.54  
   0.86  0.49  0.09  
   -0.34  0.43  0.83  

2  855.46  -39.74  578.20  
   0.60  -0.80  -0.02  
   0.80  0.60  0.04  
   -0.02  -0.04  1.00  

4  1116.66  115.64  -83.49  
   0.58  -0.76  0.29  
   0.82  0.54  -0.21  
   0.00  0.36  0.93  

3  1225.15  -28.13  30.36  
   -0.54  0.05  -0.84  
   -0.14  -0.99  0.03  
   -0.83  0.14  0.54  

5  1017.09  341.56  -41.08  
   0.29  0.60  0.74  
   -0.93  0.35  0.09  
   -0.20  -0.72  0.67  

6  1215.78  421.48  130.37  
   0.71  -0.21  -0.67  
   0.01  0.96  -0.29  
   0.70  0.20  0.68  

7  1112.64  -180.83  -67.42  
   0.55  0.76  0.34  
   -0.84  0.49  0.24  
   0.02  -0.42  0.91  

8  991.20  -387.99  7.14  
   0.35  -0.72  0.60  
   0.87  0.48  0.08  
   -0.35  0.49  0.80  

9  1169.34  -434.88  202.26  
   0.69  0.35  -0.63  
   0.21  0.73  0.64  
   0.69  -0.58  0.43  

3  1223.81  -27.24  29.91  
   -0.54  0.05  -0.84  
   -0.14  -0.99  0.03  
   -0.83  0.13  0.54  

2  855.46  -39.74  578.20  
   0.60  -0.80  -0.02  
   0.80  0.60  0.04  
   -0.02  -0.04  1.00  

4  1113.98  116.98  -81.26  
   0.58  -0.76  0.30  
   0.81  0.54  -0.21  
   -0.00  0.36  0.93  

6  1226.05  419.25  124.57  
   0.76  -0.15  -0.63  
   0.00  0.97  -0.22  
   0.65  0.17  0.74  

5  1016.20  343.79  -31.25  
   0.27  0.56  0.79  
   -0.94  0.34  0.08  
   -0.23  -0.76  0.61  

8  991.20  -388.89  17.86  
   0.31  -0.66  0.68  
   0.88  0.47  0.06  
   -0.36  0.58  0.73  

7  1109.96  -179.93  -67.87  
   0.55  0.76  0.35  
   -0.84  0.50  0.23  
   0.00  -0.42  0.91  

9  1190.77  -438.45  184.84  
   0.77  0.25  -0.59  
   0.19  0.79  0.59  
   0.61  -0.56  0.56  

2  855.46  -39.74  578.20  
   0.60  -0.80  -0.02  
   0.80  0.60  0.04  
   -0.02  -0.04  1.00  

4  1113.09  116.53  -80.81  
   0.58  -0.76  0.30  
   0.81  0.54  -0.21  
   -0.00  0.37  0.93  

3  1223.81  -27.24  29.91  
   -0.54  0.06  -0.84  
   -0.14  -0.99  0.02  
   -0.83  0.13  0.55  

8  997.89  -389.33  23.22  
   0.27  -0.61  0.74  
   0.90  0.44  0.04  
   -0.35  0.66  0.67  

7  1109.51  -179.93  -68.76  
   0.55  0.76  0.36  
   -0.84  0.50  0.23  
   -0.01  -0.42  0.91  

9  1208.63  -439.34  165.20  
   0.83  0.16  -0.54  
   0.18  0.83  0.53  
   0.53  -0.54  0.65  

6  1239.44  418.36  109.84  
   0.80  -0.11  -0.58  
   0.00  0.98  -0.18  
   0.59  0.15  0.79  

5  1019.77  345.13  -29.91  
   0.24  0.51  0.83  
   -0.95  0.32  0.07  
   -0.22  -0.80  0.56  

2  855.46  -39.74  578.20  
   0.60  -0.80  -0.02  
   0.80  0.60  0.04  
   -0.02  -0.04  1.00  

3  1223.37  -26.79  29.91  
   -0.54  0.06  -0.84  
   -0.14  -0.99  0.02  
   -0.83  0.13  0.55  

4  1112.64  116.09  -82.15  
   0.59  -0.75  0.30  
   0.81  0.55  -0.21  
   -0.01  0.37  0.93  

6  1256.41  419.70  87.06  
   0.86  -0.07  -0.51  
   -0.00  0.99  -0.14  
   0.51  0.12  0.85  

5  1024.68  348.70  -24.56  
   0.20  0.44  0.87  
   -0.96  0.29  0.07  
   -0.22  -0.85  0.48  

7  1109.96  -179.49  -69.65  
   0.55  0.75  0.36  
   -0.83  0.51  0.22  
   -0.02  -0.42  0.91  

8  1001.91  -391.57  29.91  
   0.24  -0.56  0.80  
   0.91  0.42  0.02  
   -0.35  0.72  0.60  

9  1223.81  -444.25  148.68  
   0.88  0.11  -0.47  
   0.15  0.86  0.49  
   0.46  -0.50  0.73  

2  855.46  -39.74  578.20  
   0.60  -0.80  -0.02  
   0.80  0.60  0.04  
   -0.02  -0.04  1.00  

3  1223.81  -26.34  29.47  
   -0.54  0.06  -0.84  
   -0.14  -0.99  0.02  
   -0.83  0.13  0.55  

5  1034.95  350.49  -20.09  
   0.14  0.38  0.91  
   -0.97  0.26  0.04  
   -0.22  -0.89  0.40  

4  1112.64  116.09  -81.71  
   0.60  -0.74  0.31  
   0.80  0.56  -0.20  
   -0.02  0.37  0.93  

6  1272.48  416.12  67.87  
   0.90  -0.02  -0.43  
   -0.02  1.00  -0.09  
   0.43  0.09  0.90  

7  1109.96  -179.04  -69.65  
   0.55  0.75  0.36  
   -0.83  0.51  0.22  
   -0.02  -0.42  0.91  

9  1238.99  -444.25  132.16  
   0.91  0.05  -0.41  
   0.15  0.88  0.45  
   0.38  -0.47  0.80  

8  1007.27  -392.01  38.40  
   0.20  -0.50  0.84  
   0.92  0.40  0.02  
   -0.35  0.77  0.54  

2  855.46  -39.74  578.20  
   0.60  -0.80  -0.02  
   0.80  0.60  0.04  
   -0.02  -0.04  1.00  

4  1112.64  116.09  -81.26  
   0.60  -0.74  0.31  
   0.80  0.57  -0.20  
   -0.03  0.37  0.93  

3  1224.26  -26.34  29.91  
   -0.54  0.05  -0.84  
   -0.13  -0.99  0.02  
   -0.83  0.13  0.54  

5  1042.99  355.40  -9.82  
   0.09  0.30  0.95  
   -0.97  0.25  0.01  
   -0.23  -0.92  0.31  

6  1288.55  410.77  45.99  
   0.94  0.02  -0.33  
   -0.05  1.00  -0.07  
   0.33  0.08  0.94  

9  1251.94  -445.59  112.51  
   0.94  -0.01  -0.33  
   0.15  0.90  0.41  
   0.29  -0.44  0.85  

8  1013.97  -396.03  44.20  
   0.15  -0.43  0.89  
   0.92  0.38  0.02  
   -0.35  0.82  0.46  

7  1109.51  -179.04  -69.65  
   0.55  0.75  0.36  
   -0.83  0.51  0.21  
   -0.03  -0.42  0.91  

2  855.46  -40.18  578.20  
   0.60  -0.80  -0.02  
   0.80  0.60  0.04  
   -0.02  -0.04  1.00  

6  1301.06  408.53  29.91  
   0.96  0.05  -0.26  
   -0.07  1.00  -0.04  
   0.25  0.06  0.97  

3  1224.26  -26.79  29.47  
   -0.54  0.05  -0.84  
   -0.13  -0.99  0.02  
   -0.83  0.12  0.54  

4  1112.64  116.53  -80.37  
   0.61  -0.73  0.31  
   0.79  0.58  -0.21  
   -0.03  0.37  0.93  

5  1051.92  356.74  -5.80  
   0.03  0.24  0.97  
   -0.97  0.23  -0.02  
   -0.23  -0.94  0.24  

7  1109.07  -178.15  -70.10  
   0.56  0.75  0.37  
   -0.83  0.52  0.21  
   -0.03  -0.42  0.91  

9  1266.68  -444.70  87.51  
   0.97  -0.07  -0.24  
   0.16  0.91  0.37  
   0.20  -0.40  0.90  

8  1022.90  -399.60  48.67  
   0.11  -0.36  0.93  
   0.93  0.35  0.03  
   -0.34  0.86  0.37  

2  855.46  -40.18  578.20  
   0.60  -0.80  -0.02  
   0.80  0.60  0.04  
   -0.02  -0.04  1.00  

4  1112.64  117.43  -79.92  
   0.62  -0.72  0.31  
   0.79  0.58  -0.21  
   -0.03  0.37  0.93  

3  1224.71  -26.34  29.47  
   -0.53  0.05  -0.84  
   -0.13  -0.99  0.02  
   -0.83  0.12  0.54  

5  1058.61  361.21  -2.68  
   -0.00  0.18  0.98  
   -0.98  0.21  -0.04  
   -0.22  -0.96  0.18  

6  1309.54  404.07  12.95  
   0.98  0.08  -0.19  
   -0.09  1.00  -0.02  
   0.19  0.04  0.98  

7  1109.96  -177.70  -71.44  
   0.56  0.74  0.37  
   -0.82  0.53  0.20  
   -0.05  -0.42  0.91  

8  1032.27  -403.18  46.88  
   0.07  -0.33  0.94  
   0.94  0.33  0.04  
   -0.32  0.89  0.33  

9  1278.73  -441.57  72.78  
   0.97  -0.11  -0.21  
   0.18  0.92  0.34  
   0.15  -0.37  0.92  

2  855.46  -40.18  578.20  
   0.60  -0.80  -0.02  
   0.80  0.60  0.04  
   -0.02  -0.04  1.00  

3  1225.15  -26.34  29.02  
   -0.53  0.05  -0.84  
   -0.13  -0.99  0.02  
   -0.84  0.12  0.54  

4  1112.64  117.43  -79.03  
   0.62  -0.72  0.31  
   0.78  0.58  -0.21  
   -0.03  0.38  0.93  

5  1065.31  363.88  0.45  
   -0.04  0.13  0.99  
   -0.98  0.20  -0.07  
   -0.21  -0.97  0.12  

6  1316.24  401.39  -4.46  
   0.99  0.11  -0.12  
   -0.11  0.99  0.00  
   0.12  0.01  0.99  

7  1110.41  -177.25  -71.44  
   0.57  0.73  0.37  
   -0.82  0.54  0.20  
   -0.05  -0.42  0.91  

8  1038.52  -403.18  49.11  
   0.04  -0.30  0.95  
   0.95  0.31  0.06  
   -0.32  0.90  0.30  

9  1286.32  -438.89  63.85  
   0.97  -0.14  -0.18  
   0.19  0.93  0.33  
   0.12  -0.35  0.93  

2  855.46  -40.18  578.20  
   0.60  -0.80  -0.02  
   0.80  0.60  0.04  
   -0.02  -0.04  1.00  

6  1322.04  395.59  -21.43  
   0.99  0.13  -0.08  
   -0.13  0.99  0.03  
   0.08  -0.02  1.00  

5  1071.56  364.78  -4.46  
   -0.07  0.10  0.99  
   -0.98  0.18  -0.09  
   -0.18  -0.98  0.09  

4  1112.64  116.98  -79.03  
   0.63  -0.71  0.31  
   0.78  0.59  -0.21  
   -0.04  0.38  0.93  

3  1225.60  -26.79  28.57  
   -0.53  0.05  -0.85  
   -0.13  -0.99  0.02  
   -0.84  0.12  0.53  

9  1289.45  -437.55  57.15  
   0.98  -0.15  -0.16  
   0.20  0.93  0.32  
   0.10  -0.34  0.93  

8  1040.76  -406.30  46.88  
   0.03  -0.28  0.96  
   0.95  0.30  0.06  
   -0.31  0.91  0.27  

7  1110.41  -177.25  -70.99  
   0.57  0.73  0.37  
   -0.82  0.54  0.20  
   -0.05  -0.42  0.91  

2  855.46  -39.74  578.20  
   0.60  -0.80  -0.02  
   0.80  0.60  0.04  
   -0.02  -0.04  1.00  

3  1225.60  -27.24  29.47  
   -0.53  0.05  -0.85  
   -0.13  -0.99  0.03  
   -0.84  0.12  0.53  

4  1112.19  116.09  -79.03  
   0.63  -0.71  0.31  
   0.77  0.60  -0.21  
   -0.04  0.37  0.93  

6  1324.72  392.46  -30.36  
   0.99  0.14  -0.06  
   -0.14  0.99  0.05  
   0.07  -0.04  1.00  

5  1075.58  365.22  -8.48  
   -0.09  0.09  0.99  
   -0.98  0.16  -0.10  
   -0.17  -0.98  0.08  

7  1110.41  -177.25  -70.54  
   0.57  0.73  0.37  
   -0.82  0.54  0.20  
   -0.06  -0.41  0.91  

8  1041.65  -406.30  47.77  
   0.02  -0.27  0.96  
   0.95  0.30  0.06  
   -0.31  0.91  0.27  

9  1289.89  -437.11  54.47  
   0.98  -0.16  -0.15  
   0.20  0.93  0.31  
   0.09  -0.34  0.94  

2  855.46  -39.74  578.20  
   0.60  -0.80  -0.02  
   0.80  0.60  0.04  
   -0.02  -0.04  1.00  

4  1112.19  115.19  -79.03  
   0.64  -0.70  0.31  
   0.77  0.61  -0.21  
   -0.05  0.37  0.93  

3  1226.05  -27.24  29.47  
   -0.52  0.05  -0.85  
   -0.13  -0.99  0.03  
   -0.84  0.12  0.53  

5  1080.05  366.12  -13.84  
   -0.10  0.09  0.99  
   -0.98  0.14  -0.11  
   -0.15  -0.99  0.07  

6  1329.63  388.89  -38.40  
   0.99  0.16  -0.05  
   -0.15  0.99  0.07  
   0.06  -0.06  1.00  

8  1040.76  -406.75  47.33  
   0.02  -0.27  0.96  
   0.95  0.30  0.06  
   -0.31  0.91  0.27  

7  1109.51  -177.70  -70.54  
   0.57  0.73  0.37  
   -0.82  0.54  0.20  
   -0.06  -0.41  0.91  

9  1289.89  -437.11  53.58  
   0.98  -0.16  -0.15  
   0.20  0.93  0.31  
   0.09  -0.33  0.94  

2  855.46  -39.74  578.20  
   0.60  -0.80  -0.02  
   0.80  0.60  0.04  
   -0.02  -0.04  1.00  

3  1226.49  -28.13  29.02  
   -0.52  0.04  -0.85  
   -0.13  -0.99  0.03  
   -0.84  0.13  0.52  

4  1111.75  113.41  -79.92  
   0.64  -0.70  0.31  
   0.76  0.61  -0.20  
   -0.05  0.37  0.93  

5  1081.83  363.88  -40.18  
   -0.11  0.14  0.98  
   -0.99  0.06  -0.11  
   -0.07  -0.99  0.13  

6  1333.65  383.08  -54.02  
   0.98  0.17  -0.11  
   -0.16  0.98  0.11  
   0.12  -0.09  0.99  

9  1288.55  -441.57  28.57  
   0.94  -0.15  -0.29  
   0.22  0.96  0.20  
   0.25  -0.25  0.94  

8  1040.31  -415.23  -7.59  
   0.02  -0.37  0.93  
   0.99  0.16  0.05  
   -0.17  0.91  0.37  

7  1108.17  -176.36  -72.78  
   0.58  0.72  0.37  
   -0.81  0.56  0.18  
   -0.08  -0.41  0.91  

2  855.46  -40.18  578.20  
   0.60  -0.80  -0.02  
   0.80  0.60  0.04  
   -0.02  -0.04  1.00  

4  1111.75  112.07  -81.26  
   0.65  -0.69  0.32  
   0.76  0.62  -0.20  
   -0.06  0.37  0.93  

3  1226.05  -28.57  29.02  
   -0.52  0.04  -0.85  
   -0.13  -0.99  0.03  
   -0.84  0.12  0.52  

6  1334.99  379.96  -56.26  
   0.98  0.18  -0.10  
   -0.17  0.98  0.11  
   0.11  -0.09  0.99  

7  1107.73  -175.47  -74.12  
   0.59  0.72  0.38  
   -0.80  0.57  0.18  
   -0.08  -0.41  0.91  

5  1084.96  363.44  -37.50  
   -0.12  0.11  0.99  
   -0.99  0.06  -0.12  
   -0.08  -0.99  0.10  

8  1042.09  -417.02  -12.50  
   0.02  -0.37  0.93  
   0.99  0.14  0.04  
   -0.14  0.92  0.37  

9  1289.45  -442.02  21.88  
   0.94  -0.16  -0.30  
   0.22  0.96  0.18  
   0.25  -0.23  0.94  

2  855.46  -40.18  578.20  
   0.60  -0.80  -0.02  
   0.80  0.60  0.04  
   -0.02  -0.04  1.00  

4  1111.75  112.51  -81.26  
   0.65  -0.69  0.32  
   0.76  0.62  -0.20  
   -0.06  0.37  0.93  

3  1226.05  -28.57  28.13  
   -0.52  0.04  -0.85  
   -0.13  -0.99  0.03  
   -0.84  0.12  0.52  

5  1087.64  365.22  -39.74  
   -0.13  0.11  0.98  
   -0.99  0.05  -0.13  
   -0.07  -0.99  0.11  

6  1338.11  378.62  -58.04  
   0.98  0.19  -0.09  
   -0.18  0.98  0.11  
   0.11  -0.10  0.99  

7  1107.73  -174.13  -74.56  
   0.59  0.71  0.38  
   -0.80  0.57  0.18  
   -0.09  -0.41  0.91  

9  1295.25  -435.32  18.31  
   0.94  -0.19  -0.29  
   0.24  0.95  0.17  
   0.24  -0.23  0.94  

8  1047.01  -416.12  -11.16  
   -0.01  -0.36  0.93  
   0.99  0.13  0.06  
   -0.14  0.92  0.35  

2  855.46  -40.18  578.20  
   0.60  -0.80  -0.02  
   0.80  0.60  0.04  
   -0.02  -0.04  1.00  

3  1226.49  -29.02  28.13  
   -0.52  0.04  -0.85  
   -0.13  -0.99  0.03  
   -0.84  0.12  0.52  

4  1111.75  112.96  -80.37  
   0.65  -0.69  0.32  
   0.76  0.62  -0.20  
   -0.06  0.37  0.93  

5  1089.87  366.12  -36.61  
   -0.14  0.10  0.98  
   -0.99  0.06  -0.15  
   -0.08  -0.99  0.09  

6  1340.35  376.83  -60.28  
   0.98  0.20  -0.07  
   -0.19  0.97  0.11  
   0.09  -0.10  0.99  

9  1303.29  -429.07  16.97  
   0.94  -0.22  -0.25  
   0.27  0.95  0.19  
   0.20  -0.24  0.95  

7  1107.73  -173.24  -75.01  
   0.60  0.71  0.38  
   -0.80  0.58  0.17  
   -0.09  -0.41  0.91  

8  1053.26  -416.57  -1.79  
   -0.03  -0.33  0.94  
   0.98  0.15  0.09  
   -0.17  0.93  0.32  

2  855.46  -40.18  578.20  
   0.60  -0.80  -0.02  
   0.80  0.60  0.04  
   -0.02  -0.04  1.00  

3  1226.94  -28.57  27.68  
   -0.52  0.04  -0.85  
   -0.13  -0.99  0.03  
   -0.85  0.12  0.52  

4  1112.19  113.41  -80.37  
   0.65  -0.69  0.32  
   0.76  0.62  -0.20  
   -0.06  0.37  0.93  

6  1344.36  375.49  -58.94  
   0.98  0.21  -0.05  
   -0.20  0.97  0.11  
   0.08  -0.10  0.99  

5  1093.44  367.90  -31.70  
   -0.16  0.09  0.98  
   -0.98  0.07  -0.16  
   -0.09  -0.99  0.08  

7  1108.17  -173.68  -75.01  
   0.60  0.71  0.38  
   -0.80  0.58  0.17  
   -0.09  -0.41  0.91  

8  1057.72  -417.46  5.36  
   -0.05  -0.31  0.95  
   0.98  0.16  0.11  
   -0.19  0.94  0.29  

9  1308.20  -426.84  18.75  
   0.95  -0.23  -0.23  
   0.28  0.94  0.20  
   0.17  -0.25  0.95  

2  855.91  -39.74  578.20  
   0.60  -0.80  -0.02  
   0.80  0.60  0.04  
   -0.02  -0.04  1.00  

4  1111.75  117.87  -74.56  
   0.65  -0.69  0.32  
   0.76  0.61  -0.23  
   -0.04  0.39  0.92  

3  1226.94  -28.57  28.13  
   -0.52  0.04  -0.85  
   -0.12  -0.99  0.03  
   -0.85  0.12  0.52  

6  1351.51  367.90  -40.18  
   0.97  0.26  0.02  
   -0.26  0.97  0.04  
   -0.01  -0.04  1.00  

5  1105.50  370.14  5.36  
   -0.22  0.04  0.98  
   -0.96  0.17  -0.22  
   -0.18  -0.98  -0.00  

7  1108.17  -173.68  -74.56  
   0.60  0.71  0.38  
   -0.80  0.58  0.18  
   -0.09  -0.41  0.91  

8  1069.78  -416.57  34.83  
   -0.11  -0.27  0.96  
   0.96  0.23  0.17  
   -0.27  0.94  0.23  

9  1322.49  -414.78  35.27  
   0.94  -0.28  -0.18  
   0.32  0.91  0.26  
   0.09  -0.30  0.95  

2  855.46  -40.18  578.20  
   0.60  -0.80  -0.02  
   0.80  0.60  0.04  
   -0.02  -0.04  1.00  

5  1112.64  371.47  19.20  
   -0.25  0.01  0.97  
   -0.95  0.21  -0.24  
   -0.21  -0.98  -0.05  

6  1355.08  363.44  -33.04  
   0.96  0.28  0.05  
   -0.28  0.96  -0.01  
   -0.05  -0.01  1.00  

4  1112.64  121.89  -70.99  
   0.65  -0.69  0.32  
   0.76  0.61  -0.24  
   -0.03  0.40  0.92  

3  1228.72  -26.79  28.13  
   -0.52  0.04  -0.86  
   -0.12  -0.99  0.03  
   -0.85  0.11  0.52  

7  1108.62  -174.58  -73.22  
   0.60  0.71  0.38  
   -0.80  0.58  0.18  
   -0.09  -0.41  0.91  

8  1080.49  -415.23  45.09  
   -0.15  -0.26  0.95  
   0.94  0.25  0.22  
   -0.29  0.93  0.21  

9  1331.42  -401.84  39.29  
   0.93  -0.32  -0.16  
   0.36  0.89  0.28  
   0.06  -0.32  0.95  

2  855.46  -39.74  578.20  
   0.60  -0.80  -0.02  
   0.80  0.60  0.04  
   -0.02  -0.04  1.00  

4  1112.19  122.34  -70.54  
   0.65  -0.69  0.32  
   0.76  0.61  -0.24  
   -0.03  0.40  0.92  

3  1229.17  -26.79  27.24  
   -0.51  0.04  -0.86  
   -0.11  -0.99  0.02  
   -0.85  0.11  0.51  

5  1112.64  375.49  6.25  
   -0.25  0.03  0.97  
   -0.95  0.16  -0.25  
   -0.17  -0.99  -0.01  

7  1109.51  -173.68  -74.56  
   0.60  0.70  0.38  
   -0.79  0.59  0.17  
   -0.10  -0.40  0.91  

6  1357.31  361.21  -40.18  
   0.95  0.30  0.03  
   -0.30  0.95  0.04  
   -0.02  -0.05  1.00  

9  1334.99  -396.92  27.68  
   0.92  -0.35  -0.16  
   0.38  0.89  0.24  
   0.06  -0.28  0.96  

8  1084.51  -417.46  34.38  
   -0.17  -0.26  0.95  
   0.95  0.22  0.23  
   -0.26  0.94  0.21  

2  855.46  -40.18  578.20  
   0.60  -0.80  -0.02  
   0.80  0.60  0.04  
   -0.02  -0.04  1.00  

5  1113.98  375.05  7.14  
   -0.27  -0.01  0.96  
   -0.95  0.17  -0.26  
   -0.16  -0.99  -0.05  

8  1084.96  -415.23  37.06  
   -0.18  -0.23  0.96  
   0.95  0.22  0.23  
   -0.26  0.95  0.17  

7  1107.73  -172.79  -73.67  
   0.60  0.70  0.38  
   -0.79  0.59  0.17  
   -0.10  -0.40  0.91  

6  1355.08  360.31  -52.24  
   0.95  0.30  0.08  
   -0.30  0.95  0.04  
   -0.06  -0.07  1.00  

3  1229.17  -26.34  27.24  
   -0.51  0.04  -0.86  
   -0.11  -0.99  0.02  
   -0.85  0.11  0.51  

4  1109.51  123.23  -69.65  
   0.65  -0.68  0.33  
   0.76  0.61  -0.24  
   -0.04  0.41  0.91  

9  1335.88  -398.26  20.54  
   0.93  -0.35  -0.13  
   0.37  0.90  0.23  
   0.03  -0.27  0.96  

