2  855.46  -40.18  577.30  
   0.60  -0.80  0.02  
   0.79  0.60  0.06  
   -0.06  -0.02  1.00  

3  1259.98  -23.22  0.00  
   -0.20  0.10  -0.97  
   -0.16  -0.99  -0.07  
   -0.97  0.14  0.21  

4  1171.58  172.79  -85.72  
   0.73  -0.68  0.04  
   0.59  0.60  -0.54  
   0.35  0.42  0.84  

5  1160.86  225.92  198.24  
   -0.23  0.68  0.70  
   -0.11  0.70  -0.71  
   -0.97  -0.24  -0.09  

7  1125.14  -193.33  -112.51  
   0.51  0.78  0.37  
   -0.84  0.34  0.43  
   0.20  -0.53  0.82  

8  1154.61  -262.98  183.51  
   -0.32  -0.71  0.62  
   0.03  0.65  0.76  
   -0.95  0.26  -0.18  

6  1285.88  270.12  450.95  
   0.52  -0.83  -0.22  
   -0.06  0.22  -0.97  
   0.85  0.52  0.07  

9  1268.46  -287.54  425.05  
   0.39  0.91  -0.11  
   0.06  0.10  0.99  
   0.92  -0.40  -0.01  

2  855.91  -40.18  577.30  
   0.60  -0.80  0.02  
   0.79  0.60  0.06  
   -0.06  -0.02  1.00  

6  1284.98  270.57  450.50  
   0.52  -0.83  -0.22  
   -0.06  0.22  -0.97  
   0.85  0.52  0.07  

4  1171.58  173.24  -85.72  
   0.73  -0.68  0.04  
   0.59  0.60  -0.54  
   0.35  0.42  0.84  

3  1259.53  -22.77  0.00  
   -0.20  0.10  -0.97  
   -0.16  -0.99  -0.07  
   -0.97  0.14  0.22  

7  1125.14  -193.33  -112.51  
   0.51  0.78  0.37  
   -0.84  0.34  0.43  
   0.21  -0.53  0.82  

5  1160.86  225.92  197.79  
   -0.23  0.68  0.70  
   -0.11  0.70  -0.71  
   -0.97  -0.24  -0.09  

8  1154.61  -263.43  183.95  
   -0.32  -0.71  0.62  
   0.03  0.65  0.76  
   -0.95  0.26  -0.18  

9  1268.02  -288.43  424.61  
   0.39  0.91  -0.11  
   0.06  0.10  0.99  
   0.92  -0.40  -0.01  

2  855.46  -40.18  577.30  
   0.60  -0.80  0.02  
   0.79  0.60  0.06  
   -0.06  -0.02  1.00  

4  1171.58  173.24  -86.17  
   0.73  -0.68  0.04  
   0.59  0.60  -0.54  
   0.35  0.42  0.84  

3  1259.09  -22.77  0.00  
   -0.20  0.10  -0.97  
   -0.15  -0.99  -0.07  
   -0.97  0.14  0.21  

5  1160.86  225.92  198.24  
   -0.23  0.68  0.70  
   -0.11  0.70  -0.71  
   -0.97  -0.24  -0.09  

9  1268.02  -288.43  424.61  
   0.39  0.91  -0.11  
   0.06  0.10  0.99  
   0.92  -0.40  -0.01  

6  1285.43  269.68  451.40  
   0.52  -0.83  -0.22  
   -0.06  0.22  -0.97  
   0.85  0.52  0.07  

7  1125.14  -193.33  -112.51  
   0.51  0.78  0.37  
   -0.84  0.34  0.43  
   0.21  -0.53  0.82  

8  1154.61  -262.98  183.51  
   -0.32  -0.71  0.62  
   0.03  0.65  0.76  
   -0.95  0.26  -0.18  

2  855.46  -40.18  577.30  
   0.60  -0.80  0.02  
   0.79  0.60  0.06  
   -0.06  -0.02  1.00  

6  1287.66  271.46  449.61  
   0.52  -0.82  -0.22  
   -0.06  0.22  -0.97  
   0.85  0.52  0.07  

3  1259.53  -22.77  0.00  
   -0.20  0.10  -0.97  
   -0.15  -0.99  -0.07  
   -0.97  0.14  0.21  

4  1171.58  172.79  -86.17  
   0.73  -0.68  0.03  
   0.59  0.60  -0.54  
   0.35  0.42  0.84  

5  1162.65  227.71  197.79  
   -0.24  0.67  0.71  
   -0.12  0.70  -0.70  
   -0.96  -0.25  -0.09  

7  1125.59  -193.33  -112.96  
   0.51  0.78  0.37  
   -0.83  0.35  0.43  
   0.20  -0.53  0.83  

9  1278.73  -294.23  417.91  
   0.41  0.90  -0.16  
   0.07  0.14  0.99  
   0.91  -0.42  -0.01  

8  1157.29  -267.44  181.72  
   -0.33  -0.71  0.63  
   0.05  0.65  0.76  
   -0.94  0.28  -0.18  

2  855.46  -40.18  577.30  
   0.60  -0.80  0.02  
   0.79  0.60  0.06  
   -0.06  -0.02  1.00  

3  1259.53  -23.22  0.00  
   -0.20  0.10  -0.97  
   -0.15  -0.99  -0.07  
   -0.97  0.14  0.21  

4  1172.02  172.34  -86.62  
   0.73  -0.68  0.03  
   0.58  0.60  -0.54  
   0.35  0.42  0.84  

6  1301.06  280.39  442.91  
   0.56  -0.80  -0.20  
   -0.05  0.21  -0.98  
   0.83  0.56  0.08  

5  1167.56  231.28  193.77  
   -0.25  0.66  0.71  
   -0.14  0.70  -0.70  
   -0.96  -0.27  -0.08  

7  1126.03  -193.33  -112.07  
   0.52  0.77  0.37  
   -0.83  0.35  0.43  
   0.21  -0.53  0.82  

8  1163.09  -274.59  177.25  
   -0.34  -0.71  0.62  
   0.07  0.64  0.77  
   -0.94  0.30  -0.16  

9  1289.45  -300.04  415.23  
   0.44  0.88  -0.19  
   0.07  0.18  0.98  
   0.90  -0.44  0.01  

2  855.46  -40.18  577.30  
   0.60  -0.80  0.02  
   0.79  0.60  0.06  
   -0.06  -0.02  1.00  

3  1259.53  -23.66  0.45  
   -0.20  0.10  -0.97  
   -0.15  -0.99  -0.07  
   -0.97  0.14  0.21  

4  1172.91  171.00  -87.06  
   0.74  -0.67  0.03  
   0.58  0.61  -0.55  
   0.34  0.43  0.84  

5  1174.25  237.98  188.86  
   -0.23  0.71  0.66  
   -0.15  0.65  -0.75  
   -0.96  -0.27  -0.05  

6  1310.88  283.96  434.43  
   0.58  -0.79  -0.22  
   -0.05  0.24  -0.97  
   0.82  0.57  0.10  

8  1169.34  -281.73  176.36  
   -0.33  -0.73  0.60  
   0.08  0.61  0.79  
   -0.94  0.30  -0.14  

7  1128.71  -195.11  -110.28  
   0.53  0.76  0.36  
   -0.82  0.35  0.45  
   0.21  -0.54  0.82  

9  1296.14  -303.16  413.00  
   0.45  0.87  -0.21  
   0.07  0.19  0.98  
   0.89  -0.45  0.02  

2  855.91  -40.18  577.30  
   0.60  -0.80  0.02  
   0.79  0.60  0.06  
   -0.06  -0.02  1.00  

4  1173.81  169.66  -87.51  
   0.74  -0.67  0.03  
   0.58  0.61  -0.55  
   0.35  0.42  0.84  

3  1259.98  -23.66  0.89  
   -0.20  0.10  -0.97  
   -0.16  -0.99  -0.07  
   -0.97  0.14  0.21  

5  1166.22  238.42  189.76  
   -0.22  0.69  0.69  
   -0.16  0.67  -0.72  
   -0.96  -0.27  -0.03  

6  1303.73  289.77  437.55  
   0.55  -0.80  -0.23  
   -0.05  0.25  -0.97  
   0.83  0.55  0.10  

7  1130.94  -195.56  -108.05  
   0.53  0.77  0.36  
   -0.81  0.35  0.46  
   0.22  -0.54  0.81  

8  1168.45  -280.39  178.15  
   -0.31  -0.74  0.60  
   0.08  0.61  0.79  
   -0.95  0.30  -0.13  

9  1291.68  -303.16  417.02  
   0.43  0.88  -0.20  
   0.07  0.19  0.98  
   0.90  -0.43  0.02  

2  855.46  -40.18  577.30  
   0.60  -0.80  0.02  
   0.79  0.60  0.06  
   -0.06  -0.02  1.00  

3  1261.32  -24.56  0.89  
   -0.19  0.10  -0.98  
   -0.15  -0.99  -0.07  
   -0.97  0.14  0.21  

5  1157.73  239.32  189.31  
   -0.19  0.69  0.70  
   -0.18  0.68  -0.71  
   -0.97  -0.26  -0.01  

4  1176.49  167.88  -88.40  
   0.73  -0.69  0.02  
   0.59  0.60  -0.55  
   0.36  0.41  0.84  

6  1281.41  288.88  446.04  
   0.51  -0.82  -0.25  
   -0.06  0.25  -0.97  
   0.86  0.51  0.08  

9  1272.03  -309.86  423.71  
   0.38  0.90  -0.20  
   0.06  0.19  0.98  
   0.92  -0.38  0.02  

8  1160.41  -283.07  179.04  
   -0.27  -0.75  0.61  
   0.08  0.61  0.79  
   -0.96  0.26  -0.10  

7  1134.07  -197.35  -107.60  
   0.53  0.77  0.35  
   -0.81  0.35  0.46  
   0.24  -0.53  0.81  

2  855.46  -40.18  577.30  
   0.60  -0.80  0.02  
   0.79  0.60  0.06  
   -0.06  -0.02  1.00  

3  1261.32  -25.00  1.34  
   -0.19  0.10  -0.98  
   -0.15  -0.99  -0.08  
   -0.97  0.13  0.21  

5  1148.36  242.44  185.74  
   -0.14  0.72  0.68  
   -0.17  0.66  -0.73  
   -0.98  -0.22  0.04  

6  1264.00  287.54  450.06  
   0.47  -0.84  -0.26  
   -0.06  0.26  -0.96  
   0.88  0.47  0.07  

4  1176.93  166.54  -87.51  
   0.72  -0.69  0.02  
   0.59  0.60  -0.55  
   0.37  0.40  0.84  

7  1135.41  -198.24  -107.16  
   0.53  0.77  0.35  
   -0.81  0.35  0.47  
   0.24  -0.53  0.81  

8  1150.14  -283.96  178.15  
   -0.20  -0.79  0.58  
   0.08  0.58  0.81  
   -0.98  0.21  -0.06  

9  1248.37  -306.73  431.30  
   0.32  0.92  -0.21  
   0.07  0.20  0.98  
   0.94  -0.33  -0.01  

2  855.46  -40.18  577.30  
   0.60  -0.80  0.02  
   0.79  0.60  0.06  
   -0.06  -0.02  1.00  

3  1261.76  -24.56  2.68  
   -0.19  0.11  -0.98  
   -0.15  -0.99  -0.08  
   -0.97  0.13  0.20  

4  1177.38  167.88  -85.72  
   0.71  -0.70  0.01  
   0.59  0.59  -0.56  
   0.38  0.40  0.83  

5  1141.21  244.67  186.63  
   -0.08  0.76  0.64  
   -0.17  0.63  -0.76  
   -0.98  -0.17  0.08  

6  1245.24  288.43  456.75  
   0.42  -0.86  -0.28  
   -0.07  0.27  -0.96  
   0.90  0.43  0.05  

7  1138.54  -198.24  -107.60  
   0.54  0.77  0.34  
   -0.81  0.35  0.48  
   0.25  -0.53  0.81  

9  1218.46  -310.31  437.11  
   0.24  0.95  -0.22  
   0.08  0.20  0.98  
   0.97  -0.25  -0.02  

8  1138.54  -286.20  175.47  
   -0.13  -0.82  0.56  
   0.08  0.56  0.83  
   -0.99  0.15  -0.01  

2  855.46  -40.18  577.30  
   0.60  -0.80  0.02  
   0.79  0.60  0.06  
   -0.06  -0.02  1.00  

6  1220.24  287.98  462.56  
   0.38  -0.89  -0.27  
   -0.07  0.26  -0.96  
   0.92  0.38  0.03  

3  1262.66  -24.56  2.68  
   -0.19  0.11  -0.98  
   -0.15  -0.99  -0.08  
   -0.97  0.13  0.20  

5  1129.61  245.12  184.40  
   -0.02  0.76  0.64  
   -0.16  0.63  -0.76  
   -0.99  -0.12  0.11  

4  1177.83  169.22  -84.39  
   0.70  -0.71  0.01  
   0.59  0.57  -0.56  
   0.40  0.40  0.83  

8  1128.27  -293.79  168.32  
   -0.06  -0.85  0.52  
   0.10  0.52  0.85  
   -0.99  0.10  0.06  

7  1140.77  -197.79  -108.94  
   0.54  0.77  0.34  
   -0.80  0.35  0.48  
   0.25  -0.53  0.81  

9  1191.67  -319.24  437.55  
   0.17  0.95  -0.26  
   0.08  0.25  0.97  
   0.98  -0.18  -0.03  

2  855.46  -40.18  577.30  
   0.60  -0.80  0.02  
   0.79  0.60  0.06  
   -0.06  -0.02  1.00  

4  1177.38  170.56  -83.05  
   0.69  -0.72  0.01  
   0.60  0.57  -0.56  
   0.40  0.40  0.83  

5  1118.89  248.25  181.72  
   0.03  0.78  0.63  
   -0.17  0.62  -0.76  
   -0.98  -0.08  0.15  

3  1263.10  -24.11  3.57  
   -0.19  0.11  -0.98  
   -0.15  -0.99  -0.08  
   -0.97  0.13  0.20  

6  1197.02  291.11  465.24  
   0.32  -0.90  -0.28  
   -0.08  0.27  -0.96  
   0.94  0.33  0.02  

9  1168.00  -331.74  434.88  
   0.11  0.95  -0.29  
   0.08  0.28  0.96  
   0.99  -0.13  -0.05  

8  1115.32  -306.73  159.39  
   0.00  -0.87  0.49  
   0.14  0.49  0.86  
   -0.99  0.06  0.12  

7  1142.11  -196.90  -109.39  
   0.54  0.78  0.33  
   -0.81  0.36  0.47  
   0.25  -0.52  0.82  

2  855.46  -40.18  577.30  
   0.60  -0.80  0.02  
   0.79  0.60  0.06  
   -0.06  -0.02  1.00  

3  1263.10  -23.66  3.13  
   -0.19  0.11  -0.98  
   -0.15  -0.99  -0.08  
   -0.97  0.13  0.20  

4  1177.83  170.11  -83.49  
   0.68  -0.73  0.01  
   0.61  0.56  -0.56  
   0.40  0.39  0.83  

5  1109.51  251.82  177.25  
   0.08  0.78  0.61  
   -0.17  0.62  -0.77  
   -0.98  -0.04  0.19  

8  1109.96  -318.34  148.68  
   0.05  -0.90  0.43  
   0.17  0.43  0.88  
   -0.98  0.03  0.18  

7  1142.55  -197.35  -111.17  
   0.53  0.78  0.33  
   -0.81  0.36  0.46  
   0.24  -0.51  0.82  

6  1176.93  292.45  463.45  
   0.29  -0.92  -0.28  
   -0.08  0.27  -0.96  
   0.96  0.30  0.01  

9  1152.82  -337.99  428.18  
   0.07  0.94  -0.34  
   0.11  0.33  0.94  
   0.99  -0.10  -0.08  

2  855.46  -40.18  577.30  
   0.60  -0.80  0.02  
   0.79  0.60  0.06  
   -0.06  -0.02  1.00  

3  1263.55  -22.77  3.13  
   -0.19  0.11  -0.98  
   -0.15  -0.99  -0.08  
   -0.97  0.13  0.20  

5  1101.48  252.71  171.00  
   0.13  0.80  0.59  
   -0.18  0.60  -0.78  
   -0.98  -0.00  0.22  

4  1177.38  171.45  -83.49  
   0.68  -0.74  0.02  
   0.62  0.55  -0.56  
   0.40  0.39  0.83  

6  1157.29  294.23  463.45  
   0.24  -0.93  -0.28  
   -0.08  0.27  -0.96  
   0.97  0.25  -0.01  

7  1143.89  -196.01  -112.07  
   0.54  0.78  0.33  
   -0.81  0.37  0.46  
   0.23  -0.51  0.83  

8  1104.60  -322.36  144.66  
   0.11  -0.92  0.38  
   0.18  0.39  0.90  
   -0.98  -0.03  0.21  

9  1133.62  -341.56  425.95  
   0.01  0.93  -0.37  
   0.11  0.37  0.92  
   0.99  -0.05  -0.10  

4  1176.93  171.90  -84.39  
   0.67  -0.74  0.02  
   0.63  0.55  -0.55  
   0.40  0.38  0.84  

2  855.46  -40.18  577.30  
   0.60  -0.80  0.02  
   0.79  0.60  0.06  
   -0.06  -0.02  1.00  

3  1264.00  -22.32  2.23  
   -0.19  0.11  -0.97  
   -0.15  -0.99  -0.08  
   -0.97  0.13  0.21  

5  1094.78  253.60  167.88  
   0.17  0.80  0.58  
   -0.17  0.60  -0.78  
   -0.97  0.03  0.24  

6  1139.87  295.57  461.22  
   0.20  -0.94  -0.28  
   -0.08  0.27  -0.96  
   0.98  0.22  -0.02  

8  1102.37  -321.02  143.77  
   0.16  -0.93  0.32  
   0.17  0.34  0.92  
   -0.97  -0.09  0.22  

7  1146.13  -196.45  -112.96  
   0.54  0.78  0.32  
   -0.81  0.37  0.46  
   0.24  -0.50  0.83  

9  1114.87  -343.35  425.50  
   -0.06  0.92  -0.40  
   0.09  0.40  0.91  
   0.99  0.02  -0.11  

2  855.91  -40.18  577.30  
   0.60  -0.80  0.02  
   0.79  0.60  0.06  
   -0.06  -0.02  1.00  

5  1087.64  250.48  164.75  
   0.21  0.78  0.58  
   -0.16  0.62  -0.77  
   -0.96  0.07  0.26  

3  1264.44  -21.88  2.23  
   -0.19  0.11  -0.97  
   -0.15  -0.99  -0.08  
   -0.97  0.13  0.21  

4  1177.38  173.24  -86.17  
   0.66  -0.75  0.02  
   0.64  0.55  -0.54  
   0.40  0.37  0.84  

6  1120.68  295.13  459.88  
   0.16  -0.95  -0.26  
   -0.07  0.26  -0.96  
   0.98  0.17  -0.02  

8  1097.01  -317.00  144.66  
   0.20  -0.94  0.29  
   0.17  0.32  0.93  
   -0.97  -0.14  0.22  

7  1147.91  -197.79  -112.51  
   0.54  0.79  0.30  
   -0.81  0.37  0.46  
   0.25  -0.49  0.83  

9  1096.57  -342.01  426.39  
   -0.11  0.91  -0.40  
   0.08  0.41  0.91  
   0.99  0.07  -0.12  

2  855.91  -40.18  577.30  
   0.60  -0.80  0.02  
   0.79  0.60  0.06  
   -0.06  -0.02  1.00  

4  1176.93  172.79  -86.62  
   0.65  -0.76  0.02  
   0.65  0.54  -0.54  
   0.40  0.36  0.84  

3  1264.44  -21.88  2.23  
   -0.19  0.11  -0.97  
   -0.15  -0.99  -0.08  
   -0.97  0.13  0.21  

5  1079.60  247.35  159.84  
   0.26  0.77  0.58  
   -0.15  0.63  -0.76  
   -0.95  0.11  0.28  

8  1089.42  -315.66  142.43  
   0.25  -0.93  0.29  
   0.16  0.33  0.93  
   -0.96  -0.19  0.23  

7  1147.91  -198.69  -111.62  
   0.54  0.79  0.30  
   -0.81  0.37  0.46  
   0.25  -0.49  0.84  

6  1100.58  292.00  457.65  
   0.12  -0.96  -0.25  
   -0.07  0.24  -0.97  
   0.99  0.13  -0.04  

9  1077.37  -341.56  423.71  
   -0.16  0.91  -0.39  
   0.07  0.41  0.91  
   0.98  0.11  -0.13  

2  855.46  -40.18  577.30  
   0.60  -0.80  0.02  
   0.79  0.60  0.06  
   -0.06  -0.02  1.00  

4  1176.93  173.68  -86.17  
   0.65  -0.76  0.02  
   0.65  0.54  -0.54  
   0.40  0.36  0.84  

3  1264.44  -21.43  2.23  
   -0.19  0.11  -0.97  
   -0.15  -0.99  -0.08  
   -0.97  0.13  0.21  

5  1075.13  254.94  150.91  
   0.31  0.79  0.53  
   -0.16  0.59  -0.79  
   -0.94  0.16  0.31  

6  1080.94  292.45  451.40  
   0.06  -0.95  -0.29  
   -0.09  0.29  -0.95  
   0.99  0.08  -0.07  

7  1147.91  -198.69  -111.62  
   0.53  0.79  0.29  
   -0.81  0.37  0.46  
   0.26  -0.48  0.84  

8  1080.05  -313.43  138.86  
   0.29  -0.92  0.27  
   0.15  0.32  0.93  
   -0.95  -0.23  0.23  

9  1056.38  -339.33  420.59  
   -0.20  0.90  -0.39  
   0.08  0.41  0.91  
   0.98  0.15  -0.15  

2  855.91  -40.18  577.30  
   0.60  -0.80  0.02  
   0.79  0.60  0.06  
   -0.06  -0.02  1.00  

4  1178.27  173.24  -86.62  
   0.65  -0.76  0.02  
   0.65  0.54  -0.54  
   0.40  0.36  0.84  

3  1264.00  -21.43  1.79  
   -0.19  0.11  -0.97  
   -0.15  -0.99  -0.08  
   -0.97  0.13  0.21  

5  1069.33  260.30  143.32  
   0.37  0.82  0.44  
   -0.18  0.52  -0.83  
   -0.91  0.23  0.34  

8  1067.54  -313.43  131.71  
   0.34  -0.90  0.27  
   0.15  0.33  0.93  
   -0.93  -0.28  0.25  

7  1148.36  -197.35  -111.17  
   0.52  0.80  0.29  
   -0.81  0.37  0.45  
   0.26  -0.48  0.84  

6  1060.40  292.89  443.81  
   -0.02  -0.93  -0.36  
   -0.13  0.36  -0.92  
   0.99  0.03  -0.13  

9  1028.70  -343.35  408.53  
   -0.25  0.89  -0.38  
   0.07  0.41  0.91  
   0.96  0.20  -0.17  

2  855.91  -40.18  577.30  
   0.60  -0.80  0.02  
   0.79  0.60  0.06  
   -0.06  -0.02  1.00  

3  1264.89  -21.43  2.68  
   -0.19  0.11  -0.98  
   -0.15  -0.99  -0.08  
   -0.97  0.13  0.20  

4  1180.95  174.13  -86.62  
   0.64  -0.77  0.02  
   0.66  0.54  -0.53  
   0.40  0.35  0.85  

5  1061.74  264.32  131.71  
   0.42  0.81  0.40  
   -0.19  0.51  -0.84  
   -0.88  0.28  0.37  

6  1035.84  296.47  430.41  
   -0.09  -0.92  -0.38  
   -0.13  0.39  -0.91  
   0.99  -0.03  -0.16  

7  1147.91  -196.90  -112.07  
   0.51  0.81  0.29  
   -0.82  0.36  0.45  
   0.26  -0.47  0.84  

8  1054.60  -311.65  125.46  
   0.40  -0.87  0.29  
   0.14  0.37  0.92  
   -0.91  -0.33  0.27  

9  1001.46  -342.45  400.50  
   -0.30  0.89  -0.34  
   0.07  0.37  0.92  
   0.95  0.26  -0.17  

2  855.91  -40.18  577.30  
   0.60  -0.80  0.02  
   0.79  0.60  0.06  
   -0.06  -0.02  1.00  

3  1264.44  -21.43  3.13  
   -0.19  0.10  -0.98  
   -0.15  -0.99  -0.08  
   -0.97  0.13  0.20  

4  1182.74  174.13  -87.96  
   0.63  -0.77  0.01  
   0.66  0.53  -0.52  
   0.40  0.34  0.85  

5  1052.36  266.10  120.10  
   0.49  0.79  0.37  
   -0.20  0.51  -0.83  
   -0.85  0.34  0.41  

6  1006.82  297.36  418.80  
   -0.17  -0.91  -0.39  
   -0.14  0.41  -0.90  
   0.98  -0.10  -0.20  

8  1041.20  -307.18  116.53  
   0.45  -0.83  0.32  
   0.13  0.42  0.90  
   -0.88  -0.37  0.30  

7  1148.36  -197.35  -112.51  
   0.50  0.82  0.29  
   -0.83  0.35  0.44  
   0.26  -0.46  0.85  

9  972.00  -342.45  385.32  
   -0.35  0.90  -0.25  
   0.05  0.28  0.96  
   0.94  0.32  -0.14  

4  1184.08  174.58  -89.30  
   0.62  -0.78  0.01  
   0.68  0.53  -0.51  
   0.40  0.33  0.86  

2  855.91  -40.18  577.30  
   0.60  -0.80  0.02  
   0.79  0.60  0.06  
   -0.06  -0.02  1.00  

3  1264.89  -21.43  3.13  
   -0.19  0.10  -0.98  
   -0.15  -0.99  -0.08  
   -0.97  0.13  0.20  

6  983.61  300.93  403.18  
   -0.22  -0.90  -0.38  
   -0.14  0.41  -0.90  
   0.96  -0.15  -0.22  

5  1044.77  267.89  109.84  
   0.54  0.76  0.35  
   -0.21  0.53  -0.82  
   -0.81  0.37  0.45  

8  1030.04  -299.59  108.05  
   0.50  -0.79  0.35  
   0.12  0.46  0.88  
   -0.86  -0.40  0.33  

9  946.10  -341.11  371.03  
   -0.40  0.90  -0.18  
   0.03  0.21  0.98  
   0.92  0.38  -0.11  

7  1149.25  -196.45  -112.96  
   0.49  0.82  0.29  
   -0.83  0.34  0.43  
   0.26  -0.45  0.85  

2  855.91  -40.18  577.30  
   0.60  -0.80  0.02  
   0.79  0.60  0.06  
   -0.06  -0.02  1.00  

3  1265.34  -20.98  4.02  
   -0.19  0.10  -0.98  
   -0.14  -0.99  -0.08  
   -0.97  0.13  0.20  

4  1185.42  175.47  -90.64  
   0.61  -0.79  0.01  
   0.69  0.52  -0.51  
   0.40  0.32  0.86  

5  1035.84  269.23  98.23  
   0.59  0.73  0.34  
   -0.21  0.55  -0.81  
   -0.78  0.41  0.48  

6  960.39  303.61  388.44  
   -0.28  -0.89  -0.37  
   -0.14  0.42  -0.90  
   0.95  -0.20  -0.24  

8  1020.66  -296.47  96.89  
   0.55  -0.75  0.37  
   0.11  0.51  0.85  
   -0.83  -0.43  0.37  

7  1151.04  -195.11  -113.41  
   0.48  0.83  0.28  
   -0.84  0.34  0.42  
   0.26  -0.44  0.86  

9  920.65  -343.79  350.94  
   -0.45  0.89  -0.12  
   0.01  0.14  0.99  
   0.89  0.44  -0.07  

2  855.91  -40.18  577.30  
   0.60  -0.80  0.02  
   0.79  0.60  0.06  
   -0.06  -0.02  1.00  

4  1187.20  175.47  -90.19  
   0.60  -0.80  0.01  
   0.69  0.51  -0.51  
   0.40  0.31  0.86  

3  1266.68  -19.20  5.36  
   -0.18  0.10  -0.98  
   -0.13  -0.99  -0.08  
   -0.97  0.12  0.20  

7  1155.06  -191.54  -115.64  
   0.47  0.84  0.27  
   -0.85  0.34  0.41  
   0.25  -0.42  0.87  

5  1030.93  267.00  88.40  
   0.64  0.70  0.32  
   -0.21  0.56  -0.80  
   -0.74  0.44  0.50  

6  941.19  303.61  374.15  
   -0.33  -0.87  -0.36  
   -0.14  0.42  -0.90  
   0.93  -0.24  -0.26  

8  1014.41  -293.34  82.15  
   0.59  -0.71  0.37  
   0.11  0.54  0.84  
   -0.80  -0.45  0.40  

9  900.56  -344.24  327.72  
   -0.49  0.87  -0.10  
   -0.00  0.11  0.99  
   0.87  0.49  -0.05  

2  855.46  -40.18  577.30  
   0.60  -0.80  0.02  
   0.79  0.60  0.06  
   -0.06  -0.02  1.00  

5  1027.81  267.44  82.60  
   0.67  0.67  0.32  
   -0.20  0.57  -0.80  
   -0.72  0.47  0.52  

3  1267.12  -16.97  6.70  
   -0.18  0.11  -0.98  
   -0.13  -0.99  -0.08  
   -0.98  0.11  0.19  

4  1188.54  177.70  -88.40  
   0.58  -0.81  0.00  
   0.70  0.50  -0.51  
   0.41  0.30  0.86  

6  927.79  301.82  365.67  
   -0.37  -0.86  -0.35  
   -0.15  0.43  -0.89  
   0.92  -0.28  -0.29  

8  1010.84  -289.77  72.78  
   0.63  -0.68  0.37  
   0.11  0.55  0.83  
   -0.77  -0.48  0.42  

9  887.16  -339.33  313.43  
   -0.53  0.84  -0.10  
   0.00  0.12  0.99  
   0.85  0.53  -0.07  

7  1157.73  -188.86  -119.66  
   0.46  0.85  0.26  
   -0.85  0.35  0.39  
   0.24  -0.41  0.88  

2  855.46  -40.18  577.30  
   0.60  -0.80  0.02  
   0.79  0.60  0.06  
   -0.06  -0.02  1.00  

4  1190.77  179.93  -88.85  
   0.57  -0.82  0.00  
   0.71  0.49  -0.51  
   0.42  0.29  0.86  

3  1268.91  -14.73  7.14  
   -0.18  0.11  -0.98  
   -0.12  -0.99  -0.09  
   -0.98  0.10  0.19  

5  1023.79  266.55  75.01  
   0.70  0.65  0.31  
   -0.19  0.58  -0.79  
   -0.69  0.50  0.53  

6  913.95  297.36  354.96  
   -0.41  -0.84  -0.35  
   -0.16  0.44  -0.88  
   0.90  -0.31  -0.31  

7  1160.86  -187.08  -121.89  
   0.46  0.85  0.25  
   -0.86  0.35  0.38  
   0.24  -0.39  0.89  

8  1007.27  -287.09  63.40  
   0.66  -0.66  0.36  
   0.10  0.56  0.82  
   -0.74  -0.51  0.43  

9  874.22  -335.76  300.04  
   -0.57  0.81  -0.12  
   0.01  0.15  0.99  
   0.82  0.56  -0.09  

2  855.91  -40.18  577.30  
   0.60  -0.80  0.02  
   0.79  0.60  0.06  
   -0.06  -0.02  1.00  

6  893.86  293.34  339.33  
   -0.46  -0.82  -0.33  
   -0.17  0.45  -0.88  
   0.87  -0.35  -0.34  

4  1192.56  183.06  -88.40  
   0.55  -0.84  -0.01  
   0.72  0.48  -0.51  
   0.43  0.27  0.86  

5  1019.32  265.21  65.63  
   0.74  0.61  0.30  
   -0.17  0.60  -0.78  
   -0.65  0.53  0.54  

3  1270.25  -12.95  8.93  
   -0.17  0.11  -0.98  
   -0.11  -0.99  -0.09  
   -0.98  0.09  0.18  

7  1164.43  -183.95  -123.68  
   0.45  0.86  0.23  
   -0.86  0.35  0.37  
   0.24  -0.37  0.90  

9  862.16  -333.08  284.41  
   -0.61  0.78  -0.15  
   0.01  0.20  0.98  
   0.79  0.60  -0.13  

8  1003.70  -284.41  53.13  
   0.70  -0.63  0.34  
   0.10  0.56  0.82  
   -0.71  -0.54  0.45  

2  855.91  -40.18  577.30  
   0.60  -0.80  0.02  
   0.79  0.60  0.06  
   -0.06  -0.02  1.00  

4  1194.35  182.61  -88.40  
   0.53  -0.85  -0.02  
   0.73  0.46  -0.51  
   0.44  0.25  0.86  

3  1271.14  -12.95  9.82  
   -0.17  0.11  -0.98  
   -0.10  -0.99  -0.09  
   -0.98  0.08  0.18  

5  1015.31  263.43  55.36  
   0.77  0.57  0.28  
   -0.17  0.61  -0.77  
   -0.61  0.54  0.57  

6  876.90  292.45  321.02  
   -0.51  -0.80  -0.32  
   -0.16  0.46  -0.88  
   0.85  -0.39  -0.36  

7  1168.45  -183.51  -125.91  
   0.44  0.87  0.21  
   -0.87  0.35  0.36  
   0.23  -0.34  0.91  

8  998.34  -283.52  40.18  
   0.73  -0.59  0.33  
   0.10  0.58  0.81  
   -0.67  -0.56  0.49  

9  846.09  -331.74  264.32  
   -0.66  0.74  -0.16  
   0.01  0.21  0.98  
   0.75  0.64  -0.14  

2  855.91  -40.18  577.30  
   0.60  -0.80  0.02  
   0.79  0.60  0.06  
   -0.06  -0.02  1.00  

5  1013.97  262.98  46.88  
   0.80  0.54  0.27  
   -0.17  0.63  -0.76  
   -0.57  0.56  0.60  

4  1197.02  182.61  -87.51  
   0.51  -0.86  -0.03  
   0.73  0.45  -0.51  
   0.45  0.24  0.86  

3  1272.03  -11.61  11.16  
   -0.16  0.11  -0.98  
   -0.09  -0.99  -0.09  
   -0.98  0.08  0.17  

9  827.78  -329.51  241.55  
   -0.70  0.70  -0.15  
   0.01  0.21  0.98  
   0.71  0.68  -0.15  

6  864.39  295.13  303.16  
   -0.55  -0.77  -0.32  
   -0.15  0.46  -0.87  
   0.82  -0.44  -0.37  

8  993.87  -279.95  27.68  
   0.77  -0.55  0.32  
   0.10  0.61  0.79  
   -0.63  -0.58  0.52  

7  1170.68  -182.17  -127.25  
   0.43  0.88  0.19  
   -0.87  0.35  0.34  
   0.23  -0.32  0.92  

2  855.46  -40.18  577.30  
   0.60  -0.80  0.02  
   0.79  0.60  0.06  
   -0.06  -0.02  1.00  

3  1272.93  -12.50  14.29  
   -0.15  0.10  -0.98  
   -0.08  -0.99  -0.09  
   -0.98  0.07  0.16  

6  854.12  299.14  286.64  
   -0.59  -0.74  -0.31  
   -0.14  0.47  -0.87  
   0.79  -0.48  -0.38  

5  1014.86  262.53  37.50  
   0.82  0.51  0.24  
   -0.18  0.64  -0.75  
   -0.54  0.57  0.62  

4  1201.04  183.51  -86.62  
   0.50  -0.86  -0.04  
   0.73  0.45  -0.51  
   0.46  0.22  0.86  

7  1172.47  -180.38  -126.80  
   0.41  0.90  0.18  
   -0.88  0.34  0.33  
   0.23  -0.29  0.93  

9  812.60  -326.38  218.33  
   -0.74  0.67  -0.12  
   0.01  0.18  0.98  
   0.68  0.72  -0.14  

8  988.96  -275.48  14.29  
   0.80  -0.50  0.32  
   0.09  0.64  0.76  
   -0.59  -0.58  0.56  

2  855.46  -40.18  577.30  
   0.60  -0.80  0.02  
   0.79  0.60  0.06  
   -0.06  -0.02  1.00  

3  1274.27  -12.95  16.07  
   -0.15  0.09  -0.98  
   -0.07  -0.99  -0.08  
   -0.99  0.06  0.15  

4  1205.51  183.51  -85.72  
   0.49  -0.87  -0.06  
   0.73  0.45  -0.51  
   0.46  0.21  0.86  

5  1016.20  264.77  29.91  
   0.85  0.49  0.21  
   -0.18  0.65  -0.74  
   -0.50  0.59  0.64  

6  845.19  303.61  269.23  
   -0.64  -0.70  -0.32  
   -0.12  0.50  -0.86  
   0.76  -0.51  -0.41  

7  1175.59  -179.04  -129.03  
   0.40  0.90  0.16  
   -0.89  0.33  0.31  
   0.23  -0.27  0.94  

8  986.28  -274.14  0.89  
   0.83  -0.46  0.30  
   0.10  0.66  0.74  
   -0.54  -0.59  0.60  

9  799.21  -329.06  191.99  
   -0.78  0.62  -0.12  
   -0.01  0.18  0.98  
   0.63  0.77  -0.13  

4  1207.29  183.51  -84.83  
   0.49  -0.87  -0.06  
   0.74  0.45  -0.50  
   0.47  0.20  0.86  

2  855.46  -40.18  577.30  
   0.60  -0.80  0.02  
   0.79  0.60  0.06  
   -0.06  -0.02  1.00  

3  1274.71  -12.95  17.41  
   -0.14  0.09  -0.99  
   -0.07  -0.99  -0.08  
   -0.99  0.05  0.15  

5  1016.64  267.44  21.43  
   0.86  0.47  0.18  
   -0.20  0.65  -0.74  
   -0.46  0.60  0.65  

6  837.16  311.20  253.60  
   -0.68  -0.66  -0.32  
   -0.10  0.52  -0.85  
   0.72  -0.54  -0.42  

7  1176.49  -178.59  -129.03  
   0.39  0.91  0.15  
   -0.89  0.33  0.31  
   0.23  -0.25  0.94  

8  986.73  -277.27  -8.93  
   0.86  -0.44  0.26  
   0.12  0.67  0.73  
   -0.50  -0.59  0.63  

9  793.40  -339.33  171.00  
   -0.81  0.57  -0.16  
   -0.04  0.21  0.98  
   0.59  0.80  -0.15  

2  855.46  -40.18  577.30  
   0.60  -0.80  0.02  
   0.79  0.60  0.06  
   -0.06  -0.02  1.00  

5  1016.64  268.78  13.39  
   0.88  0.45  0.15  
   -0.21  0.66  -0.72  
   -0.43  0.60  0.67  

4  1207.74  182.61  -85.72  
   0.48  -0.87  -0.07  
   0.74  0.45  -0.50  
   0.47  0.19  0.86  

3  1274.71  -13.84  17.86  
   -0.14  0.08  -0.99  
   -0.06  -0.99  -0.08  
   -0.99  0.05  0.15  

6  829.57  321.02  236.19  
   -0.72  -0.61  -0.33  
   -0.07  0.53  -0.84  
   0.69  -0.58  -0.43  

8  989.41  -280.39  -16.97  
   0.87  -0.43  0.23  
   0.15  0.68  0.72  
   -0.47  -0.59  0.65  

7  1177.83  -178.59  -130.37  
   0.40  0.91  0.14  
   -0.89  0.34  0.30  
   0.22  -0.25  0.94  

9  791.62  -353.17  152.25  
   -0.84  0.51  -0.19  
   -0.08  0.22  0.97  
   0.54  0.83  -0.14  

2  855.91  -40.18  577.30  
   0.60  -0.80  0.02  
   0.79  0.60  0.06  
   -0.06  -0.02  1.00  

3  1274.71  -12.95  17.86  
   -0.14  0.09  -0.99  
   -0.06  -0.99  -0.08  
   -0.99  0.05  0.15  

4  1209.08  182.61  -85.72  
   0.46  -0.88  -0.08  
   0.75  0.44  -0.49  
   0.47  0.17  0.87  

5  1016.20  268.78  2.68  
   0.90  0.43  0.13  
   -0.22  0.68  -0.70  
   -0.39  0.60  0.70  

6  820.64  330.84  211.63  
   -0.76  -0.56  -0.32  
   -0.03  0.53  -0.85  
   0.65  -0.63  -0.42  

9  788.49  -366.56  127.25  
   -0.86  0.45  -0.22  
   -0.14  0.20  0.97  
   0.48  0.87  -0.11  

7  1180.06  -176.81  -130.37  
   0.40  0.91  0.13  
   -0.89  0.35  0.30  
   0.22  -0.24  0.95  

8  991.20  -283.96  -28.57  
   0.89  -0.42  0.19  
   0.17  0.69  0.71  
   -0.42  -0.60  0.68  

2  855.46  -40.18  577.30  
   0.60  -0.80  0.02  
   0.79  0.60  0.06  
   -0.06  -0.02  1.00  

4  1209.53  180.83  -87.51  
   0.46  -0.89  -0.09  
   0.76  0.44  -0.48  
   0.46  0.15  0.87  

3  1274.71  -12.06  19.20  
   -0.14  0.09  -0.99  
   -0.06  -0.99  -0.08  
   -0.99  0.05  0.14  

5  1016.64  268.78  -6.25  
   0.91  0.41  0.10  
   -0.24  0.69  -0.68  
   -0.35  0.59  0.72  

6  815.73  339.33  192.88  
   -0.79  -0.52  -0.32  
   0.00  0.53  -0.85  
   0.61  -0.67  -0.42  

7  1181.40  -176.81  -130.82  
   0.40  0.91  0.12  
   -0.89  0.36  0.29  
   0.22  -0.22  0.95  

8  992.53  -289.77  -42.42  
   0.91  -0.39  0.14  
   0.20  0.70  0.69  
   -0.37  -0.60  0.71  

9  784.47  -382.64  94.21  
   -0.88  0.41  -0.24  
   -0.19  0.16  0.97  
   0.43  0.90  -0.06  

3  1275.16  -13.39  19.65  
   -0.13  0.08  -0.99  
   -0.06  -1.00  -0.08  
   -0.99  0.05  0.14  

2  855.46  -40.18  577.30  
   0.60  -0.80  0.02  
   0.79  0.60  0.06  
   -0.06  -0.02  1.00  

4  1210.87  179.49  -88.40  
   0.45  -0.89  -0.10  
   0.77  0.44  -0.47  
   0.46  0.14  0.88  

5  1017.09  268.34  -14.29  
   0.91  0.40  0.09  
   -0.24  0.70  -0.67  
   -0.33  0.59  0.74  

7  1183.63  -177.25  -131.71  
   0.41  0.91  0.10  
   -0.89  0.37  0.27  
   0.21  -0.20  0.96  

6  811.26  344.69  174.58  
   -0.82  -0.47  -0.33  
   0.03  0.53  -0.85  
   0.57  -0.70  -0.42  

8  995.66  -294.68  -55.81  
   0.92  -0.38  0.08  
   0.23  0.71  0.66  
   -0.31  -0.59  0.74  

9  784.92  -398.71  63.85  
   -0.90  0.33  -0.28  
   -0.23  0.17  0.96  
   0.36  0.93  -0.07  

2  855.46  -40.18  577.30  
   0.60  -0.80  0.02  
   0.79  0.60  0.06  
   -0.06  -0.02  1.00  

4  1211.76  177.25  -87.96  
   0.43  -0.90  -0.11  
   0.78  0.43  -0.46  
   0.46  0.11  0.88  

3  1274.71  -13.84  22.32  
   -0.12  0.08  -0.99  
   -0.06  -1.00  -0.07  
   -0.99  0.05  0.13  

5  1017.98  267.44  -29.47  
   0.93  0.37  0.05  
   -0.26  0.72  -0.64  
   -0.28  0.58  0.77  

6  803.67  354.06  144.66  
   -0.86  -0.40  -0.33  
   0.07  0.54  -0.84  
   0.51  -0.74  -0.43  

8  1000.13  -299.59  -72.33  
   0.93  -0.37  0.04  
   0.26  0.73  0.63  
   -0.26  -0.58  0.77  

9  787.60  -412.55  34.83  
   -0.92  0.25  -0.31  
   -0.27  0.18  0.94  
   0.30  0.95  -0.10  

7  1187.20  -175.02  -133.95  
   0.42  0.91  0.08  
   -0.89  0.39  0.25  
   0.20  -0.18  0.96  

3  1275.61  -14.73  22.77  
   -0.11  0.08  -0.99  
   -0.05  -1.00  -0.07  
   -0.99  0.04  0.11  

4  1213.10  176.36  -89.74  
   0.41  -0.90  -0.13  
   0.79  0.43  -0.44  
   0.45  0.08  0.89  

2  855.91  -40.18  577.30  
   0.60  -0.80  0.02  
   0.79  0.60  0.06  
   -0.06  -0.02  1.00  

5  1020.22  267.89  -39.29  
   0.94  0.35  0.02  
   -0.27  0.74  -0.61  
   -0.23  0.57  0.79  

6  800.55  362.10  120.10  
   -0.88  -0.33  -0.33  
   0.11  0.53  -0.84  
   0.45  -0.78  -0.43  

7  1189.88  -171.90  -136.62  
   0.42  0.90  0.07  
   -0.89  0.40  0.23  
   0.19  -0.16  0.97  

9  789.38  -417.91  13.39  
   -0.92  0.21  -0.33  
   -0.29  0.17  0.94  
   0.25  0.96  -0.10  

8  1003.70  -300.48  -83.49  
   0.93  -0.36  0.01  
   0.28  0.74  0.61  
   -0.22  -0.57  0.79  

2  855.46  -40.18  577.30  
   0.60  -0.80  0.02  
   0.79  0.60  0.06  
   -0.06  -0.02  1.00  

6  800.99  366.12  111.62  
   -0.90  -0.30  -0.33  
   0.13  0.53  -0.84  
   0.42  -0.79  -0.44  

3  1276.50  -13.39  23.22  
   -0.10  0.08  -0.99  
   -0.04  -1.00  -0.07  
   -0.99  0.04  0.10  

5  1021.11  267.44  -41.97  
   0.94  0.34  0.01  
   -0.27  0.75  -0.60  
   -0.21  0.56  0.80  

4  1214.44  176.36  -88.40  
   0.40  -0.90  -0.14  
   0.79  0.42  -0.44  
   0.45  0.07  0.89  

7  1190.33  -170.56  -138.41  
   0.42  0.91  0.06  
   -0.89  0.40  0.22  
   0.18  -0.14  0.97  

8  1005.04  -297.81  -89.30  
   0.94  -0.35  -0.01  
   0.29  0.75  0.60  
   -0.20  -0.56  0.80  

9  789.38  -418.36  1.79  
   -0.93  0.17  -0.33  
   -0.30  0.18  0.94  
   0.22  0.97  -0.11  

2  855.91  -40.18  577.30  
   0.60  -0.80  0.02  
   0.79  0.60  0.06  
   -0.06  -0.02  1.00  

4  1215.33  175.91  -88.85  
   0.40  -0.90  -0.14  
   0.79  0.42  -0.44  
   0.45  0.07  0.89  

3  1276.95  -13.39  24.56  
   -0.09  0.07  -0.99  
   -0.04  -1.00  -0.07  
   -0.99  0.03  0.09  

6  803.23  364.33  120.10  
   -0.89  -0.31  -0.33  
   0.13  0.54  -0.83  
   0.43  -0.79  -0.44  

8  1005.48  -298.25  -91.08  
   0.94  -0.34  -0.01  
   0.28  0.76  0.59  
   -0.19  -0.56  0.81  

5  1020.66  267.89  -40.63  
   0.94  0.35  0.01  
   -0.27  0.75  -0.60  
   -0.22  0.56  0.80  

7  1191.67  -169.66  -138.86  
   0.42  0.91  0.05  
   -0.89  0.40  0.21  
   0.17  -0.13  0.98  

9  789.83  -418.36  0.45  
   -0.93  0.16  -0.33  
   -0.30  0.19  0.94  
   0.22  0.97  -0.13  

4  1214.88  176.36  -88.85  
   0.40  -0.90  -0.13  
   0.79  0.42  -0.44  
   0.45  0.07  0.89  

2  855.46  -40.18  577.30  
   0.60  -0.80  0.02  
   0.79  0.60  0.06  
   -0.06  -0.02  1.00  

3  1276.95  -13.39  24.56  
   -0.09  0.08  -0.99  
   -0.04  -1.00  -0.07  
   -0.99  0.03  0.09  

5  1019.77  267.89  -33.49  
   0.93  0.36  0.04  
   -0.26  0.74  -0.62  
   -0.25  0.57  0.78  

6  805.46  362.55  135.73  
   -0.88  -0.33  -0.34  
   0.12  0.55  -0.83  
   0.46  -0.77  -0.44  

9  793.85  -421.93  10.72  
   -0.92  0.18  -0.34  
   -0.31  0.20  0.93  
   0.24  0.96  -0.13  

8  1006.82  -298.70  -86.62  
   0.93  -0.36  -0.01  
   0.30  0.75  0.59  
   -0.21  -0.55  0.81  

7  1191.67  -168.77  -138.41  
   0.42  0.91  0.05  
   -0.89  0.40  0.21  
   0.17  -0.13  0.98  

2  855.91  -40.18  577.30  
   0.60  -0.80  0.02  
   0.79  0.60  0.06  
   -0.06  -0.02  1.00  

3  1276.95  -12.50  24.11  
   -0.09  0.08  -0.99  
   -0.04  -1.00  -0.07  
   -0.99  0.03  0.09  

4  1212.21  177.70  -88.40  
   0.41  -0.90  -0.12  
   0.79  0.42  -0.44  
   0.45  0.08  0.89  

5  1018.43  268.78  -26.79  
   0.93  0.37  0.05  
   -0.26  0.73  -0.64  
   -0.28  0.58  0.77  

6  807.69  359.87  147.79  
   -0.87  -0.35  -0.35  
   0.10  0.55  -0.83  
   0.48  -0.76  -0.44  

7  1190.33  -167.43  -138.41  
   0.43  0.90  0.07  
   -0.89  0.41  0.21  
   0.16  -0.15  0.97  

8  1006.38  -301.82  -81.26  
   0.92  -0.38  0.01  
   0.30  0.74  0.60  
   -0.23  -0.55  0.80  

9  797.42  -424.61  24.11  
   -0.91  0.20  -0.35  
   -0.31  0.22  0.93  
   0.27  0.95  -0.14  

2  855.46  -40.18  577.30  
   0.60  -0.80  0.02  
   0.79  0.60  0.06  
   -0.06  -0.02  1.00  

3  1276.95  -12.95  24.11  
   -0.09  0.08  -0.99  
   -0.04  -1.00  -0.07  
   -0.99  0.03  0.09  

4  1210.42  177.70  -89.30  
   0.42  -0.90  -0.11  
   0.79  0.42  -0.44  
   0.45  0.10  0.89  

5  1017.54  268.34  -20.54  
   0.92  0.39  0.07  
   -0.25  0.72  -0.65  
   -0.30  0.58  0.76  

6  811.26  356.74  160.29  
   -0.86  -0.37  -0.35  
   0.09  0.56  -0.82  
   0.50  -0.74  -0.44  

7  1188.99  -168.32  -137.96  
   0.43  0.90  0.08  
   -0.89  0.41  0.22  
   0.16  -0.16  0.97  

8  1005.93  -302.27  -75.90  
   0.92  -0.39  0.03  
   0.30  0.73  0.61  
   -0.26  -0.55  0.79  

9  799.21  -423.71  36.17  
   -0.91  0.23  -0.36  
   -0.31  0.23  0.92  
   0.29  0.95  -0.14  

3  1277.39  -11.61  24.56  
   -0.10  0.08  -0.99  
   -0.04  -1.00  -0.08  
   -0.99  0.04  0.10  

2  855.91  -40.18  577.30  
   0.60  -0.80  0.02  
   0.79  0.60  0.06  
   -0.06  -0.02  1.00  

4  1209.53  177.70  -89.30  
   0.42  -0.90  -0.10  
   0.79  0.42  -0.45  
   0.45  0.11  0.89  

5  1017.98  268.34  -16.52  
   0.91  0.40  0.08  
   -0.25  0.71  -0.66  
   -0.32  0.58  0.75  

6  815.28  355.40  170.11  
   -0.85  -0.39  -0.36  
   0.09  0.56  -0.82  
   0.52  -0.73  -0.44  

7  1188.54  -169.22  -137.52  
   0.43  0.90  0.08  
   -0.89  0.41  0.22  
   0.17  -0.17  0.97  

9  798.31  -422.82  43.76  
   -0.90  0.24  -0.35  
   -0.29  0.24  0.92  
   0.31  0.94  -0.15  

8  1005.48  -302.27  -72.33  
   0.92  -0.40  0.04  
   0.29  0.73  0.61  
   -0.27  -0.55  0.79  

2  855.46  -40.18  577.30  
   0.60  -0.80  0.02  
   0.79  0.60  0.06  
   -0.06  -0.02  1.00  

3  1277.39  -12.50  24.11  
   -0.10  0.08  -0.99  
   -0.04  -1.00  -0.08  
   -0.99  0.04  0.10  

4  1209.97  176.81  -90.64  
   0.43  -0.90  -0.10  
   0.79  0.42  -0.45  
   0.44  0.11  0.89  

6  822.42  351.83  183.51  
   -0.83  -0.41  -0.37  
   0.08  0.57  -0.82  
   0.55  -0.71  -0.44  

5  1019.77  268.34  -9.82  
   0.90  0.41  0.09  
   -0.25  0.70  -0.67  
   -0.35  0.59  0.73  

7  1186.76  -170.56  -137.52  
   0.43  0.90  0.09  
   -0.89  0.40  0.22  
   0.17  -0.17  0.97  

8  1003.25  -302.72  -66.08  
   0.91  -0.41  0.06  
   0.28  0.73  0.62  
   -0.30  -0.55  0.78  

9  797.87  -417.91  58.94  
   -0.90  0.27  -0.34  
   -0.28  0.25  0.93  
   0.33  0.93  -0.15  

2  855.46  -40.18  577.30  
   0.60  -0.80  0.02  
   0.79  0.60  0.06  
   -0.06  -0.02  1.00  

3  1278.28  -12.95  23.66  
   -0.10  0.08  -0.99  
   -0.05  -1.00  -0.08  
   -0.99  0.04  0.10  

4  1210.87  176.36  -90.64  
   0.44  -0.89  -0.09  
   0.78  0.43  -0.45  
   0.44  0.13  0.89  

5  1022.00  268.34  -2.68  
   0.89  0.43  0.11  
   -0.24  0.68  -0.69  
   -0.38  0.59  0.71  

7  1186.76  -170.56  -137.07  
   0.43  0.90  0.10  
   -0.89  0.40  0.23  
   0.17  -0.18  0.97  

6  830.01  347.81  198.69  
   -0.81  -0.44  -0.38  
   0.07  0.58  -0.81  
   0.58  -0.69  -0.44  

8  1003.70  -301.82  -56.70  
   0.90  -0.42  0.09  
   0.27  0.72  0.64  
   -0.33  -0.55  0.76  

9  802.33  -413.89  78.58  
   -0.89  0.31  -0.33  
   -0.26  0.26  0.93  
   0.38  0.91  -0.15  

5  1022.00  267.00  5.36  
   0.88  0.45  0.13  
   -0.24  0.67  -0.70  
   -0.40  0.59  0.70  

2  855.46  -40.18  577.30  
   0.60  -0.80  0.02  
   0.79  0.60  0.06  
   -0.06  -0.02  1.00  

4  1210.87  176.81  -91.53  
   0.45  -0.89  -0.08  
   0.78  0.43  -0.45  
   0.44  0.14  0.89  

3  1278.73  -13.84  23.66  
   -0.10  0.08  -0.99  
   -0.05  -1.00  -0.08  
   -0.99  0.04  0.10  

6  836.27  343.35  213.42  
   -0.80  -0.47  -0.38  
   0.05  0.58  -0.81  
   0.60  -0.67  -0.43  

8  1004.14  -302.27  -48.22  
   0.89  -0.43  0.11  
   0.26  0.71  0.66  
   -0.36  -0.56  0.75  

7  1185.86  -173.68  -135.73  
   0.43  0.90  0.11  
   -0.89  0.39  0.24  
   0.18  -0.20  0.96  

9  805.46  -411.66  95.55  
   -0.88  0.35  -0.34  
   -0.25  0.27  0.93  
   0.41  0.90  -0.15  

2  855.91  -40.18  577.30  
   0.60  -0.80  0.02  
   0.79  0.60  0.06  
   -0.06  -0.02  1.00  

4  1209.97  175.91  -91.98  
   0.46  -0.89  -0.08  
   0.78  0.44  -0.45  
   0.43  0.14  0.89  

3  1279.18  -14.29  24.11  
   -0.10  0.08  -0.99  
   -0.05  -1.00  -0.08  
   -0.99  0.04  0.10  

5  1020.66  264.32  13.84  
   0.87  0.46  0.16  
   -0.22  0.66  -0.72  
   -0.44  0.59  0.67  

7  1184.52  -175.02  -135.28  
   0.43  0.89  0.12  
   -0.88  0.39  0.25  
   0.18  -0.21  0.96  

8  1004.59  -302.72  -39.74  
   0.88  -0.45  0.13  
   0.26  0.70  0.67  
   -0.39  -0.56  0.73  

6  840.28  333.97  230.83  
   -0.77  -0.51  -0.38  
   0.02  0.58  -0.82  
   0.64  -0.64  -0.43  

9  810.37  -409.43  112.51  
   -0.86  0.38  -0.34  
   -0.24  0.28  0.93  
   0.45  0.88  -0.15  

2  855.46  -40.18  577.30  
   0.60  -0.80  0.02  
   0.79  0.60  0.06  
   -0.06  -0.02  1.00  

3  1279.62  -14.73  23.66  
   -0.10  0.08  -0.99  
   -0.06  -1.00  -0.08  
   -0.99  0.05  0.11  

4  1209.08  175.91  -91.98  
   0.46  -0.88  -0.07  
   0.78  0.44  -0.45  
   0.43  0.15  0.89  

5  1020.22  262.53  20.54  
   0.86  0.48  0.18  
   -0.20  0.64  -0.74  
   -0.47  0.60  0.65  

6  846.09  325.93  245.57  
   -0.75  -0.54  -0.38  
   -0.00  0.58  -0.82  
   0.66  -0.61  -0.44  

7  1184.08  -175.91  -134.39  
   0.44  0.89  0.13  
   -0.88  0.40  0.26  
   0.18  -0.23  0.96  

9  816.17  -407.19  128.14  
   -0.84  0.42  -0.33  
   -0.23  0.28  0.93  
   0.49  0.86  -0.14  

8  1005.93  -303.61  -31.70  
   0.87  -0.47  0.14  
   0.26  0.68  0.68  
   -0.42  -0.56  0.72  

2  855.46  -40.18  577.30  
   0.60  -0.80  0.02  
   0.79  0.60  0.06  
   -0.06  -0.02  1.00  

5  1021.11  262.53  26.34  
   0.85  0.49  0.19  
   -0.20  0.63  -0.75  
   -0.49  0.60  0.63  

6  851.89  322.81  257.18  
   -0.73  -0.56  -0.39  
   -0.01  0.58  -0.81  
   0.68  -0.59  -0.43  

4  1208.19  177.70  -91.08  
   0.47  -0.88  -0.07  
   0.77  0.44  -0.46  
   0.43  0.16  0.89  

3  1279.62  -14.29  23.66  
   -0.10  0.08  -0.99  
   -0.06  -1.00  -0.08  
   -0.99  0.05  0.11  

7  1184.08  -175.47  -133.05  
   0.44  0.89  0.13  
   -0.88  0.40  0.27  
   0.18  -0.23  0.95  

9  821.53  -404.51  145.11  
   -0.83  0.46  -0.33  
   -0.21  0.29  0.93  
   0.52  0.84  -0.14  

8  1007.27  -303.16  -23.66  
   0.86  -0.49  0.16  
   0.25  0.67  0.70  
   -0.45  -0.56  0.70  

2  855.91  -40.18  577.30  
   0.60  -0.80  0.02  
   0.79  0.60  0.06  
   -0.06  -0.02  1.00  

3  1279.62  -14.29  23.66  
   -0.10  0.09  -0.99  
   -0.06  -1.00  -0.08  
   -0.99  0.05  0.11  

4  1207.29  178.15  -90.64  
   0.48  -0.87  -0.06  
   0.76  0.45  -0.46  
   0.43  0.17  0.89  

6  860.38  321.92  271.02  
   -0.71  -0.58  -0.40  
   -0.02  0.58  -0.81  
   0.70  -0.57  -0.43  

7  1183.18  -175.02  -132.61  
   0.45  0.88  0.14  
   -0.87  0.40  0.27  
   0.18  -0.25  0.95  

5  1023.79  264.32  34.83  
   0.83  0.51  0.20  
   -0.19  0.62  -0.76  
   -0.52  0.60  0.61  

8  1008.61  -301.82  -13.39  
   0.84  -0.51  0.18  
   0.24  0.65  0.72  
   -0.48  -0.56  0.68  

9  828.67  -399.16  164.31  
   -0.80  0.50  -0.32  
   -0.19  0.29  0.94  
   0.56  0.82  -0.14  

2  855.91  -40.18  577.30  
   0.60  -0.80  0.02  
   0.79  0.60  0.06  
   -0.06  -0.02  1.00  

4  1207.74  178.15  -90.19  
   0.49  -0.87  -0.06  
   0.76  0.46  -0.47  
   0.43  0.19  0.88  

5  1024.68  263.43  41.52  
   0.82  0.53  0.21  
   -0.19  0.60  -0.77  
   -0.54  0.59  0.60  

3  1279.62  -14.29  23.22  
   -0.10  0.09  -0.99  
   -0.06  -0.99  -0.08  
   -0.99  0.05  0.11  

9  835.82  -394.25  183.51  
   -0.78  0.54  -0.31  
   -0.18  0.29  0.94  
   0.60  0.79  -0.13  

8  1009.95  -303.16  -4.91  
   0.83  -0.53  0.20  
   0.23  0.64  0.73  
   -0.51  -0.56  0.65  

7  1182.74  -176.36  -131.71  
   0.45  0.88  0.15  
   -0.87  0.40  0.29  
   0.19  -0.26  0.95  

6  869.31  321.02  283.52  
   -0.69  -0.60  -0.40  
   -0.03  0.58  -0.81  
   0.73  -0.55  -0.42  

2  855.46  -40.18  577.30  
   0.60  -0.80  0.02  
   0.79  0.60  0.06  
   -0.06  -0.02  1.00  

5  1026.91  264.32  47.77  
   0.80  0.55  0.22  
   -0.19  0.59  -0.78  
   -0.56  0.59  0.58  

4  1206.85  177.70  -89.30  
   0.50  -0.86  -0.05  
   0.75  0.47  -0.47  
   0.43  0.19  0.88  

6  875.56  319.68  293.79  
   -0.67  -0.62  -0.41  
   -0.04  0.58  -0.82  
   0.74  -0.53  -0.41  

3  1279.62  -14.29  23.22  
   -0.10  0.09  -0.99  
   -0.06  -0.99  -0.08  
   -0.99  0.05  0.11  

7  1180.95  -177.70  -130.82  
   0.46  0.87  0.16  
   -0.87  0.40  0.29  
   0.19  -0.27  0.94  

8  1011.29  -302.27  3.57  
   0.81  -0.55  0.21  
   0.23  0.63  0.74  
   -0.54  -0.56  0.63  

9  843.41  -391.57  199.13  
   -0.76  0.58  -0.30  
   -0.16  0.29  0.94  
   0.63  0.76  -0.12  

2  855.91  -40.18  576.86  
   0.60  -0.80  0.02  
   0.79  0.60  0.06  
   -0.06  -0.02  1.00  

4  1205.95  177.25  -88.85  
   0.51  -0.86  -0.05  
   0.74  0.47  -0.47  
   0.43  0.20  0.88  

3  1279.18  -14.29  23.22  
   -0.10  0.09  -0.99  
   -0.06  -0.99  -0.08  
   -0.99  0.05  0.11  

5  1028.70  262.53  53.13  
   0.79  0.57  0.23  
   -0.19  0.58  -0.79  
   -0.58  0.58  0.57  

8  1012.18  -302.27  12.50  
   0.79  -0.56  0.23  
   0.22  0.62  0.76  
   -0.57  -0.55  0.61  

6  882.70  316.56  303.16  
   -0.65  -0.64  -0.42  
   -0.04  0.57  -0.82  
   0.76  -0.51  -0.40  

7  1180.06  -178.59  -129.03  
   0.46  0.87  0.16  
   -0.86  0.40  0.30  
   0.20  -0.28  0.94  

9  850.11  -386.66  216.10  
   -0.73  0.61  -0.29  
   -0.14  0.28  0.95  
   0.66  0.74  -0.12  

2  855.46  -40.18  577.30  
   0.60  -0.80  0.02  
   0.79  0.60  0.06  
   -0.06  -0.02  1.00  

3  1278.73  -14.73  23.22  
   -0.10  0.09  -0.99  
   -0.06  -0.99  -0.08  
   -0.99  0.05  0.11  

4  1206.40  177.25  -88.85  
   0.52  -0.85  -0.05  
   0.74  0.48  -0.48  
   0.43  0.21  0.88  

5  1029.59  262.09  59.38  
   0.78  0.58  0.24  
   -0.19  0.57  -0.80  
   -0.60  0.57  0.56  

9  857.70  -380.85  231.28  
   -0.71  0.65  -0.29  
   -0.12  0.28  0.95  
   0.69  0.71  -0.12  

8  1013.97  -300.93  20.54  
   0.78  -0.58  0.25  
   0.21  0.61  0.77  
   -0.59  -0.55  0.59  

7  1179.17  -179.93  -128.59  
   0.47  0.87  0.17  
   -0.86  0.40  0.31  
   0.20  -0.29  0.93  

6  890.74  314.32  313.88  
   -0.62  -0.66  -0.42  
   -0.05  0.57  -0.82  
   0.78  -0.49  -0.39  

2  855.46  -40.18  577.30  
   0.60  -0.80  0.02  
   0.79  0.60  0.06  
   -0.06  -0.02  1.00  

4  1205.51  177.25  -88.40  
   0.53  -0.85  -0.05  
   0.73  0.48  -0.48  
   0.43  0.22  0.88  

3  1279.18  -14.73  22.77  
   -0.10  0.09  -0.99  
   -0.06  -0.99  -0.08  
   -0.99  0.05  0.11  

5  1031.83  261.64  65.19  
   0.76  0.60  0.25  
   -0.19  0.56  -0.80  
   -0.63  0.56  0.54  

6  899.67  312.09  324.59  
   -0.60  -0.68  -0.42  
   -0.06  0.56  -0.83  
   0.80  -0.47  -0.38  

7  1178.72  -181.27  -128.14  
   0.47  0.86  0.18  
   -0.86  0.40  0.32  
   0.21  -0.30  0.93  

9  866.18  -376.39  246.91  
   -0.68  0.68  -0.27  
   -0.11  0.28  0.95  
   0.72  0.68  -0.12  

8  1016.20  -300.04  29.91  
   0.76  -0.60  0.26  
   0.20  0.59  0.78  
   -0.62  -0.54  0.57  

2  855.46  -40.18  577.30  
   0.60  -0.80  0.02  
   0.79  0.60  0.06  
   -0.06  -0.02  1.00  

3  1278.28  -15.18  23.22  
   -0.10  0.09  -0.99  
   -0.07  -0.99  -0.09  
   -0.99  0.06  0.11  

5  1035.84  262.53  72.78  
   0.73  0.63  0.26  
   -0.19  0.55  -0.81  
   -0.65  0.55  0.52  

4  1204.17  177.25  -88.40  
   0.54  -0.84  -0.04  
   0.72  0.49  -0.48  
   0.43  0.23  0.87  

7  1177.38  -183.06  -127.69  
   0.47  0.86  0.18  
   -0.85  0.40  0.33  
   0.21  -0.31  0.93  

8  1017.98  -299.14  39.74  
   0.73  -0.62  0.29  
   0.19  0.58  0.79  
   -0.66  -0.52  0.54  

6  912.17  312.09  337.54  
   -0.56  -0.71  -0.43  
   -0.07  0.55  -0.83  
   0.82  -0.44  -0.36  

9  878.68  -369.24  267.00  
   -0.64  0.72  -0.26  
   -0.08  0.27  0.96  
   0.76  0.64  -0.12  

3  1277.39  -14.73  21.88  
   -0.11  0.09  -0.99  
   -0.07  -0.99  -0.09  
   -0.99  0.06  0.11  

4  1203.28  177.70  -87.06  
   0.55  -0.83  -0.04  
   0.71  0.50  -0.49  
   0.43  0.24  0.87  

2  855.46  -40.18  577.30  
   0.60  -0.80  0.02  
   0.79  0.60  0.06  
   -0.06  -0.02  1.00  

5  1038.97  262.98  81.26  
   0.71  0.65  0.26  
   -0.19  0.54  -0.82  
   -0.68  0.54  0.50  

6  923.33  310.75  348.70  
   -0.53  -0.73  -0.44  
   -0.07  0.55  -0.83  
   0.84  -0.41  -0.35  

7  1175.59  -183.06  -126.80  
   0.48  0.85  0.19  
   -0.85  0.40  0.34  
   0.21  -0.32  0.92  

9  891.63  -360.76  285.30  
   -0.60  0.76  -0.24  
   -0.06  0.26  0.96  
   0.80  0.60  -0.11  

8  1021.11  -295.57  50.01  
   0.70  -0.64  0.31  
   0.18  0.58  0.80  
   -0.69  -0.50  0.52  

2  855.46  -40.18  577.30  
   0.60  -0.80  0.02  
   0.79  0.60  0.06  
   -0.06  -0.02  1.00  

4  1202.83  177.25  -87.06  
   0.56  -0.83  -0.04  
   0.71  0.50  -0.49  
   0.42  0.25  0.87  

5  1041.20  262.98  86.17  
   0.69  0.67  0.27  
   -0.19  0.53  -0.83  
   -0.70  0.52  0.49  

3  1276.05  -15.63  21.43  
   -0.11  0.09  -0.99  
   -0.07  -0.99  -0.09  
   -0.99  0.06  0.12  

6  931.37  309.86  357.19  
   -0.51  -0.74  -0.44  
   -0.08  0.55  -0.83  
   0.86  -0.39  -0.34  

9  901.45  -355.40  298.25  
   -0.56  0.80  -0.22  
   -0.04  0.24  0.97  
   0.82  0.56  -0.10  

7  1174.25  -183.95  -127.25  
   0.49  0.85  0.20  
   -0.85  0.41  0.34  
   0.21  -0.33  0.92  

8  1023.34  -295.13  56.26  
   0.67  -0.65  0.35  
   0.16  0.59  0.79  
   -0.72  -0.48  0.50  

2  855.46  -40.18  577.30  
   0.60  -0.80  0.02  
   0.79  0.60  0.06  
   -0.06  -0.02  1.00  

5  1042.99  262.98  90.19  
   0.68  0.68  0.28  
   -0.18  0.53  -0.83  
   -0.71  0.51  0.48  

6  937.17  308.52  364.78  
   -0.49  -0.76  -0.44  
   -0.09  0.54  -0.84  
   0.87  -0.37  -0.33  

3  1275.61  -15.63  20.54  
   -0.11  0.09  -0.99  
   -0.07  -0.99  -0.09  
   -0.99  0.06  0.12  

4  1201.94  177.70  -87.06  
   0.57  -0.82  -0.03  
   0.70  0.51  -0.50  
   0.42  0.26  0.87  

7  1172.47  -184.84  -128.59  
   0.49  0.85  0.20  
   -0.85  0.41  0.35  
   0.21  -0.34  0.92  

8  1025.13  -292.00  63.40  
   0.65  -0.67  0.36  
   0.16  0.58  0.80  
   -0.75  -0.46  0.48  

9  911.27  -349.60  310.75  
   -0.53  0.82  -0.21  
   -0.03  0.22  0.97  
   0.85  0.53  -0.10  

2  855.46  -40.18  577.30  
   0.60  -0.80  0.02  
   0.79  0.60  0.06  
   -0.06  -0.02  1.00  

3  1274.71  -15.63  20.09  
   -0.12  0.09  -0.99  
   -0.08  -0.99  -0.09  
   -0.99  0.06  0.12  

4  1201.04  178.15  -86.62  
   0.57  -0.82  -0.03  
   0.70  0.51  -0.50  
   0.42  0.27  0.87  

6  942.98  304.06  371.92  
   -0.47  -0.77  -0.43  
   -0.10  0.53  -0.84  
   0.88  -0.35  -0.32  

5  1042.54  262.09  95.55  
   0.67  0.69  0.29  
   -0.17  0.52  -0.84  
   -0.73  0.51  0.46  

9  921.99  -346.03  321.47  
   -0.50  0.85  -0.19  
   -0.02  0.21  0.98  
   0.87  0.49  -0.09  

8  1026.91  -291.11  70.99  
   0.62  -0.69  0.37  
   0.15  0.57  0.80  
   -0.77  -0.44  0.46  

7  1171.58  -184.40  -126.80  
   0.49  0.84  0.21  
   -0.84  0.41  0.35  
   0.22  -0.35  0.91  

2  855.46  -40.18  577.30  
   0.60  -0.80  0.02  
   0.79  0.60  0.06  
   -0.06  -0.02  1.00  

5  1042.54  260.75  101.35  
   0.64  0.70  0.31  
   -0.17  0.52  -0.84  
   -0.75  0.49  0.45  

4  1198.81  178.59  -86.62  
   0.58  -0.81  -0.03  
   0.70  0.51  -0.50  
   0.42  0.27  0.86  

3  1273.37  -15.63  19.20  
   -0.12  0.10  -0.99  
   -0.08  -0.99  -0.09  
   -0.99  0.07  0.13  

8  1030.93  -290.66  78.13  
   0.59  -0.71  0.39  
   0.15  0.57  0.81  
   -0.79  -0.42  0.44  

6  951.01  302.27  380.40  
   -0.43  -0.79  -0.43  
   -0.11  0.52  -0.85  
   0.89  -0.32  -0.31  

7  1169.79  -185.29  -126.36  
   0.50  0.84  0.21  
   -0.84  0.41  0.36  
   0.22  -0.36  0.91  

9  933.60  -342.90  334.42  
   -0.46  0.87  -0.17  
   -0.01  0.18  0.98  
   0.89  0.45  -0.08  

2  855.46  -40.18  577.30  
   0.60  -0.80  0.02  
   0.79  0.60  0.06  
   -0.06  -0.02  1.00  

4  1196.13  178.59  -86.17  
   0.59  -0.81  -0.02  
   0.69  0.52  -0.51  
   0.42  0.28  0.86  

3  1272.48  -14.29  19.20  
   -0.12  0.10  -0.99  
   -0.08  -0.99  -0.09  
   -0.99  0.07  0.13  

5  1046.11  262.09  107.60  
   0.62  0.72  0.32  
   -0.16  0.51  -0.84  
   -0.77  0.46  0.44  

7  1168.45  -184.40  -125.02  
   0.51  0.83  0.22  
   -0.83  0.41  0.37  
   0.22  -0.37  0.90  

8  1035.40  -290.66  86.62  
   0.56  -0.73  0.40  
   0.15  0.56  0.81  
   -0.82  -0.39  0.43  

6  964.41  300.48  388.89  
   -0.39  -0.81  -0.43  
   -0.12  0.51  -0.85  
   0.91  -0.28  -0.29  

9  949.23  -340.22  347.81  
   -0.41  0.90  -0.14  
   0.01  0.16  0.99  
   0.91  0.40  -0.07  

3  1270.69  -15.18  16.97  
   -0.13  0.10  -0.99  
   -0.08  -0.99  -0.09  
   -0.99  0.07  0.14  

4  1194.79  179.49  -87.51  
   0.60  -0.80  -0.01  
   0.68  0.52  -0.51  
   0.41  0.30  0.86  

5  1051.47  262.53  114.75  
   0.58  0.74  0.33  
   -0.17  0.50  -0.85  
   -0.80  0.44  0.42  

2  855.46  -40.18  577.30  
   0.60  -0.80  0.02  
   0.79  0.60  0.06  
   -0.06  -0.02  1.00  

6  977.35  300.48  400.05  
   -0.35  -0.83  -0.43  
   -0.12  0.50  -0.86  
   0.93  -0.25  -0.28  

9  963.96  -337.10  359.87  
   -0.36  0.93  -0.11  
   0.02  0.12  0.99  
   0.93  0.36  -0.06  

8  1038.97  -288.88  94.65  
   0.52  -0.75  0.42  
   0.15  0.57  0.81  
   -0.84  -0.35  0.41  

7  1165.77  -186.18  -125.02  
   0.51  0.83  0.23  
   -0.83  0.40  0.38  
   0.22  -0.39  0.90  

2  855.91  -40.18  577.30  
   0.60  -0.80  0.02  
   0.79  0.60  0.06  
   -0.06  -0.02  1.00  

3  1268.91  -15.18  15.63  
   -0.14  0.10  -0.99  
   -0.09  -0.99  -0.09  
   -0.99  0.07  0.14  

5  1054.60  262.09  120.55  
   0.55  0.76  0.34  
   -0.16  0.50  -0.85  
   -0.82  0.41  0.40  

4  1193.01  179.93  -87.06  
   0.61  -0.79  -0.01  
   0.68  0.53  -0.51  
   0.41  0.31  0.86  

6  991.20  298.70  408.53  
   -0.31  -0.85  -0.43  
   -0.12  0.49  -0.86  
   0.94  -0.22  -0.26  

8  1043.43  -288.88  101.80  
   0.47  -0.77  0.44  
   0.16  0.56  0.81  
   -0.87  -0.31  0.39  

7  1162.65  -185.29  -123.23  
   0.51  0.82  0.24  
   -0.83  0.40  0.39  
   0.22  -0.40  0.89  

9  979.14  -336.65  370.14  
   -0.31  0.95  -0.08  
   0.02  0.09  1.00  
   0.95  0.31  -0.05  

2  855.91  -40.18  577.30  
   0.60  -0.80  0.02  
   0.79  0.60  0.06  
   -0.06  -0.02  1.00  

4  1192.11  179.04  -88.40  
   0.62  -0.78  -0.00  
   0.68  0.54  -0.50  
   0.39  0.31  0.86  

3  1267.57  -15.18  15.63  
   -0.14  0.10  -0.99  
   -0.09  -0.99  -0.09  
   -0.99  0.08  0.15  

5  1058.61  260.30  123.23  
   0.52  0.77  0.37  
   -0.16  0.51  -0.85  
   -0.84  0.38  0.39  

6  1005.04  295.13  413.89  
   -0.27  -0.87  -0.42  
   -0.13  0.46  -0.88  
   0.95  -0.18  -0.24  

7  1161.31  -186.63  -121.89  
   0.52  0.82  0.25  
   -0.82  0.40  0.40  
   0.23  -0.41  0.88  

9  993.87  -336.65  378.62  
   -0.27  0.96  -0.07  
   0.02  0.08  1.00  
   0.96  0.26  -0.04  

8  1047.90  -291.11  108.50  
   0.43  -0.78  0.45  
   0.16  0.56  0.81  
   -0.89  -0.28  0.37  

2  855.46  -40.18  577.30  
   0.60  -0.80  0.02  
   0.79  0.60  0.06  
   -0.06  -0.02  1.00  

4  1192.11  179.04  -89.74  
   0.63  -0.77  0.01  
   0.67  0.54  -0.50  
   0.38  0.32  0.86  

3  1266.68  -16.52  14.29  
   -0.14  0.10  -0.98  
   -0.10  -0.99  -0.09  
   -0.98  0.09  0.15  

5  1062.63  256.73  126.80  
   0.49  0.78  0.39  
   -0.16  0.51  -0.84  
   -0.86  0.35  0.37  

8  1053.70  -290.66  114.30  
   0.40  -0.79  0.46  
   0.16  0.55  0.82  
   -0.90  -0.25  0.35  

7  1159.52  -186.63  -120.55  
   0.52  0.81  0.25  
   -0.82  0.40  0.41  
   0.23  -0.42  0.88  

6  1017.09  295.13  420.14  
   -0.23  -0.89  -0.40  
   -0.13  0.44  -0.89  
   0.96  -0.15  -0.22  

9  1008.61  -333.97  387.55  
   -0.23  0.97  -0.07  
   0.03  0.08  1.00  
   0.97  0.23  -0.04  

2  855.46  -40.18  577.30  
   0.60  -0.80  0.02  
   0.79  0.60  0.06  
   -0.06  -0.02  1.00  

3  1265.34  -17.41  12.95  
   -0.15  0.10  -0.98  
   -0.11  -0.99  -0.09  
   -0.98  0.09  0.16  

6  1033.61  294.23  426.84  
   -0.17  -0.91  -0.37  
   -0.12  0.39  -0.91  
   0.98  -0.11  -0.18  

5  1065.76  254.05  133.50  
   0.45  0.78  0.44  
   -0.15  0.55  -0.82  
   -0.88  0.30  0.36  

4  1190.33  178.15  -90.64  
   0.64  -0.77  0.02  
   0.67  0.55  -0.50  
   0.38  0.33  0.86  

7  1157.29  -188.42  -118.76  
   0.53  0.81  0.26  
   -0.82  0.40  0.42  
   0.24  -0.44  0.87  

9  1025.57  -336.65  397.37  
   -0.19  0.98  -0.06  
   0.02  0.07  1.00  
   0.98  0.19  -0.03  

8  1059.51  -291.11  124.57  
   0.36  -0.81  0.47  
   0.16  0.55  0.82  
   -0.92  -0.22  0.33  

2  855.46  -40.18  577.75  
   0.60  -0.80  0.02  
   0.79  0.60  0.06  
   -0.06  -0.02  1.00  

3  1264.44  -16.52  11.61  
   -0.15  0.11  -0.98  
   -0.11  -0.99  -0.09  
   -0.98  0.10  0.16  

5  1071.56  250.92  138.86  
   0.41  0.78  0.47  
   -0.15  0.56  -0.81  
   -0.90  0.26  0.34  

4  1188.54  176.36  -90.64  
   0.65  -0.76  0.02  
   0.66  0.55  -0.51  
   0.37  0.34  0.86  

6  1049.68  292.89  433.09  
   -0.12  -0.93  -0.35  
   -0.12  0.36  -0.92  
   0.99  -0.07  -0.15  

7  1155.06  -189.76  -117.87  
   0.53  0.80  0.27  
   -0.81  0.39  0.43  
   0.24  -0.45  0.86  

9  1041.65  -334.86  405.85  
   -0.15  0.99  -0.06  
   0.02  0.07  1.00  
   0.99  0.15  -0.03  

8  1065.76  -291.11  129.48  
   0.31  -0.82  0.48  
   0.17  0.54  0.82  
   -0.94  -0.18  0.31  

2  855.46  -40.18  577.30  
   0.60  -0.80  0.02  
   0.79  0.60  0.06  
   -0.06  -0.02  1.00  

3  1264.44  -17.41  10.72  
   -0.16  0.11  -0.98  
   -0.12  -0.99  -0.09  
   -0.98  0.10  0.17  

4  1188.09  175.91  -90.64  
   0.66  -0.75  0.03  
   0.65  0.55  -0.52  
   0.37  0.36  0.85  

5  1076.47  251.82  144.66  
   0.37  0.78  0.50  
   -0.15  0.58  -0.80  
   -0.92  0.23  0.33  

6  1066.65  295.57  436.22  
   -0.07  -0.94  -0.34  
   -0.11  0.34  -0.93  
   0.99  -0.03  -0.13  

8  1068.44  -289.77  136.18  
   0.28  -0.81  0.52  
   0.17  0.57  0.80  
   -0.95  -0.13  0.30  

7  1154.16  -190.20  -117.43  
   0.53  0.80  0.27  
   -0.81  0.39  0.43  
   0.24  -0.45  0.86  

9  1055.94  -335.76  410.77  
   -0.10  0.99  -0.02  
   0.01  0.02  1.00  
   0.99  0.10  -0.01  

2  855.46  -40.63  577.30  
   0.60  -0.80  0.02  
   0.79  0.60  0.06  
   -0.06  -0.02  1.00  

4  1189.43  176.36  -88.40  
   0.67  -0.74  0.03  
   0.64  0.56  -0.53  
   0.37  0.38  0.85  

3  1264.44  -17.86  10.27  
   -0.16  0.10  -0.98  
   -0.12  -0.99  -0.09  
   -0.98  0.11  0.17  

7  1151.48  -190.20  -117.43  
   0.53  0.81  0.27  
   -0.81  0.38  0.44  
   0.25  -0.45  0.85  

8  1072.90  -288.43  141.09  
   0.23  -0.80  0.56  
   0.17  0.59  0.79  
   -0.96  -0.09  0.27  

5  1084.51  254.94  148.23  
   0.34  0.81  0.48  
   -0.16  0.55  -0.82  
   -0.93  0.21  0.32  

6  1081.83  298.25  442.91  
   -0.05  -0.93  -0.36  
   -0.11  0.37  -0.92  
   0.99  -0.00  -0.12  

9  1072.01  -336.65  416.57  
   -0.05  1.00  0.01  
   0.00  -0.01  1.00  
   1.00  0.04  -0.00  

2  855.46  -40.18  577.30  
   0.60  -0.80  0.02  
   0.79  0.60  0.06  
   -0.06  -0.02  1.00  

3  1264.44  -17.86  10.27  
   -0.16  0.10  -0.98  
   -0.12  -0.99  -0.08  
   -0.98  0.11  0.17  

4  1188.99  176.36  -87.96  
   0.68  -0.73  0.03  
   0.63  0.56  -0.54  
   0.38  0.39  0.84  

5  1090.31  256.73  153.14  
   0.31  0.81  0.50  
   -0.17  0.56  -0.81  
   -0.94  0.17  0.31  

8  1082.28  -286.64  149.13  
   0.18  -0.79  0.58  
   0.18  0.61  0.78  
   -0.97  -0.04  0.25  

6  1096.12  303.16  447.82  
   -0.01  -0.93  -0.36  
   -0.11  0.36  -0.93  
   0.99  0.03  -0.10  

7  1150.14  -190.20  -115.64  
   0.52  0.81  0.27  
   -0.81  0.38  0.45  
   0.26  -0.46  0.85  

9  1092.99  -337.99  422.37  
   0.01  1.00  0.03  
   -0.00  -0.03  1.00  
   1.00  -0.01  0.00  

2  855.46  -40.63  577.30  
   0.60  -0.80  0.02  
   0.79  0.60  0.06  
   -0.06  -0.02  1.00  

4  1188.09  176.36  -87.96  
   0.68  -0.73  0.04  
   0.63  0.56  -0.54  
   0.38  0.39  0.84  

3  1264.44  -18.31  9.38  
   -0.16  0.10  -0.98  
   -0.13  -0.99  -0.08  
   -0.98  0.11  0.17  

5  1092.99  252.71  158.95  
   0.27  0.80  0.54  
   -0.17  0.59  -0.79  
   -0.95  0.12  0.30  

6  1109.96  305.40  452.29  
   0.05  -0.95  -0.32  
   -0.09  0.31  -0.95  
   0.99  0.08  -0.07  

8  1092.10  -286.20  155.82  
   0.13  -0.79  0.61  
   0.18  0.62  0.76  
   -0.98  0.01  0.22  

7  1149.70  -191.54  -115.64  
   0.53  0.80  0.27  
   -0.81  0.38  0.45  
   0.26  -0.46  0.85  

9  1116.21  -338.44  427.73  
   0.07  1.00  0.05  
   -0.01  -0.05  1.00  
   1.00  -0.07  0.01  

2  855.46  -40.18  577.30  
   0.60  -0.80  0.02  
   0.79  0.60  0.06  
   -0.06  -0.02  1.00  

4  1186.76  175.02  -87.06  
   0.69  -0.73  0.04  
   0.62  0.56  -0.55  
   0.38  0.40  0.84  

3  1264.44  -18.75  8.93  
   -0.16  0.10  -0.98  
   -0.13  -0.99  -0.08  
   -0.98  0.12  0.17  

5  1099.69  251.82  163.41  
   0.22  0.78  0.58  
   -0.17  0.62  -0.77  
   -0.96  0.07  0.27  

8  1102.82  -287.98  161.63  
   0.07  -0.77  0.63  
   0.18  0.63  0.75  
   -0.98  0.06  0.18  

6  1130.94  305.40  455.41  
   0.11  -0.95  -0.29  
   -0.08  0.28  -0.96  
   0.99  0.13  -0.04  

7  1149.70  -192.43  -113.41  
   0.54  0.80  0.27  
   -0.80  0.38  0.46  
   0.27  -0.47  0.84  

9  1143.45  -341.56  430.41  
   0.13  0.99  0.07  
   -0.02  -0.07  1.00  
   0.99  -0.13  0.01  

2  855.46  -40.18  577.30  
   0.60  -0.80  0.02  
   0.79  0.60  0.06  
   -0.06  -0.02  1.00  

4  1185.86  172.79  -87.51  
   0.70  -0.72  0.04  
   0.61  0.57  -0.55  
   0.37  0.41  0.83  

3  1264.00  -20.54  8.04  
   -0.16  0.10  -0.98  
   -0.14  -0.99  -0.08  
   -0.98  0.12  0.17  

5  1108.62  249.14  168.32  
   0.18  0.79  0.59  
   -0.17  0.62  -0.77  
   -0.97  0.04  0.24  

6  1148.80  302.72  458.99  
   0.16  -0.95  -0.28  
   -0.08  0.27  -0.96  
   0.98  0.17  -0.03  

7  1148.80  -194.22  -112.07  
   0.54  0.79  0.27  
   -0.80  0.38  0.47  
   0.27  -0.47  0.84  

8  1112.19  -288.43  165.65  
   0.02  -0.77  0.64  
   0.17  0.63  0.76  
   -0.98  0.09  0.14  

9  1163.09  -339.33  433.98  
   0.17  0.98  0.07  
   -0.02  -0.07  1.00  
   0.98  -0.17  0.01  

2  855.46  -40.18  577.30  
   0.60  -0.80  0.02  
   0.79  0.60  0.06  
   -0.06  -0.02  1.00  

4  1186.31  173.24  -87.06  
   0.70  -0.71  0.04  
   0.61  0.57  -0.55  
   0.37  0.41  0.83  

3  1264.44  -20.54  7.59  
   -0.16  0.11  -0.98  
   -0.14  -0.99  -0.08  
   -0.98  0.12  0.17  

7  1148.36  -194.67  -112.07  
   0.54  0.79  0.27  
   -0.79  0.38  0.47  
   0.27  -0.48  0.84  

6  1166.22  300.48  460.77  
   0.21  -0.94  -0.26  
   -0.08  0.24  -0.97  
   0.98  0.22  -0.02  

5  1116.21  246.91  172.79  
   0.13  0.77  0.62  
   -0.16  0.64  -0.76  
   -0.98  0.00  0.21  

8  1120.23  -285.30  169.66  
   -0.02  -0.77  0.64  
   0.16  0.63  0.76  
   -0.99  0.12  0.11  

9  1178.27  -332.18  436.66  
   0.20  0.98  0.06  
   -0.01  -0.06  1.00  
   0.98  -0.20  -0.00  

4  1186.31  172.79  -86.17  
   0.71  -0.71  0.03  
   0.60  0.57  -0.56  
   0.37  0.41  0.83  

2  855.46  -40.18  577.30  
   0.60  -0.80  0.02  
   0.79  0.60  0.06  
   -0.06  -0.02  1.00  

3  1264.44  -20.98  7.59  
   -0.16  0.11  -0.98  
   -0.14  -0.99  -0.08  
   -0.98  0.12  0.17  

5  1120.68  244.23  178.15  
   0.10  0.76  0.64  
   -0.15  0.65  -0.75  
   -0.98  -0.02  0.18  

6  1179.61  299.14  464.34  
   0.24  -0.94  -0.24  
   -0.07  0.22  -0.97  
   0.97  0.25  -0.01  

9  1186.31  -326.83  439.79  
   0.22  0.97  0.06  
   -0.00  -0.06  1.00  
   0.98  -0.22  -0.01  

8  1124.69  -283.07  173.24  
   -0.04  -0.76  0.65  
   0.15  0.63  0.76  
   -0.99  0.13  0.09  

7  1148.36  -195.56  -111.62  
   0.54  0.79  0.27  
   -0.79  0.38  0.48  
   0.27  -0.48  0.83  

2  855.46  -40.18  577.30  
   0.60  -0.80  0.02  
   0.79  0.60  0.06  
   -0.06  -0.02  1.00  

4  1185.42  172.79  -85.72  
   0.71  -0.71  0.03  
   0.60  0.58  -0.56  
   0.38  0.41  0.83  

5  1126.48  242.89  182.17  
   0.06  0.76  0.65  
   -0.15  0.65  -0.74  
   -0.99  -0.05  0.15  

3  1264.00  -20.54  7.59  
   -0.16  0.11  -0.98  
   -0.14  -0.99  -0.08  
   -0.98  0.12  0.17  

6  1193.01  297.81  465.24  
   0.28  -0.93  -0.22  
   -0.07  0.21  -0.97  
   0.96  0.29  -0.01  

7  1147.91  -195.11  -109.39  
   0.54  0.79  0.27  
   -0.79  0.38  0.48  
   0.28  -0.48  0.83  

9  1193.45  -322.81  442.47  
   0.24  0.97  0.08  
   -0.01  -0.08  1.00  
   0.97  -0.24  -0.01  

8  1127.37  -278.16  179.04  
   -0.07  -0.74  0.67  
   0.14  0.66  0.74  
   -0.99  0.14  0.06  

2  855.46  -40.18  577.75  
   0.60  -0.80  0.02  
   0.79  0.60  0.06  
   -0.06  -0.02  1.00  

4  1183.63  172.79  -83.94  
   0.71  -0.71  0.02  
   0.59  0.58  -0.56  
   0.39  0.41  0.83  

3  1263.55  -20.54  8.04  
   -0.16  0.11  -0.98  
   -0.14  -0.99  -0.09  
   -0.98  0.12  0.18  

5  1130.94  241.10  187.97  
   0.02  0.75  0.66  
   -0.14  0.66  -0.74  
   -0.99  -0.08  0.12  

7  1145.23  -195.11  -106.71  
   0.54  0.80  0.27  
   -0.79  0.37  0.49  
   0.29  -0.48  0.83  

6  1206.85  292.00  470.15  
   0.32  -0.92  -0.22  
   -0.08  0.20  -0.98  
   0.94  0.33  -0.01  

8  1130.50  -276.37  183.06  
   -0.09  -0.73  0.68  
   0.12  0.67  0.73  
   -0.99  0.15  0.03  

9  1201.04  -318.34  443.36  
   0.26  0.96  0.09  
   -0.01  -0.09  1.00  
   0.96  -0.26  -0.02  

4  1181.84  172.79  -81.71  
   0.71  -0.70  0.01  
   0.58  0.58  -0.57  
   0.39  0.41  0.82  

2  855.46  -40.18  577.30  
   0.60  -0.80  0.02  
   0.79  0.60  0.06  
   -0.06  -0.02  1.00  

3  1262.21  -21.43  8.48  
   -0.17  0.11  -0.98  
   -0.13  -0.99  -0.09  
   -0.98  0.12  0.18  

6  1219.35  287.09  470.15  
   0.36  -0.91  -0.20  
   -0.08  0.19  -0.98  
   0.93  0.37  -0.01  

5  1136.30  237.98  193.77  
   -0.01  0.74  0.67  
   -0.12  0.66  -0.74  
   -0.99  -0.09  0.08  

7  1143.45  -196.01  -104.92  
   0.54  0.80  0.28  
   -0.79  0.36  0.49  
   0.29  -0.48  0.83  

8  1133.62  -273.25  185.74  
   -0.12  -0.72  0.69  
   0.10  0.68  0.73  
   -0.99  0.16  -0.01  

9  1210.42  -310.31  449.16  
   0.29  0.95  0.11  
   0.00  -0.11  0.99  
   0.96  -0.28  -0.04  

2  855.46  -40.18  577.30  
   0.60  -0.80  0.02  
   0.79  0.60  0.06  
   -0.06  -0.02  1.00  

3  1261.32  -20.98  8.48  
   -0.17  0.11  -0.98  
   -0.13  -0.99  -0.09  
   -0.98  0.11  0.18  

6  1228.72  284.41  472.83  
   0.38  -0.90  -0.19  
   -0.08  0.17  -0.98  
   0.92  0.39  -0.01  

5  1138.09  235.74  198.24  
   -0.04  0.73  0.68  
   -0.11  0.67  -0.73  
   -0.99  -0.11  0.06  

4  1180.95  172.34  -80.81  
   0.71  -0.70  0.01  
   0.58  0.58  -0.57  
   0.40  0.41  0.82  

7  1142.11  -195.56  -103.58  
   0.54  0.80  0.28  
   -0.79  0.36  0.49  
   0.29  -0.49  0.82  

9  1219.80  -300.93  449.61  
   0.31  0.94  0.11  
   0.02  -0.12  0.99  
   0.95  -0.31  -0.05  

8  1139.43  -268.34  190.20  
   -0.15  -0.71  0.68  
   0.08  0.68  0.73  
   -0.99  0.17  -0.04  

2  855.46  -40.18  577.30  
   0.60  -0.80  0.02  
   0.79  0.60  0.06  
   -0.06  -0.02  1.00  

3  1260.43  -20.98  8.04  
   -0.17  0.11  -0.98  
   -0.13  -0.99  -0.09  
   -0.98  0.11  0.18  

4  1179.61  173.24  -79.92  
   0.71  -0.70  0.00  
   0.58  0.58  -0.57  
   0.40  0.41  0.82  

5  1141.21  233.06  198.69  
   -0.06  0.73  0.68  
   -0.10  0.68  -0.73  
   -0.99  -0.12  0.03  

6  1235.42  280.39  472.83  
   0.40  -0.90  -0.18  
   -0.09  0.16  -0.98  
   0.91  0.41  -0.02  

8  1143.45  -266.10  190.65  
   -0.17  -0.72  0.68  
   0.07  0.68  0.73  
   -0.98  0.17  -0.06  

7  1141.21  -196.01  -102.69  
   0.54  0.79  0.28  
   -0.79  0.37  0.50  
   0.29  -0.49  0.82  

9  1227.83  -296.02  448.27  
   0.33  0.94  0.10  
   0.03  -0.11  0.99  
   0.94  -0.32  -0.06  

2  855.91  -40.18  577.30  
   0.60  -0.80  0.02  
   0.79  0.60  0.06  
   -0.06  -0.02  1.00  

4  1177.38  173.68  -79.47  
   0.71  -0.71  0.00  
   0.58  0.58  -0.57  
   0.40  0.40  0.82  

3  1259.09  -20.54  8.04  
   -0.17  0.12  -0.98  
   -0.13  -0.99  -0.10  
   -0.98  0.11  0.18  

6  1241.23  275.93  471.93  
   0.42  -0.89  -0.18  
   -0.10  0.15  -0.98  
   0.90  0.44  -0.02  

7  1141.21  -196.90  -103.14  
   0.55  0.79  0.28  
   -0.78  0.37  0.50  
   0.29  -0.49  0.82  

5  1141.21  232.62  200.92  
   -0.08  0.72  0.69  
   -0.10  0.68  -0.72  
   -0.99  -0.13  0.02  

9  1234.08  -292.45  448.27  
   0.33  0.94  0.06  
   0.04  -0.08  1.00  
   0.94  -0.33  -0.06  

8  1147.02  -265.21  192.88  
   -0.18  -0.72  0.67  
   0.06  0.67  0.74  
   -0.98  0.17  -0.08  

2  855.46  -40.18  577.30  
   0.60  -0.80  0.02  
   0.79  0.60  0.06  
   -0.06  -0.02  1.00  

3  1258.19  -19.65  8.04  
   -0.17  0.12  -0.98  
   -0.12  -0.99  -0.10  
   -0.98  0.10  0.18  

4  1176.04  173.68  -78.58  
   0.71  -0.71  0.00  
   0.58  0.58  -0.56  
   0.40  0.40  0.83  

5  1141.66  230.39  204.04  
   -0.10  0.72  0.69  
   -0.09  0.68  -0.72  
   -0.99  -0.13  0.00  

6  1243.01  272.80  472.83  
   0.43  -0.88  -0.19  
   -0.11  0.15  -0.98  
   0.89  0.45  -0.03  

8  1144.34  -267.00  192.43  
   -0.19  -0.74  0.65  
   0.05  0.65  0.75  
   -0.98  0.17  -0.09  

7  1139.87  -196.45  -103.58  
   0.55  0.79  0.28  
   -0.79  0.37  0.49  
   0.28  -0.49  0.83  

9  1232.74  -291.55  447.38  
   0.33  0.94  0.04  
   0.04  -0.05  1.00  
   0.94  -0.33  -0.06  

2  855.46  -40.18  577.30  
   0.60  -0.80  0.02  
   0.79  0.60  0.06  
   -0.06  -0.02  1.00  

4  1174.70  174.13  -78.13  
   0.71  -0.70  0.00  
   0.58  0.58  -0.56  
   0.40  0.40  0.83  

3  1256.85  -20.09  7.59  
   -0.17  0.12  -0.98  
   -0.12  -0.99  -0.10  
   -0.98  0.10  0.19  

5  1142.55  229.05  204.94  
   -0.11  0.71  0.69  
   -0.09  0.69  -0.72  
   -0.99  -0.14  -0.01  

6  1243.91  270.12  473.27  
   0.44  -0.88  -0.19  
   -0.12  0.15  -0.98  
   0.89  0.45  -0.03  

7  1137.20  -197.35  -104.48  
   0.54  0.79  0.29  
   -0.80  0.37  0.48  
   0.27  -0.49  0.83  

9  1234.08  -292.00  446.04  
   0.33  0.94  0.01  
   0.05  -0.03  1.00  
   0.94  -0.33  -0.05  

8  1144.34  -268.34  190.65  
   -0.19  -0.74  0.64  
   0.05  0.65  0.76  
   -0.98  0.18  -0.09  

2  855.46  -40.18  577.30  
   0.60  -0.80  0.02  
   0.79  0.60  0.06  
   -0.06  -0.02  1.00  

3  1255.96  -19.20  8.04  
   -0.18  0.13  -0.98  
   -0.12  -0.99  -0.11  
   -0.98  0.10  0.19  

6  1243.91  269.23  474.17  
   0.43  -0.88  -0.19  
   -0.12  0.16  -0.98  
   0.89  0.45  -0.04  

4  1173.81  174.58  -77.69  
   0.71  -0.70  0.00  
   0.58  0.59  -0.56  
   0.40  0.40  0.83  

5  1141.66  229.49  204.04  
   -0.12  0.72  0.69  
   -0.09  0.68  -0.73  
   -0.99  -0.14  -0.02  

7  1137.20  -196.90  -104.48  
   0.55  0.78  0.30  
   -0.79  0.37  0.48  
   0.26  -0.50  0.83  

8  1146.57  -268.78  190.65  
   -0.19  -0.76  0.62  
   0.04  0.62  0.78  
   -0.98  0.17  -0.09  

9  1235.42  -288.43  447.82  
   0.32  0.95  -0.02  
   0.05  0.01  1.00  
   0.95  -0.32  -0.05  

2  855.46  -40.18  577.30  
   0.60  -0.80  0.02  
   0.79  0.60  0.06  
   -0.06  -0.02  1.00  

4  1172.47  174.13  -78.13  
   0.71  -0.70  0.00  
   0.59  0.59  -0.56  
   0.39  0.40  0.83  

3  1255.51  -19.65  7.59  
   -0.18  0.13  -0.98  
   -0.12  -0.99  -0.11  
   -0.98  0.10  0.19  

5  1141.21  229.49  204.49  
   -0.12  0.72  0.68  
   -0.08  0.68  -0.73  
   -0.99  -0.14  -0.02  

6  1243.46  267.89  474.17  
   0.43  -0.88  -0.20  
   -0.12  0.17  -0.98  
   0.89  0.45  -0.04  

7  1137.20  -197.79  -104.92  
   0.55  0.78  0.30  
   -0.79  0.38  0.48  
   0.26  -0.51  0.82  

8  1147.02  -269.23  191.10  
   -0.19  -0.76  0.62  
   0.04  0.62  0.78  
   -0.98  0.17  -0.09  

9  1235.42  -290.66  447.38  
   0.32  0.95  -0.03  
   0.05  0.02  1.00  
   0.95  -0.32  -0.05  

3  1254.62  -20.09  7.59  
   -0.18  0.13  -0.98  
   -0.12  -0.99  -0.11  
   -0.98  0.10  0.19  

2  855.46  -40.18  577.30  
   0.60  -0.80  0.02  
   0.79  0.60  0.06  
   -0.06  -0.02  1.00  

4  1171.58  173.68  -78.58  
   0.71  -0.70  0.01  
   0.59  0.59  -0.56  
   0.39  0.40  0.83  

5  1140.77  229.05  204.49  
   -0.13  0.72  0.68  
   -0.08  0.68  -0.73  
   -0.99  -0.15  -0.03  

6  1243.46  267.89  473.72  
   0.43  -0.88  -0.20  
   -0.12  0.17  -0.98  
   0.89  0.45  -0.04  

8  1146.57  -268.78  192.43  
   -0.19  -0.77  0.61  
   0.04  0.62  0.79  
   -0.98  0.17  -0.09  

7  1136.30  -197.79  -104.03  
   0.55  0.77  0.30  
   -0.79  0.38  0.48  
   0.26  -0.51  0.82  

9  1235.87  -290.21  446.93  
   0.32  0.95  -0.03  
   0.05  0.02  1.00  
   0.95  -0.32  -0.05  

2  855.46  -40.18  577.30  
   0.60  -0.80  0.02  
   0.79  0.60  0.06  
   -0.06  -0.02  1.00  

6  1243.01  267.00  473.27  
   0.43  -0.88  -0.21  
   -0.12  0.17  -0.98  
   0.89  0.45  -0.04  

5  1141.21  228.15  204.49  
   -0.13  0.72  0.68  
   -0.08  0.68  -0.73  
   -0.99  -0.15  -0.03  

4  1171.58  173.68  -79.03  
   0.71  -0.70  0.01  
   0.59  0.59  -0.55  
   0.38  0.40  0.83  

3  1254.17  -20.09  7.59  
   -0.18  0.13  -0.98  
   -0.12  -0.99  -0.11  
   -0.98  0.10  0.19  

7  1135.86  -198.69  -104.03  
   0.55  0.78  0.31  
   -0.79  0.37  0.48  
   0.26  -0.51  0.82  

8  1145.23  -268.78  192.88  
   -0.20  -0.76  0.61  
   0.04  0.62  0.78  
   -0.98  0.18  -0.10  

9  1234.98  -289.77  446.93  
   0.32  0.95  -0.03  
   0.05  0.02  1.00  
   0.95  -0.32  -0.05  

2  855.46  -40.18  577.30  
   0.60  -0.80  0.02  
   0.79  0.60  0.06  
   -0.06  -0.02  1.00  

4  1171.58  173.24  -79.03  
   0.71  -0.70  0.01  
   0.59  0.59  -0.55  
   0.38  0.40  0.83  

3  1253.73  -20.09  7.14  
   -0.18  0.13  -0.98  
   -0.12  -0.99  -0.11  
   -0.98  0.10  0.19  

6  1243.01  267.00  472.83  
   0.43  -0.88  -0.21  
   -0.12  0.17  -0.98  
   0.89  0.44  -0.04  

8  1145.23  -269.68  192.43  
   -0.21  -0.76  0.61  
   0.04  0.62  0.78  
   -0.98  0.18  -0.10  

7  1135.41  -198.69  -103.58  
   0.55  0.78  0.31  
   -0.79  0.37  0.48  
   0.26  -0.51  0.82  

5  1140.77  228.15  204.49  
   -0.14  0.72  0.68  
   -0.08  0.68  -0.73  
   -0.99  -0.16  -0.03  

9  1234.98  -290.66  446.48  
   0.32  0.95  -0.03  
   0.05  0.02  1.00  
   0.95  -0.32  -0.05  

2  855.46  -40.18  577.30  
   0.60  -0.80  0.02  
   0.79  0.60  0.06  
   -0.06  -0.02  1.00  

3  1253.28  -20.09  7.59  
   -0.18  0.12  -0.98  
   -0.12  -0.99  -0.10  
   -0.98  0.10  0.20  

4  1171.58  173.24  -79.47  
   0.71  -0.70  0.01  
   0.59  0.59  -0.55  
   0.38  0.40  0.83  

5  1140.77  228.60  204.49  
   -0.14  0.72  0.68  
   -0.08  0.68  -0.73  
   -0.99  -0.16  -0.03  

8  1144.79  -268.78  192.88  
   -0.21  -0.76  0.62  
   0.04  0.62  0.78  
   -0.98  0.19  -0.11  

7  1134.52  -198.24  -103.58  
   0.55  0.77  0.31  
   -0.79  0.37  0.48  
   0.26  -0.51  0.82  

6  1243.01  266.55  472.83  
   0.43  -0.88  -0.21  
   -0.12  0.17  -0.98  
   0.90  0.44  -0.04  

9  1234.98  -290.21  446.93  
   0.32  0.95  -0.03  
   0.06  0.02  1.00  
   0.94  -0.32  -0.05  

2  855.46  -40.18  577.30  
   0.60  -0.80  0.02  
   0.79  0.60  0.06  
   -0.06  -0.02  1.00  

3  1253.28  -20.54  6.70  
   -0.18  0.12  -0.98  
   -0.12  -0.99  -0.10  
   -0.98  0.10  0.19  

4  1172.02  173.24  -79.92  
   0.72  -0.70  0.01  
   0.59  0.59  -0.55  
   0.38  0.40  0.84  

5  1140.77  228.15  204.49  
   -0.14  0.72  0.68  
   -0.08  0.68  -0.73  
   -0.99  -0.16  -0.03  

9  1235.42  -289.77  446.48  
   0.32  0.95  -0.04  
   0.06  0.02  1.00  
   0.94  -0.32  -0.05  

8  1144.34  -268.78  192.43  
   -0.22  -0.75  0.62  
   0.04  0.63  0.78  
   -0.98  0.19  -0.11  

7  1134.52  -198.24  -104.03  
   0.55  0.78  0.31  
   -0.80  0.37  0.48  
   0.26  -0.51  0.82  

6  1243.01  266.55  472.38  
   0.43  -0.88  -0.21  
   -0.13  0.17  -0.98  
   0.90  0.44  -0.04  

