2  855.91  -39.74  577.75  
   0.60  -0.80  -0.02  
   0.80  0.60  0.04  
   -0.02  -0.04  1.00  

4  1106.83  124.57  -40.18  
   0.85  -0.45  0.27  
   0.52  0.81  -0.27  
   -0.10  0.37  0.92  

3  1225.15  -28.13  25.45  
   -0.51  -0.02  -0.86  
   -0.10  -0.99  0.08  
   -0.86  0.12  0.50  

7  1109.51  -179.04  -62.95  
   0.82  0.45  0.36  
   -0.53  0.83  0.19  
   -0.21  -0.34  0.92  

6  1353.74  6.25  -58.04  
   -0.12  0.95  0.30  
   -0.99  -0.14  0.05  
   0.09  -0.29  0.95  

5  1315.79  258.07  -16.97  
   -0.98  -0.06  0.21  
   -0.20  -0.02  -0.98  
   0.06  -1.00  0.00  

8  1323.83  -292.00  -31.70  
   -0.98  0.05  0.19  
   0.19  -0.04  0.98  
   0.06  1.00  0.02  

9  1430.98  -48.67  -81.71  
   0.10  -0.99  -0.09  
   1.00  0.10  -0.00  
   0.01  -0.09  1.00  

2  855.46  -40.18  578.20  
   0.60  -0.80  -0.02  
   0.80  0.60  0.04  
   -0.02  -0.04  1.00  

4  1106.83  125.02  -40.18  
   0.85  -0.45  0.27  
   0.52  0.81  -0.27  
   -0.10  0.37  0.92  

3  1224.26  -28.13  25.90  
   -0.51  -0.02  -0.86  
   -0.10  -0.99  0.08  
   -0.86  0.12  0.50  

6  1353.74  6.70  -58.04  
   -0.12  0.95  0.30  
   -0.99  -0.14  0.05  
   0.09  -0.29  0.95  

5  1316.24  257.62  -16.97  
   -0.98  -0.06  0.20  
   -0.20  -0.02  -0.98  
   0.06  -1.00  0.00  

8  1324.27  -292.00  -31.25  
   -0.98  0.05  0.19  
   0.19  -0.03  0.98  
   0.06  1.00  0.02  

7  1109.07  -178.59  -62.51  
   0.82  0.45  0.35  
   -0.53  0.83  0.19  
   -0.21  -0.34  0.92  

9  1430.54  -48.67  -82.15  
   0.10  -0.99  -0.09  
   1.00  0.10  -0.00  
   0.01  -0.09  1.00  

2  855.46  -40.18  577.75  
   0.60  -0.80  -0.02  
   0.80  0.60  0.04  
   -0.02  -0.04  1.00  

6  1353.29  6.25  -58.04  
   -0.12  0.95  0.30  
   -0.99  -0.14  0.05  
   0.09  -0.29  0.95  

3  1224.26  -28.13  25.90  
   -0.51  -0.02  -0.86  
   -0.10  -0.99  0.08  
   -0.86  0.12  0.50  

5  1315.79  257.62  -16.97  
   -0.98  -0.06  0.20  
   -0.20  -0.02  -0.98  
   0.06  -1.00  0.00  

4  1106.83  125.02  -40.18  
   0.85  -0.45  0.27  
   0.52  0.81  -0.27  
   -0.10  0.37  0.92  

8  1323.83  -291.55  -31.25  
   -0.98  0.05  0.19  
   0.19  -0.03  0.98  
   0.06  1.00  0.02  

7  1109.07  -178.59  -62.95  
   0.82  0.45  0.35  
   -0.53  0.83  0.19  
   -0.21  -0.34  0.92  

9  1430.54  -49.56  -81.71  
   0.10  -0.99  -0.09  
   0.99  0.10  -0.00  
   0.01  -0.09  1.00  

2  855.46  -40.18  578.20  
   0.60  -0.80  -0.02  
   0.80  0.60  0.04  
   -0.02  -0.04  1.00  

5  1315.79  257.62  -16.52  
   -0.98  -0.06  0.20  
   -0.20  -0.01  -0.98  
   0.06  -1.00  0.00  

3  1224.26  -28.13  26.34  
   -0.51  -0.02  -0.86  
   -0.10  -0.99  0.08  
   -0.86  0.12  0.50  

4  1106.83  125.02  -40.18  
   0.85  -0.45  0.27  
   0.52  0.81  -0.27  
   -0.10  0.37  0.92  

6  1352.85  6.25  -58.49  
   -0.12  0.95  0.30  
   -0.99  -0.14  0.04  
   0.08  -0.29  0.95  

8  1323.83  -292.45  -29.91  
   -0.98  0.05  0.19  
   0.19  -0.03  0.98  
   0.06  1.00  0.02  

9  1430.09  -50.01  -82.15  
   0.10  -0.99  -0.09  
   1.00  0.10  0.00  
   0.01  -0.09  1.00  

7  1108.62  -178.59  -62.95  
   0.82  0.45  0.35  
   -0.53  0.83  0.19  
   -0.21  -0.34  0.92  

2  855.46  -39.74  578.20  
   0.60  -0.80  -0.02  
   0.80  0.60  0.04  
   -0.02  -0.04  1.00  

3  1224.26  -28.13  26.34  
   -0.51  -0.02  -0.86  
   -0.10  -0.99  0.08  
   -0.86  0.12  0.50  

4  1106.83  125.02  -39.74  
   0.85  -0.45  0.27  
   0.52  0.81  -0.27  
   -0.10  0.37  0.92  

5  1315.34  257.18  -15.63  
   -0.98  -0.06  0.20  
   -0.20  -0.00  -0.98  
   0.06  -1.00  -0.01  

6  1352.85  6.25  -60.72  
   -0.12  0.94  0.31  
   -0.99  -0.14  0.03  
   0.08  -0.30  0.95  

7  1108.62  -178.59  -62.95  
   0.82  0.45  0.35  
   -0.53  0.83  0.19  
   -0.21  -0.34  0.92  

9  1429.64  -51.35  -84.39  
   0.09  -0.99  -0.09  
   1.00  0.09  0.02  
   -0.01  -0.09  1.00  

8  1323.83  -292.00  -28.13  
   -0.98  0.05  0.19  
   0.19  -0.02  0.98  
   0.06  1.00  0.01  

2  855.46  -40.18  578.20  
   0.60  -0.80  -0.02  
   0.80  0.60  0.04  
   -0.02  -0.04  1.00  

3  1224.26  -28.57  26.34  
   -0.51  -0.02  -0.86  
   -0.10  -0.99  0.08  
   -0.86  0.12  0.50  

6  1353.29  7.14  -65.63  
   -0.12  0.94  0.31  
   -0.99  -0.13  0.02  
   0.06  -0.31  0.95  

4  1106.39  125.02  -39.74  
   0.85  -0.45  0.27  
   0.52  0.81  -0.27  
   -0.10  0.37  0.92  

5  1315.34  257.18  -12.06  
   -0.98  -0.07  0.20  
   -0.20  0.02  -0.98  
   0.06  -1.00  -0.03  

7  1108.62  -178.59  -62.51  
   0.82  0.45  0.35  
   -0.53  0.83  0.19  
   -0.21  -0.34  0.92  

8  1323.38  -292.89  -27.24  
   -0.98  0.06  0.20  
   0.20  -0.02  0.98  
   0.06  1.00  0.01  

9  1431.43  -52.69  -87.96  
   0.10  -0.99  -0.08  
   0.99  0.10  0.04  
   -0.03  -0.08  1.00  

2  855.46  -39.74  578.20  
   0.60  -0.80  -0.02  
   0.80  0.60  0.04  
   -0.02  -0.04  1.00  

4  1106.83  125.46  -39.29  
   0.85  -0.46  0.27  
   0.52  0.81  -0.27  
   -0.10  0.37  0.92  

3  1224.26  -28.57  26.34  
   -0.51  -0.02  -0.86  
   -0.10  -0.99  0.08  
   -0.86  0.13  0.50  

5  1315.79  257.62  -12.06  
   -0.98  -0.07  0.20  
   -0.20  0.03  -0.98  
   0.06  -1.00  -0.05  

6  1354.19  8.04  -69.21  
   -0.11  0.94  0.32  
   -0.99  -0.12  0.01  
   0.04  -0.32  0.95  

8  1322.93  -293.34  -23.22  
   -0.98  0.05  0.20  
   0.20  0.01  0.98  
   0.05  1.00  -0.02  

7  1108.62  -178.59  -62.51  
   0.82  0.45  0.35  
   -0.53  0.82  0.19  
   -0.21  -0.34  0.92  

9  1432.77  -53.13  -90.64  
   0.11  -0.99  -0.08  
   0.99  0.11  0.07  
   -0.06  -0.08  0.99  

2  855.46  -40.18  578.20  
   0.60  -0.80  -0.02  
   0.80  0.60  0.04  
   -0.02  -0.04  1.00  

3  1224.26  -28.57  25.90  
   -0.51  -0.02  -0.86  
   -0.10  -0.99  0.08  
   -0.86  0.13  0.50  

4  1106.39  125.91  -39.74  
   0.85  -0.46  0.27  
   0.52  0.81  -0.27  
   -0.10  0.37  0.92  

5  1316.24  257.62  -11.61  
   -0.98  -0.08  0.20  
   -0.20  0.04  -0.98  
   0.07  -1.00  -0.06  

7  1108.62  -178.59  -62.51  
   0.82  0.45  0.35  
   -0.53  0.82  0.19  
   -0.21  -0.35  0.92  

6  1353.74  8.48  -72.78  
   -0.11  0.94  0.32  
   -0.99  -0.11  -0.00  
   0.03  -0.32  0.95  

8  1324.27  -292.89  -22.32  
   -0.98  0.06  0.20  
   0.20  0.03  0.98  
   0.05  1.00  -0.04  

9  1430.98  -54.02  -95.99  
   0.11  -0.99  -0.07  
   0.99  0.11  0.09  
   -0.08  -0.08  0.99  

2  855.46  -40.18  578.20  
   0.60  -0.80  -0.02  
   0.80  0.60  0.04  
   -0.02  -0.04  1.00  

5  1315.79  257.62  -11.61  
   -0.98  -0.08  0.20  
   -0.20  0.05  -0.98  
   0.07  -1.00  -0.06  

4  1106.39  125.91  -39.74  
   0.85  -0.46  0.28  
   0.52  0.81  -0.27  
   -0.10  0.38  0.92  

3  1224.26  -28.13  25.90  
   -0.51  -0.02  -0.86  
   -0.10  -0.99  0.08  
   -0.85  0.13  0.50  

6  1354.19  10.27  -74.12  
   -0.11  0.94  0.32  
   -0.99  -0.11  -0.01  
   0.02  -0.32  0.95  

8  1323.83  -292.45  -21.88  
   -0.98  0.06  0.20  
   0.20  0.04  0.98  
   0.05  1.00  -0.05  

9  1430.54  -54.92  -98.67  
   0.11  -0.99  -0.06  
   0.99  0.11  0.10  
   -0.09  -0.07  0.99  

7  1108.62  -178.59  -62.51  
   0.82  0.45  0.36  
   -0.53  0.82  0.19  
   -0.21  -0.35  0.91  

2  855.46  -40.18  578.64  
   0.60  -0.80  -0.02  
   0.80  0.60  0.04  
   -0.02  -0.04  1.00  

4  1106.83  125.91  -39.74  
   0.85  -0.46  0.28  
   0.52  0.81  -0.27  
   -0.10  0.38  0.92  

3  1224.71  -28.13  25.45  
   -0.51  -0.02  -0.86  
   -0.10  -0.99  0.08  
   -0.85  0.13  0.50  

5  1315.79  257.62  -11.61  
   -0.98  -0.08  0.20  
   -0.20  0.05  -0.98  
   0.07  -1.00  -0.06  

8  1323.83  -291.55  -22.32  
   -0.98  0.06  0.20  
   0.20  0.04  0.98  
   0.05  1.00  -0.05  

7  1108.17  -178.59  -62.51  
   0.82  0.45  0.36  
   -0.53  0.82  0.19  
   -0.21  -0.35  0.91  

6  1354.19  10.27  -74.56  
   -0.11  0.94  0.33  
   -0.99  -0.11  -0.01  
   0.02  -0.32  0.95  

9  1430.98  -55.36  -99.57  
   0.11  -0.99  -0.06  
   0.99  0.11  0.10  
   -0.09  -0.07  0.99  

2  855.46  -40.18  578.64  
   0.60  -0.80  -0.02  
   0.80  0.60  0.04  
   -0.02  -0.04  1.00  

4  1106.39  126.36  -39.74  
   0.85  -0.46  0.28  
   0.52  0.81  -0.27  
   -0.10  0.38  0.92  

6  1354.19  10.27  -74.56  
   -0.11  0.94  0.33  
   -0.99  -0.11  -0.01  
   0.03  -0.33  0.95  

5  1315.79  258.07  -11.16  
   -0.98  -0.08  0.20  
   -0.20  0.05  -0.98  
   0.07  -1.00  -0.06  

3  1224.71  -27.68  25.45  
   -0.51  -0.02  -0.86  
   -0.10  -0.99  0.08  
   -0.85  0.13  0.50  

7  1108.62  -178.59  -62.51  
   0.82  0.45  0.36  
   -0.53  0.82  0.19  
   -0.21  -0.35  0.91  

8  1323.83  -292.00  -22.77  
   -0.98  0.06  0.20  
   0.20  0.04  0.98  
   0.05  1.00  -0.05  

9  1430.54  -54.92  -97.33  
   0.11  -0.99  -0.06  
   0.99  0.10  0.09  
   -0.09  -0.07  0.99  

2  855.46  -40.18  578.20  
   0.60  -0.80  -0.02  
   0.80  0.60  0.04  
   -0.02  -0.04  1.00  

3  1224.71  -27.24  25.45  
   -0.51  -0.02  -0.86  
   -0.10  -0.99  0.08  
   -0.85  0.13  0.50  

4  1106.83  126.80  -39.29  
   0.84  -0.46  0.28  
   0.53  0.80  -0.28  
   -0.10  0.38  0.92  

5  1315.34  258.51  -6.70  
   -0.98  -0.09  0.20  
   -0.20  0.09  -0.97  
   0.07  -0.99  -0.11  

6  1353.74  13.84  -83.05  
   -0.11  0.94  0.33  
   -0.99  -0.09  -0.06  
   -0.02  -0.34  0.94  

7  1108.62  -178.59  -62.51  
   0.82  0.45  0.36  
   -0.53  0.82  0.19  
   -0.21  -0.35  0.91  

9  1431.88  -58.04  -104.92  
   0.11  -0.99  -0.06  
   0.98  0.10  0.14  
   -0.13  -0.07  0.99  

8  1323.83  -291.55  -20.98  
   -0.98  0.06  0.20  
   0.20  0.06  0.98  
   0.05  1.00  -0.07  

2  855.46  -39.74  578.20  
   0.60  -0.80  -0.02  
   0.80  0.60  0.04  
   -0.02  -0.04  1.00  

4  1107.28  127.25  -39.29  
   0.84  -0.46  0.28  
   0.53  0.80  -0.28  
   -0.10  0.39  0.92  

3  1225.15  -27.68  25.45  
   -0.51  -0.02  -0.86  
   -0.10  -0.99  0.08  
   -0.85  0.13  0.50  

8  1322.49  -293.34  -16.52  
   -0.98  0.06  0.20  
   0.21  0.11  0.97  
   0.04  0.99  -0.12  

5  1317.58  257.62  -2.68  
   -0.98  -0.09  0.19  
   -0.20  0.14  -0.97  
   0.06  -0.99  -0.15  

6  1352.85  17.41  -91.98  
   -0.11  0.93  0.34  
   -0.99  -0.08  -0.11  
   -0.08  -0.35  0.93  

7  1108.62  -178.59  -62.95  
   0.82  0.45  0.36  
   -0.54  0.82  0.20  
   -0.21  -0.35  0.91  

9  1431.88  -63.85  -114.75  
   0.12  -0.99  -0.05  
   0.97  0.11  0.20  
   -0.19  -0.07  0.98  

2  855.46  -40.18  578.64  
   0.60  -0.80  -0.02  
   0.80  0.60  0.04  
   -0.02  -0.04  1.00  

6  1349.72  24.56  -107.60  
   -0.13  0.93  0.35  
   -0.98  -0.05  -0.21  
   -0.18  -0.37  0.91  

5  1318.47  257.18  6.25  
   -0.98  -0.10  0.18  
   -0.20  0.22  -0.96  
   0.05  -0.97  -0.23  

3  1224.71  -28.13  25.45  
   -0.51  -0.02  -0.86  
   -0.10  -0.99  0.08  
   -0.86  0.13  0.50  

4  1107.28  127.69  -38.40  
   0.84  -0.46  0.29  
   0.54  0.79  -0.29  
   -0.09  0.40  0.91  

7  1108.17  -179.93  -62.06  
   0.81  0.45  0.36  
   -0.55  0.81  0.20  
   -0.20  -0.36  0.91  

9  1432.77  -75.01  -127.69  
   0.13  -0.99  -0.04  
   0.95  0.11  0.29  
   -0.28  -0.08  0.96  

8  1322.93  -295.57  -6.70  
   -0.98  0.06  0.21  
   0.22  0.18  0.96  
   0.02  0.98  -0.19  

4  1108.17  128.14  -38.84  
   0.84  -0.47  0.29  
   0.54  0.79  -0.29  
   -0.09  0.40  0.91  

3  1224.71  -28.57  25.45  
   -0.51  -0.02  -0.86  
   -0.10  -0.99  0.09  
   -0.86  0.13  0.50  

2  855.46  -39.74  578.20  
   0.60  -0.80  -0.02  
   0.80  0.60  0.04  
   -0.02  -0.04  1.00  

5  1320.70  253.60  15.18  
   -0.98  -0.10  0.17  
   -0.19  0.29  -0.94  
   0.05  -0.95  -0.31  

7  1108.17  -180.38  -61.61  
   0.81  0.46  0.37  
   -0.55  0.81  0.21  
   -0.20  -0.37  0.91  

9  1431.43  -87.06  -137.52  
   0.14  -0.99  -0.02  
   0.92  0.13  0.36  
   -0.35  -0.07  0.93  

6  1348.38  33.93  -124.12  
   -0.13  0.92  0.36  
   -0.95  -0.02  -0.31  
   -0.28  -0.39  0.88  

8  1320.70  -295.57  0.00  
   -0.97  0.06  0.21  
   0.22  0.23  0.95  
   0.01  0.97  -0.24  

2  855.46  -39.74  578.20  
   0.60  -0.80  -0.02  
   0.80  0.60  0.04  
   -0.02  -0.04  1.00  

3  1224.26  -28.13  25.90  
   -0.50  -0.02  -0.86  
   -0.10  -0.99  0.09  
   -0.86  0.13  0.50  

4  1108.17  129.48  -37.50  
   0.83  -0.47  0.29  
   0.55  0.78  -0.30  
   -0.08  0.41  0.91  

5  1321.15  253.60  21.88  
   -0.98  -0.11  0.17  
   -0.20  0.37  -0.91  
   0.04  -0.92  -0.38  

6  1348.38  50.45  -139.75  
   -0.13  0.92  0.38  
   -0.91  0.04  -0.41  
   -0.39  -0.40  0.83  

7  1107.28  -181.27  -60.72  
   0.80  0.47  0.37  
   -0.56  0.80  0.21  
   -0.20  -0.38  0.90  

8  1319.36  -296.91  8.04  
   -0.97  0.07  0.22  
   0.23  0.30  0.92  
   0.00  0.95  -0.31  

9  1427.86  -103.14  -154.04  
   0.14  -0.99  0.02  
   0.88  0.13  0.46  
   -0.45  -0.05  0.89  

2  855.46  -40.18  578.20  
   0.60  -0.80  -0.02  
   0.80  0.60  0.04  
   -0.02  -0.04  1.00  

4  1108.17  129.93  -37.50  
   0.83  -0.48  0.30  
   0.56  0.77  -0.31  
   -0.08  0.42  0.90  

3  1224.71  -28.57  25.45  
   -0.50  -0.02  -0.86  
   -0.10  -0.99  0.09  
   -0.86  0.13  0.50  

5  1321.59  252.26  32.15  
   -0.98  -0.12  0.16  
   -0.20  0.46  -0.87  
   0.03  -0.88  -0.47  

6  1343.47  71.88  -165.65  
   -0.14  0.91  0.40  
   -0.84  0.10  -0.54  
   -0.53  -0.41  0.74  

7  1107.28  -182.17  -60.72  
   0.80  0.47  0.38  
   -0.57  0.79  0.22  
   -0.19  -0.39  0.90  

9  1422.50  -124.57  -175.91  
   0.13  -0.99  0.06  
   0.81  0.14  0.57  
   -0.58  -0.02  0.82  

8  1318.91  -298.25  14.73  
   -0.97  0.09  0.22  
   0.24  0.39  0.89  
   -0.00  0.92  -0.40  

2  855.46  -40.18  578.20  
   0.60  -0.80  -0.02  
   0.80  0.60  0.04  
   -0.02  -0.04  1.00  

3  1224.71  -28.57  25.45  
   -0.50  -0.03  -0.86  
   -0.10  -0.99  0.09  
   -0.86  0.13  0.50  

4  1108.62  131.71  -36.61  
   0.82  -0.48  0.30  
   0.56  0.76  -0.32  
   -0.08  0.43  0.90  

5  1324.27  248.69  40.63  
   -0.98  -0.13  0.15  
   -0.20  0.53  -0.82  
   0.03  -0.84  -0.55  

6  1341.24  94.65  -179.93  
   -0.15  0.90  0.41  
   -0.76  0.16  -0.63  
   -0.64  -0.40  0.66  

8  1317.13  -300.48  18.31  
   -0.97  0.11  0.22  
   0.25  0.44  0.86  
   -0.00  0.89  -0.46  

7  1105.94  -182.61  -60.28  
   0.79  0.48  0.38  
   -0.58  0.78  0.23  
   -0.19  -0.40  0.90  

9  1416.69  -149.13  -192.88  
   0.12  -0.99  0.11  
   0.74  0.16  0.65  
   -0.66  0.01  0.75  

2  855.46  -39.74  578.20  
   0.60  -0.80  -0.02  
   0.80  0.60  0.04  
   -0.02  -0.04  1.00  

5  1323.38  244.67  46.43  
   -0.98  -0.14  0.14  
   -0.19  0.60  -0.78  
   0.02  -0.79  -0.62  

3  1224.71  -28.57  25.45  
   -0.50  -0.02  -0.86  
   -0.10  -0.99  0.08  
   -0.86  0.13  0.50  

4  1108.62  133.05  -36.17  
   0.82  -0.49  0.31  
   0.57  0.76  -0.32  
   -0.08  0.44  0.90  

6  1336.77  115.64  -191.99  
   -0.17  0.90  0.41  
   -0.66  0.21  -0.72  
   -0.73  -0.39  0.56  

7  1106.39  -182.61  -59.38  
   0.79  0.48  0.38  
   -0.59  0.77  0.23  
   -0.18  -0.41  0.89  

9  1407.77  -175.91  -206.72  
   0.09  -0.98  0.16  
   0.63  0.18  0.76  
   -0.77  0.03  0.64  

8  1317.13  -295.57  28.57  
   -0.97  0.13  0.22  
   0.25  0.53  0.81  
   -0.01  0.84  -0.54  

2  855.46  -39.74  578.20  
   0.60  -0.80  -0.02  
   0.80  0.60  0.04  
   -0.02  -0.04  1.00  

5  1326.51  237.98  55.36  
   -0.98  -0.15  0.12  
   -0.19  0.67  -0.72  
   0.02  -0.73  -0.68  

3  1225.15  -28.13  25.00  
   -0.50  -0.02  -0.86  
   -0.10  -0.99  0.08  
   -0.86  0.13  0.49  

4  1108.62  133.50  -36.61  
   0.82  -0.49  0.31  
   0.57  0.75  -0.33  
   -0.08  0.44  0.89  

6  1332.76  146.00  -203.15  
   -0.18  0.90  0.40  
   -0.55  0.25  -0.80  
   -0.82  -0.37  0.44  

7  1106.39  -183.51  -59.83  
   0.78  0.49  0.39  
   -0.60  0.77  0.24  
   -0.18  -0.42  0.89  

8  1316.68  -295.57  32.15  
   -0.96  0.16  0.22  
   0.27  0.59  0.76  
   -0.00  0.79  -0.61  

9  1400.62  -204.04  -217.88  
   0.08  -0.97  0.21  
   0.53  0.22  0.82  
   -0.84  0.05  0.54  

2  855.46  -39.74  578.20  
   0.60  -0.80  -0.02  
   0.80  0.60  0.04  
   -0.02  -0.04  1.00  

3  1225.15  -28.57  25.45  
   -0.50  -0.02  -0.87  
   -0.10  -0.99  0.08  
   -0.86  0.13  0.49  

4  1108.62  133.50  -36.17  
   0.81  -0.49  0.31  
   0.58  0.75  -0.33  
   -0.07  0.45  0.89  

5  1327.40  237.08  55.36  
   -0.98  -0.17  0.11  
   -0.20  0.71  -0.68  
   0.03  -0.69  -0.72  

7  1105.05  -183.95  -59.38  
   0.77  0.49  0.40  
   -0.61  0.76  0.24  
   -0.18  -0.43  0.89  

8  1313.11  -300.93  33.93  
   -0.95  0.19  0.23  
   0.30  0.61  0.73  
   0.00  0.77  -0.64  

6  1330.97  164.31  -212.53  
   -0.19  0.89  0.41  
   -0.47  0.29  -0.84  
   -0.86  -0.35  0.36  

9  1393.03  -228.60  -225.47  
   0.07  -0.96  0.25  
   0.47  0.26  0.84  
   -0.88  0.06  0.47  

4  1108.17  133.95  -36.17  
   0.81  -0.49  0.32  
   0.58  0.74  -0.33  
   -0.07  0.46  0.89  

5  1326.95  237.08  56.70  
   -0.98  -0.19  0.11  
   -0.21  0.73  -0.65  
   0.04  -0.66  -0.75  

2  855.46  -40.18  578.20  
   0.60  -0.80  -0.02  
   0.80  0.60  0.04  
   -0.02  -0.04  1.00  

3  1225.15  -28.57  25.45  
   -0.50  -0.02  -0.87  
   -0.10  -0.99  0.08  
   -0.86  0.13  0.49  

6  1331.42  183.06  -216.10  
   -0.17  0.89  0.43  
   -0.40  0.34  -0.85  
   -0.90  -0.32  0.30  

9  1389.01  -250.92  -227.71  
   0.08  -0.95  0.29  
   0.40  0.30  0.87  
   -0.91  0.05  0.41  

7  1104.16  -184.84  -58.94  
   0.77  0.50  0.40  
   -0.62  0.75  0.25  
   -0.18  -0.44  0.88  

8  1309.99  -305.40  37.50  
   -0.95  0.22  0.24  
   0.33  0.63  0.70  
   -0.00  0.74  -0.67  

2  855.46  -40.18  578.20  
   0.60  -0.80  -0.02  
   0.80  0.60  0.04  
   -0.02  -0.04  1.00  

4  1108.17  134.39  -36.61  
   0.81  -0.49  0.32  
   0.58  0.74  -0.34  
   -0.07  0.46  0.88  

3  1224.71  -29.02  25.00  
   -0.50  -0.02  -0.87  
   -0.10  -0.99  0.08  
   -0.86  0.13  0.49  

5  1326.51  236.64  60.72  
   -0.97  -0.20  0.11  
   -0.23  0.76  -0.60  
   0.04  -0.61  -0.79  

7  1103.71  -184.84  -58.04  
   0.76  0.51  0.40  
   -0.63  0.74  0.25  
   -0.17  -0.45  0.88  

6  1327.84  204.49  -216.10  
   -0.18  0.88  0.44  
   -0.31  0.37  -0.87  
   -0.93  -0.30  0.21  

9  1380.53  -272.80  -229.05  
   0.06  -0.94  0.33  
   0.33  0.33  0.89  
   -0.94  0.06  0.33  

8  1308.65  -306.29  41.52  
   -0.94  0.24  0.25  
   0.35  0.66  0.66  
   -0.00  0.71  -0.71  

2  855.46  -40.18  578.20  
   0.60  -0.80  -0.02  
   0.80  0.60  0.04  
   -0.02  -0.04  1.00  

4  1108.62  135.28  -36.61  
   0.81  -0.49  0.33  
   0.59  0.73  -0.34  
   -0.07  0.47  0.88  

3  1224.71  -29.47  25.00  
   -0.50  -0.02  -0.87  
   -0.10  -0.99  0.08  
   -0.86  0.13  0.49  

7  1103.71  -184.84  -58.04  
   0.75  0.51  0.41  
   -0.63  0.73  0.25  
   -0.17  -0.45  0.88  

8  1306.86  -306.73  45.09  
   -0.93  0.27  0.24  
   0.37  0.69  0.62  
   0.00  0.67  -0.74  

5  1327.40  233.96  62.95  
   -0.97  -0.22  0.09  
   -0.24  0.80  -0.55  
   0.05  -0.56  -0.83  

6  1322.04  225.03  -215.65  
   -0.21  0.87  0.45  
   -0.23  0.40  -0.89  
   -0.95  -0.29  0.12  

9  1371.60  -290.21  -227.26  
   0.03  -0.93  0.36  
   0.25  0.35  0.90  
   -0.97  0.06  0.24  

2  855.46  -40.18  578.20  
   0.60  -0.80  -0.02  
   0.80  0.60  0.04  
   -0.02  -0.04  1.00  

4  1108.62  135.73  -36.61  
   0.80  -0.49  0.33  
   0.59  0.73  -0.35  
   -0.07  0.48  0.88  

3  1224.71  -29.91  24.56  
   -0.50  -0.02  -0.86  
   -0.10  -0.99  0.08  
   -0.86  0.13  0.49  

5  1328.29  232.17  66.53  
   -0.97  -0.24  0.08  
   -0.25  0.82  -0.51  
   0.05  -0.51  -0.86  

7  1103.26  -185.74  -58.04  
   0.75  0.51  0.41  
   -0.64  0.73  0.26  
   -0.17  -0.46  0.87  

8  1305.07  -307.63  47.77  
   -0.92  0.29  0.24  
   0.38  0.71  0.59  
   0.00  0.64  -0.77  

9  1361.78  -307.18  -227.26  
   -0.00  -0.92  0.39  
   0.18  0.38  0.91  
   -0.98  0.07  0.17  

6  1317.13  240.21  -214.76  
   -0.24  0.86  0.45  
   -0.16  0.42  -0.89  
   -0.96  -0.28  0.04  

2  855.46  -40.18  578.20  
   0.60  -0.80  -0.02  
   0.80  0.60  0.04  
   -0.02  -0.04  1.00  

4  1108.17  136.62  -36.61  
   0.80  -0.50  0.34  
   0.60  0.72  -0.35  
   -0.07  0.48  0.87  

5  1327.40  232.62  69.65  
   -0.96  -0.26  0.07  
   -0.27  0.84  -0.46  
   0.06  -0.46  -0.88  

6  1309.99  259.85  -208.06  
   -0.26  0.85  0.47  
   -0.09  0.46  -0.88  
   -0.96  -0.27  -0.04  

3  1224.71  -29.47  24.56  
   -0.50  -0.02  -0.86  
   -0.10  -0.99  0.08  
   -0.86  0.13  0.50  

7  1102.82  -186.63  -58.94  
   0.74  0.52  0.42  
   -0.65  0.72  0.26  
   -0.17  -0.46  0.87  

8  1305.07  -307.18  54.92  
   -0.92  0.33  0.23  
   0.40  0.75  0.52  
   -0.00  0.57  -0.82  

9  1350.62  -333.52  -222.35  
   -0.04  -0.91  0.42  
   0.08  0.42  0.90  
   -1.00  0.07  0.05  

2  855.46  -40.18  578.20  
   0.60  -0.80  -0.02  
   0.80  0.60  0.04  
   -0.02  -0.04  1.00  

3  1224.71  -29.02  24.56  
   -0.50  -0.02  -0.86  
   -0.10  -0.99  0.08  
   -0.86  0.13  0.50  

4  1108.17  137.52  -37.06  
   0.80  -0.50  0.34  
   0.60  0.71  -0.36  
   -0.07  0.49  0.87  

5  1326.51  233.96  71.88  
   -0.95  -0.30  0.06  
   -0.29  0.86  -0.41  
   0.07  -0.41  -0.91  

7  1101.92  -186.63  -58.04  
   0.73  0.53  0.42  
   -0.66  0.71  0.26  
   -0.16  -0.47  0.87  

6  1301.95  280.39  -200.47  
   -0.29  0.83  0.47  
   -0.01  0.49  -0.87  
   -0.96  -0.25  -0.14  

9  1338.11  -352.28  -215.65  
   -0.07  -0.88  0.47  
   0.02  0.47  0.88  
   -1.00  0.08  -0.01  

8  1301.95  -309.86  58.49  
   -0.90  0.36  0.23  
   0.43  0.76  0.48  
   -0.00  0.53  -0.84  

5  1326.51  235.30  75.46  
   -0.94  -0.33  0.04  
   -0.32  0.88  -0.35  
   0.08  -0.34  -0.93  

2  855.46  -40.18  578.64  
   0.60  -0.80  -0.02  
   0.80  0.60  0.04  
   -0.02  -0.04  1.00  

4  1107.73  137.96  -37.06  
   0.79  -0.50  0.35  
   0.61  0.71  -0.37  
   -0.06  0.50  0.86  

3  1225.15  -29.02  23.66  
   -0.50  -0.02  -0.86  
   -0.10  -0.99  0.08  
   -0.86  0.13  0.50  

6  1291.68  300.48  -192.88  
   -0.33  0.82  0.47  
   0.07  0.52  -0.85  
   -0.94  -0.25  -0.23  

7  1100.14  -186.63  -58.49  
   0.72  0.54  0.43  
   -0.67  0.69  0.25  
   -0.16  -0.47  0.87  

8  1296.59  -314.77  59.83  
   -0.89  0.39  0.23  
   0.46  0.76  0.46  
   0.00  0.52  -0.86  

9  1326.06  -368.35  -211.63  
   -0.10  -0.86  0.49  
   -0.01  0.49  0.87  
   -1.00  0.08  -0.06  

2  855.46  -39.74  578.20  
   0.60  -0.80  -0.02  
   0.80  0.60  0.04  
   -0.02  -0.04  1.00  

4  1107.28  139.30  -36.61  
   0.79  -0.50  0.36  
   0.61  0.69  -0.37  
   -0.06  0.51  0.86  

3  1225.60  -29.02  22.77  
   -0.51  -0.01  -0.86  
   -0.10  -0.99  0.08  
   -0.86  0.13  0.50  

5  1323.83  234.85  77.69  
   -0.93  -0.37  0.05  
   -0.37  0.88  -0.31  
   0.07  -0.30  -0.95  

7  1099.69  -187.08  -57.60  
   0.71  0.56  0.43  
   -0.68  0.69  0.24  
   -0.16  -0.47  0.87  

6  1282.30  316.11  -181.72  
   -0.35  0.80  0.49  
   0.12  0.56  -0.82  
   -0.93  -0.23  -0.29  

8  1294.36  -317.90  63.40  
   -0.88  0.41  0.23  
   0.48  0.76  0.44  
   0.00  0.50  -0.87  

9  1319.36  -378.62  -207.17  
   -0.12  -0.86  0.50  
   -0.03  0.51  0.86  
   -0.99  0.09  -0.09  

2  855.46  -39.74  578.20  
   0.60  -0.80  -0.02  
   0.80  0.60  0.04  
   -0.02  -0.04  1.00  

4  1106.39  140.64  -35.27  
   0.78  -0.52  0.36  
   0.63  0.68  -0.38  
   -0.05  0.52  0.85  

3  1225.60  -29.02  23.22  
   -0.51  -0.01  -0.86  
   -0.11  -0.99  0.07  
   -0.85  0.13  0.50  

6  1277.84  325.93  -175.91  
   -0.35  0.78  0.51  
   0.13  0.58  -0.80  
   -0.93  -0.21  -0.31  

5  1319.36  241.99  83.05  
   -0.91  -0.40  0.05  
   -0.40  0.87  -0.30  
   0.08  -0.29  -0.95  

7  1098.80  -187.97  -57.15  
   0.70  0.58  0.43  
   -0.70  0.68  0.23  
   -0.16  -0.46  0.87  

8  1289.45  -321.47  70.10  
   -0.86  0.44  0.25  
   0.50  0.76  0.41  
   -0.01  0.48  -0.88  

9  1314.00  -390.23  -200.47  
   -0.12  -0.84  0.52  
   -0.05  0.53  0.85  
   -0.99  0.08  -0.11  

2  855.46  -39.74  578.20  
   0.60  -0.80  -0.02  
   0.80  0.60  0.04  
   -0.02  -0.04  1.00  

3  1226.05  -28.57  22.77  
   -0.51  -0.00  -0.86  
   -0.11  -0.99  0.07  
   -0.85  0.13  0.51  

4  1106.39  141.09  -35.72  
   0.77  -0.52  0.36  
   0.63  0.68  -0.37  
   -0.05  0.52  0.85  

5  1319.36  243.78  83.05  
   -0.91  -0.42  0.04  
   -0.42  0.86  -0.29  
   0.09  -0.27  -0.96  

6  1272.03  333.08  -171.90  
   -0.37  0.77  0.52  
   0.14  0.60  -0.79  
   -0.92  -0.21  -0.33  

7  1097.91  -187.97  -55.81  
   0.68  0.59  0.43  
   -0.71  0.66  0.22  
   -0.16  -0.46  0.87  

8  1283.64  -329.06  73.22  
   -0.85  0.46  0.27  
   0.53  0.75  0.39  
   -0.02  0.47  -0.88  

9  1305.52  -402.73  -193.77  
   -0.13  -0.83  0.54  
   -0.07  0.55  0.83  
   -0.99  0.07  -0.13  

2  855.46  -39.74  578.20  
   0.60  -0.80  -0.02  
   0.80  0.60  0.04  
   -0.02  -0.04  1.00  

3  1226.05  -28.57  22.32  
   -0.51  -0.00  -0.86  
   -0.11  -0.99  0.07  
   -0.85  0.13  0.51  

6  1267.12  336.20  -173.68  
   -0.39  0.76  0.51  
   0.15  0.60  -0.78  
   -0.91  -0.23  -0.35  

4  1106.39  140.20  -36.61  
   0.77  -0.52  0.37  
   0.63  0.68  -0.36  
   -0.06  0.52  0.85  

5  1319.81  244.67  80.37  
   -0.90  -0.44  0.02  
   -0.42  0.86  -0.28  
   0.11  -0.26  -0.96  

7  1097.46  -187.08  -55.81  
   0.67  0.60  0.43  
   -0.72  0.66  0.21  
   -0.16  -0.45  0.88  

8  1281.86  -331.74  71.44  
   -0.84  0.48  0.26  
   0.55  0.74  0.38  
   -0.01  0.46  -0.89  

9  1297.48  -413.44  -196.45  
   -0.15  -0.84  0.52  
   -0.08  0.53  0.84  
   -0.98  0.08  -0.15  

2  855.46  -40.18  578.20  
   0.60  -0.80  -0.02  
   0.80  0.60  0.04  
   -0.02  -0.04  1.00  

3  1226.05  -28.13  21.43  
   -0.52  0.00  -0.86  
   -0.11  -0.99  0.06  
   -0.85  0.13  0.51  

4  1106.39  141.09  -36.17  
   0.77  -0.52  0.38  
   0.64  0.68  -0.36  
   -0.07  0.52  0.85  

5  1319.81  247.35  79.03  
   -0.89  -0.45  0.01  
   -0.44  0.86  -0.28  
   0.12  -0.25  -0.96  

6  1263.55  340.22  -173.24  
   -0.40  0.76  0.51  
   0.16  0.61  -0.78  
   -0.90  -0.23  -0.36  

7  1095.23  -185.29  -55.81  
   0.66  0.61  0.43  
   -0.73  0.66  0.19  
   -0.17  -0.44  0.88  

8  1278.28  -334.42  69.65  
   -0.83  0.50  0.26  
   0.56  0.74  0.38  
   -0.01  0.46  -0.89  

9  1293.47  -414.78  -197.79  
   -0.16  -0.85  0.50  
   -0.09  0.52  0.85  
   -0.98  0.09  -0.16  

2  855.46  -40.18  578.20  
   0.60  -0.80  -0.02  
   0.80  0.60  0.04  
   -0.02  -0.04  1.00  

4  1105.94  141.09  -36.61  
   0.76  -0.52  0.38  
   0.64  0.68  -0.35  
   -0.08  0.51  0.86  

3  1226.49  -27.24  20.98  
   -0.52  0.00  -0.86  
   -0.11  -0.99  0.06  
   -0.85  0.13  0.51  

5  1318.47  251.82  75.90  
   -0.88  -0.47  0.00  
   -0.45  0.85  -0.28  
   0.13  -0.24  -0.96  

8  1272.93  -339.33  66.08  
   -0.81  0.51  0.27  
   0.58  0.72  0.37  
   -0.00  0.46  -0.89  

6  1260.43  343.79  -176.36  
   -0.41  0.76  0.51  
   0.15  0.61  -0.78  
   -0.90  -0.24  -0.36  

7  1093.89  -184.40  -56.70  
   0.65  0.62  0.43  
   -0.74  0.65  0.18  
   -0.17  -0.44  0.88  

9  1287.21  -422.37  -201.36  
   -0.16  -0.86  0.48  
   -0.09  0.50  0.86  
   -0.98  0.10  -0.16  

2  855.46  -40.18  578.20  
   0.60  -0.80  -0.02  
   0.80  0.60  0.04  
   -0.02  -0.04  1.00  

4  1105.94  140.20  -36.61  
   0.76  -0.53  0.38  
   0.65  0.68  -0.34  
   -0.08  0.51  0.86  

3  1226.94  -27.68  20.98  
   -0.52  0.00  -0.85  
   -0.11  -0.99  0.06  
   -0.85  0.13  0.52  

5  1318.02  251.82  74.56  
   -0.88  -0.47  0.01  
   -0.46  0.85  -0.27  
   0.12  -0.24  -0.96  

6  1259.09  344.69  -176.81  
   -0.41  0.76  0.51  
   0.15  0.61  -0.78  
   -0.90  -0.24  -0.36  

7  1093.89  -184.84  -56.26  
   0.65  0.62  0.43  
   -0.74  0.65  0.18  
   -0.17  -0.44  0.88  

8  1272.48  -339.77  67.42  
   -0.81  0.52  0.28  
   0.59  0.72  0.37  
   -0.01  0.46  -0.89  

9  1286.32  -423.71  -200.47  
   -0.16  -0.86  0.48  
   -0.09  0.50  0.86  
   -0.98  0.09  -0.16  

2  855.46  -39.74  578.20  
   0.60  -0.80  -0.02  
   0.80  0.60  0.04  
   -0.02  -0.04  1.00  

3  1226.94  -27.68  20.54  
   -0.52  0.01  -0.85  
   -0.11  -0.99  0.06  
   -0.85  0.13  0.52  

4  1105.94  139.75  -36.61  
   0.76  -0.53  0.38  
   0.65  0.68  -0.34  
   -0.08  0.50  0.86  

6  1259.53  342.45  -176.81  
   -0.41  0.76  0.50  
   0.15  0.60  -0.79  
   -0.90  -0.25  -0.36  

5  1318.47  251.37  74.12  
   -0.88  -0.47  0.01  
   -0.46  0.85  -0.27  
   0.12  -0.24  -0.96  

7  1093.89  -185.29  -56.26  
   0.65  0.62  0.43  
   -0.74  0.65  0.18  
   -0.17  -0.44  0.88  

9  1286.77  -424.16  -196.45  
   -0.16  -0.86  0.48  
   -0.10  0.50  0.86  
   -0.98  0.09  -0.16  

8  1272.03  -339.33  68.76  
   -0.81  0.52  0.28  
   0.59  0.72  0.37  
   -0.01  0.46  -0.89  

5  1325.17  242.44  70.99  
   -0.89  -0.45  -0.03  
   -0.43  0.87  -0.26  
   0.14  -0.22  -0.96  

4  1107.28  139.75  -37.06  
   0.77  -0.51  0.39  
   0.63  0.70  -0.34  
   -0.10  0.51  0.86  

3  1226.94  -28.13  20.09  
   -0.52  0.01  -0.85  
   -0.11  -0.99  0.06  
   -0.85  0.13  0.52  

2  855.46  -40.18  578.20  
   0.60  -0.80  -0.02  
   0.80  0.60  0.04  
   -0.02  -0.04  1.00  

6  1262.66  334.86  -177.70  
   -0.44  0.78  0.44  
   0.17  0.56  -0.81  
   -0.88  -0.28  -0.38  

8  1278.28  -330.40  67.87  
   -0.83  0.50  0.25  
   0.56  0.75  0.36  
   -0.00  0.44  -0.90  

9  1289.89  -415.68  -195.11  
   -0.19  -0.88  0.44  
   -0.10  0.46  0.88  
   -0.98  0.12  -0.18  

7  1093.44  -186.18  -55.81  
   0.65  0.62  0.44  
   -0.74  0.65  0.18  
   -0.17  -0.44  0.88  

2  855.46  -40.18  578.20  
   0.60  -0.80  -0.02  
   0.80  0.60  0.04  
   -0.02  -0.04  1.00  

4  1109.51  140.20  -37.06  
   0.78  -0.49  0.38  
   0.61  0.71  -0.34  
   -0.11  0.50  0.86  

5  1333.20  229.49  69.65  
   -0.91  -0.41  -0.06  
   -0.38  0.89  -0.26  
   0.15  -0.21  -0.97  

3  1226.49  -29.02  19.20  
   -0.52  0.00  -0.85  
   -0.11  -0.99  0.06  
   -0.85  0.13  0.52  

6  1271.59  325.04  -176.36  
   -0.45  0.81  0.38  
   0.19  0.50  -0.85  
   -0.87  -0.31  -0.38  

7  1094.33  -185.74  -56.26  
   0.66  0.60  0.44  
   -0.72  0.66  0.19  
   -0.18  -0.45  0.88  

9  1303.29  -397.37  -201.36  
   -0.19  -0.91  0.37  
   -0.09  0.39  0.91  
   -0.98  0.14  -0.16  

8  1288.11  -319.24  63.85  
   -0.86  0.46  0.22  
   0.51  0.77  0.38  
   0.00  0.44  -0.90  

2  855.46  -39.74  578.20  
   0.60  -0.80  -0.02  
   0.80  0.60  0.04  
   -0.02  -0.04  1.00  

3  1226.94  -28.13  19.20  
   -0.52  0.00  -0.85  
   -0.11  -0.99  0.06  
   -0.85  0.13  0.52  

4  1110.41  140.20  -36.61  
   0.78  -0.49  0.38  
   0.61  0.71  -0.34  
   -0.11  0.50  0.86  

6  1265.78  321.02  -172.34  
   -0.49  0.78  0.40  
   0.20  0.54  -0.82  
   -0.85  -0.32  -0.42  

5  1335.43  224.14  69.65  
   -0.92  -0.39  -0.07  
   -0.37  0.90  -0.24  
   0.16  -0.19  -0.97  

7  1096.57  -186.63  -55.81  
   0.67  0.59  0.44  
   -0.72  0.67  0.19  
   -0.19  -0.45  0.88  

9  1305.07  -392.91  -198.24  
   -0.22  -0.91  0.34  
   -0.10  0.37  0.92  
   -0.97  0.17  -0.18  

8  1294.80  -313.43  63.85  
   -0.88  0.44  0.20  
   0.48  0.79  0.38  
   0.01  0.43  -0.90  

2  855.46  -40.18  578.20  
   0.60  -0.80  -0.02  
   0.80  0.60  0.04  
   -0.02  -0.04  1.00  

4  1111.75  142.43  -34.38  
   0.79  -0.47  0.39  
   0.60  0.71  -0.36  
   -0.11  0.52  0.85  

3  1226.05  -28.13  17.86  
   -0.54  -0.00  -0.84  
   -0.10  -0.99  0.07  
   -0.84  0.12  0.53  

6  1259.09  313.88  -162.97  
   -0.54  0.71  0.45  
   0.18  0.62  -0.76  
   -0.82  -0.33  -0.46  

5  1339.45  222.35  70.54  
   -0.91  -0.40  -0.10  
   -0.37  0.90  -0.22  
   0.18  -0.16  -0.97  

7  1095.67  -186.63  -54.92  
   0.67  0.59  0.45  
   -0.72  0.67  0.20  
   -0.18  -0.45  0.87  

8  1297.93  -306.73  67.42  
   -0.89  0.43  0.17  
   0.46  0.81  0.37  
   0.02  0.41  -0.91  

9  1302.39  -383.53  -194.22  
   -0.26  -0.92  0.31  
   -0.11  0.34  0.93  
   -0.96  0.21  -0.18  

2  855.46  -40.18  578.20  
   0.60  -0.80  -0.02  
   0.80  0.60  0.04  
   -0.02  -0.04  1.00  

6  1259.09  306.73  -163.41  
   -0.55  0.73  0.41  
   0.20  0.59  -0.78  
   -0.81  -0.35  -0.47  

5  1342.13  213.42  66.53  
   -0.92  -0.37  -0.12  
   -0.34  0.92  -0.21  
   0.19  -0.15  -0.97  

4  1111.30  142.88  -34.83  
   0.80  -0.46  0.39  
   0.60  0.72  -0.36  
   -0.11  0.52  0.85  

3  1225.60  -28.13  16.52  
   -0.54  -0.00  -0.84  
   -0.10  -0.99  0.07  
   -0.84  0.12  0.53  

9  1310.43  -366.56  -196.01  
   -0.28  -0.93  0.23  
   -0.12  0.27  0.95  
   -0.95  0.24  -0.19  

8  1308.20  -287.98  64.29  
   -0.92  0.37  0.13  
   0.39  0.84  0.37  
   0.03  0.39  -0.92  

7  1094.78  -185.74  -54.47  
   0.69  0.57  0.45  
   -0.70  0.69  0.20  
   -0.19  -0.45  0.87  

3  1225.15  -27.68  16.52  
   -0.54  -0.01  -0.84  
   -0.10  -0.99  0.07  
   -0.84  0.12  0.54  

2  855.46  -40.18  578.20  
   0.60  -0.80  -0.02  
   0.80  0.60  0.04  
   -0.02  -0.04  1.00  

4  1112.64  144.21  -33.04  
   0.80  -0.46  0.39  
   0.59  0.72  -0.37  
   -0.11  0.52  0.85  

5  1344.36  210.74  69.21  
   -0.92  -0.36  -0.13  
   -0.33  0.92  -0.20  
   0.19  -0.14  -0.97  

6  1260.43  304.95  -157.16  
   -0.56  0.70  0.45  
   0.21  0.64  -0.74  
   -0.80  -0.32  -0.50  

8  1310.43  -282.62  65.63  
   -0.93  0.35  0.12  
   0.37  0.85  0.37  
   0.03  0.39  -0.92  

7  1095.67  -186.18  -54.92  
   0.69  0.56  0.45  
   -0.69  0.69  0.21  
   -0.19  -0.46  0.87  

9  1314.90  -362.10  -192.88  
   -0.28  -0.94  0.21  
   -0.13  0.26  0.96  
   -0.95  0.23  -0.20  

2  855.46  -40.18  578.20  
   0.60  -0.80  -0.02  
   0.80  0.60  0.04  
   -0.02  -0.04  1.00  

4  1114.87  146.45  -31.70  
   0.80  -0.46  0.39  
   0.59  0.71  -0.38  
   -0.10  0.53  0.84  

5  1346.15  208.95  74.56  
   -0.93  -0.35  -0.12  
   -0.32  0.93  -0.19  
   0.18  -0.14  -0.97  

6  1264.44  304.50  -150.47  
   -0.55  0.69  0.47  
   0.21  0.66  -0.72  
   -0.81  -0.29  -0.51  

3  1225.60  -26.79  16.52  
   -0.54  -0.01  -0.84  
   -0.09  -0.99  0.07  
   -0.84  0.11  0.54  

7  1096.57  -185.74  -54.92  
   0.69  0.56  0.45  
   -0.69  0.69  0.21  
   -0.19  -0.45  0.87  

8  1311.77  -280.39  67.42  
   -0.93  0.35  0.12  
   0.37  0.85  0.37  
   0.03  0.39  -0.92  

9  1313.11  -358.97  -188.86  
   -0.29  -0.92  0.25  
   -0.13  0.30  0.95  
   -0.95  0.24  -0.20  

2  855.46  -40.18  578.20  
   0.60  -0.80  -0.02  
   0.80  0.60  0.04  
   -0.02  -0.04  1.00  

3  1225.60  -25.90  16.52  
   -0.54  -0.01  -0.84  
   -0.09  -0.99  0.07  
   -0.84  0.11  0.54  

4  1115.32  146.89  -31.25  
   0.80  -0.46  0.39  
   0.59  0.71  -0.38  
   -0.10  0.53  0.84  

5  1346.60  207.17  76.35  
   -0.93  -0.34  -0.11  
   -0.31  0.93  -0.19  
   0.17  -0.14  -0.98  

8  1311.32  -279.50  68.76  
   -0.93  0.35  0.12  
   0.36  0.85  0.37  
   0.03  0.39  -0.92  

6  1267.12  304.06  -149.57  
   -0.54  0.69  0.47  
   0.22  0.66  -0.72  
   -0.81  -0.29  -0.51  

7  1096.57  -185.29  -54.92  
   0.69  0.57  0.45  
   -0.70  0.69  0.20  
   -0.19  -0.45  0.87  

9  1313.56  -357.63  -188.86  
   -0.28  -0.92  0.26  
   -0.12  0.30  0.94  
   -0.95  0.24  -0.20  

2  855.46  -40.18  578.20  
   0.60  -0.80  -0.02  
   0.80  0.60  0.04  
   -0.02  -0.04  1.00  

3  1225.60  -26.34  16.97  
   -0.54  -0.01  -0.84  
   -0.09  -0.99  0.07  
   -0.84  0.11  0.53  

4  1115.76  146.45  -31.25  
   0.81  -0.46  0.38  
   0.58  0.72  -0.37  
   -0.10  0.52  0.85  

6  1280.07  289.32  -160.73  
   -0.51  0.74  0.44  
   0.20  0.60  -0.77  
   -0.84  -0.30  -0.45  

5  1350.17  201.36  78.58  
   -0.95  -0.29  -0.10  
   -0.26  0.94  -0.22  
   0.15  -0.18  -0.97  

8  1312.22  -277.27  69.65  
   -0.94  0.30  0.15  
   0.33  0.83  0.45  
   0.01  0.47  -0.88  

7  1096.57  -185.29  -54.92  
   0.70  0.56  0.44  
   -0.69  0.69  0.20  
   -0.19  -0.45  0.87  

9  1330.97  -335.31  -198.69  
   -0.21  -0.94  0.26  
   -0.03  0.27  0.96  
   -0.98  0.19  -0.09  

2  855.46  -40.18  578.20  
   0.60  -0.80  -0.02  
   0.80  0.60  0.04  
   -0.02  -0.04  1.00  

4  1118.44  145.11  -33.04  
   0.82  -0.45  0.37  
   0.57  0.74  -0.36  
   -0.11  0.51  0.86  

3  1226.49  -27.24  16.97  
   -0.53  -0.02  -0.84  
   -0.09  -0.99  0.08  
   -0.84  0.12  0.53  

5  1351.95  190.20  78.58  
   -0.97  -0.23  -0.08  
   -0.20  0.94  -0.26  
   0.13  -0.24  -0.96  

6  1293.91  268.34  -164.75  
   -0.46  0.77  0.43  
   0.16  0.55  -0.82  
   -0.87  -0.31  -0.38  

7  1098.80  -185.29  -56.26  
   0.71  0.55  0.44  
   -0.68  0.71  0.20  
   -0.20  -0.44  0.87  

8  1314.45  -279.50  66.53  
   -0.95  0.27  0.17  
   0.32  0.81  0.49  
   -0.01  0.52  -0.86  

9  1342.58  -315.22  -204.94  
   -0.16  -0.96  0.24  
   0.03  0.24  0.97  
   -0.99  0.17  -0.01  

2  855.46  -40.18  578.20  
   0.60  -0.80  -0.02  
   0.80  0.60  0.04  
   -0.02  -0.04  1.00  

6  1305.52  244.67  -174.13  
   -0.42  0.79  0.44  
   0.07  0.51  -0.86  
   -0.91  -0.33  -0.27  

5  1352.40  190.20  81.71  
   -0.98  -0.19  -0.04  
   -0.17  0.93  -0.33  
   0.10  -0.31  -0.94  

4  1119.78  145.11  -33.04  
   0.82  -0.44  0.36  
   0.56  0.74  -0.36  
   -0.11  0.50  0.86  

3  1227.39  -27.24  17.41  
   -0.53  -0.02  -0.85  
   -0.09  -0.99  0.08  
   -0.84  0.12  0.52  

7  1099.69  -185.29  -56.70  
   0.71  0.54  0.44  
   -0.67  0.72  0.20  
   -0.20  -0.44  0.88  

8  1314.00  -279.50  65.19  
   -0.95  0.23  0.19  
   0.30  0.78  0.55  
   -0.02  0.59  -0.81  

9  1356.87  -286.64  -209.85  
   -0.10  -0.97  0.23  
   0.16  0.22  0.96  
   -0.98  0.14  0.13  

2  855.46  -40.18  578.20  
   0.60  -0.80  -0.02  
   0.80  0.60  0.04  
   -0.02  -0.04  1.00  

4  1119.78  144.66  -33.04  
   0.82  -0.44  0.36  
   0.56  0.75  -0.36  
   -0.11  0.49  0.86  

3  1226.94  -27.24  18.31  
   -0.53  -0.02  -0.85  
   -0.09  -0.99  0.08  
   -0.84  0.12  0.52  

5  1351.95  193.33  79.03  
   -0.98  -0.18  -0.03  
   -0.15  0.91  -0.38  
   0.10  -0.37  -0.92  

6  1308.20  227.71  -178.59  
   -0.41  0.83  0.38  
   0.00  0.42  -0.91  
   -0.91  -0.37  -0.17  

7  1101.48  -184.84  -55.81  
   0.72  0.54  0.44  
   -0.66  0.72  0.21  
   -0.20  -0.44  0.88  

8  1314.00  -282.62  64.29  
   -0.96  0.21  0.21  
   0.29  0.75  0.59  
   -0.03  0.63  -0.78  

9  1365.35  -277.27  -205.38  
   -0.07  -0.98  0.17  
   0.21  0.16  0.96  
   -0.97  0.10  0.20  

3  1227.39  -28.13  18.75  
   -0.52  -0.03  -0.85  
   -0.09  -0.99  0.09  
   -0.85  0.13  0.52  

4  1121.12  142.43  -34.38  
   0.83  -0.43  0.35  
   0.54  0.77  -0.34  
   -0.12  0.47  0.87  

2  855.46  -40.18  578.20  
   0.60  -0.80  -0.02  
   0.80  0.60  0.04  
   -0.02  -0.04  1.00  

5  1355.08  179.49  71.44  
   -0.99  -0.12  -0.06  
   -0.09  0.90  -0.42  
   0.10  -0.41  -0.90  

7  1102.82  -184.84  -55.81  
   0.73  0.53  0.43  
   -0.65  0.73  0.21  
   -0.21  -0.43  0.88  

8  1317.13  -275.03  62.95  
   -0.97  0.17  0.19  
   0.25  0.75  0.61  
   -0.04  0.63  -0.77  

6  1313.56  207.17  -185.29  
   -0.41  0.87  0.29  
   -0.04  0.30  -0.95  
   -0.91  -0.40  -0.08  

9  1377.40  -262.98  -209.40  
   -0.04  -1.00  0.08  
   0.24  0.07  0.97  
   -0.97  0.06  0.23  

2  855.46  -40.18  578.20  
   0.60  -0.80  -0.02  
   0.80  0.60  0.04  
   -0.02  -0.04  1.00  

4  1122.02  140.64  -34.83  
   0.84  -0.42  0.34  
   0.53  0.78  -0.34  
   -0.12  0.47  0.88  

3  1227.39  -28.57  18.31  
   -0.52  -0.03  -0.85  
   -0.10  -0.99  0.09  
   -0.85  0.13  0.52  

5  1357.31  179.93  70.10  
   -0.99  -0.09  -0.05  
   -0.06  0.87  -0.50  
   0.08  -0.49  -0.87  

6  1321.15  181.72  -193.33  
   -0.38  0.89  0.25  
   -0.14  0.22  -0.97  
   -0.92  -0.40  0.04  

7  1103.26  -185.29  -56.70  
   0.74  0.52  0.43  
   -0.64  0.74  0.21  
   -0.21  -0.43  0.88  

9  1391.25  -238.42  -216.10  
   0.03  -1.00  0.05  
   0.34  0.06  0.94  
   -0.94  -0.01  0.34  

8  1321.15  -276.82  51.79  
   -0.97  0.14  0.19  
   0.23  0.71  0.67  
   -0.04  0.69  -0.72  

2  855.46  -39.74  578.20  
   0.60  -0.80  -0.02  
   0.80  0.60  0.04  
   -0.02  -0.04  1.00  

3  1227.39  -29.02  19.20  
   -0.52  -0.03  -0.85  
   -0.10  -0.99  0.09  
   -0.85  0.13  0.51  

4  1122.02  141.09  -35.27  
   0.84  -0.42  0.34  
   0.53  0.78  -0.34  
   -0.12  0.46  0.88  

5  1354.19  187.08  71.88  
   -1.00  -0.06  -0.01  
   -0.05  0.81  -0.58  
   0.04  -0.58  -0.81  

6  1330.08  154.48  -191.10  
   -0.33  0.91  0.26  
   -0.28  0.17  -0.95  
   -0.90  -0.38  0.20  

9  1409.55  -198.69  -211.63  
   0.12  -0.99  0.02  
   0.52  0.08  0.85  
   -0.84  -0.09  0.53  

7  1102.82  -185.29  -56.70  
   0.75  0.51  0.43  
   -0.63  0.75  0.20  
   -0.22  -0.42  0.88  

8  1319.81  -282.18  41.52  
   -0.97  0.10  0.21  
   0.23  0.61  0.76  
   -0.05  0.78  -0.62  

2  855.46  -39.74  578.20  
   0.60  -0.80  -0.02  
   0.80  0.60  0.04  
   -0.02  -0.04  1.00  

3  1227.39  -29.47  19.20  
   -0.52  -0.03  -0.85  
   -0.10  -0.99  0.10  
   -0.85  0.13  0.51  

4  1122.02  140.20  -35.72  
   0.84  -0.42  0.34  
   0.53  0.78  -0.34  
   -0.13  0.46  0.88  

6  1336.33  117.87  -184.84  
   -0.29  0.92  0.27  
   -0.48  0.10  -0.87  
   -0.83  -0.38  0.42  

5  1351.95  202.26  68.76  
   -1.00  -0.05  0.03  
   -0.06  0.70  -0.71  
   0.01  -0.71  -0.71  

8  1322.49  -286.20  35.27  
   -0.97  0.06  0.22  
   0.22  0.51  0.83  
   -0.07  0.86  -0.51  

7  1105.50  -185.29  -58.04  
   0.76  0.50  0.42  
   -0.61  0.76  0.20  
   -0.22  -0.41  0.88  

9  1429.20  -153.14  -184.84  
   0.18  -0.98  -0.04  
   0.68  0.10  0.72  
   -0.71  -0.16  0.69  

2  855.46  -40.18  578.20  
   0.60  -0.80  -0.02  
   0.80  0.60  0.04  
   -0.02  -0.04  1.00  

3  1227.83  -29.02  19.65  
   -0.52  -0.03  -0.86  
   -0.10  -0.99  0.10  
   -0.85  0.13  0.51  

4  1121.57  139.75  -36.17  
   0.84  -0.43  0.34  
   0.53  0.78  -0.33  
   -0.13  0.46  0.88  

5  1349.72  213.42  58.04  
   -1.00  -0.04  0.05  
   -0.07  0.58  -0.81  
   0.00  -0.81  -0.58  

6  1340.35  81.71  -171.45  
   -0.27  0.93  0.25  
   -0.65  0.02  -0.76  
   -0.71  -0.37  0.60  

7  1108.17  -184.40  -59.38  
   0.77  0.48  0.42  
   -0.59  0.78  0.20  
   -0.23  -0.41  0.89  

9  1435.89  -127.69  -172.34  
   0.18  -0.98  -0.09  
   0.75  0.08  0.66  
   -0.64  -0.18  0.75  

8  1326.51  -283.07  32.15  
   -0.98  0.03  0.21  
   0.20  0.47  0.86  
   -0.07  0.88  -0.47  

2  855.46  -40.18  578.20  
   0.60  -0.80  -0.02  
   0.80  0.60  0.04  
   -0.02  -0.04  1.00  

4  1121.12  137.52  -36.61  
   0.85  -0.41  0.33  
   0.51  0.80  -0.32  
   -0.14  0.44  0.89  

5  1352.40  211.63  46.43  
   -1.00  -0.02  0.03  
   -0.04  0.47  -0.88  
   0.00  -0.88  -0.47  

3  1227.83  -29.02  19.65  
   -0.52  -0.03  -0.86  
   -0.10  -0.99  0.10  
   -0.85  0.13  0.51  

6  1341.24  41.08  -155.38  
   -0.28  0.94  0.21  
   -0.77  -0.09  -0.64  
   -0.58  -0.34  0.74  

9  1433.21  -107.60  -166.54  
   0.15  -0.98  -0.12  
   0.79  0.05  0.61  
   -0.59  -0.19  0.78  

7  1107.73  -183.95  -59.38  
   0.78  0.47  0.41  
   -0.58  0.79  0.20  
   -0.23  -0.40  0.89  

8  1330.08  -274.59  29.47  
   -0.98  0.01  0.18  
   0.16  0.45  0.88  
   -0.07  0.89  -0.44  

2  855.46  -39.74  578.20  
   0.60  -0.80  -0.02  
   0.80  0.60  0.04  
   -0.02  -0.04  1.00  

3  1227.39  -29.02  19.20  
   -0.52  -0.04  -0.86  
   -0.10  -0.99  0.10  
   -0.85  0.14  0.51  

4  1122.02  136.18  -38.40  
   0.85  -0.40  0.33  
   0.50  0.81  -0.31  
   -0.14  0.42  0.89  

6  1343.92  12.50  -137.52  
   -0.28  0.94  0.18  
   -0.86  -0.16  -0.48  
   -0.43  -0.29  0.86  

5  1352.85  210.74  33.93  
   -1.00  -0.01  0.02  
   -0.03  0.35  -0.94  
   0.00  -0.94  -0.35  

7  1107.73  -183.51  -58.49  
   0.78  0.47  0.41  
   -0.58  0.79  0.20  
   -0.23  -0.39  0.89  

8  1330.97  -270.57  28.13  
   -0.99  -0.01  0.16  
   0.14  0.41  0.90  
   -0.08  0.91  -0.40  

9  1435.00  -85.72  -148.68  
   0.14  -0.98  -0.15  
   0.85  0.04  0.53  
   -0.51  -0.21  0.83  

2  855.46  -39.74  578.20  
   0.60  -0.80  -0.02  
   0.80  0.60  0.04  
   -0.02  -0.04  1.00  

6  1348.38  3.13  -120.10  
   -0.25  0.95  0.17  
   -0.91  -0.17  -0.38  
   -0.33  -0.25  0.91  

5  1351.06  219.67  24.56  
   -1.00  -0.02  0.04  
   -0.05  0.25  -0.97  
   0.01  -0.97  -0.25  

4  1122.02  134.84  -38.40  
   0.86  -0.40  0.32  
   0.49  0.81  -0.30  
   -0.14  0.42  0.90  

3  1227.39  -29.47  19.20  
   -0.51  -0.04  -0.86  
   -0.10  -0.99  0.10  
   -0.85  0.14  0.50  

8  1330.97  -273.69  26.79  
   -0.99  -0.03  0.16  
   0.14  0.35  0.93  
   -0.08  0.94  -0.34  

7  1108.17  -183.51  -58.94  
   0.79  0.47  0.40  
   -0.58  0.79  0.20  
   -0.23  -0.39  0.89  

9  1439.02  -77.24  -131.71  
   0.15  -0.97  -0.19  
   0.89  0.05  0.45  
   -0.43  -0.23  0.87  

2  855.46  -40.18  578.20  
   0.60  -0.80  -0.02  
   0.80  0.60  0.04  
   -0.02  -0.04  1.00  

3  1228.28  -30.81  19.65  
   -0.51  -0.04  -0.86  
   -0.10  -0.99  0.11  
   -0.85  0.14  0.50  

4  1124.25  132.61  -39.29  
   0.86  -0.39  0.31  
   0.48  0.82  -0.30  
   -0.14  0.41  0.90  

5  1354.19  213.42  25.90  
   -1.00  -0.00  0.02  
   -0.03  0.24  -0.97  
   -0.00  -0.97  -0.24  

6  1347.04  -7.14  -111.62  
   -0.28  0.95  0.14  
   -0.91  -0.21  -0.35  
   -0.30  -0.23  0.93  

8  1331.42  -272.80  26.79  
   -0.99  -0.04  0.15  
   0.13  0.32  0.94  
   -0.09  0.95  -0.31  

9  1436.79  -65.19  -121.89  
   0.13  -0.97  -0.20  
   0.92  0.04  0.40  
   -0.38  -0.23  0.89  

7  1108.62  -184.40  -58.49  
   0.79  0.47  0.40  
   -0.57  0.80  0.20  
   -0.22  -0.38  0.90  

2  855.46  -40.18  578.20  
   0.60  -0.80  -0.02  
   0.80  0.60  0.04  
   -0.02  -0.04  1.00  

4  1124.25  132.16  -39.29  
   0.87  -0.39  0.31  
   0.48  0.83  -0.30  
   -0.14  0.41  0.90  

3  1227.83  -31.70  20.09  
   -0.51  -0.05  -0.86  
   -0.10  -0.99  0.11  
   -0.85  0.15  0.50  

5  1351.06  216.10  20.54  
   -1.00  -0.01  0.04  
   -0.04  0.20  -0.98  
   0.00  -0.98  -0.20  

6  1350.62  -11.16  -100.01  
   -0.25  0.95  0.17  
   -0.94  -0.19  -0.28  
   -0.23  -0.23  0.94  

9  1428.75  -59.38  -113.85  
   0.10  -0.98  -0.18  
   0.94  0.04  0.33  
   -0.31  -0.20  0.93  

7  1108.62  -184.84  -58.94  
   0.79  0.47  0.39  
   -0.57  0.80  0.20  
   -0.22  -0.38  0.90  

8  1332.31  -274.14  17.86  
   -0.99  -0.02  0.14  
   0.13  0.27  0.96  
   -0.06  0.96  -0.26  

2  855.46  -40.18  578.64  
   0.60  -0.80  -0.02  
   0.80  0.60  0.04  
   -0.02  -0.04  1.00  

3  1227.83  -31.25  20.09  
   -0.51  -0.05  -0.86  
   -0.10  -0.99  0.11  
   -0.85  0.15  0.50  

5  1347.04  228.15  9.82  
   -1.00  -0.03  0.09  
   -0.09  0.11  -0.99  
   0.02  -0.99  -0.11  

6  1355.53  -6.70  -75.46  
   -0.20  0.95  0.23  
   -0.97  -0.17  -0.16  
   -0.12  -0.26  0.96  

4  1123.80  132.16  -38.40  
   0.87  -0.39  0.31  
   0.48  0.82  -0.30  
   -0.14  0.41  0.90  

7  1107.73  -184.40  -58.04  
   0.79  0.47  0.39  
   -0.57  0.80  0.20  
   -0.22  -0.38  0.90  

8  1329.63  -277.71  9.82  
   -0.99  -0.01  0.15  
   0.14  0.21  0.97  
   -0.04  0.98  -0.21  

9  1427.41  -57.15  -107.16  
   0.10  -0.98  -0.17  
   0.96  0.05  0.26  
   -0.25  -0.19  0.95  

2  855.46  -40.18  578.20  
   0.60  -0.80  -0.02  
   0.80  0.60  0.04  
   -0.02  -0.04  1.00  

3  1228.28  -31.25  20.54  
   -0.51  -0.05  -0.86  
   -0.10  -0.99  0.11  
   -0.86  0.14  0.50  

4  1123.80  133.05  -37.50  
   0.86  -0.40  0.31  
   0.48  0.82  -0.31  
   -0.13  0.42  0.90  

5  1344.36  234.40  7.14  
   -0.99  -0.03  0.12  
   -0.12  0.06  -0.99  
   0.03  -1.00  -0.06  

6  1352.40  -5.36  -63.85  
   -0.21  0.94  0.27  
   -0.98  -0.19  -0.09  
   -0.03  -0.28  0.96  

7  1108.62  -183.51  -57.60  
   0.79  0.47  0.39  
   -0.57  0.80  0.19  
   -0.22  -0.37  0.90  

8  1330.97  -280.39  1.34  
   -0.99  0.01  0.15  
   0.15  0.16  0.98  
   -0.02  0.99  -0.16  

9  1425.18  -50.01  -96.44  
   0.08  -0.98  -0.16  
   0.98  0.05  0.18  
   -0.17  -0.17  0.97  

2  855.46  -40.18  578.20  
   0.60  -0.80  -0.02  
   0.80  0.60  0.04  
   -0.02  -0.04  1.00  

3  1228.28  -31.25  21.43  
   -0.50  -0.05  -0.86  
   -0.10  -0.99  0.11  
   -0.86  0.14  0.49  

5  1341.24  242.89  5.80  
   -0.99  -0.02  0.14  
   -0.14  -0.02  -0.99  
   0.02  -1.00  0.01  

6  1355.53  -3.57  -41.08  
   -0.19  0.94  0.29  
   -0.98  -0.20  -0.01  
   0.05  -0.28  0.96  

4  1123.80  133.50  -36.61  
   0.86  -0.40  0.31  
   0.49  0.82  -0.31  
   -0.13  0.42  0.90  

7  1108.62  -182.61  -58.04  
   0.80  0.47  0.38  
   -0.56  0.80  0.19  
   -0.22  -0.37  0.90  

8  1327.84  -285.75  -4.91  
   -0.99  0.01  0.16  
   0.17  0.09  0.98  
   -0.00  1.00  -0.09  

9  1424.29  -48.67  -86.62  
   0.08  -0.99  -0.14  
   0.99  0.06  0.11  
   -0.10  -0.14  0.98  

2  855.46  -40.18  578.20  
   0.60  -0.80  -0.02  
   0.80  0.60  0.04  
   -0.02  -0.04  1.00  

4  1123.80  133.95  -36.61  
   0.86  -0.40  0.30  
   0.49  0.81  -0.32  
   -0.12  0.42  0.90  

3  1228.28  -30.81  21.88  
   -0.50  -0.05  -0.86  
   -0.09  -0.99  0.11  
   -0.86  0.14  0.49  

5  1340.79  246.46  6.70  
   -0.99  0.00  0.16  
   -0.16  -0.05  -0.99  
   0.00  -1.00  0.05  

6  1358.21  0.00  -26.79  
   -0.18  0.95  0.27  
   -0.98  -0.19  0.03  
   0.08  -0.26  0.96  

7  1109.07  -182.17  -58.49  
   0.80  0.47  0.38  
   -0.56  0.80  0.19  
   -0.22  -0.37  0.90  

8  1327.40  -286.64  -8.04  
   -0.98  0.01  0.17  
   0.17  0.06  0.98  
   0.00  1.00  -0.06  

9  1423.39  -47.77  -78.13  
   0.08  -0.99  -0.11  
   0.99  0.07  0.07  
   -0.07  -0.12  0.99  

4  1124.25  133.95  -36.17  
   0.86  -0.40  0.30  
   0.49  0.81  -0.32  
   -0.12  0.43  0.90  

2  855.46  -39.74  578.20  
   0.60  -0.80  -0.02  
   0.80  0.60  0.04  
   -0.02  -0.04  1.00  

3  1228.28  -30.81  22.77  
   -0.50  -0.05  -0.86  
   -0.09  -0.99  0.11  
   -0.86  0.13  0.49  

5  1336.77  251.82  7.14  
   -0.98  0.03  0.19  
   -0.19  -0.08  -0.98  
   -0.01  -1.00  0.08  

6  1363.12  5.80  -19.20  
   -0.14  0.96  0.25  
   -0.98  -0.17  0.08  
   0.12  -0.23  0.96  

7  1109.96  -181.72  -58.49  
   0.80  0.47  0.38  
   -0.56  0.80  0.19  
   -0.21  -0.37  0.90  

9  1424.73  -49.11  -73.67  
   0.08  -0.99  -0.09  
   1.00  0.08  0.05  
   -0.04  -0.09  0.99  

8  1326.95  -289.32  -8.48  
   -0.98  0.01  0.18  
   0.18  0.04  0.98  
   0.00  1.00  -0.04  

2  855.46  -39.74  578.20  
   0.60  -0.80  -0.02  
   0.80  0.60  0.04  
   -0.02  -0.04  1.00  

4  1124.25  133.95  -37.06  
   0.86  -0.41  0.30  
   0.50  0.81  -0.33  
   -0.11  0.43  0.90  

3  1228.28  -30.81  23.22  
   -0.50  -0.05  -0.86  
   -0.09  -0.99  0.11  
   -0.86  0.13  0.49  

5  1333.65  258.51  8.93  
   -0.97  0.06  0.22  
   -0.22  -0.11  -0.97  
   -0.03  -0.99  0.13  

6  1369.81  12.50  -6.70  
   -0.11  0.97  0.21  
   -0.98  -0.14  0.13  
   0.16  -0.19  0.97  

7  1109.96  -181.72  -58.49  
   0.80  0.47  0.38  
   -0.56  0.80  0.20  
   -0.21  -0.37  0.90  

8  1324.72  -294.68  -16.52  
   -0.98  0.02  0.21  
   0.21  0.01  0.98  
   0.02  1.00  -0.01  

9  1425.62  -55.36  -69.21  
   0.10  -0.99  -0.06  
   0.99  0.10  0.00  
   0.00  -0.06  1.00  

2  855.46  -39.74  578.20  
   0.60  -0.80  -0.02  
   0.80  0.60  0.04  
   -0.02  -0.04  1.00  

4  1123.80  133.95  -37.50  
   0.86  -0.41  0.31  
   0.50  0.80  -0.33  
   -0.11  0.43  0.89  

5  1330.52  261.19  2.23  
   -0.97  0.09  0.24  
   -0.25  -0.17  -0.95  
   -0.05  -0.98  0.19  

3  1228.28  -30.81  22.77  
   -0.50  -0.05  -0.86  
   -0.09  -0.99  0.11  
   -0.86  0.13  0.49  

6  1372.94  17.86  8.48  
   -0.09  0.98  0.17  
   -0.97  -0.13  0.20  
   0.22  -0.15  0.96  

9  1427.86  -58.49  -60.28  
   0.13  -0.99  -0.04  
   0.99  0.13  -0.04  
   0.04  -0.04  1.00  

8  1321.59  -296.91  -18.31  
   -0.97  0.01  0.23  
   0.23  -0.02  0.97  
   0.02  1.00  0.02  

7  1109.96  -181.27  -58.94  
   0.80  0.47  0.38  
   -0.56  0.80  0.20  
   -0.21  -0.37  0.90  

2  855.46  -40.18  578.20  
   0.60  -0.80  -0.02  
   0.80  0.60  0.04  
   -0.02  -0.04  1.00  

6  1375.62  20.09  25.00  
   -0.08  0.99  0.13  
   -0.95  -0.12  0.27  
   0.28  -0.10  0.95  

5  1329.63  262.53  -1.34  
   -0.96  0.15  0.24  
   -0.27  -0.24  -0.93  
   -0.08  -0.96  0.27  

3  1228.28  -30.81  23.66  
   -0.50  -0.05  -0.86  
   -0.09  -0.99  0.11  
   -0.86  0.13  0.49  

4  1124.25  130.37  -44.20  
   0.86  -0.40  0.31  
   0.49  0.81  -0.31  
   -0.13  0.42  0.90  

7  1110.85  -180.38  -59.83  
   0.80  0.46  0.37  
   -0.55  0.81  0.20  
   -0.21  -0.36  0.91  

9  1435.89  -55.36  -44.65  
   0.15  -0.99  -0.07  
   0.98  0.16  -0.11  
   0.12  -0.06  0.99  

8  1323.38  -296.91  -24.11  
   -0.97  -0.00  0.23  
   0.23  -0.08  0.97  
   0.02  1.00  0.08  

2  855.46  -39.74  578.64  
   0.60  -0.80  -0.02  
   0.80  0.60  0.04  
   -0.02  -0.04  1.00  

3  1227.83  -31.25  25.00  
   -0.50  -0.06  -0.86  
   -0.09  -0.99  0.12  
   -0.86  0.14  0.49  

4  1126.48  129.03  -49.56  
   0.86  -0.40  0.31  
   0.48  0.82  -0.30  
   -0.13  0.41  0.90  

5  1332.31  261.64  0.00  
   -0.96  0.17  0.23  
   -0.27  -0.24  -0.93  
   -0.10  -0.95  0.28  

6  1377.40  19.65  33.04  
   -0.08  0.99  0.12  
   -0.95  -0.11  0.29  
   0.30  -0.09  0.95  

7  1113.53  -179.49  -61.17  
   0.81  0.46  0.36  
   -0.54  0.82  0.19  
   -0.21  -0.35  0.91  

8  1325.61  -293.79  -25.90  
   -0.97  -0.01  0.23  
   0.23  -0.11  0.97  
   0.01  0.99  0.11  

9  1444.82  -49.56  -33.04  
   0.18  -0.98  -0.09  
   0.97  0.20  -0.16  
   0.17  -0.06  0.98  

2  855.46  -40.18  578.20  
   0.60  -0.80  -0.02  
   0.80  0.60  0.04  
   -0.02  -0.04  1.00  

3  1228.28  -30.81  26.34  
   -0.51  -0.06  -0.86  
   -0.09  -0.99  0.12  
   -0.86  0.14  0.49  

4  1126.93  125.46  -58.04  
   0.87  -0.38  0.31  
   0.47  0.84  -0.28  
   -0.15  0.39  0.91  

5  1334.10  257.18  -11.61  
   -0.96  0.18  0.22  
   -0.27  -0.29  -0.92  
   -0.10  -0.94  0.32  

6  1378.30  16.07  33.04  
   -0.09  0.99  0.12  
   -0.93  -0.13  0.34  
   0.35  -0.09  0.93  

7  1114.87  -176.36  -65.63  
   0.83  0.44  0.35  
   -0.52  0.84  0.17  
   -0.22  -0.33  0.92  

9  1451.52  -43.76  -12.06  
   0.19  -0.98  -0.08  
   0.94  0.21  -0.27  
   0.28  -0.02  0.96  

8  1330.97  -286.64  -35.72  
   -0.98  -0.03  0.21  
   0.21  -0.20  0.96  
   0.01  0.98  0.20  

2  855.46  -40.18  578.20  
   0.60  -0.80  -0.02  
   0.80  0.60  0.04  
   -0.02  -0.04  1.00  

4  1128.27  122.34  -62.06  
   0.87  -0.38  0.31  
   0.46  0.85  -0.27  
   -0.16  0.38  0.91  

3  1227.83  -29.91  27.24  
   -0.51  -0.06  -0.86  
   -0.10  -0.99  0.12  
   -0.86  0.15  0.49  

5  1334.10  257.62  -17.41  
   -0.95  0.20  0.24  
   -0.29  -0.31  -0.90  
   -0.11  -0.93  0.35  

6  1383.21  20.98  37.50  
   -0.06  0.99  0.12  
   -0.92  -0.10  0.38  
   0.39  -0.09  0.92  

9  1449.73  -47.33  2.23  
   0.19  -0.98  -0.03  
   0.90  0.19  -0.39  
   0.38  0.05  0.92  

8  1329.18  -284.86  -50.01  
   -0.98  -0.04  0.21  
   0.22  -0.29  0.93  
   0.02  0.95  0.30  

7  1115.76  -173.24  -69.21  
   0.83  0.43  0.34  
   -0.50  0.85  0.15  
   -0.23  -0.30  0.93  

2  855.46  -40.18  578.20  
   0.60  -0.80  -0.02  
   0.80  0.60  0.04  
   -0.02  -0.04  1.00  

4  1130.50  117.43  -69.65  
   0.88  -0.36  0.30  
   0.44  0.86  -0.26  
   -0.17  0.36  0.92  

3  1227.39  -30.81  27.24  
   -0.51  -0.06  -0.86  
   -0.10  -0.99  0.13  
   -0.85  0.15  0.50  

5  1335.88  255.39  -24.56  
   -0.94  0.23  0.23  
   -0.30  -0.35  -0.89  
   -0.13  -0.91  0.40  

6  1383.21  22.32  44.20  
   -0.07  0.99  0.10  
   -0.90  -0.10  0.43  
   0.43  -0.06  0.90  

7  1116.21  -165.20  -79.03  
   0.84  0.42  0.34  
   -0.48  0.87  0.11  
   -0.25  -0.25  0.93  

8  1331.42  -279.05  -68.31  
   -0.97  -0.06  0.21  
   0.22  -0.40  0.89  
   0.03  0.91  0.41  

9  1448.84  -47.33  21.43  
   0.17  -0.98  -0.01  
   0.85  0.15  -0.51  
   0.50  0.08  0.86  

2  855.46  -40.18  578.20  
   0.60  -0.80  -0.02  
   0.80  0.60  0.04  
   -0.02  -0.04  1.00  

4  1134.52  115.64  -74.12  
   0.89  -0.35  0.29  
   0.43  0.87  -0.26  
   -0.16  0.36  0.92  

3  1227.39  -31.25  27.24  
   -0.52  -0.07  -0.85  
   -0.09  -0.99  0.14  
   -0.85  0.15  0.50  

5  1338.56  254.05  -28.13  
   -0.94  0.27  0.23  
   -0.32  -0.38  -0.87  
   -0.15  -0.89  0.44  

6  1386.78  23.22  52.69  
   -0.08  0.99  0.07  
   -0.88  -0.10  0.46  
   0.46  -0.02  0.89  

7  1116.66  -161.63  -85.72  
   0.85  0.42  0.33  
   -0.47  0.88  0.09  
   -0.26  -0.23  0.94  

9  1447.95  -55.36  29.91  
   0.18  -0.98  0.04  
   0.81  0.13  -0.57  
   0.55  0.13  0.82  

8  1329.18  -279.95  -78.13  
   -0.97  -0.08  0.22  
   0.24  -0.44  0.87  
   0.02  0.89  0.45  

2  855.46  -40.18  578.20  
   0.60  -0.80  -0.02  
   0.80  0.60  0.04  
   -0.02  -0.04  1.00  

3  1227.83  -33.04  27.24  
   -0.52  -0.08  -0.85  
   -0.08  -0.99  0.15  
   -0.85  0.15  0.50  

4  1138.09  112.07  -79.03  
   0.90  -0.34  0.28  
   0.41  0.87  -0.27  
   -0.16  0.36  0.92  

5  1341.69  253.60  -27.68  
   -0.93  0.31  0.22  
   -0.33  -0.40  -0.85  
   -0.17  -0.86  0.47  

6  1390.80  26.34  62.51  
   -0.08  1.00  0.03  
   -0.87  -0.08  0.49  
   0.49  0.01  0.87  

7  1116.66  -158.50  -89.74  
   0.85  0.42  0.32  
   -0.46  0.88  0.07  
   -0.26  -0.21  0.94  

8  1330.52  -277.71  -79.92  
   -0.97  -0.10  0.22  
   0.24  -0.47  0.85  
   0.01  0.88  0.48  

9  1444.82  -54.92  38.40  
   0.16  -0.98  0.07  
   0.79  0.09  -0.61  
   0.59  0.15  0.79  

2  855.46  -40.18  578.20  
   0.60  -0.80  -0.02  
   0.80  0.60  0.04  
   -0.02  -0.04  1.00  

6  1394.82  28.13  67.42  
   -0.06  1.00  0.01  
   -0.86  -0.06  0.50  
   0.50  0.02  0.86  

5  1343.47  254.05  -30.81  
   -0.92  0.32  0.22  
   -0.34  -0.41  -0.84  
   -0.18  -0.85  0.49  

4  1141.21  110.28  -81.71  
   0.90  -0.33  0.28  
   0.40  0.88  -0.27  
   -0.15  0.35  0.92  

3  1227.83  -33.04  27.68  
   -0.52  -0.09  -0.85  
   -0.08  -0.99  0.15  
   -0.85  0.14  0.50  

9  1434.55  -52.69  42.86  
   0.11  -0.99  0.08  
   0.78  0.04  -0.63  
   0.62  0.13  0.78  

8  1331.42  -273.25  -85.72  
   -0.97  -0.11  0.20  
   0.23  -0.50  0.83  
   0.01  0.86  0.52  

7  1118.44  -155.38  -92.87  
   0.85  0.41  0.31  
   -0.45  0.89  0.06  
   -0.26  -0.19  0.95  

2  855.46  -40.18  578.20  
   0.60  -0.80  -0.02  
   0.80  0.60  0.04  
   -0.02  -0.04  1.00  

4  1141.66  110.28  -82.15  
   0.90  -0.33  0.28  
   0.40  0.88  -0.27  
   -0.15  0.35  0.92  

5  1343.92  254.05  -30.36  
   -0.92  0.33  0.22  
   -0.35  -0.41  -0.84  
   -0.19  -0.85  0.50  

3  1228.28  -32.59  27.68  
   -0.51  -0.09  -0.85  
   -0.07  -0.99  0.15  
   -0.85  0.14  0.50  

6  1395.26  29.02  68.76  
   -0.06  1.00  0.01  
   -0.86  -0.05  0.51  
   0.51  0.02  0.86  

9  1433.21  -54.92  43.31  
   0.11  -0.99  0.08  
   0.77  0.03  -0.63  
   0.62  0.13  0.77  

8  1330.52  -273.69  -87.06  
   -0.97  -0.12  0.20  
   0.24  -0.51  0.83  
   0.00  0.85  0.53  

7  1118.44  -154.93  -93.76  
   0.85  0.41  0.31  
   -0.45  0.89  0.05  
   -0.26  -0.19  0.95  

2  855.46  -40.18  578.20  
   0.60  -0.80  -0.02  
   0.80  0.60  0.04  
   -0.02  -0.04  1.00  

4  1141.66  109.39  -83.05  
   0.90  -0.33  0.28  
   0.40  0.88  -0.26  
   -0.15  0.35  0.92  

3  1228.28  -33.04  28.13  
   -0.51  -0.10  -0.85  
   -0.07  -0.99  0.16  
   -0.86  0.14  0.50  

6  1396.60  33.04  73.22  
   -0.05  1.00  -0.01  
   -0.85  -0.04  0.52  
   0.52  0.03  0.85  

5  1343.47  254.05  -31.70  
   -0.91  0.35  0.22  
   -0.36  -0.42  -0.83  
   -0.20  -0.84  0.51  

8  1330.08  -274.14  -87.96  
   -0.97  -0.13  0.20  
   0.24  -0.52  0.82  
   -0.00  0.84  0.54  

7  1118.00  -154.04  -94.65  
   0.85  0.41  0.31  
   -0.45  0.89  0.05  
   -0.26  -0.18  0.95  

9  1432.77  -58.04  45.09  
   0.11  -0.99  0.07  
   0.76  0.04  -0.64  
   0.64  0.12  0.76  

2  855.46  -40.18  578.20  
   0.60  -0.80  -0.02  
   0.80  0.60  0.04  
   -0.02  -0.04  1.00  

4  1142.55  109.39  -83.49  
   0.90  -0.33  0.28  
   0.40  0.88  -0.26  
   -0.15  0.35  0.92  

3  1228.28  -33.04  27.68  
   -0.51  -0.10  -0.85  
   -0.07  -0.98  0.16  
   -0.86  0.14  0.50  

5  1341.69  255.39  -31.70  
   -0.90  0.36  0.22  
   -0.38  -0.43  -0.82  
   -0.20  -0.83  0.53  

6  1397.94  36.61  77.69  
   -0.03  1.00  -0.02  
   -0.84  -0.02  0.54  
   0.54  0.03  0.84  

7  1118.00  -153.14  -94.65  
   0.85  0.41  0.31  
   -0.45  0.89  0.05  
   -0.26  -0.18  0.95  

9  1431.43  -62.95  49.56  
   0.10  -0.99  0.04  
   0.75  0.05  -0.66  
   0.66  0.10  0.75  

8  1329.63  -273.69  -88.85  
   -0.97  -0.15  0.20  
   0.25  -0.54  0.80  
   -0.01  0.83  0.56  

2  855.46  -40.18  578.20  
   0.60  -0.80  -0.02  
   0.80  0.60  0.04  
   -0.02  -0.04  1.00  

4  1143.45  108.05  -85.28  
   0.90  -0.33  0.27  
   0.40  0.88  -0.27  
   -0.15  0.35  0.92  

3  1228.28  -33.04  28.13  
   -0.51  -0.10  -0.85  
   -0.07  -0.98  0.16  
   -0.86  0.14  0.50  

5  1339.45  256.28  -33.04  
   -0.90  0.38  0.23  
   -0.39  -0.44  -0.81  
   -0.21  -0.81  0.54  

6  1401.07  43.31  83.49  
   -0.01  1.00  -0.04  
   -0.83  0.01  0.56  
   0.56  0.04  0.83  

8  1328.74  -272.36  -91.08  
   -0.96  -0.17  0.20  
   0.26  -0.57  0.78  
   -0.02  0.80  0.59  

7  1118.44  -151.80  -96.44  
   0.86  0.41  0.31  
   -0.45  0.89  0.05  
   -0.26  -0.18  0.95  

9  1432.32  -70.10  55.81  
   0.11  -0.99  0.01  
   0.72  0.07  -0.69  
   0.69  0.08  0.72  

2  855.46  -40.18  578.20  
   0.60  -0.80  -0.02  
   0.80  0.60  0.04  
   -0.02  -0.04  1.00  

3  1228.28  -33.49  27.24  
   -0.52  -0.10  -0.85  
   -0.06  -0.99  0.16  
   -0.85  0.13  0.50  

6  1402.85  48.67  89.30  
   0.01  1.00  -0.05  
   -0.81  0.04  0.58  
   0.58  0.04  0.81  

5  1338.56  257.18  -34.83  
   -0.89  0.40  0.23  
   -0.41  -0.45  -0.79  
   -0.22  -0.80  0.56  

4  1143.89  106.71  -86.17  
   0.90  -0.33  0.27  
   0.40  0.88  -0.27  
   -0.15  0.35  0.92  

7  1118.00  -151.36  -97.33  
   0.86  0.41  0.31  
   -0.44  0.89  0.04  
   -0.26  -0.18  0.95  

9  1432.32  -80.81  60.72  
   0.11  -0.99  -0.02  
   0.70  0.10  -0.71  
   0.71  0.06  0.70  

8  1326.95  -275.48  -94.21  
   -0.96  -0.20  0.21  
   0.29  -0.59  0.76  
   -0.03  0.78  0.62  

2  855.46  -40.18  578.20  
   0.60  -0.80  -0.02  
   0.80  0.60  0.04  
   -0.02  -0.04  1.00  

3  1227.83  -33.49  28.13  
   -0.51  -0.11  -0.85  
   -0.06  -0.99  0.16  
   -0.86  0.13  0.50  

4  1144.34  105.82  -87.06  
   0.91  -0.32  0.27  
   0.39  0.88  -0.27  
   -0.15  0.35  0.92  

5  1337.67  258.07  -34.83  
   -0.88  0.42  0.24  
   -0.43  -0.45  -0.78  
   -0.22  -0.79  0.57  

6  1406.87  53.13  95.55  
   0.02  1.00  -0.06  
   -0.79  0.06  0.61  
   0.61  0.03  0.79  

7  1117.55  -148.68  -99.57  
   0.86  0.40  0.32  
   -0.43  0.90  0.05  
   -0.27  -0.18  0.95  

8  1325.61  -276.82  -94.21  
   -0.95  -0.23  0.20  
   0.31  -0.60  0.74  
   -0.05  0.76  0.64  

9  1430.98  -85.72  68.31  
   0.11  -0.99  -0.05  
   0.68  0.11  -0.73  
   0.73  0.04  0.68  

2  855.46  -40.18  578.20  
   0.60  -0.80  -0.02  
   0.80  0.60  0.04  
   -0.02  -0.04  1.00  

3  1227.83  -33.49  27.68  
   -0.51  -0.11  -0.85  
   -0.05  -0.99  0.16  
   -0.86  0.12  0.50  

5  1335.43  261.64  -34.38  
   -0.86  0.44  0.25  
   -0.45  -0.45  -0.77  
   -0.23  -0.78  0.58  

4  1145.23  105.37  -88.40  
   0.91  -0.32  0.27  
   0.39  0.88  -0.28  
   -0.15  0.36  0.92  

8  1322.93  -279.05  -94.21  
   -0.94  -0.25  0.21  
   0.32  -0.61  0.73  
   -0.06  0.75  0.66  

7  1117.55  -148.23  -100.46  
   0.86  0.40  0.32  
   -0.43  0.90  0.05  
   -0.27  -0.18  0.95  

6  1408.66  58.94  101.80  
   0.05  0.99  -0.09  
   -0.78  0.09  0.62  
   0.63  0.04  0.78  

9  1433.66  -94.65  72.33  
   0.13  -0.99  -0.09  
   0.66  0.15  -0.74  
   0.74  0.03  0.67  

2  855.46  -40.18  578.20  
   0.60  -0.80  -0.02  
   0.80  0.60  0.04  
   -0.02  -0.04  1.00  

4  1144.79  104.48  -89.30  
   0.91  -0.33  0.27  
   0.40  0.87  -0.28  
   -0.15  0.36  0.92  

3  1227.39  -33.49  27.68  
   -0.52  -0.11  -0.85  
   -0.05  -0.99  0.16  
   -0.86  0.12  0.50  

5  1331.86  266.55  -35.27  
   -0.85  0.46  0.27  
   -0.48  -0.44  -0.76  
   -0.23  -0.77  0.59  

6  1409.10  67.87  104.92  
   0.07  0.99  -0.11  
   -0.77  0.13  0.63  
   0.64  0.04  0.77  

8  1323.38  -282.62  -92.87  
   -0.94  -0.28  0.21  
   0.34  -0.61  0.72  
   -0.07  0.74  0.66  

7  1118.44  -147.34  -100.91  
   0.86  0.39  0.32  
   -0.43  0.90  0.05  
   -0.27  -0.18  0.95  

9  1435.00  -100.46  75.90  
   0.13  -0.98  -0.11  
   0.65  0.17  -0.74  
   0.75  0.02  0.66  

2  855.46  -40.18  578.20  
   0.60  -0.80  -0.02  
   0.80  0.60  0.04  
   -0.02  -0.04  1.00  

4  1144.34  105.37  -88.85  
   0.90  -0.33  0.27  
   0.40  0.87  -0.28  
   -0.15  0.36  0.92  

3  1227.83  -33.04  27.68  
   -0.52  -0.11  -0.85  
   -0.05  -0.99  0.16  
   -0.86  0.12  0.50  

5  1328.74  269.68  -35.72  
   -0.84  0.47  0.28  
   -0.49  -0.43  -0.76  
   -0.23  -0.77  0.59  

6  1409.55  73.22  106.26  
   0.08  0.99  -0.12  
   -0.76  0.14  0.63  
   0.64  0.04  0.77  

7  1118.44  -146.89  -101.35  
   0.86  0.39  0.32  
   -0.43  0.90  0.05  
   -0.27  -0.18  0.95  

8  1321.59  -285.30  -92.42  
   -0.93  -0.29  0.22  
   0.36  -0.61  0.71  
   -0.08  0.74  0.67  

9  1435.45  -105.82  77.69  
   0.14  -0.98  -0.13  
   0.65  0.19  -0.74  
   0.75  0.02  0.66  

2  855.46  -40.18  578.20  
   0.60  -0.80  -0.02  
   0.80  0.60  0.04  
   -0.02  -0.04  1.00  

4  1143.89  104.92  -88.85  
   0.90  -0.33  0.27  
   0.41  0.87  -0.28  
   -0.15  0.36  0.92  

3  1227.39  -32.59  26.79  
   -0.52  -0.11  -0.85  
   -0.05  -0.99  0.15  
   -0.85  0.12  0.50  

5  1326.95  271.46  -34.38  
   -0.84  0.47  0.28  
   -0.49  -0.43  -0.76  
   -0.24  -0.77  0.59  

6  1409.10  74.12  104.92  
   0.09  0.99  -0.13  
   -0.77  0.15  0.62  
   0.63  0.04  0.78  

7  1118.44  -146.89  -101.35  
   0.86  0.39  0.32  
   -0.43  0.90  0.06  
   -0.27  -0.19  0.95  

8  1321.15  -286.64  -91.08  
   -0.93  -0.29  0.22  
   0.36  -0.60  0.72  
   -0.08  0.75  0.66  

9  1436.79  -104.92  75.90  
   0.15  -0.98  -0.13  
   0.66  0.20  -0.72  
   0.73  0.02  0.68  

2  855.46  -39.74  578.20  
   0.60  -0.80  -0.02  
   0.80  0.60  0.04  
   -0.02  -0.04  1.00  

3  1227.83  -32.59  26.79  
   -0.52  -0.11  -0.85  
   -0.05  -0.99  0.16  
   -0.86  0.12  0.50  

6  1409.10  60.28  88.85  
   0.09  0.99  -0.11  
   -0.82  0.13  0.56  
   0.57  0.04  0.82  

4  1143.45  104.92  -88.40  
   0.90  -0.33  0.27  
   0.41  0.87  -0.28  
   -0.15  0.36  0.92  

5  1327.40  269.23  -27.24  
   -0.85  0.44  0.29  
   -0.47  -0.37  -0.80  
   -0.24  -0.82  0.52  

7  1118.00  -146.89  -101.35  
   0.86  0.39  0.32  
   -0.43  0.90  0.06  
   -0.27  -0.19  0.95  

9  1443.48  -83.05  57.15  
   0.20  -0.98  -0.05  
   0.75  0.18  -0.63  
   0.63  0.09  0.77  

8  1320.70  -288.43  -80.37  
   -0.94  -0.24  0.25  
   0.34  -0.50  0.80  
   -0.07  0.83  0.55  

3  1227.83  -32.59  26.79  
   -0.52  -0.11  -0.85  
   -0.05  -0.99  0.16  
   -0.86  0.12  0.50  

2  855.46  -39.74  578.20  
   0.60  -0.80  -0.02  
   0.80  0.60  0.04  
   -0.02  -0.04  1.00  

4  1141.66  105.37  -88.40  
   0.90  -0.33  0.28  
   0.41  0.87  -0.27  
   -0.15  0.36  0.92  

5  1327.40  267.44  -26.79  
   -0.87  0.39  0.30  
   -0.44  -0.33  -0.84  
   -0.23  -0.86  0.46  

6  1406.87  50.45  67.42  
   0.08  0.99  -0.07  
   -0.86  0.11  0.49  
   0.50  0.02  0.87  

7  1118.00  -148.68  -100.91  
   0.86  0.39  0.32  
   -0.43  0.90  0.06  
   -0.27  -0.19  0.94  

8  1322.49  -284.41  -82.15  
   -0.95  -0.19  0.25  
   0.31  -0.45  0.84  
   -0.05  0.87  0.49  

9  1449.29  -67.87  33.49  
   0.22  -0.97  0.04  
   0.80  0.16  -0.58  
   0.55  0.16  0.82  

2  855.46  -40.18  578.20  
   0.60  -0.80  -0.02  
   0.80  0.60  0.04  
   -0.02  -0.04  1.00  

4  1140.77  106.26  -87.96  
   0.90  -0.33  0.28  
   0.41  0.87  -0.27  
   -0.15  0.36  0.92  

3  1227.39  -32.15  26.79  
   -0.52  -0.11  -0.85  
   -0.05  -0.99  0.16  
   -0.86  0.12  0.50  

6  1401.96  41.97  54.02  
   0.06  1.00  0.02  
   -0.90  0.04  0.43  
   0.43  -0.04  0.90  

5  1328.74  267.00  -25.90  
   -0.88  0.35  0.31  
   -0.42  -0.29  -0.86  
   -0.22  -0.89  0.41  

7  1117.55  -148.23  -100.91  
   0.86  0.39  0.32  
   -0.43  0.90  0.06  
   -0.27  -0.19  0.94  

9  1453.31  -60.72  26.79  
   0.23  -0.97  0.05  
   0.83  0.17  -0.52  
   0.50  0.16  0.85  

8  1324.27  -282.18  -77.69  
   -0.95  -0.18  0.25  
   0.30  -0.42  0.86  
   -0.05  0.89  0.45  

2  855.46  -40.18  578.64  
   0.60  -0.80  -0.02  
   0.80  0.60  0.04  
   -0.02  -0.04  1.00  

5  1329.18  265.21  -20.54  
   -0.89  0.33  0.30  
   -0.40  -0.26  -0.88  
   -0.21  -0.91  0.36  

3  1227.39  -31.25  26.79  
   -0.51  -0.10  -0.85  
   -0.05  -0.99  0.15  
   -0.86  0.12  0.50  

4  1140.32  106.71  -87.96  
   0.90  -0.33  0.28  
   0.41  0.87  -0.27  
   -0.15  0.36  0.92  

6  1395.26  35.27  40.63  
   0.02  0.99  0.12  
   -0.93  -0.02  0.36  
   0.36  -0.12  0.92  

7  1117.55  -147.79  -100.46  
   0.86  0.39  0.32  
   -0.43  0.90  0.06  
   -0.27  -0.19  0.95  

8  1326.51  -281.73  -61.61  
   -0.95  -0.17  0.24  
   0.29  -0.32  0.90  
   -0.08  0.93  0.35  

9  1453.31  -48.67  13.39  
   0.22  -0.97  0.05  
   0.89  0.18  -0.42  
   0.40  0.14  0.90  

2  855.46  -40.18  578.20  
   0.60  -0.80  -0.02  
   0.80  0.60  0.04  
   -0.02  -0.04  1.00  

3  1226.94  -31.25  26.79  
   -0.51  -0.10  -0.85  
   -0.05  -0.99  0.15  
   -0.86  0.12  0.50  

4  1139.87  106.71  -87.51  
   0.90  -0.33  0.28  
   0.41  0.87  -0.27  
   -0.15  0.36  0.92  

8  1328.74  -278.61  -56.70  
   -0.96  -0.15  0.23  
   0.27  -0.26  0.93  
   -0.08  0.95  0.29  

7  1117.55  -148.23  -100.46  
   0.86  0.39  0.32  
   -0.43  0.90  0.06  
   -0.27  -0.19  0.95  

5  1330.97  263.43  -16.97  
   -0.90  0.32  0.30  
   -0.38  -0.23  -0.90  
   -0.21  -0.92  0.33  

6  1389.01  27.24  28.57  
   -0.02  0.97  0.25  
   -0.96  -0.09  0.27  
   0.28  -0.23  0.93  

9  1450.63  -35.72  -4.02  
   0.20  -0.97  0.09  
   0.93  0.16  -0.34  
   0.32  0.15  0.94  

2  855.46  -39.74  578.20  
   0.60  -0.80  -0.02  
   0.80  0.60  0.04  
   -0.02  -0.04  1.00  

3  1226.49  -30.36  26.34  
   -0.51  -0.10  -0.85  
   -0.05  -0.99  0.15  
   -0.86  0.13  0.50  

4  1139.43  107.60  -87.06  
   0.90  -0.33  0.28  
   0.41  0.87  -0.27  
   -0.15  0.36  0.92  

6  1384.99  23.66  11.61  
   -0.04  0.96  0.27  
   -0.98  -0.09  0.19  
   0.20  -0.26  0.94  

5  1331.42  259.85  -9.82  
   -0.91  0.30  0.30  
   -0.36  -0.18  -0.92  
   -0.22  -0.94  0.27  

7  1118.00  -148.23  -100.46  
   0.86  0.39  0.32  
   -0.43  0.90  0.06  
   -0.27  -0.19  0.95  

8  1330.52  -275.48  -48.22  
   -0.96  -0.14  0.22  
   0.25  -0.19  0.95  
   -0.09  0.97  0.21  

9  1447.95  -30.36  -18.75  
   0.19  -0.98  0.11  
   0.95  0.15  -0.26  
   0.23  0.15  0.96  

2  855.46  -40.18  578.20  
   0.60  -0.80  -0.02  
   0.80  0.60  0.04  
   -0.02  -0.04  1.00  

3  1226.94  -30.36  25.90  
   -0.51  -0.10  -0.85  
   -0.06  -0.99  0.15  
   -0.86  0.13  0.50  

4  1138.98  108.50  -86.17  
   0.90  -0.34  0.28  
   0.41  0.87  -0.27  
   -0.15  0.36  0.92  

5  1331.42  259.41  1.79  
   -0.91  0.28  0.29  
   -0.33  -0.12  -0.93  
   -0.23  -0.95  0.21  

9  1444.38  -25.45  -32.15  
   0.17  -0.98  0.12  
   0.97  0.15  -0.17  
   0.15  0.14  0.98  

8  1330.97  -273.25  -39.74  
   -0.97  -0.13  0.21  
   0.23  -0.12  0.97  
   -0.10  0.98  0.15  

6  1381.42  19.20  0.45  
   -0.06  0.96  0.28  
   -0.99  -0.09  0.10  
   0.12  -0.27  0.96  

7  1117.55  -148.68  -100.01  
   0.86  0.39  0.32  
   -0.43  0.90  0.06  
   -0.27  -0.19  0.95  

2  855.46  -39.74  578.20  
   0.60  -0.80  -0.02  
   0.80  0.60  0.04  
   -0.02  -0.04  1.00  

4  1138.54  109.39  -85.72  
   0.90  -0.34  0.28  
   0.41  0.87  -0.27  
   -0.15  0.36  0.92  

3  1226.49  -29.91  25.90  
   -0.51  -0.10  -0.85  
   -0.06  -0.99  0.15  
   -0.86  0.13  0.50  

5  1333.65  258.07  5.36  
   -0.92  0.27  0.28  
   -0.32  -0.09  -0.94  
   -0.23  -0.96  0.17  

6  1378.74  18.31  -2.23  
   -0.07  0.95  0.29  
   -0.99  -0.10  0.06  
   0.08  -0.29  0.95  

7  1117.55  -149.13  -100.01  
   0.86  0.38  0.32  
   -0.43  0.90  0.07  
   -0.26  -0.19  0.94  

8  1333.65  -269.68  -33.04  
   -0.97  -0.13  0.20  
   0.21  -0.06  0.98  
   -0.11  0.99  0.09  

9  1442.14  -20.98  -43.31  
   0.15  -0.98  0.13  
   0.98  0.14  -0.11  
   0.09  0.15  0.98  

3  1226.94  -29.47  25.45  
   -0.51  -0.10  -0.85  
   -0.06  -0.99  0.15  
   -0.86  0.13  0.50  

2  855.46  -40.18  578.20  
   0.60  -0.80  -0.02  
   0.80  0.60  0.04  
   -0.02  -0.04  1.00  

4  1138.09  110.28  -85.28  
   0.90  -0.34  0.28  
   0.41  0.87  -0.27  
   -0.15  0.36  0.92  

5  1335.43  254.94  5.80  
   -0.93  0.25  0.27  
   -0.30  -0.08  -0.95  
   -0.22  -0.96  0.15  

6  1376.06  14.73  -8.04  
   -0.09  0.95  0.31  
   -0.99  -0.11  0.03  
   0.06  -0.31  0.95  

9  1437.68  -16.52  -54.47  
   0.11  -0.99  0.13  
   0.99  0.10  -0.07  
   0.05  0.13  0.99  

8  1333.65  -266.55  -32.59  
   -0.97  -0.12  0.19  
   0.20  -0.05  0.98  
   -0.11  0.99  0.07  

7  1117.10  -148.68  -100.01  
   0.87  0.38  0.32  
   -0.42  0.90  0.07  
   -0.27  -0.19  0.94  

2  855.46  -39.74  578.20  
   0.60  -0.80  -0.02  
   0.80  0.60  0.04  
   -0.02  -0.04  1.00  

3  1226.49  -28.57  25.45  
   -0.51  -0.10  -0.85  
   -0.06  -0.99  0.15  
   -0.86  0.13  0.50  

4  1137.20  111.17  -84.83  
   0.90  -0.34  0.28  
   0.41  0.87  -0.27  
   -0.15  0.36  0.92  

5  1337.22  251.82  7.14  
   -0.94  0.24  0.26  
   -0.28  -0.06  -0.96  
   -0.21  -0.97  0.12  

6  1373.83  11.16  -15.63  
   -0.10  0.94  0.33  
   -0.99  -0.11  0.00  
   0.04  -0.33  0.94  

7  1117.10  -148.23  -99.57  
   0.87  0.38  0.32  
   -0.42  0.90  0.07  
   -0.27  -0.20  0.94  

8  1333.20  -265.21  -27.24  
   -0.97  -0.13  0.18  
   0.19  -0.01  0.98  
   -0.12  0.99  0.03  

9  1436.34  -14.73  -57.15  
   0.10  -0.99  0.13  
   0.99  0.10  -0.04  
   0.02  0.14  0.99  

2  855.46  -39.74  578.20  
   0.60  -0.80  -0.02  
   0.80  0.60  0.04  
   -0.02  -0.04  1.00  

3  1226.94  -28.13  25.00  
   -0.51  -0.10  -0.85  
   -0.06  -0.99  0.15  
   -0.86  0.13  0.50  

4  1136.30  111.62  -83.94  
   0.90  -0.34  0.28  
   0.41  0.87  -0.27  
   -0.15  0.36  0.92  

5  1336.33  250.92  4.46  
   -0.94  0.23  0.26  
   -0.28  -0.05  -0.96  
   -0.20  -0.97  0.11  

6  1372.94  11.16  -19.65  
   -0.10  0.93  0.35  
   -0.99  -0.11  0.00  
   0.04  -0.35  0.94  

7  1117.10  -148.23  -99.57  
   0.87  0.38  0.32  
   -0.42  0.90  0.07  
   -0.27  -0.20  0.94  

8  1334.10  -263.87  -26.34  
   -0.98  -0.12  0.18  
   0.18  0.00  0.98  
   -0.12  0.99  0.02  

9  1435.45  -15.18  -61.61  
   0.10  -0.99  0.14  
   0.99  0.10  -0.02  
   0.01  0.14  0.99  

2  855.46  -40.18  578.20  
   0.60  -0.80  -0.02  
   0.80  0.60  0.04  
   -0.02  -0.04  1.00  

3  1226.49  -27.68  25.45  
   -0.51  -0.10  -0.85  
   -0.06  -0.99  0.15  
   -0.86  0.13  0.50  

4  1134.07  112.07  -83.49  
   0.89  -0.35  0.28  
   0.42  0.87  -0.26  
   -0.15  0.35  0.92  

5  1335.88  250.92  0.00  
   -0.94  0.21  0.26  
   -0.28  -0.05  -0.96  
   -0.18  -0.98  0.11  

6  1372.49  9.82  -23.22  
   -0.10  0.93  0.35  
   -0.99  -0.11  0.00  
   0.04  -0.35  0.93  

8  1334.10  -263.87  -25.00  
   -0.97  -0.12  0.18  
   0.19  0.01  0.98  
   -0.12  0.99  0.02  

9  1435.45  -18.31  -62.95  
   0.11  -0.99  0.13  
   0.99  0.11  -0.02  
   0.00  0.13  0.99  

7  1116.66  -148.23  -99.12  
   0.87  0.38  0.32  
   -0.42  0.90  0.07  
   -0.27  -0.20  0.94  

2  855.46  -39.74  578.20  
   0.60  -0.80  -0.02  
   0.80  0.60  0.04  
   -0.02  -0.04  1.00  

4  1133.18  112.07  -83.05  
   0.89  -0.35  0.28  
   0.42  0.87  -0.26  
   -0.16  0.35  0.92  

3  1226.05  -27.24  26.34  
   -0.51  -0.10  -0.86  
   -0.06  -0.99  0.15  
   -0.86  0.13  0.49  

6  1370.71  9.38  -26.79  
   -0.10  0.92  0.37  
   -0.99  -0.11  -0.00  
   0.04  -0.37  0.93  

5  1335.43  250.03  0.45  
   -0.95  0.19  0.26  
   -0.27  -0.04  -0.96  
   -0.18  -0.98  0.09  

8  1333.65  -264.77  -22.32  
   -0.98  -0.12  0.19  
   0.18  0.04  0.98  
   -0.12  0.99  -0.02  

7  1116.21  -149.13  -98.67  
   0.86  0.38  0.33  
   -0.43  0.90  0.07  
   -0.27  -0.20  0.94  

9  1439.47  -21.88  -74.12  
   0.12  -0.99  0.04  
   0.99  0.12  0.03  
   -0.03  0.03  1.00  

2  855.46  -40.18  578.20  
   0.60  -0.80  -0.02  
   0.80  0.60  0.04  
   -0.02  -0.04  1.00  

3  1226.05  -27.24  26.34  
   -0.50  -0.10  -0.86  
   -0.06  -0.99  0.15  
   -0.86  0.13  0.49  

5  1334.54  250.92  0.89  
   -0.95  0.18  0.26  
   -0.27  -0.03  -0.96  
   -0.17  -0.98  0.08  

4  1132.28  112.07  -82.15  
   0.89  -0.35  0.28  
   0.42  0.87  -0.26  
   -0.16  0.35  0.92  

6  1369.81  11.16  -31.70  
   -0.09  0.92  0.37  
   -1.00  -0.09  -0.01  
   0.03  -0.37  0.93  

7  1116.66  -149.57  -98.23  
   0.86  0.39  0.33  
   -0.43  0.90  0.07  
   -0.27  -0.20  0.94  

8  1333.65  -264.77  -20.54  
   -0.98  -0.12  0.19  
   0.18  0.05  0.98  
   -0.12  0.99  -0.03  

9  1446.16  -23.66  -66.08  
   0.13  -0.99  -0.12  
   0.99  0.12  0.05  
   -0.04  -0.12  0.99  

2  855.46  -40.18  578.20  
   0.60  -0.80  -0.02  
   0.80  0.60  0.04  
   -0.02  -0.04  1.00  

4  1130.50  112.96  -80.37  
   0.89  -0.36  0.28  
   0.43  0.87  -0.26  
   -0.15  0.35  0.92  

3  1225.60  -27.24  27.24  
   -0.50  -0.10  -0.86  
   -0.06  -0.99  0.15  
   -0.86  0.13  0.49  

6  1369.81  12.95  -30.36  
   -0.09  0.93  0.35  
   -1.00  -0.09  -0.01  
   0.02  -0.34  0.94  

5  1333.65  251.82  2.23  
   -0.95  0.18  0.26  
   -0.27  -0.02  -0.96  
   -0.17  -0.98  0.07  

7  1116.66  -150.47  -96.89  
   0.86  0.39  0.32  
   -0.43  0.90  0.08  
   -0.26  -0.21  0.94  

9  1446.16  -24.11  -65.19  
   0.12  -0.99  -0.11  
   0.99  0.12  0.06  
   -0.05  -0.12  0.99  

8  1334.54  -263.87  -15.18  
   -0.98  -0.13  0.18  
   0.17  0.06  0.98  
   -0.14  0.99  -0.04  

2  855.46  -40.18  578.20  
   0.60  -0.80  -0.02  
   0.80  0.60  0.04  
   -0.02  -0.04  1.00  

4  1127.37  114.30  -78.13  
   0.89  -0.36  0.29  
   0.43  0.86  -0.25  
   -0.16  0.35  0.92  

3  1224.71  -26.79  25.90  
   -0.51  -0.09  -0.85  
   -0.06  -0.99  0.15  
   -0.86  0.13  0.50  

5  1333.20  251.37  0.45  
   -0.95  0.17  0.26  
   -0.27  -0.03  -0.96  
   -0.16  -0.98  0.07  

6  1368.47  10.72  -31.70  
   -0.09  0.93  0.36  
   -1.00  -0.09  -0.00  
   0.03  -0.36  0.93  

8  1334.10  -264.77  -12.95  
   -0.97  -0.13  0.18  
   0.17  0.07  0.98  
   -0.14  0.99  -0.04  

7  1116.66  -151.80  -95.99  
   0.86  0.39  0.33  
   -0.44  0.89  0.09  
   -0.26  -0.22  0.94  

9  1445.72  -25.00  -64.29  
   0.13  -0.99  -0.11  
   0.99  0.12  0.07  
   -0.05  -0.12  0.99  

3  1223.81  -27.24  27.24  
   -0.52  -0.08  -0.85  
   -0.07  -0.99  0.14  
   -0.85  0.13  0.51  

2  855.46  -40.18  578.20  
   0.60  -0.80  -0.02  
   0.80  0.60  0.04  
   -0.02  -0.04  1.00  

4  1122.91  115.19  -74.12  
   0.88  -0.36  0.30  
   0.44  0.86  -0.25  
   -0.16  0.35  0.92  

5  1330.97  249.58  -1.34  
   -0.96  0.16  0.24  
   -0.25  -0.05  -0.97  
   -0.14  -0.99  0.09  

7  1113.98  -155.38  -93.76  
   0.85  0.40  0.34  
   -0.45  0.89  0.10  
   -0.26  -0.24  0.93  

6  1365.35  5.36  -30.36  
   -0.09  0.92  0.37  
   -0.99  -0.10  0.01  
   0.05  -0.37  0.93  

8  1331.86  -268.34  -4.91  
   -0.97  -0.14  0.18  
   0.17  0.08  0.98  
   -0.15  0.99  -0.06  

9  1443.48  -30.36  -62.95  
   0.13  -0.98  -0.12  
   0.99  0.12  0.09  
   -0.07  -0.13  0.99  

2  855.46  -40.18  578.20  
   0.60  -0.80  -0.02  
   0.80  0.60  0.04  
   -0.02  -0.04  1.00  

3  1222.47  -27.24  25.00  
   -0.53  -0.06  -0.84  
   -0.07  -0.99  0.11  
   -0.84  0.12  0.52  

4  1113.98  115.64  -68.76  
   0.87  -0.38  0.31  
   0.45  0.86  -0.24  
   -0.17  0.35  0.92  

5  1327.84  243.78  -9.82  
   -0.97  0.12  0.21  
   -0.22  -0.08  -0.97  
   -0.11  -0.99  0.10  

6  1359.10  -2.23  -31.70  
   -0.09  0.91  0.41  
   -0.99  -0.12  0.04  
   0.08  -0.40  0.91  

7  1111.75  -160.29  -87.96  
   0.84  0.41  0.35  
   -0.47  0.87  0.12  
   -0.26  -0.27  0.93  

9  1436.79  -41.08  -63.85  
   0.13  -0.99  -0.10  
   0.99  0.12  0.12  
   -0.10  -0.11  0.99  

8  1327.40  -274.59  2.68  
   -0.97  -0.13  0.19  
   0.17  0.11  0.98  
   -0.15  0.98  -0.08  

