2 	  45.95	  -0.95	   5.89
	 -0.016	  0.854	 -0.521
	 -0.212	 -0.511	 -0.833
	 -0.977	  0.097	  0.189

3 	  44.60	  -1.30	   3.96
	  0.428	  0.277	  0.860
	 -0.126	  0.961	 -0.248
	 -0.895	 -0.002	  0.446

4 	  40.71	   4.68	  -0.39
	  0.803	  0.589	 -0.094
	 -0.528	  0.775	  0.347
	  0.277	 -0.229	  0.933

5 	  42.79	   6.68	   7.01
	  0.716	 -0.140	  0.684
	 -0.624	 -0.567	  0.537
	  0.312	 -0.811	 -0.494

6 	  51.89	   3.81	  12.73
	  0.722	 -0.328	  0.609
	  0.058	  0.906	  0.419
	 -0.690	 -0.267	  0.673

7 	  41.43	  -7.56	  -0.40
	  0.880	 -0.475	  0.007
	  0.465	  0.859	 -0.213
	  0.095	  0.191	  0.977

8 	  44.00	  -8.40	   8.37
	  0.779	  0.106	  0.618
	  0.476	 -0.741	 -0.473
	  0.407	  0.663	 -0.628

9 	  50.61	  -7.42	  12.55
	  0.784	  0.354	  0.509
	  0.519	  0.076	 -0.851
	 -0.340	  0.932	 -0.124

2 	  45.84	  -0.91	   5.98
	 -0.032	  0.855	 -0.517
	 -0.215	 -0.511	 -0.832
	 -0.976	  0.084	  0.200

3 	  44.49	  -1.32	   4.01
	  0.421	  0.276	  0.864
	 -0.134	  0.961	 -0.242
	 -0.897	 -0.014	  0.442

4 	  40.66	   4.68	  -0.33
	  0.802	  0.591	 -0.088
	 -0.530	  0.771	  0.353
	  0.276	 -0.237	  0.931

5 	  42.73	   6.63	   7.05
	  0.716	 -0.142	  0.683
	 -0.625	 -0.566	  0.537
	  0.310	 -0.812	 -0.494

6 	  51.87	   3.78	  12.74
	  0.723	 -0.330	  0.607
	  0.058	  0.904	  0.422
	 -0.689	 -0.270	  0.673

7 	  41.41	  -7.54	  -0.39
	  0.879	 -0.476	  0.009
	  0.466	  0.858	 -0.216
	  0.095	  0.194	  0.976

8 	  43.98	  -8.38	   8.37
	  0.779	  0.107	  0.617
	  0.478	 -0.739	 -0.475
	  0.405	  0.665	 -0.627

9 	  50.59	  -7.40	  12.53
	  0.785	  0.353	  0.508
	  0.517	  0.077	 -0.852
	 -0.340	  0.932	 -0.123

2 	  45.81	  -0.90	   5.98
	 -0.038	  0.853	 -0.520
	 -0.219	 -0.515	 -0.829
	 -0.975	  0.083	  0.207

3 	  44.44	  -1.28	   4.06
	  0.417	  0.279	  0.865
	 -0.141	  0.960	 -0.242
	 -0.898	 -0.021	  0.439

4 	  40.61	   4.68	  -0.30
	  0.800	  0.594	 -0.086
	 -0.532	  0.768	  0.356
	  0.277	 -0.240	  0.930

5 	  42.70	   6.61	   7.08
	  0.718	 -0.143	  0.681
	 -0.623	 -0.568	  0.538
	  0.310	 -0.811	 -0.496

6 	  51.84	   3.78	  12.73
	  0.726	 -0.329	  0.604
	  0.056	  0.903	  0.425
	 -0.686	 -0.275	  0.674

7 	  41.43	  -7.54	  -0.37
	  0.880	 -0.475	  0.009
	  0.465	  0.858	 -0.217
	  0.095	  0.195	  0.976

8 	  43.98	  -8.40	   8.37
	  0.780	  0.106	  0.617
	  0.478	 -0.737	 -0.477
	  0.404	  0.667	 -0.626

9 	  50.59	  -7.40	  12.53
	  0.786	  0.353	  0.508
	  0.516	  0.077	 -0.853
	 -0.340	  0.932	 -0.121

2 	  45.81	  -0.91	   5.98
	 -0.034	  0.854	 -0.519
	 -0.219	 -0.513	 -0.830
	 -0.975	  0.085	  0.204

3 	  44.44	  -1.30	   4.08
	  0.417	  0.277	  0.865
	 -0.138	  0.960	 -0.242
	 -0.898	 -0.018	  0.439

4 	  40.62	   4.66	  -0.28
	  0.802	  0.591	 -0.084
	 -0.530	  0.769	  0.357
	  0.276	 -0.242	  0.930

5 	  42.70	   6.61	   7.12
	  0.716	 -0.147	  0.682
	 -0.627	 -0.565	  0.536
	  0.306	 -0.812	 -0.497

6 	  51.86	   3.76	  12.73
	  0.726	 -0.330	  0.603
	  0.057	  0.903	  0.426
	 -0.685	 -0.275	  0.674

7 	  41.41	  -7.54	  -0.35
	  0.879	 -0.475	  0.010
	  0.466	  0.857	 -0.218
	  0.095	  0.196	  0.976

8 	  43.96	  -8.40	   8.38
	  0.779	  0.105	  0.617
	  0.478	 -0.737	 -0.478
	  0.405	  0.667	 -0.625

9 	  50.59	  -7.44	  12.55
	  0.786	  0.351	  0.507
	  0.516	  0.075	 -0.853
	 -0.338	  0.933	 -0.122

2 	  45.83	  -0.93	   5.94
	 -0.026	  0.853	 -0.521
	 -0.221	 -0.513	 -0.829
	 -0.975	  0.093	  0.202

3 	  44.46	  -1.30	   4.06
	  0.422	  0.279	  0.862
	 -0.135	  0.960	 -0.245
	 -0.896	 -0.013	  0.443

4 	  40.64	   4.68	  -0.30
	  0.802	  0.591	 -0.087
	 -0.529	  0.770	  0.357
	  0.278	 -0.240	  0.930

5 	  42.71	   6.59	   7.08
	  0.717	 -0.147	  0.681
	 -0.626	 -0.565	  0.537
	  0.306	 -0.812	 -0.498

6 	  51.82	   3.74	  12.74
	  0.725	 -0.331	  0.604
	  0.057	  0.903	  0.425
	 -0.686	 -0.273	  0.674

7 	  41.41	  -7.54	  -0.35
	  0.880	 -0.475	  0.009
	  0.465	  0.858	 -0.218
	  0.095	  0.196	  0.976

8 	  43.96	  -8.38	   8.40
	  0.780	  0.106	  0.617
	  0.476	 -0.740	 -0.475
	  0.406	  0.664	 -0.628

9 	  50.61	  -7.42	  12.55
	  0.786	  0.352	  0.507
	  0.516	  0.075	 -0.853
	 -0.339	  0.933	 -0.123

2 	  44.51	  -1.02	   1.16
	 -0.346	  0.654	 -0.672
	 -0.224	 -0.753	 -0.618
	 -0.911	 -0.064	  0.407

3 	  44.75	  -1.39	   3.76
	  0.454	  0.267	  0.850
	 -0.108	  0.963	 -0.245
	 -0.884	  0.019	  0.467

4 	  40.83	   4.57	  -0.47
	  0.811	  0.575	 -0.105
	 -0.515	  0.787	  0.338
	  0.278	 -0.220	  0.935

5 	  42.89	   6.68	   6.89
	  0.711	 -0.130	  0.691
	 -0.623	 -0.572	  0.534
	  0.326	 -0.810	 -0.488

6 	  51.94	   3.76	  12.74
	  0.712	 -0.332	  0.619
	  0.065	  0.908	  0.413
	 -0.700	 -0.254	  0.668

7 	  41.43	  -7.63	  -0.37
	  0.876	 -0.481	  0.008
	  0.471	  0.854	 -0.218
	  0.098	  0.194	  0.976

8 	  44.00	  -8.44	   8.38
	  0.780	  0.100	  0.618
	  0.462	 -0.758	 -0.460
	  0.422	  0.644	 -0.638

9 	  50.62	  -7.44	  12.59
	  0.786	  0.350	  0.509
	  0.524	  0.057	 -0.850
	 -0.326	  0.935	 -0.139

2 	  44.42	  -1.12	   1.21
	 -0.345	  0.659	 -0.668
	 -0.237	 -0.750	 -0.618
	 -0.908	 -0.054	  0.415

3 	  44.67	  -1.49	   3.83
	  0.445	  0.270	  0.854
	 -0.100	  0.962	 -0.253
	 -0.890	  0.027	  0.455

4 	  40.82	   4.46	  -0.46
	  0.813	  0.573	 -0.100
	 -0.515	  0.788	  0.337
	  0.272	 -0.223	  0.936

5 	  42.89	   6.56	   6.93
	  0.708	 -0.138	  0.692
	 -0.633	 -0.559	  0.536
	  0.312	 -0.818	 -0.484

6 	  51.91	   3.67	  12.76
	  0.712	 -0.331	  0.619
	  0.065	  0.909	  0.411
	 -0.699	 -0.252	  0.668

7 	  41.38	  -7.73	  -0.30
	  0.874	 -0.486	  0.014
	  0.476	  0.850	 -0.225
	  0.097	  0.203	  0.974

8 	  43.96	  -8.49	   8.42
	  0.780	  0.103	  0.617
	  0.465	 -0.756	 -0.461
	  0.419	  0.646	 -0.637

9 	  50.59	  -7.49	  12.60
	  0.789	  0.351	  0.503
	  0.521	  0.050	 -0.852
	 -0.324	  0.935	 -0.144

2 	  44.38	  -1.16	   1.23
	 -0.342	  0.656	 -0.673
	 -0.250	 -0.753	 -0.608
	 -0.906	 -0.040	  0.422

3 	  44.63	  -1.51	   3.87
	  0.444	  0.274	  0.853
	 -0.105	  0.961	 -0.254
	 -0.890	  0.023	  0.456

4 	  40.78	   4.45	  -0.44
	  0.811	  0.576	 -0.096
	 -0.518	  0.786	  0.338
	  0.270	 -0.224	  0.936

5 	  42.84	   6.54	   6.94
	  0.710	 -0.138	  0.691
	 -0.632	 -0.557	  0.538
	  0.310	 -0.819	 -0.483

6 	  51.89	   3.67	  12.76
	  0.714	 -0.330	  0.618
	  0.064	  0.909	  0.411
	 -0.697	 -0.255	  0.670

7 	  41.38	  -7.75	  -0.30
	  0.874	 -0.485	  0.015
	  0.475	  0.849	 -0.228
	  0.097	  0.206	  0.973

8 	  43.95	  -8.49	   8.47
	  0.779	  0.104	  0.618
	  0.467	 -0.754	 -0.462
	  0.417	  0.648	 -0.637

9 	  50.59	  -7.49	  12.62
	  0.790	  0.353	  0.501
	  0.519	  0.047	 -0.853
	 -0.325	  0.934	 -0.146

2 	  44.37	  -1.16	   1.25
	 -0.346	  0.664	 -0.663
	 -0.257	 -0.746	 -0.614
	 -0.902	 -0.042	  0.429

3 	  44.56	  -1.49	   3.92
	  0.438	  0.281	  0.854
	 -0.115	  0.959	 -0.257
	 -0.892	  0.014	  0.452

4 	  40.69	   4.43	  -0.40
	  0.807	  0.582	 -0.096
	 -0.523	  0.781	  0.340
	  0.272	 -0.225	  0.935

5 	  42.79	   6.54	   6.96
	  0.714	 -0.136	  0.687
	 -0.628	 -0.557	  0.542
	  0.309	 -0.819	 -0.483

6 	  51.89	   3.71	  12.71
	  0.719	 -0.324	  0.614
	  0.059	  0.910	  0.411
	 -0.692	 -0.260	  0.673

7 	  41.38	  -7.75	  -0.28
	  0.875	 -0.483	  0.015
	  0.473	  0.850	 -0.230
	  0.098	  0.209	  0.973

8 	  43.95	  -8.49	   8.46
	  0.780	  0.106	  0.616
	  0.469	 -0.752	 -0.463
	  0.414	  0.650	 -0.637

9 	  50.59	  -7.45	  12.64
	  0.791	  0.355	  0.499
	  0.518	  0.047	 -0.854
	 -0.327	  0.933	 -0.147

2 	  44.35	  -1.14	   1.28
	 -0.346	  0.672	 -0.655
	 -0.253	 -0.739	 -0.625
	 -0.903	 -0.051	  0.426

3 	  44.54	  -1.49	   3.94
	  0.434	  0.282	  0.855
	 -0.121	  0.959	 -0.256
	 -0.893	  0.008	  0.450

4 	  40.68	   4.45	  -0.39
	  0.806	  0.584	 -0.095
	 -0.525	  0.780	  0.341
	  0.273	 -0.226	  0.935

5 	  42.75	   6.54	   6.96
	  0.715	 -0.135	  0.686
	 -0.627	 -0.558	  0.543
	  0.310	 -0.819	 -0.483

6 	  51.86	   3.74	  12.69
	  0.722	 -0.322	  0.611
	  0.056	  0.909	  0.412
	 -0.689	 -0.263	  0.675

7 	  41.40	  -7.73	  -0.28
	  0.876	 -0.481	  0.015
	  0.471	  0.851	 -0.231
	  0.099	  0.210	  0.973

8 	  43.95	  -8.49	   8.46
	  0.780	  0.107	  0.616
	  0.470	 -0.751	 -0.464
	  0.413	  0.652	 -0.636

9 	  50.59	  -7.47	  12.62
	  0.791	  0.355	  0.497
	  0.516	  0.047	 -0.855
	 -0.328	  0.933	 -0.146

2 	  38.41	  -1.46	  -3.32
	  0.794	  0.488	 -0.361
	 -0.469	  0.871	  0.146
	  0.386	  0.053	  0.921

3 	  45.04	  -1.44	   3.69
	  0.463	  0.275	  0.843
	 -0.111	  0.961	 -0.253
	 -0.880	  0.023	  0.475

4 	  41.15	   4.55	  -0.53
	  0.815	  0.569	 -0.104
	 -0.511	  0.792	  0.333
	  0.272	 -0.219	  0.937

5 	  43.12	   6.64	   6.86
	  0.705	 -0.125	  0.698
	 -0.622	 -0.582	  0.524
	  0.341	 -0.804	 -0.487

6 	  52.10	   3.69	  12.87
	  0.703	 -0.334	  0.628
	  0.057	  0.907	  0.418
	 -0.709	 -0.258	  0.656

7 	  41.73	  -7.61	  -0.49
	  0.875	 -0.484	  0.013
	  0.475	  0.855	 -0.208
	  0.089	  0.188	  0.978

8 	  44.23	  -8.46	   8.31
	  0.775	  0.100	  0.623
	  0.463	 -0.761	 -0.454
	  0.429	  0.641	 -0.637

9 	  50.82	  -7.49	  12.53
	  0.777	  0.361	  0.515
	  0.530	  0.065	 -0.846
	 -0.339	  0.930	 -0.141

2 	  38.37	  -1.11	  -3.22
	  0.796	  0.509	 -0.326
	 -0.410	  0.851	  0.328
	  0.444	 -0.128	  0.886

3 	  45.07	  -1.42	   3.62
	  0.469	  0.276	  0.839
	 -0.112	  0.960	 -0.254
	 -0.876	  0.026	  0.481

4 	  41.17	   4.55	  -0.58
	  0.816	  0.567	 -0.111
	 -0.508	  0.796	  0.330
	  0.275	 -0.214	  0.937

5 	  43.14	   6.68	   6.82
	  0.704	 -0.119	  0.699
	 -0.618	 -0.587	  0.522
	  0.349	 -0.801	 -0.487

6 	  52.10	   3.71	  12.87
	  0.700	 -0.333	  0.631
	  0.058	  0.908	  0.415
	 -0.712	 -0.254	  0.655

7 	  41.73	  -7.61	  -0.51
	  0.874	 -0.485	  0.012
	  0.476	  0.854	 -0.208
	  0.090	  0.188	  0.978

8 	  44.23	  -8.46	   8.30
	  0.775	  0.098	  0.624
	  0.459	 -0.767	 -0.449
	  0.434	  0.634	 -0.639

9 	  50.82	  -7.51	  12.53
	  0.777	  0.360	  0.516
	  0.532	  0.063	 -0.844
	 -0.337	  0.930	 -0.143

2 	  38.62	  -1.09	  -3.53
	  0.855	  0.472	 -0.212
	 -0.410	  0.868	  0.279
	  0.316	 -0.151	  0.936

3 	  45.12	  -1.42	   3.57
	  0.474	  0.277	  0.835
	 -0.111	  0.960	 -0.255
	 -0.873	  0.028	  0.486

4 	  41.19	   4.57	  -0.58
	  0.817	  0.565	 -0.114
	 -0.506	  0.798	  0.328
	  0.276	 -0.210	  0.938

5 	  43.17	   6.71	   6.79
	  0.705	 -0.115	  0.700
	 -0.614	 -0.592	  0.522
	  0.354	 -0.798	 -0.488

6 	  52.10	   3.76	  12.85
	  0.698	 -0.333	  0.634
	  0.057	  0.908	  0.414
	 -0.713	 -0.253	  0.653

7 	  41.75	  -7.59	  -0.49
	  0.874	 -0.485	  0.013
	  0.477	  0.854	 -0.208
	  0.090	  0.187	  0.978

8 	  44.24	  -8.44	   8.26
	  0.775	  0.097	  0.624
	  0.456	 -0.770	 -0.446
	  0.437	  0.630	 -0.641

9 	  50.85	  -7.52	  12.50
	  0.777	  0.359	  0.517
	  0.532	  0.062	 -0.844
	 -0.336	  0.931	 -0.143

2 	  38.67	  -1.88	  -3.23
	  0.756	  0.556	 -0.345
	 -0.611	  0.789	 -0.066
	  0.235	  0.260	  0.936

3 	  45.16	  -1.37	   3.57
	  0.476	  0.277	  0.835
	 -0.113	  0.960	 -0.255
	 -0.872	  0.026	  0.488

4 	  41.17	   4.59	  -0.62
	  0.817	  0.565	 -0.116
	 -0.506	  0.798	  0.326
	  0.276	 -0.208	  0.938

5 	  43.17	   6.75	   6.77
	  0.704	 -0.111	  0.701
	 -0.612	 -0.595	  0.521
	  0.359	 -0.796	 -0.487

6 	  52.12	   3.80	  12.83
	  0.698	 -0.332	  0.634
	  0.056	  0.908	  0.414
	 -0.714	 -0.254	  0.652

7 	  41.77	  -7.58	  -0.54
	  0.875	 -0.484	  0.011
	  0.475	  0.855	 -0.207
	  0.091	  0.186	  0.978

8 	  44.24	  -8.44	   8.24
	  0.774	  0.096	  0.625
	  0.455	 -0.771	 -0.446
	  0.439	  0.630	 -0.641

9 	  50.85	  -7.51	  12.50
	  0.776	  0.359	  0.518
	  0.534	  0.064	 -0.843
	 -0.336	  0.931	 -0.143

2 	  38.11	  -1.93	  -2.79
	  0.531	  0.534	 -0.657
	 -0.650	  0.755	  0.089
	  0.544	  0.380	  0.748

3 	  45.14	  -1.39	   3.59
	  0.470	  0.276	  0.838
	 -0.113	  0.960	 -0.254
	 -0.875	  0.024	  0.483

4 	  41.19	   4.61	  -0.58
	  0.817	  0.566	 -0.111
	 -0.508	  0.797	  0.326
	  0.273	 -0.210	  0.939

5 	  43.15	   6.75	   6.80
	  0.704	 -0.115	  0.700
	 -0.616	 -0.590	  0.522
	  0.353	 -0.799	 -0.487

6 	  52.12	   3.80	  12.80
	  0.700	 -0.332	  0.632
	  0.055	  0.908	  0.416
	 -0.712	 -0.257	  0.654

7 	  41.78	  -7.56	  -0.53
	  0.875	 -0.483	  0.012
	  0.475	  0.856	 -0.204
	  0.088	  0.185	  0.979

8 	  44.26	  -8.42	   8.26
	  0.774	  0.098	  0.625
	  0.462	 -0.763	 -0.452
	  0.432	  0.639	 -0.636

9 	  50.85	  -7.51	  12.50
	  0.776	  0.360	  0.518
	  0.533	  0.067	 -0.844
	 -0.339	  0.930	 -0.140

2 	  35.86	  -1.34	   4.48
	  0.153	  0.963	 -0.220
	 -0.085	  0.234	  0.968
	  0.984	 -0.130	  0.117

3 	  46.18	  -1.79	   2.64
	  0.539	  0.272	  0.797
	 -0.115	  0.961	 -0.251
	 -0.834	  0.043	  0.550

4 	  42.03	   4.31	  -1.20
	  0.775	  0.614	 -0.149
	 -0.539	  0.765	  0.354
	  0.331	 -0.194	  0.923

5 	  43.80	   6.31	   6.35
	  0.707	 -0.009	  0.707
	 -0.521	 -0.683	  0.512
	  0.478	 -0.730	 -0.488

6 	  52.56	   3.85	  12.81
	  0.668	 -0.293	  0.683
	 -0.009	  0.916	  0.401
	 -0.744	 -0.275	  0.609

7 	  42.71	  -7.95	  -1.32
	  0.863	 -0.505	 -0.020
	  0.485	  0.838	 -0.249
	  0.142	  0.205	  0.968

8 	  44.98	  -8.81	   7.51
	  0.752	  0.081	  0.654
	  0.447	 -0.791	 -0.416
	  0.484	  0.606	 -0.632

9 	  51.40	  -7.88	  12.20
	  0.737	  0.385	  0.555
	  0.581	  0.058	 -0.812
	 -0.345	  0.921	 -0.180

2 	  35.95	  -0.84	   4.59
	  0.370	  0.919	 -0.138
	 -0.001	  0.149	  0.989
	  0.929	 -0.365	  0.056

3 	  46.23	  -1.81	   2.65
	  0.531	  0.273	  0.802
	 -0.111	  0.961	 -0.254
	 -0.840	  0.046	  0.541

4 	  42.10	   4.27	  -1.21
	  0.781	  0.606	 -0.149
	 -0.534	  0.773	  0.343
	  0.323	 -0.188	  0.927

5 	  43.86	   6.29	   6.31
	  0.704	 -0.014	  0.709
	 -0.529	 -0.678	  0.511
	  0.473	 -0.735	 -0.485

6 	  52.56	   3.88	  12.87
	  0.665	 -0.293	  0.687
	 -0.010	  0.916	  0.400
	 -0.747	 -0.273	  0.606

7 	  42.71	  -7.98	  -1.30
	  0.863	 -0.505	 -0.016
	  0.486	  0.839	 -0.242
	  0.135	  0.201	  0.970

8 	  44.96	  -8.84	   7.52
	  0.749	  0.081	  0.657
	  0.451	 -0.790	 -0.416
	  0.485	  0.608	 -0.628

9 	  51.42	  -7.89	  12.22
	  0.737	  0.386	  0.555
	  0.581	  0.059	 -0.812
	 -0.346	  0.921	 -0.180

2 	  36.11	  -0.95	   3.71
	  0.404	  0.911	 -0.078
	 -0.357	  0.235	  0.904
	  0.842	 -0.338	  0.420

3 	  46.23	  -1.79	   2.67
	  0.526	  0.272	  0.806
	 -0.112	  0.961	 -0.252
	 -0.843	  0.042	  0.536

4 	  42.10	   4.27	  -1.18
	  0.781	  0.608	 -0.141
	 -0.538	  0.771	  0.341
	  0.316	 -0.191	  0.929

5 	  43.86	   6.31	   6.35
	  0.704	 -0.017	  0.710
	 -0.531	 -0.676	  0.510
	  0.472	 -0.736	 -0.485

6 	  52.56	   3.85	  12.85
	  0.666	 -0.294	  0.685
	 -0.011	  0.915	  0.402
	 -0.746	 -0.276	  0.606

7 	  42.75	  -7.98	  -1.30
	  0.864	 -0.503	 -0.015
	  0.485	  0.841	 -0.239
	  0.133	  0.200	  0.971

8 	  44.98	  -8.84	   7.52
	  0.748	  0.083	  0.658
	  0.457	 -0.784	 -0.420
	  0.481	  0.615	 -0.625

9 	  51.43	  -7.86	  12.22
	  0.735	  0.387	  0.556
	  0.580	  0.063	 -0.812
	 -0.349	  0.920	 -0.178

2 	  35.95	  -1.97	   3.73
	  0.010	  0.941	 -0.338
	 -0.473	  0.302	  0.828
	  0.881	  0.151	  0.448

3 	  46.20	  -1.76	   2.69
	  0.522	  0.272	  0.808
	 -0.115	  0.961	 -0.250
	 -0.845	  0.037	  0.533

4 	  42.05	   4.29	  -1.14
	  0.776	  0.616	 -0.133
	 -0.547	  0.763	  0.343
	  0.313	 -0.194	  0.929

5 	  43.79	   6.31	   6.38
	  0.705	 -0.017	  0.709
	 -0.531	 -0.676	  0.511
	  0.470	 -0.737	 -0.485

6 	  52.52	   3.87	  12.88
	  0.668	 -0.293	  0.684
	 -0.014	  0.914	  0.405
	 -0.744	 -0.280	  0.606

7 	  42.73	  -7.93	  -1.28
	  0.866	 -0.500	 -0.014
	  0.482	  0.843	 -0.237
	  0.130	  0.199	  0.971

8 	  44.98	  -8.84	   7.56
	  0.747	  0.085	  0.659
	  0.462	 -0.780	 -0.423
	  0.478	  0.620	 -0.622

9 	  51.42	  -7.80	  12.22
	  0.734	  0.389	  0.556
	  0.579	  0.068	 -0.812
	 -0.354	  0.919	 -0.175

2 	  35.70	  -1.92	   4.46
	 -0.101	  0.934	 -0.341
	 -0.164	  0.322	  0.932
	  0.981	  0.150	  0.121

3 	  46.18	  -1.78	   2.72
	  0.521	  0.273	  0.808
	 -0.117	  0.961	 -0.250
	 -0.846	  0.035	  0.532

4 	  42.03	   4.29	  -1.14
	  0.774	  0.619	 -0.132
	 -0.549	  0.761	  0.345
	  0.313	 -0.195	  0.929

5 	  43.77	   6.31	   6.40
	  0.706	 -0.018	  0.707
	 -0.531	 -0.674	  0.513
	  0.468	 -0.738	 -0.486

6 	  52.52	   3.92	  12.90
	  0.670	 -0.290	  0.683
	 -0.017	  0.914	  0.404
	 -0.742	 -0.283	  0.608

7 	  42.73	  -7.96	  -1.27
	  0.867	 -0.499	 -0.014
	  0.481	  0.843	 -0.239
	  0.130	  0.200	  0.971

8 	  45.00	  -8.82	   7.56
	  0.747	  0.087	  0.658
	  0.464	 -0.777	 -0.424
	  0.475	  0.623	 -0.622

9 	  51.43	  -7.82	  12.20
	  0.735	  0.389	  0.555
	  0.577	  0.070	 -0.813
	 -0.356	  0.918	 -0.174

2 	  45.05	  -0.62	   0.21
	  0.541	 -0.674	  0.502
	  0.509	  0.738	  0.442
	 -0.669	  0.016	  0.743

3 	  45.54	  -1.41	   2.99
	  0.505	  0.280	  0.816
	 -0.139	  0.960	 -0.243
	 -0.852	  0.009	  0.524

4 	  41.33	   4.46	  -1.05
	  0.775	  0.617	 -0.135
	 -0.544	  0.760	  0.354
	  0.321	 -0.201	  0.925

5 	  43.19	   6.64	   6.40
	  0.718	 -0.028	  0.695
	 -0.538	 -0.656	  0.529
	  0.441	 -0.754	 -0.487

6 	  52.12	   4.31	  12.66
	  0.693	 -0.286	  0.662
	 -0.010	  0.914	  0.405
	 -0.721	 -0.288	  0.630

7 	  42.12	  -7.77	  -0.91
	  0.872	 -0.489	 -0.005
	  0.470	  0.843	 -0.260
	  0.131	  0.224	  0.965

8 	  44.54	  -8.53	   7.89
	  0.764	  0.093	  0.638
	  0.447	 -0.789	 -0.420
	  0.464	  0.607	 -0.645

9 	  51.06	  -7.58	  12.41
	  0.752	  0.377	  0.541
	  0.562	  0.062	 -0.825
	 -0.345	  0.924	 -0.166

2 	  45.14	  -0.90	   0.26
	  0.412	 -0.670	  0.617
	  0.551	  0.723	  0.417
	 -0.726	  0.169	  0.667

3 	  45.51	  -1.41	   2.97
	  0.505	  0.281	  0.816
	 -0.141	  0.959	 -0.243
	 -0.852	  0.007	  0.524

4 	  41.31	   4.46	  -1.05
	  0.775	  0.618	 -0.133
	 -0.546	  0.760	  0.354
	  0.320	 -0.202	  0.926

5 	  43.19	   6.68	   6.40
	  0.717	 -0.027	  0.696
	 -0.539	 -0.655	  0.530
	  0.442	 -0.755	 -0.485

6 	  52.12	   4.31	  12.67
	  0.693	 -0.285	  0.662
	 -0.012	  0.914	  0.405
	 -0.721	 -0.289	  0.630

7 	  42.10	  -7.75	  -0.90
	  0.873	 -0.487	 -0.005
	  0.469	  0.844	 -0.260
	  0.131	  0.224	  0.966

8 	  44.53	  -8.53	   7.91
	  0.763	  0.094	  0.639
	  0.449	 -0.788	 -0.421
	  0.464	  0.608	 -0.644

9 	  51.05	  -7.56	  12.39
	  0.751	  0.377	  0.541
	  0.562	  0.063	 -0.825
	 -0.345	  0.924	 -0.164

2 	  44.79	  -1.12	   0.23
	  0.407	 -0.730	  0.548
	  0.710	  0.631	  0.311
	 -0.574	  0.262	  0.776

3 	  45.47	  -1.41	   3.02
	  0.497	  0.285	  0.820
	 -0.144	  0.958	 -0.245
	 -0.856	  0.003	  0.517

4 	  41.27	   4.43	  -1.04
	  0.775	  0.617	 -0.135
	 -0.544	  0.761	  0.353
	  0.321	 -0.200	  0.926

5 	  43.15	   6.63	   6.40
	  0.718	 -0.030	  0.695
	 -0.545	 -0.646	  0.534
	  0.433	 -0.762	 -0.480

6 	  52.10	   4.29	  12.67
	  0.694	 -0.284	  0.662
	 -0.013	  0.914	  0.405
	 -0.720	 -0.290	  0.630

7 	  42.10	  -7.77	  -0.90
	  0.874	 -0.486	 -0.005
	  0.468	  0.844	 -0.260
	  0.130	  0.225	  0.965

8 	  44.53	  -8.53	   7.95
	  0.763	  0.098	  0.639
	  0.458	 -0.780	 -0.427
	  0.456	  0.618	 -0.640

9 	  51.05	  -7.56	  12.39
	  0.752	  0.377	  0.540
	  0.560	  0.065	 -0.826
	 -0.347	  0.923	 -0.163

2 	  44.72	  -0.51	   0.14
	  0.736	 -0.546	  0.400
	  0.392	  0.825	  0.406
	 -0.552	 -0.142	  0.821

3 	  45.44	  -1.42	   3.04
	  0.492	  0.284	  0.823
	 -0.146	  0.959	 -0.244
	 -0.858	 -0.001	  0.513

4 	  41.20	   4.43	  -1.02
	  0.774	  0.619	 -0.135
	 -0.546	  0.759	  0.355
	  0.322	 -0.201	  0.925

5 	  43.10	   6.64	   6.43
	  0.718	 -0.031	  0.695
	 -0.548	 -0.641	  0.538
	  0.428	 -0.767	 -0.477

6 	  52.05	   4.29	  12.64
	  0.697	 -0.282	  0.659
	 -0.015	  0.913	  0.407
	 -0.717	 -0.294	  0.632

7 	  42.08	  -7.77	  -0.88
	  0.874	 -0.485	 -0.004
	  0.467	  0.844	 -0.262
	  0.130	  0.227	  0.965

8 	  44.53	  -8.53	   7.93
	  0.764	  0.100	  0.638
	  0.463	 -0.773	 -0.434
	  0.449	  0.627	 -0.636

9 	  51.05	  -7.56	  12.39
	  0.752	  0.378	  0.539
	  0.558	  0.068	 -0.827
	 -0.349	  0.923	 -0.159

2 	  45.09	  -0.28	   0.47
	  0.570	 -0.637	  0.519
	  0.210	  0.724	  0.657
	 -0.794	 -0.266	  0.546

3 	  45.42	  -1.39	   3.06
	  0.486	  0.282	  0.827
	 -0.150	  0.959	 -0.240
	 -0.861	 -0.007	  0.508

4 	  41.19	   4.48	  -1.00
	  0.770	  0.625	 -0.130
	 -0.551	  0.753	  0.358
	  0.322	 -0.205	  0.924

5 	  43.08	   6.64	   6.43
	  0.719	 -0.033	  0.694
	 -0.550	 -0.637	  0.539
	  0.424	 -0.770	 -0.476

6 	  52.05	   4.32	  12.66
	  0.700	 -0.281	  0.656
	 -0.018	  0.912	  0.410
	 -0.714	 -0.299	  0.633

7 	  42.10	  -7.75	  -0.88
	  0.875	 -0.483	 -0.003
	  0.465	  0.846	 -0.261
	  0.129	  0.227	  0.965

8 	  44.54	  -8.54	   7.91
	  0.764	  0.100	  0.637
	  0.467	 -0.767	 -0.440
	  0.445	  0.634	 -0.633

9 	  51.05	  -7.52	  12.38
	  0.752	  0.378	  0.539
	  0.556	  0.073	 -0.828
	 -0.353	  0.922	 -0.156

2 	  43.79	   2.07	   0.11
	  0.389	 -0.532	  0.752
	  0.694	  0.706	  0.140
	 -0.606	  0.467	  0.644

3 	  45.39	  -1.49	   3.15
	  0.470	  0.281	  0.836
	 -0.133	  0.959	 -0.248
	 -0.872	  0.005	  0.489

4 	  41.47	   4.31	  -1.00
	  0.817	  0.567	 -0.105
	 -0.516	  0.800	  0.306
	  0.258	 -0.196	  0.946

5 	  43.17	   6.52	   6.43
	  0.716	 -0.041	  0.696
	 -0.574	 -0.602	  0.555
	  0.396	 -0.797	 -0.455

6 	  52.08	   4.31	  12.69
	  0.705	 -0.272	  0.654
	 -0.037	  0.908	  0.416
	 -0.708	 -0.318	  0.630

7 	  42.05	  -7.88	  -0.77
	  0.863	 -0.505	  0.008
	  0.486	  0.827	 -0.280
	  0.135	  0.246	  0.960

8 	  44.49	  -8.61	   8.03
	  0.766	  0.093	  0.635
	  0.462	 -0.768	 -0.444
	  0.446	  0.634	 -0.631

9 	  51.03	  -7.65	  12.41
	  0.761	  0.373	  0.529
	  0.552	  0.054	 -0.832
	 -0.340	  0.926	 -0.165

2 	  43.93	   2.06	   0.14
	  0.324	 -0.471	  0.820
	  0.664	  0.731	  0.157
	 -0.674	  0.494	  0.550

3 	  45.44	  -1.56	   3.13
	  0.481	  0.279	  0.831
	 -0.129	  0.960	 -0.248
	 -0.867	  0.012	  0.498

4 	  41.48	   4.27	  -1.04
	  0.817	  0.565	 -0.113
	 -0.514	  0.804	  0.299
	  0.260	 -0.187	  0.947

5 	  43.17	   6.50	   6.42
	  0.716	 -0.031	  0.697
	 -0.563	 -0.617	  0.551
	  0.412	 -0.787	 -0.459

6 	  52.08	   4.32	  12.69
	  0.705	 -0.270	  0.656
	 -0.036	  0.910	  0.412
	 -0.708	 -0.314	  0.631

7 	  42.08	  -7.89	  -0.77
	  0.867	 -0.499	  0.006
	  0.480	  0.832	 -0.278
	  0.133	  0.243	  0.960

8 	  44.51	  -8.60	   8.03
	  0.766	  0.097	  0.636
	  0.459	 -0.775	 -0.435
	  0.450	  0.625	 -0.638

9 	  51.06	  -7.61	  12.46
	  0.758	  0.376	  0.533
	  0.556	  0.055	 -0.830
	 -0.342	  0.925	 -0.167

2 	  44.07	   2.23	   0.14
	  0.328	 -0.588	  0.740
	  0.622	  0.724	  0.299
	 -0.712	  0.362	  0.602

3 	  45.54	  -1.51	   3.04
	  0.491	  0.279	  0.825
	 -0.128	  0.960	 -0.248
	 -0.862	  0.016	  0.507

4 	  41.52	   4.31	  -1.05
	  0.818	  0.562	 -0.118
	 -0.512	  0.807	  0.293
	  0.260	 -0.179	  0.949

5 	  43.22	   6.57	   6.40
	  0.714	 -0.024	  0.699
	 -0.555	 -0.628	  0.545
	  0.426	 -0.778	 -0.462

6 	  52.15	   4.34	  12.66
	  0.702	 -0.272	  0.658
	 -0.032	  0.911	  0.411
	 -0.712	 -0.310	  0.630

7 	  42.13	  -7.86	  -0.83
	  0.867	 -0.498	  0.002
	  0.479	  0.834	 -0.271
	  0.133	  0.236	  0.962

8 	  44.56	  -8.58	   8.00
	  0.765	  0.095	  0.636
	  0.454	 -0.780	 -0.430
	  0.455	  0.618	 -0.641

9 	  51.08	  -7.59	  12.45
	  0.754	  0.377	  0.538
	  0.559	  0.060	 -0.827
	 -0.344	  0.924	 -0.166

2 	  43.72	   2.29	   0.09
	  0.416	 -0.572	  0.707
	  0.677	  0.713	  0.178
	 -0.606	  0.405	  0.684

3 	  45.51	  -1.49	   3.01
	  0.492	  0.277	  0.825
	 -0.130	  0.960	 -0.246
	 -0.861	  0.014	  0.509

4 	  41.40	   4.34	  -1.05
	  0.816	  0.565	 -0.117
	 -0.514	  0.803	  0.300
	  0.264	 -0.185	  0.946

5 	  43.14	   6.61	   6.40
	  0.716	 -0.019	  0.698
	 -0.547	 -0.636	  0.544
	  0.434	 -0.771	 -0.466

6 	  52.08	   4.45	  12.66
	  0.705	 -0.267	  0.657
	 -0.043	  0.909	  0.415
	 -0.708	 -0.321	  0.629

7 	  42.06	  -7.84	  -0.86
	  0.868	 -0.496	 -0.001
	  0.477	  0.836	 -0.269
	  0.134	  0.232	  0.963

8 	  44.51	  -8.60	   7.96
	  0.768	  0.091	  0.634
	  0.449	 -0.782	 -0.432
	  0.457	  0.616	 -0.642

9 	  51.05	  -7.66	  12.38
	  0.756	  0.371	  0.538
	  0.558	  0.062	 -0.828
	 -0.341	  0.926	 -0.160

2 	  43.89	   2.46	  -0.12
	  0.506	 -0.625	  0.594
	  0.554	  0.764	  0.331
	 -0.661	  0.161	  0.733

3 	  45.47	  -1.49	   2.95
	  0.495	  0.281	  0.822
	 -0.134	  0.959	 -0.248
	 -0.858	  0.012	  0.512

4 	  41.38	   4.31	  -1.05
	  0.816	  0.564	 -0.123
	 -0.513	  0.806	  0.296
	  0.266	 -0.178	  0.947

5 	  43.12	   6.59	   6.35
	  0.718	 -0.012	  0.696
	 -0.540	 -0.641	  0.545
	  0.439	 -0.767	 -0.467

6 	  52.10	   4.54	  12.59
	  0.708	 -0.261	  0.656
	 -0.048	  0.909	  0.413
	 -0.704	 -0.324	  0.631

7 	  42.05	  -7.84	  -0.83
	  0.869	 -0.494	 -0.002
	  0.475	  0.838	 -0.269
	  0.134	  0.233	  0.963

8 	  44.53	  -8.61	   7.95
	  0.769	  0.091	  0.632
	  0.446	 -0.785	 -0.430
	  0.457	  0.612	 -0.645

9 	  51.05	  -7.66	  12.38
	  0.757	  0.372	  0.537
	  0.557	  0.062	 -0.828
	 -0.341	  0.926	 -0.161

2 	  43.29	   3.87	  -1.34
	  0.703	 -0.599	  0.384
	  0.551	  0.800	  0.238
	 -0.449	  0.044	  0.892

3 	  45.32	  -1.63	   3.09
	  0.485	  0.266	  0.833
	 -0.119	  0.964	 -0.238
	 -0.866	  0.016	  0.499

4 	  41.41	   4.25	  -1.04
	  0.811	  0.577	 -0.094
	 -0.539	  0.799	  0.266
	  0.228	 -0.166	  0.959

5 	  43.10	   6.49	   6.43
	  0.721	 -0.030	  0.692
	 -0.548	 -0.636	  0.544
	  0.423	 -0.771	 -0.475

6 	  52.10	   4.43	  12.62
	  0.714	 -0.258	  0.650
	 -0.048	  0.909	  0.413
	 -0.698	 -0.326	  0.637

7 	  41.92	  -7.95	  -0.77
	  0.860	 -0.510	  0.006
	  0.490	  0.822	 -0.288
	  0.142	  0.251	  0.957

8 	  44.40	  -8.65	   8.02
	  0.772	  0.086	  0.629
	  0.443	 -0.783	 -0.436
	  0.455	  0.615	 -0.644

9 	  50.98	  -7.73	  12.36
	  0.765	  0.364	  0.531
	  0.552	  0.053	 -0.832
	 -0.332	  0.930	 -0.161

2 	  43.51	   3.41	  -1.27
	  0.584	 -0.575	  0.573
	  0.640	  0.760	  0.110
	 -0.499	  0.302	  0.812

3 	  45.46	  -1.65	   2.95
	  0.500	  0.273	  0.822
	 -0.121	  0.961	 -0.247
	 -0.858	  0.024	  0.513

4 	  41.48	   4.20	  -1.09
	  0.814	  0.571	 -0.103
	 -0.533	  0.806	  0.256
	  0.229	 -0.154	  0.961

5 	  43.19	   6.47	   6.36
	  0.716	 -0.025	  0.697
	 -0.541	 -0.651	  0.532
	  0.440	 -0.759	 -0.480

6 	  52.17	   4.36	  12.59
	  0.708	 -0.261	  0.656
	 -0.043	  0.911	  0.410
	 -0.705	 -0.319	  0.634

7 	  41.98	  -7.96	  -0.81
	  0.864	 -0.504	  0.000
	  0.484	  0.830	 -0.275
	  0.138	  0.237	  0.961

8 	  44.46	  -8.67	   8.00
	  0.768	  0.093	  0.633
	  0.445	 -0.788	 -0.425
	  0.459	  0.609	 -0.647

9 	  50.99	  -7.75	  12.38
	  0.760	  0.368	  0.536
	  0.557	  0.054	 -0.828
	 -0.334	  0.928	 -0.164

2 	  43.01	   3.04	  -1.34
	  0.613	 -0.606	  0.507
	  0.746	  0.654	 -0.121
	 -0.259	  0.453	  0.853

3 	  45.44	  -1.76	   2.99
	  0.492	  0.280	  0.824
	 -0.117	  0.959	 -0.256
	 -0.862	  0.029	  0.505

4 	  41.48	   4.06	  -1.12
	  0.814	  0.570	 -0.107
	 -0.533	  0.808	  0.249
	  0.228	 -0.146	  0.962

5 	  43.17	   6.42	   6.31
	  0.716	 -0.029	  0.698
	 -0.552	 -0.635	  0.540
	  0.427	 -0.772	 -0.470

6 	  52.19	   4.31	  12.52
	  0.710	 -0.264	  0.653
	 -0.036	  0.912	  0.408
	 -0.703	 -0.313	  0.638

7 	  41.92	  -8.07	  -0.79
	  0.862	 -0.506	  0.003
	  0.487	  0.828	 -0.277
	  0.137	  0.241	  0.961

8 	  44.42	  -8.75	   8.00
	  0.769	  0.094	  0.631
	  0.448	 -0.784	 -0.429
	  0.455	  0.613	 -0.646

9 	  50.99	  -7.80	  12.36
	  0.761	  0.369	  0.532
	  0.555	  0.051	 -0.830
	 -0.334	  0.928	 -0.166

2 	  42.94	   3.83	  -1.72
	  0.735	 -0.667	  0.119
	  0.638	  0.740	  0.209
	 -0.228	 -0.078	  0.970

3 	  45.40	  -1.81	   3.02
	  0.485	  0.284	  0.827
	 -0.116	  0.958	 -0.261
	 -0.867	  0.030	  0.498

4 	  41.43	   3.97	  -1.18
	  0.811	  0.574	 -0.110
	 -0.536	  0.806	  0.251
	  0.233	 -0.144	  0.962

5 	  43.17	   6.33	   6.31
	  0.715	 -0.034	  0.698
	 -0.560	 -0.626	  0.543
	  0.418	 -0.779	 -0.467

6 	  52.17	   4.22	  12.50
	  0.711	 -0.263	  0.651
	 -0.033	  0.914	  0.405
	 -0.702	 -0.310	  0.641

7 	  41.96	  -8.16	  -0.74
	  0.863	 -0.505	  0.009
	  0.486	  0.826	 -0.284
	  0.136	  0.249	  0.959

8 	  44.46	  -8.84	   8.07
	  0.768	  0.101	  0.632
	  0.457	 -0.777	 -0.432
	  0.448	  0.621	 -0.643

9 	  50.99	  -7.82	  12.43
	  0.762	  0.374	  0.529
	  0.553	  0.049	 -0.832
	 -0.337	  0.926	 -0.169

2 	  43.47	   4.08	  -1.28
	  0.676	 -0.692	  0.251
	  0.507	  0.685	  0.523
	 -0.534	 -0.227	  0.814

3 	  45.37	  -1.85	   3.04
	  0.483	  0.286	  0.828
	 -0.117	  0.958	 -0.262
	 -0.868	  0.030	  0.496

4 	  41.41	   3.97	  -1.14
	  0.814	  0.573	 -0.091
	 -0.542	  0.807	  0.234
	  0.208	 -0.141	  0.968

5 	  43.14	   6.29	   6.29
	  0.716	 -0.033	  0.697
	 -0.560	 -0.624	  0.545
	  0.417	 -0.781	 -0.465

6 	  52.17	   4.17	  12.45
	  0.716	 -0.264	  0.646
	 -0.029	  0.913	  0.406
	 -0.698	 -0.310	  0.646

7 	  41.92	  -8.21	  -0.72
	  0.863	 -0.505	  0.009
	  0.485	  0.826	 -0.287
	  0.137	  0.252	  0.958

8 	  44.42	  -8.84	   8.09
	  0.769	  0.102	  0.631
	  0.459	 -0.776	 -0.434
	  0.445	  0.623	 -0.643

9 	  50.99	  -7.86	  12.43
	  0.762	  0.375	  0.527
	  0.551	  0.050	 -0.833
	 -0.339	  0.926	 -0.169

2 	  40.45	   6.10	  -0.93
	  0.121	 -0.396	 -0.910
	  0.912	  0.405	 -0.054
	  0.390	 -0.824	  0.410

3 	  45.47	  -1.93	   3.11
	  0.484	  0.290	  0.825
	 -0.119	  0.956	 -0.267
	 -0.867	  0.031	  0.498

4 	  41.48	   3.92	  -1.12
	  0.770	  0.629	 -0.108
	 -0.596	  0.768	  0.233
	  0.229	 -0.116	  0.966

5 	  43.15	   6.26	   6.33
	  0.712	 -0.022	  0.702
	 -0.548	 -0.642	  0.536
	  0.438	 -0.767	 -0.469

6 	  52.14	   4.24	  12.59
	  0.710	 -0.252	  0.658
	 -0.045	  0.915	  0.399
	 -0.703	 -0.313	  0.638

7 	  42.06	  -8.28	  -0.69
	  0.867	 -0.498	  0.013
	  0.480	  0.829	 -0.286
	  0.131	  0.254	  0.958

8 	  44.54	  -8.86	   8.14
	  0.767	  0.108	  0.632
	  0.459	 -0.781	 -0.424
	  0.448	  0.615	 -0.648

9 	  51.10	  -7.82	  12.52
	  0.758	  0.385	  0.527
	  0.554	  0.047	 -0.831
	 -0.344	  0.922	 -0.178

2 	  40.71	   5.47	  -1.67
	  0.348	 -0.654	 -0.672
	  0.877	  0.480	 -0.013
	  0.331	 -0.585	  0.741

3 	  45.53	  -1.97	   3.06
	  0.489	  0.297	  0.820
	 -0.120	  0.954	 -0.274
	 -0.864	  0.036	  0.502

4 	  41.57	   3.78	  -1.18
	  0.774	  0.622	 -0.118
	 -0.590	  0.776	  0.221
	  0.229	 -0.101	  0.968

5 	  43.19	   6.24	   6.21
	  0.709	 -0.010	  0.705
	 -0.542	 -0.648	  0.535
	  0.451	 -0.761	 -0.465

6 	  52.14	   4.25	  12.57
	  0.705	 -0.248	  0.665
	 -0.047	  0.919	  0.392
	 -0.708	 -0.307	  0.636

7 	  42.12	  -8.37	  -0.69
	  0.868	 -0.497	  0.014
	  0.479	  0.830	 -0.285
	  0.129	  0.254	  0.958

8 	  44.58	  -8.89	   8.16
	  0.764	  0.114	  0.634
	  0.460	 -0.786	 -0.414
	  0.451	  0.608	 -0.653

9 	  51.10	  -7.80	  12.52
	  0.756	  0.389	  0.527
	  0.556	  0.043	 -0.830
	 -0.345	  0.920	 -0.184

2 	  39.92	   4.89	  -1.35
	  0.339	 -0.614	 -0.713
	  0.552	  0.743	 -0.377
	  0.761	 -0.266	  0.591

3 	  45.56	  -2.04	   3.06
	  0.483	  0.302	  0.821
	 -0.117	  0.952	 -0.282
	 -0.868	  0.040	  0.495

4 	  41.57	   3.67	  -1.20
	  0.776	  0.617	 -0.124
	 -0.586	  0.780	  0.218
	  0.231	 -0.097	  0.968

5 	  43.21	   6.19	   6.19
	  0.706	 -0.010	  0.708
	 -0.551	 -0.636	  0.540
	  0.445	 -0.771	 -0.455

6 	  52.15	   4.25	  12.60
	  0.703	 -0.245	  0.667
	 -0.048	  0.920	  0.389
	 -0.710	 -0.306	  0.635

7 	  42.15	  -8.46	  -0.63
	  0.867	 -0.497	  0.019
	  0.480	  0.828	 -0.289
	  0.128	  0.260	  0.957

8 	  44.61	  -8.91	   8.17
	  0.763	  0.120	  0.634
	  0.469	 -0.779	 -0.417
	  0.444	  0.616	 -0.651

9 	  51.12	  -7.77	  12.55
	  0.755	  0.394	  0.524
	  0.555	  0.041	 -0.831
	 -0.349	  0.918	 -0.188

2 	  39.83	   5.64	  -0.77
	  0.066	 -0.307	 -0.949
	  0.632	  0.749	 -0.198
	  0.772	 -0.587	  0.243

3 	  45.49	  -2.04	   3.13
	  0.469	  0.306	  0.828
	 -0.119	  0.951	 -0.284
	 -0.875	  0.035	  0.482

4 	  41.50	   3.67	  -1.18
	  0.773	  0.622	 -0.120
	 -0.589	  0.775	  0.228
	  0.235	 -0.106	  0.966

5 	  43.15	   6.17	   6.22
	  0.706	 -0.017	  0.707
	 -0.563	 -0.620	  0.547
	  0.429	 -0.785	 -0.447

6 	  52.12	   4.25	  12.59
	  0.706	 -0.244	  0.665
	 -0.049	  0.920	  0.389
	 -0.707	 -0.307	  0.637

7 	  42.12	  -8.46	  -0.60
	  0.868	 -0.496	  0.023
	  0.480	  0.827	 -0.293
	  0.126	  0.265	  0.956

8 	  44.60	  -8.93	   8.23
	  0.763	  0.122	  0.635
	  0.475	 -0.772	 -0.423
	  0.438	  0.624	 -0.647

9 	  51.10	  -7.77	  12.60
	  0.756	  0.394	  0.522
	  0.553	  0.041	 -0.832
	 -0.350	  0.918	 -0.187

2 	  40.68	   5.99	  -0.97
	  0.258	 -0.381	 -0.888
	  0.934	  0.333	  0.129
	  0.246	 -0.862	  0.442

3 	  45.35	  -2.09	   3.23
	  0.459	  0.302	  0.835
	 -0.116	  0.952	 -0.281
	 -0.881	  0.031	  0.472

4 	  41.47	   3.73	  -1.12
	  0.776	  0.621	 -0.113
	 -0.587	  0.776	  0.231
	  0.231	 -0.113	  0.966

5 	  43.10	   6.10	   6.28
	  0.706	 -0.026	  0.707
	 -0.572	 -0.609	  0.549
	  0.417	 -0.793	 -0.445

6 	  52.07	   4.17	  12.62
	  0.708	 -0.245	  0.662
	 -0.048	  0.919	  0.391
	 -0.705	 -0.309	  0.639

7 	  42.05	  -8.47	  -0.56
	  0.866	 -0.500	  0.025
	  0.483	  0.823	 -0.298
	  0.128	  0.270	  0.954

8 	  44.51	  -8.95	   8.26
	  0.765	  0.118	  0.633
	  0.473	 -0.770	 -0.428
	  0.437	  0.626	 -0.645

9 	  51.05	  -7.80	  12.60
	  0.760	  0.390	  0.520
	  0.550	  0.039	 -0.834
	 -0.346	  0.920	 -0.185

2 	  37.12	   0.98	  -0.70
	  0.253	 -0.674	 -0.694
	  0.298	  0.737	 -0.607
	  0.920	 -0.053	  0.388

3 	  45.56	  -1.60	   3.23
	  0.451	  0.275	  0.849
	 -0.130	  0.961	 -0.243
	 -0.883	 -0.001	  0.469

4 	  41.59	   4.34	  -0.95
	  0.773	  0.626	 -0.104
	 -0.569	  0.756	  0.323
	  0.281	 -0.191	  0.940

5 	  43.29	   6.42	   6.54
	  0.710	 -0.045	  0.702
	 -0.563	 -0.636	  0.528
	  0.423	 -0.770	 -0.477

6 	  52.19	   4.32	  12.83
	  0.705	 -0.260	  0.659
	 -0.062	  0.904	  0.423
	 -0.706	 -0.340	  0.621

7 	  42.36	  -7.86	  -0.93
	  0.870	 -0.492	  0.013
	  0.478	  0.839	 -0.259
	  0.116	  0.232	  0.966

8 	  44.74	  -8.68	   7.91
	  0.755	  0.097	  0.648
	  0.485	 -0.747	 -0.454
	  0.440	  0.657	 -0.612

9 	  51.19	  -7.66	  12.41
	  0.749	  0.370	  0.550
	  0.564	  0.078	 -0.822
	 -0.347	  0.926	 -0.150

2 	  37.12	   0.86	  -0.70
	  0.259	 -0.678	 -0.688
	  0.262	  0.735	 -0.625
	  0.929	 -0.019	  0.368

3 	  45.54	  -1.60	   3.23
	  0.449	  0.276	  0.850
	 -0.132	  0.961	 -0.243
	 -0.884	 -0.003	  0.468

4 	  41.59	   4.34	  -0.97
	  0.773	  0.626	 -0.103
	 -0.569	  0.756	  0.324
	  0.281	 -0.192	  0.940

5 	  43.28	   6.40	   6.56
	  0.711	 -0.046	  0.701
	 -0.563	 -0.635	  0.529
	  0.421	 -0.771	 -0.478

6 	  52.17	   4.34	  12.85
	  0.707	 -0.258	  0.659
	 -0.065	  0.903	  0.423
	 -0.705	 -0.342	  0.622

7 	  42.38	  -7.88	  -0.91
	  0.871	 -0.491	  0.014
	  0.478	  0.839	 -0.260
	  0.115	  0.233	  0.965

8 	  44.75	  -8.65	   7.91
	  0.756	  0.100	  0.647
	  0.487	 -0.746	 -0.454
	  0.437	  0.658	 -0.613

9 	  51.19	  -7.65	  12.41
	  0.749	  0.370	  0.549
	  0.564	  0.078	 -0.822
	 -0.348	  0.925	 -0.150

2 	  37.14	   0.63	  -0.69
	  0.378	 -0.679	 -0.630
	  0.214	  0.725	 -0.654
	  0.901	  0.112	  0.420

3 	  45.53	  -1.58	   3.25
	  0.448	  0.276	  0.850
	 -0.133	  0.961	 -0.242
	 -0.884	 -0.005	  0.467

4 	  41.55	   4.34	  -0.95
	  0.772	  0.626	 -0.101
	 -0.570	  0.755	  0.325
	  0.280	 -0.194	  0.940

5 	  43.28	   6.42	   6.56
	  0.713	 -0.048	  0.700
	 -0.563	 -0.634	  0.530
	  0.418	 -0.772	 -0.479

6 	  52.15	   4.38	  12.85
	  0.708	 -0.257	  0.658
	 -0.067	  0.903	  0.424
	 -0.703	 -0.344	  0.622

7 	  42.38	  -7.88	  -0.91
	  0.871	 -0.491	  0.015
	  0.478	  0.839	 -0.260
	  0.115	  0.234	  0.965

8 	  44.75	  -8.63	   7.93
	  0.756	  0.100	  0.647
	  0.488	 -0.745	 -0.455
	  0.436	  0.659	 -0.612

9 	  51.21	  -7.65	  12.39
	  0.750	  0.370	  0.549
	  0.563	  0.079	 -0.823
	 -0.348	  0.925	 -0.149

2 	  37.04	   0.74	  -0.44
	  0.252	 -0.676	 -0.693
	  0.069	  0.726	 -0.683
	  0.965	  0.124	  0.230

3 	  45.54	  -1.58	   3.23
	  0.450	  0.276	  0.849
	 -0.135	  0.961	 -0.242
	 -0.883	 -0.006	  0.470

4 	  41.55	   4.36	  -0.97
	  0.773	  0.626	 -0.101
	 -0.569	  0.755	  0.325
	  0.280	 -0.194	  0.940

5 	  43.26	   6.42	   6.56
	  0.714	 -0.047	  0.699
	 -0.562	 -0.635	  0.530
	  0.419	 -0.771	 -0.480

6 	  52.14	   4.38	  12.85
	  0.708	 -0.258	  0.658
	 -0.066	  0.903	  0.424
	 -0.703	 -0.343	  0.622

7 	  42.38	  -7.86	  -0.91
	  0.871	 -0.490	  0.014
	  0.476	  0.840	 -0.260
	  0.116	  0.233	  0.965

8 	  44.74	  -8.63	   7.95
	  0.755	  0.100	  0.647
	  0.487	 -0.746	 -0.454
	  0.437	  0.658	 -0.613

9 	  51.22	  -7.59	  12.41
	  0.748	  0.372	  0.549
	  0.563	  0.080	 -0.822
	 -0.350	  0.925	 -0.149

2 	  37.04	   1.48	  -0.70
	  0.084	 -0.564	 -0.821
	  0.353	  0.787	 -0.505
	  0.931	 -0.248	  0.266

3 	  45.60	  -1.55	   3.16
	  0.462	  0.274	  0.843
	 -0.135	  0.962	 -0.239
	 -0.876	 -0.003	  0.481

4 	  41.55	   4.38	  -0.97
	  0.773	  0.626	 -0.105
	 -0.568	  0.756	  0.325
	  0.282	 -0.192	  0.940

5 	  43.28	   6.43	   6.52
	  0.716	 -0.042	  0.697
	 -0.554	 -0.642	  0.530
	  0.425	 -0.765	 -0.483

6 	  52.19	   4.43	  12.83
	  0.707	 -0.258	  0.658
	 -0.064	  0.904	  0.423
	 -0.704	 -0.341	  0.623

7 	  42.38	  -7.86	  -0.91
	  0.871	 -0.490	  0.012
	  0.476	  0.841	 -0.259
	  0.117	  0.231	  0.966

8 	  44.77	  -8.65	   7.91
	  0.757	  0.099	  0.646
	  0.482	 -0.752	 -0.450
	  0.441	  0.652	 -0.617

9 	  51.22	  -7.61	  12.38
	  0.748	  0.371	  0.550
	  0.564	  0.081	 -0.822
	 -0.350	  0.925	 -0.149

2 	  36.12	   2.90	   4.57
	 -0.356	 -0.918	  0.173
	 -0.185	 -0.113	 -0.976
	  0.916	 -0.379	 -0.130

3 	  45.63	  -1.46	   3.11
	  0.460	  0.274	  0.844
	 -0.129	  0.961	 -0.243
	 -0.878	  0.003	  0.478

4 	  41.66	   4.43	  -0.98
	  0.786	  0.605	 -0.123
	 -0.543	  0.772	  0.330
	  0.295	 -0.193	  0.936

5 	  43.42	   6.54	   6.52
	  0.712	 -0.051	  0.700
	 -0.563	 -0.638	  0.526
	  0.419	 -0.769	 -0.483

6 	  52.28	   4.38	  12.83
	  0.700	 -0.265	  0.663
	 -0.052	  0.907	  0.417
	 -0.713	 -0.327	  0.621

7 	  42.38	  -7.82	  -0.97
	  0.868	 -0.496	  0.007
	  0.481	  0.839	 -0.255
	  0.120	  0.225	  0.967

8 	  44.77	  -8.60	   7.86
	  0.757	  0.093	  0.646
	  0.481	 -0.749	 -0.456
	  0.441	  0.656	 -0.612

9 	  51.24	  -7.65	  12.34
	  0.749	  0.364	  0.554
	  0.565	  0.085	 -0.821
	 -0.346	  0.927	 -0.142

2 	  36.11	   2.32	   4.25
	 -0.104	 -0.971	  0.213
	 -0.049	 -0.209	 -0.977
	  0.993	 -0.113	 -0.026

3 	  45.67	  -1.49	   3.09
	  0.468	  0.273	  0.840
	 -0.127	  0.962	 -0.242
	 -0.875	  0.007	  0.484

4 	  41.66	   4.45	  -1.00
	  0.787	  0.603	 -0.126
	 -0.541	  0.774	  0.329
	  0.296	 -0.191	  0.936

5 	  43.44	   6.54	   6.49
	  0.713	 -0.048	  0.699
	 -0.558	 -0.643	  0.525
	  0.424	 -0.765	 -0.485

6 	  52.28	   4.41	  12.81
	  0.699	 -0.264	  0.664
	 -0.052	  0.908	  0.416
	 -0.713	 -0.325	  0.621

7 	  42.40	  -7.77	  -0.98
	  0.869	 -0.494	  0.006
	  0.479	  0.840	 -0.253
	  0.119	  0.223	  0.967

8 	  44.77	  -8.61	   7.86
	  0.758	  0.092	  0.646
	  0.477	 -0.754	 -0.452
	  0.445	  0.651	 -0.615

9 	  51.24	  -7.63	  12.34
	  0.748	  0.364	  0.555
	  0.566	  0.085	 -0.820
	 -0.346	  0.927	 -0.143

2 	  36.25	   1.83	   5.03
	  0.179	 -0.978	  0.109
	 -0.313	 -0.162	 -0.936
	  0.932	  0.133	 -0.335

3 	  45.72	  -1.46	   3.06
	  0.475	  0.273	  0.836
	 -0.126	  0.962	 -0.242
	 -0.871	  0.010	  0.491

4 	  41.70	   4.48	  -1.02
	  0.789	  0.600	 -0.132
	 -0.537	  0.777	  0.327
	  0.299	 -0.188	  0.936

5 	  43.45	   6.61	   6.47
	  0.712	 -0.043	  0.701
	 -0.553	 -0.650	  0.522
	  0.432	 -0.759	 -0.487

6 	  52.29	   4.39	  12.83
	  0.696	 -0.268	  0.666
	 -0.050	  0.908	  0.417
	 -0.716	 -0.323	  0.618

7 	  42.42	  -7.75	  -0.97
	  0.869	 -0.494	  0.005
	  0.479	  0.841	 -0.249
	  0.119	  0.219	  0.968

8 	  44.79	  -8.58	   7.80
	  0.758	  0.091	  0.645
	  0.473	 -0.758	 -0.449
	  0.448	  0.646	 -0.618

9 	  51.28	  -7.61	  12.32
	  0.747	  0.364	  0.556
	  0.567	  0.085	 -0.819
	 -0.346	  0.927	 -0.143

2 	  36.18	   2.50	   5.01
	 -0.109	 -0.987	  0.120
	 -0.316	 -0.080	 -0.946
	  0.943	 -0.141	 -0.302

3 	  45.74	  -1.44	   3.02
	  0.477	  0.272	  0.835
	 -0.126	  0.962	 -0.242
	 -0.870	  0.010	  0.494

4 	  41.70	   4.48	  -1.02
	  0.789	  0.600	 -0.130
	 -0.538	  0.777	  0.326
	  0.297	 -0.188	  0.936

5 	  43.45	   6.63	   6.49
	  0.711	 -0.042	  0.702
	 -0.552	 -0.651	  0.520
	  0.435	 -0.758	 -0.486

6 	  52.31	   4.39	  12.81
	  0.696	 -0.268	  0.665
	 -0.049	  0.907	  0.417
	 -0.716	 -0.323	  0.619

7 	  42.42	  -7.73	  -0.98
	  0.870	 -0.493	  0.004
	  0.479	  0.842	 -0.246
	  0.118	  0.216	  0.969

8 	  44.81	  -8.58	   7.82
	  0.758	  0.091	  0.646
	  0.473	 -0.758	 -0.448
	  0.449	  0.645	 -0.618

9 	  51.28	  -7.65	  12.30
	  0.747	  0.363	  0.557
	  0.568	  0.086	 -0.819
	 -0.345	  0.928	 -0.142

2 	  36.14	   3.22	   4.15
	 -0.491	 -0.871	 -0.023
	  0.065	 -0.010	 -0.998
	  0.868	 -0.491	  0.062

3 	  45.76	  -1.44	   3.04
	  0.475	  0.272	  0.837
	 -0.126	  0.962	 -0.241
	 -0.871	  0.008	  0.491

4 	  41.70	   4.50	  -1.00
	  0.789	  0.602	 -0.125
	 -0.540	  0.775	  0.328
	  0.294	 -0.191	  0.936

5 	  43.44	   6.64	   6.50
	  0.711	 -0.044	  0.702
	 -0.554	 -0.650	  0.520
	  0.433	 -0.759	 -0.487

6 	  52.31	   4.41	  12.80
	  0.698	 -0.268	  0.664
	 -0.049	  0.907	  0.417
	 -0.714	 -0.324	  0.620

7 	  42.42	  -7.72	  -0.98
	  0.870	 -0.492	  0.004
	  0.478	  0.843	 -0.245
	  0.117	  0.215	  0.969

8 	  44.79	  -8.56	   7.82
	  0.757	  0.091	  0.646
	  0.475	 -0.756	 -0.451
	  0.447	  0.648	 -0.616

9 	  51.29	  -7.65	  12.29
	  0.747	  0.362	  0.557
	  0.567	  0.088	 -0.819
	 -0.346	  0.928	 -0.140

2 	  49.17	   7.21	   9.56
	  0.637	 -0.135	  0.759
	 -0.697	  0.320	  0.642
	 -0.329	 -0.938	  0.110

3 	  45.51	  -1.72	   3.15
	  0.482	  0.266	  0.835
	 -0.085	  0.962	 -0.258
	 -0.872	  0.053	  0.486

4 	  41.71	   4.24	  -1.21
	  0.821	  0.538	 -0.191
	 -0.453	  0.818	  0.355
	  0.347	 -0.206	  0.915

5 	  43.68	   6.64	   6.08
	  0.738	  0.008	  0.674
	 -0.572	 -0.523	  0.632
	  0.358	 -0.852	 -0.382

6 	  52.42	   4.75	  12.62
	  0.670	 -0.256	  0.697
	  0.076	  0.957	  0.278
	 -0.739	 -0.134	  0.660

7 	  41.98	  -7.95	  -0.83
	  0.855	 -0.519	  0.003
	  0.502	  0.825	 -0.259
	  0.132	  0.222	  0.966

8 	  44.46	  -8.70	   7.96
	  0.766	  0.083	  0.637
	  0.447	 -0.781	 -0.436
	  0.461	  0.619	 -0.636

9 	  50.96	  -7.88	  12.36
	  0.764	  0.353	  0.540
	  0.561	  0.050	 -0.826
	 -0.319	  0.934	 -0.160

2 	  49.69	   6.84	   9.77
	  0.396	 -0.292	  0.870
	 -0.702	  0.515	  0.492
	 -0.592	 -0.806	 -0.002

3 	  45.56	  -1.76	   3.06
	  0.488	  0.268	  0.830
	 -0.083	  0.961	 -0.262
	 -0.869	  0.059	  0.491

4 	  41.73	   4.20	  -1.25
	  0.824	  0.532	 -0.193
	 -0.448	  0.822	  0.351
	  0.345	 -0.203	  0.916

5 	  43.75	   6.63	   6.05
	  0.735	  0.009	  0.678
	 -0.576	 -0.520	  0.631
	  0.358	 -0.854	 -0.377

6 	  52.44	   4.66	  12.60
	  0.664	 -0.255	  0.703
	  0.082	  0.959	  0.271
	 -0.743	 -0.122	  0.658

7 	  41.98	  -8.00	  -0.84
	  0.854	 -0.521	  0.002
	  0.503	  0.824	 -0.259
	  0.133	  0.222	  0.966

8 	  44.46	  -8.72	   7.95
	  0.766	  0.085	  0.636
	  0.445	 -0.784	 -0.432
	  0.462	  0.615	 -0.639

9 	  50.98	  -7.84	  12.36
	  0.762	  0.356	  0.540
	  0.562	  0.048	 -0.826
	 -0.320	  0.933	 -0.163

2 	  49.85	   6.57	   9.26
	  0.483	 -0.154	  0.862
	 -0.514	  0.747	  0.421
	 -0.709	 -0.646	  0.282

3 	  45.56	  -1.76	   3.09
	  0.483	  0.271	  0.832
	 -0.083	  0.961	 -0.265
	 -0.871	  0.059	  0.487

4 	  41.75	   4.15	  -1.27
	  0.825	  0.530	 -0.193
	 -0.448	  0.823	  0.348
	  0.343	 -0.201	  0.917

5 	  43.75	   6.61	   6.01
	  0.735	  0.010	  0.678
	 -0.578	 -0.515	  0.633
	  0.356	 -0.857	 -0.373

6 	  52.42	   4.66	  12.62
	  0.662	 -0.250	  0.706
	  0.087	  0.962	  0.259
	 -0.744	 -0.111	  0.658

7 	  41.99	  -8.03	  -0.84
	  0.853	 -0.521	  0.003
	  0.503	  0.824	 -0.260
	  0.132	  0.224	  0.965

8 	  44.47	  -8.74	   7.96
	  0.765	  0.089	  0.637
	  0.451	 -0.780	 -0.433
	  0.459	  0.619	 -0.637

9 	  50.98	  -7.86	  12.39
	  0.762	  0.358	  0.539
	  0.562	  0.049	 -0.826
	 -0.322	  0.932	 -0.164

2 	  49.45	   6.77	   8.75
	  0.722	  0.033	  0.690
	 -0.500	  0.715	  0.488
	 -0.478	 -0.698	  0.533

3 	  45.53	  -1.78	   3.13
	  0.478	  0.272	  0.835
	 -0.083	  0.960	 -0.266
	 -0.875	  0.057	  0.481

4 	  41.71	   4.15	  -1.27
	  0.824	  0.534	 -0.190
	 -0.453	  0.822	  0.346
	  0.340	 -0.199	  0.919

5 	  43.73	   6.61	   6.03
	  0.734	  0.011	  0.679
	 -0.580	 -0.511	  0.634
	  0.354	 -0.860	 -0.369

6 	  52.42	   4.66	  12.60
	  0.663	 -0.248	  0.705
	  0.087	  0.962	  0.256
	 -0.743	 -0.109	  0.660

7 	  41.98	  -8.05	  -0.83
	  0.854	 -0.519	  0.005
	  0.502	  0.824	 -0.260
	  0.131	  0.225	  0.965

8 	  44.47	  -8.75	   7.98
	  0.765	  0.091	  0.637
	  0.457	 -0.774	 -0.438
	  0.453	  0.626	 -0.634

9 	  51.01	  -7.79	  12.39
	  0.761	  0.360	  0.538
	  0.560	  0.052	 -0.827
	 -0.326	  0.931	 -0.162

2 	  49.15	   7.17	   9.28
	  0.667	 -0.026	  0.744
	 -0.697	  0.331	  0.636
	 -0.263	 -0.943	  0.203

3 	  45.49	  -1.79	   3.16
	  0.470	  0.274	  0.839
	 -0.085	  0.960	 -0.267
	 -0.878	  0.054	  0.475

4 	  41.71	   4.13	  -1.25
	  0.823	  0.536	 -0.187
	 -0.456	  0.820	  0.346
	  0.338	 -0.200	  0.919

5 	  43.70	   6.59	   6.05
	  0.733	  0.006	  0.680
	 -0.585	 -0.504	  0.635
	  0.346	 -0.864	 -0.366

6 	  52.40	   4.62	  12.64
	  0.665	 -0.248	  0.704
	  0.085	  0.962	  0.258
	 -0.742	 -0.112	  0.661

7 	  41.98	  -8.09	  -0.81
	  0.855	 -0.518	  0.007
	  0.502	  0.824	 -0.262
	  0.130	  0.227	  0.965

8 	  44.47	  -8.77	   8.02
	  0.765	  0.094	  0.637
	  0.461	 -0.771	 -0.440
	  0.450	  0.630	 -0.633

9 	  50.99	  -7.80	  12.43
	  0.762	  0.361	  0.537
	  0.559	  0.052	 -0.828
	 -0.328	  0.931	 -0.162

2 	  46.09	   3.74	  11.34
	  0.483	 -0.740	  0.468
	 -0.180	 -0.607	 -0.774
	  0.857	  0.289	 -0.427

3 	  45.46	  -2.11	   2.99
	  0.483	  0.276	  0.831
	 -0.067	  0.958	 -0.280
	 -0.873	  0.079	  0.481

4 	  42.24	   3.74	  -1.79
	  0.849	  0.487	 -0.204
	 -0.420	  0.856	  0.300
	  0.321	 -0.169	  0.932

5 	  44.14	   6.43	   5.45
	  0.712	  0.028	  0.701
	 -0.616	 -0.453	  0.644
	  0.335	 -0.891	 -0.305

6 	  52.58	   4.61	  12.45
	  0.627	 -0.258	  0.735
	  0.144	  0.966	  0.215
	 -0.766	 -0.029	  0.642

7 	  41.75	  -8.40	  -0.81
	  0.838	 -0.545	  0.009
	  0.526	  0.804	 -0.277
	  0.144	  0.237	  0.961

8 	  44.26	  -9.04	   8.05
	  0.768	  0.088	  0.634
	  0.443	 -0.789	 -0.426
	  0.463	  0.608	 -0.645

9 	  50.82	  -8.10	  12.38
	  0.764	  0.364	  0.532
	  0.557	  0.044	 -0.829
	 -0.326	  0.930	 -0.169

2 	  46.46	   3.25	  11.44
	  0.739	 -0.588	  0.328
	 -0.109	 -0.586	 -0.803
	  0.664	  0.558	 -0.497

3 	  45.46	  -2.09	   2.99
	  0.482	  0.273	  0.832
	 -0.064	  0.958	 -0.277
	 -0.874	  0.080	  0.480

4 	  42.24	   3.81	  -1.76
	  0.849	  0.488	 -0.202
	 -0.420	  0.855	  0.303
	  0.320	 -0.173	  0.931

5 	  44.17	   6.49	   5.50
	  0.714	  0.015	  0.699
	 -0.620	 -0.450	  0.643
	  0.324	 -0.893	 -0.312

6 	  52.61	   4.57	  12.46
	  0.628	 -0.262	  0.733
	  0.148	  0.964	  0.219
	 -0.764	 -0.029	  0.644

7 	  41.77	  -8.31	  -0.79
	  0.838	 -0.545	  0.009
	  0.526	  0.805	 -0.275
	  0.142	  0.235	  0.961

8 	  44.26	  -8.96	   8.00
	  0.768	  0.087	  0.634
	  0.444	 -0.786	 -0.430
	  0.460	  0.612	 -0.643

9 	  50.84	  -8.10	  12.34
	  0.765	  0.360	  0.534
	  0.556	  0.047	 -0.829
	 -0.324	  0.931	 -0.164

2 	  46.99	   3.76	  12.09
	  0.911	 -0.360	  0.199
	 -0.218	 -0.832	 -0.510
	  0.350	  0.421	 -0.837

3 	  45.46	  -2.04	   3.04
	  0.480	  0.273	  0.833
	 -0.063	  0.958	 -0.278
	 -0.875	  0.080	  0.478

4 	  42.26	   3.85	  -1.74
	  0.849	  0.488	 -0.200
	 -0.420	  0.855	  0.304
	  0.319	 -0.174	  0.931

5 	  44.19	   6.49	   5.52
	  0.714	  0.013	  0.700
	 -0.622	 -0.448	  0.643
	  0.322	 -0.894	 -0.311

6 	  52.61	   4.59	  12.48
	  0.627	 -0.263	  0.733
	  0.148	  0.964	  0.218
	 -0.765	 -0.028	  0.644

7 	  41.78	  -8.28	  -0.79
	  0.838	 -0.545	  0.011
	  0.526	  0.805	 -0.272
	  0.139	  0.234	  0.962

8 	  44.30	  -8.95	   8.02
	  0.767	  0.087	  0.636
	  0.447	 -0.783	 -0.433
	  0.460	  0.616	 -0.639

9 	  50.84	  -8.07	  12.36
	  0.764	  0.360	  0.535
	  0.557	  0.049	 -0.829
	 -0.325	  0.931	 -0.163

2 	  46.65	   4.17	  12.02
	  0.807	 -0.470	  0.357
	 -0.333	 -0.862	 -0.382
	  0.488	  0.189	 -0.852

3 	  45.46	  -2.04	   3.06
	  0.479	  0.273	  0.834
	 -0.064	  0.958	 -0.277
	 -0.875	  0.080	  0.477

4 	  42.28	   3.87	  -1.71
	  0.850	  0.488	 -0.198
	 -0.421	  0.855	  0.303
	  0.317	 -0.175	  0.932

5 	  44.21	   6.50	   5.54
	  0.714	  0.014	  0.700
	 -0.622	 -0.447	  0.643
	  0.322	 -0.894	 -0.311

6 	  52.65	   4.55	  12.50
	  0.627	 -0.265	  0.732
	  0.152	  0.964	  0.218
	 -0.764	 -0.026	  0.645

7 	  41.80	  -8.26	  -0.79
	  0.839	 -0.544	  0.012
	  0.527	  0.806	 -0.271
	  0.137	  0.234	  0.962

8 	  44.31	  -8.93	   8.00
	  0.767	  0.087	  0.636
	  0.449	 -0.781	 -0.434
	  0.458	  0.618	 -0.638

9 	  50.84	  -8.05	  12.34
	  0.764	  0.360	  0.536
	  0.557	  0.051	 -0.829
	 -0.326	  0.931	 -0.162

2 	  46.11	   4.04	  11.37
	  0.407	 -0.689	  0.600
	 -0.057	 -0.674	 -0.736
	  0.911	  0.266	 -0.313

3 	  45.46	  -2.00	   3.06
	  0.478	  0.272	  0.835
	 -0.065	  0.959	 -0.276
	 -0.876	  0.077	  0.476

4 	  42.29	   3.88	  -1.69
	  0.849	  0.489	 -0.197
	 -0.421	  0.854	  0.305
	  0.317	 -0.176	  0.932

5 	  44.21	   6.54	   5.54
	  0.715	  0.014	  0.699
	 -0.621	 -0.448	  0.643
	  0.322	 -0.894	 -0.311

6 	  52.66	   4.57	  12.50
	  0.627	 -0.267	  0.731
	  0.154	  0.963	  0.219
	 -0.763	 -0.025	  0.645

7 	  41.82	  -8.23	  -0.81
	  0.839	 -0.543	  0.012
	  0.526	  0.807	 -0.269
	  0.136	  0.232	  0.963

8 	  44.28	  -8.93	   7.98
	  0.766	  0.085	  0.636
	  0.449	 -0.780	 -0.436
	  0.458	  0.620	 -0.636

9 	  50.84	  -8.02	  12.36
	  0.763	  0.359	  0.537
	  0.558	  0.053	 -0.828
	 -0.327	  0.931	 -0.160

2 	  53.53	   2.46	  15.08
	 -0.202	 -0.458	  0.865
	  0.969	  0.035	  0.244
	 -0.142	  0.888	  0.437

3 	  45.53	  -1.49	   3.25
	  0.451	  0.259	  0.854
	 -0.097	  0.965	 -0.242
	 -0.887	  0.026	  0.460

4 	  42.10	   4.50	  -1.18
	  0.812	  0.566	 -0.140
	 -0.501	  0.800	  0.330
	  0.299	 -0.199	  0.933

5 	  43.49	   6.89	   6.29
	  0.693	  0.056	  0.718
	 -0.563	 -0.579	  0.589
	  0.448	 -0.813	 -0.370

6 	  52.10	   5.31	  12.97
	  0.691	 -0.322	  0.647
	  0.063	  0.919	  0.389
	 -0.720	 -0.228	  0.655

7 	  42.24	  -7.72	  -1.00
	  0.862	 -0.506	  0.009
	  0.495	  0.840	 -0.223
	  0.105	  0.196	  0.975

8 	  44.56	  -8.67	   7.82
	  0.757	  0.078	  0.648
	  0.470	 -0.754	 -0.459
	  0.453	  0.652	 -0.608

9 	  51.03	  -7.79	  12.34
	  0.752	  0.352	  0.557
	  0.566	  0.089	 -0.820
	 -0.338	  0.932	 -0.132

2 	  53.65	   2.37	  15.59
	 -0.223	 -0.217	  0.950
	  0.958	  0.128	  0.254
	 -0.177	  0.968	  0.179

3 	  45.63	  -1.65	   3.20
	  0.458	  0.265	  0.848
	 -0.078	  0.963	 -0.258
	 -0.885	  0.052	  0.462

4 	  42.19	   4.29	  -1.28
	  0.821	  0.552	 -0.146
	 -0.491	  0.813	  0.313
	  0.291	 -0.185	  0.938

5 	  43.56	   6.80	   6.21
	  0.693	  0.058	  0.718
	 -0.564	 -0.577	  0.591
	  0.448	 -0.815	 -0.367

6 	  52.17	   5.22	  12.94
	  0.684	 -0.315	  0.658
	  0.065	  0.925	  0.375
	 -0.726	 -0.214	  0.653

7 	  42.19	  -7.93	  -0.95
	  0.857	 -0.515	  0.011
	  0.503	  0.833	 -0.230
	  0.109	  0.203	  0.973

8 	  44.56	  -8.74	   7.89
	  0.757	  0.079	  0.648
	  0.461	 -0.767	 -0.445
	  0.462	  0.636	 -0.618

9 	  51.01	  -7.88	  12.41
	  0.755	  0.353	  0.552
	  0.567	  0.071	 -0.820
	 -0.329	  0.932	 -0.147

2 	  53.02	   2.25	  15.38
	 -0.194	 -0.194	  0.961
	  0.961	 -0.235	  0.146
	  0.198	  0.952	  0.232

3 	  45.63	  -1.72	   3.18
	  0.460	  0.267	  0.847
	 -0.073	  0.962	 -0.264
	 -0.885	  0.060	  0.462

4 	  42.19	   4.22	  -1.30
	  0.824	  0.547	 -0.149
	 -0.487	  0.817	  0.308
	  0.290	 -0.181	  0.940

5 	  43.56	   6.77	   6.13
	  0.693	  0.063	  0.718
	 -0.565	 -0.572	  0.595
	  0.448	 -0.818	 -0.360

6 	  52.15	   5.20	  12.90
	  0.681	 -0.309	  0.664
	  0.064	  0.928	  0.366
	 -0.730	 -0.207	  0.652

7 	  42.15	  -8.00	  -0.90
	  0.854	 -0.519	  0.013
	  0.507	  0.829	 -0.236
	  0.111	  0.208	  0.971

8 	  44.53	  -8.79	   7.95
	  0.758	  0.081	  0.647
	  0.458	 -0.772	 -0.440
	  0.464	  0.630	 -0.623

9 	  51.01	  -7.91	  12.43
	  0.757	  0.354	  0.549
	  0.566	  0.063	 -0.822
	 -0.326	  0.933	 -0.153

2 	  53.46	   2.62	  14.57
	 -0.212	 -0.693	  0.689
	  0.966	 -0.040	  0.256
	 -0.150	  0.720	  0.677

3 	  45.60	  -1.72	   3.22
	  0.454	  0.268	  0.849
	 -0.073	  0.961	 -0.265
	 -0.888	  0.058	  0.456

4 	  42.17	   4.20	  -1.30
	  0.824	  0.547	 -0.146
	 -0.488	  0.817	  0.308
	  0.288	 -0.183	  0.940

5 	  43.54	   6.77	   6.13
	  0.692	  0.063	  0.719
	 -0.568	 -0.567	  0.597
	  0.445	 -0.821	 -0.357

6 	  52.14	   5.20	  12.92
	  0.681	 -0.309	  0.663
	  0.066	  0.929	  0.365
	 -0.729	 -0.205	  0.653

7 	  42.13	  -8.00	  -0.88
	  0.855	 -0.518	  0.015
	  0.506	  0.829	 -0.237
	  0.110	  0.210	  0.971

8 	  44.49	  -8.79	   7.98
	  0.759	  0.083	  0.646
	  0.460	 -0.770	 -0.442
	  0.460	  0.633	 -0.623

9 	  50.98	  -7.91	  12.45
	  0.757	  0.354	  0.548
	  0.565	  0.063	 -0.822
	 -0.326	  0.933	 -0.153

2 	  54.02	   2.78	  14.77
	 -0.271	 -0.754	  0.598
	  0.786	  0.185	  0.590
	 -0.556	  0.630	  0.542

3 	  45.53	  -1.74	   3.23
	  0.451	  0.269	  0.851
	 -0.074	  0.961	 -0.265
	 -0.889	  0.056	  0.453

4 	  42.13	   4.22	  -1.27
	  0.823	  0.549	 -0.144
	 -0.490	  0.815	  0.308
	  0.286	 -0.184	  0.940

5 	  43.54	   6.71	   6.17
	  0.692	  0.061	  0.719
	 -0.570	 -0.564	  0.597
	  0.442	 -0.823	 -0.355

6 	  52.10	   5.20	  12.96
	  0.682	 -0.308	  0.663
	  0.065	  0.929	  0.364
	 -0.728	 -0.205	  0.654

7 	  42.10	  -8.02	  -0.84
	  0.855	 -0.519	  0.017
	  0.507	  0.828	 -0.238
	  0.109	  0.212	  0.971

8 	  44.49	  -8.79	   8.02
	  0.758	  0.084	  0.646
	  0.462	 -0.769	 -0.443
	  0.459	  0.634	 -0.622

9 	  50.98	  -7.89	  12.43
	  0.759	  0.355	  0.546
	  0.563	  0.062	 -0.824
	 -0.327	  0.932	 -0.153

2 	  53.03	   7.29	  15.98
	 -0.958	  0.006	  0.285
	 -0.282	 -0.166	 -0.945
	  0.041	 -0.986	  0.161

3 	  45.39	  -1.78	   3.30
	  0.448	  0.275	  0.850
	 -0.085	  0.960	 -0.266
	 -0.890	  0.046	  0.454

4 	  42.06	   4.13	  -1.25
	  0.824	  0.547	 -0.144
	 -0.487	  0.816	  0.311
	  0.288	 -0.186	  0.939

5 	  43.52	   6.68	   6.17
	  0.696	  0.052	  0.716
	 -0.580	 -0.547	  0.603
	  0.423	 -0.835	 -0.351

6 	  52.12	   5.08	  12.94
	  0.680	 -0.305	  0.666
	  0.099	  0.939	  0.329
	 -0.726	 -0.158	  0.669

7 	  42.01	  -8.09	  -0.77
	  0.854	 -0.518	  0.022
	  0.507	  0.826	 -0.245
	  0.109	  0.221	  0.969

8 	  44.44	  -8.82	   8.09
	  0.761	  0.087	  0.642
	  0.462	 -0.767	 -0.444
	  0.454	  0.635	 -0.625

9 	  50.94	  -7.89	  12.48
	  0.762	  0.357	  0.540
	  0.558	  0.058	 -0.827
	 -0.327	  0.932	 -0.155

2 	  53.24	   7.05	  15.47
	 -0.967	  0.187	  0.172
	 -0.232	 -0.379	 -0.896
	 -0.103	 -0.906	  0.410

3 	  45.39	  -1.78	   3.36
	  0.444	  0.276	  0.852
	 -0.084	  0.960	 -0.267
	 -0.892	  0.047	  0.449

4 	  42.08	   4.11	  -1.23
	  0.826	  0.544	 -0.143
	 -0.486	  0.818	  0.309
	  0.285	 -0.186	  0.940

5 	  43.52	   6.68	   6.19
	  0.693	  0.049	  0.719
	 -0.586	 -0.543	  0.601
	  0.420	 -0.838	 -0.348

6 	  52.12	   5.04	  12.94
	  0.681	 -0.308	  0.664
	  0.103	  0.938	  0.329
	 -0.724	 -0.156	  0.671

7 	  42.03	  -8.10	  -0.74
	  0.854	 -0.520	  0.026
	  0.509	  0.825	 -0.244
	  0.104	  0.221	  0.969

8 	  44.40	  -8.82	   8.10
	  0.761	  0.086	  0.643
	  0.462	 -0.767	 -0.444
	  0.455	  0.635	 -0.624

9 	  50.91	  -7.89	  12.50
	  0.764	  0.357	  0.538
	  0.558	  0.055	 -0.828
	 -0.325	  0.932	 -0.157

2 	  52.96	   6.86	  15.56
	 -0.976	  0.050	  0.211
	 -0.207	 -0.513	 -0.833
	  0.067	 -0.857	  0.511

3 	  45.35	  -1.85	   3.43
	  0.439	  0.275	  0.855
	 -0.080	  0.960	 -0.269
	 -0.895	  0.050	  0.443

4 	  42.08	   4.08	  -1.23
	  0.829	  0.541	 -0.141
	 -0.483	  0.819	  0.308
	  0.282	 -0.188	  0.940

5 	  43.54	   6.66	   6.21
	  0.694	  0.043	  0.719
	 -0.591	 -0.536	  0.603
	  0.411	 -0.843	 -0.347

6 	  52.14	   4.97	  12.94
	  0.680	 -0.310	  0.664
	  0.107	  0.938	  0.328
	 -0.725	 -0.153	  0.671

7 	  41.99	  -8.14	  -0.69
	  0.852	 -0.523	  0.030
	  0.514	  0.822	 -0.245
	  0.103	  0.224	  0.969

8 	  44.37	  -8.84	   8.16
	  0.761	  0.086	  0.642
	  0.459	 -0.770	 -0.442
	  0.457	  0.632	 -0.626

9 	  50.87	  -7.89	  12.55
	  0.766	  0.355	  0.535
	  0.557	  0.048	 -0.829
	 -0.321	  0.933	 -0.161

2 	  52.86	   6.91	  15.40
	 -0.967	 -0.018	  0.253
	 -0.206	 -0.525	 -0.826
	  0.148	 -0.851	  0.504

3 	  45.32	  -1.86	   3.45
	  0.438	  0.277	  0.855
	 -0.080	  0.959	 -0.270
	 -0.895	  0.050	  0.443

4 	  42.08	   4.08	  -1.21
	  0.829	  0.541	 -0.141
	 -0.482	  0.820	  0.308
	  0.282	 -0.188	  0.941

5 	  43.54	   6.63	   6.19
	  0.695	  0.043	  0.718
	 -0.591	 -0.534	  0.604
	  0.409	 -0.844	 -0.346

6 	  52.12	   4.92	  12.94
	  0.680	 -0.311	  0.664
	  0.107	  0.938	  0.329
	 -0.726	 -0.152	  0.671

7 	  41.96	  -8.17	  -0.67
	  0.851	 -0.524	  0.031
	  0.514	  0.821	 -0.248
	  0.104	  0.227	  0.968

8 	  44.37	  -8.84	   8.17
	  0.762	  0.086	  0.641
	  0.459	 -0.771	 -0.442
	  0.456	  0.631	 -0.628

9 	  50.85	  -7.96	  12.53
	  0.767	  0.354	  0.534
	  0.556	  0.046	 -0.830
	 -0.319	  0.934	 -0.161

2 	  52.96	   7.22	  16.03
	 -0.996	 -0.029	  0.081
	 -0.077	 -0.142	 -0.987
	  0.040	 -0.989	  0.139

3 	  45.32	  -1.83	   3.45
	  0.440	  0.278	  0.854
	 -0.082	  0.959	 -0.270
	 -0.894	  0.048	  0.445

4 	  42.06	   4.06	  -1.21
	  0.829	  0.541	 -0.141
	 -0.483	  0.819	  0.308
	  0.282	 -0.188	  0.941

5 	  43.51	   6.66	   6.19
	  0.695	  0.045	  0.718
	 -0.589	 -0.536	  0.604
	  0.412	 -0.843	 -0.346

6 	  52.12	   4.96	  12.94
	  0.680	 -0.310	  0.665
	  0.107	  0.938	  0.327
	 -0.725	 -0.152	  0.671

7 	  41.96	  -8.17	  -0.69
	  0.852	 -0.523	  0.029
	  0.513	  0.822	 -0.249
	  0.106	  0.227	  0.968

8 	  44.37	  -8.84	   8.16
	  0.763	  0.088	  0.640
	  0.458	 -0.772	 -0.441
	  0.455	  0.630	 -0.629

9 	  50.91	  -7.93	  12.52
	  0.767	  0.356	  0.534
	  0.556	  0.048	 -0.830
	 -0.322	  0.933	 -0.161

2 	  45.11	  -2.62	   0.81
	 -0.115	  0.753	 -0.647
	 -0.267	 -0.651	 -0.710
	 -0.957	  0.091	  0.276

3 	  45.26	  -1.48	   3.25
	  0.461	  0.236	  0.855
	 -0.066	  0.970	 -0.233
	 -0.885	  0.051	  0.463

4 	  41.70	   4.66	  -0.97
	  0.810	  0.569	 -0.141
	 -0.502	  0.797	  0.334
	  0.302	 -0.201	  0.932

5 	  43.54	   6.80	   6.56
	  0.729	 -0.052	  0.683
	 -0.573	 -0.592	  0.566
	  0.375	 -0.804	 -0.461

6 	  52.40	   4.62	  12.80
	  0.710	 -0.303	  0.635
	 -0.036	  0.885	  0.463
	 -0.703	 -0.352	  0.618

7 	  41.78	  -7.59	  -0.88
	  0.847	 -0.531	  0.011
	  0.519	  0.824	 -0.228
	  0.111	  0.199	  0.973

8 	  44.03	  -8.65	   7.98
	  0.765	  0.025	  0.643
	  0.402	 -0.798	 -0.448
	  0.502	  0.601	 -0.621

9 	  50.55	  -8.21	  12.48
	  0.789	  0.298	  0.537
	  0.561	  0.004	 -0.827
	 -0.249	  0.954	 -0.164

2 	  44.98	  -2.20	   0.76
	 -0.366	  0.748	 -0.553
	 -0.275	 -0.655	 -0.704
	 -0.889	 -0.106	  0.445

3 	  45.26	  -1.39	   3.29
	  0.460	  0.238	  0.855
	 -0.072	  0.970	 -0.232
	 -0.885	  0.045	  0.464

4 	  41.66	   4.73	  -0.95
	  0.808	  0.572	 -0.137
	 -0.505	  0.794	  0.338
	  0.302	 -0.204	  0.931

5 	  43.51	   6.82	   6.61
	  0.728	 -0.057	  0.682
	 -0.575	 -0.593	  0.564
	  0.372	 -0.803	 -0.465

6 	  52.33	   4.64	  12.83
	  0.712	 -0.304	  0.633
	 -0.040	  0.883	  0.468
	 -0.701	 -0.359	  0.616

7 	  41.78	  -7.52	  -0.90
	  0.850	 -0.527	  0.009
	  0.515	  0.827	 -0.224
	  0.110	  0.195	  0.974

8 	  44.07	  -8.61	   7.93
	  0.766	  0.025	  0.642
	  0.406	 -0.793	 -0.454
	  0.498	  0.608	 -0.618

9 	  50.54	  -8.19	  12.45
	  0.788	  0.295	  0.541
	  0.563	  0.012	 -0.826
	 -0.250	  0.955	 -0.157

2 	  44.98	  -1.92	   0.74
	 -0.474	  0.600	 -0.644
	 -0.022	 -0.740	 -0.673
	 -0.880	 -0.305	  0.364

3 	  45.26	  -1.30	   3.27
	  0.469	  0.238	  0.850
	 -0.081	  0.970	 -0.228
	 -0.880	  0.038	  0.474

4 	  41.62	   4.82	  -0.90
	  0.803	  0.580	 -0.132
	 -0.512	  0.787	  0.344
	  0.304	 -0.209	  0.929

5 	  43.49	   6.82	   6.63
	  0.729	 -0.061	  0.682
	 -0.574	 -0.596	  0.561
	  0.372	 -0.800	 -0.470

6 	  52.33	   4.61	  12.81
	  0.715	 -0.305	  0.629
	 -0.047	  0.877	  0.477
	 -0.698	 -0.371	  0.613

7 	  41.85	  -7.44	  -0.95
	  0.854	 -0.520	  0.005
	  0.508	  0.833	 -0.220
	  0.110	  0.190	  0.975

8 	  44.10	  -8.56	   7.89
	  0.765	  0.027	  0.643
	  0.411	 -0.789	 -0.457
	  0.495	  0.614	 -0.615

9 	  50.59	  -8.16	  12.41
	  0.786	  0.295	  0.543
	  0.563	  0.019	 -0.826
	 -0.254	  0.955	 -0.151

2 	  45.25	  -2.27	   0.93
	 -0.161	  0.615	 -0.772
	 -0.082	 -0.788	 -0.610
	 -0.984	 -0.035	  0.177

3 	  45.26	  -1.32	   3.27
	  0.467	  0.240	  0.851
	 -0.080	  0.970	 -0.230
	 -0.880	  0.039	  0.472

4 	  41.61	   4.82	  -0.90
	  0.802	  0.583	 -0.131
	 -0.514	  0.785	  0.345
	  0.304	 -0.210	  0.929

5 	  43.47	   6.82	   6.64
	  0.729	 -0.060	  0.681
	 -0.572	 -0.600	  0.559
	  0.375	 -0.797	 -0.472

6 	  52.29	   4.64	  12.83
	  0.717	 -0.302	  0.628
	 -0.053	  0.875	  0.481
	 -0.695	 -0.378	  0.611

7 	  41.85	  -7.45	  -0.95
	  0.854	 -0.519	  0.005
	  0.507	  0.833	 -0.220
	  0.109	  0.191	  0.975

8 	  44.09	  -8.54	   7.91
	  0.763	  0.027	  0.646
	  0.412	 -0.789	 -0.455
	  0.497	  0.614	 -0.613

9 	  50.61	  -8.14	  12.41
	  0.786	  0.296	  0.543
	  0.563	  0.018	 -0.826
	 -0.254	  0.955	 -0.152

2 	  45.14	  -2.48	   0.88
	 -0.145	  0.665	 -0.732
	 -0.368	 -0.723	 -0.584
	 -0.918	  0.185	  0.350

3 	  45.25	  -1.30	   3.25
	  0.464	  0.240	  0.853
	 -0.084	  0.970	 -0.227
	 -0.882	  0.033	  0.470

4 	  41.59	   4.83	  -0.88
	  0.800	  0.585	 -0.130
	 -0.516	  0.783	  0.347
	  0.305	 -0.211	  0.928

5 	  43.44	   6.84	   6.68
	  0.729	 -0.060	  0.681
	 -0.571	 -0.602	  0.558
	  0.377	 -0.796	 -0.474

6 	  52.29	   4.68	  12.87
	  0.718	 -0.300	  0.628
	 -0.057	  0.874	  0.483
	 -0.694	 -0.382	  0.610

7 	  41.85	  -7.42	  -0.95
	  0.855	 -0.517	  0.005
	  0.505	  0.834	 -0.220
	  0.109	  0.190	  0.975

8 	  44.10	  -8.54	   7.91
	  0.763	  0.026	  0.645
	  0.413	 -0.788	 -0.457
	  0.496	  0.615	 -0.612

9 	  50.59	  -8.12	  12.41
	  0.785	  0.295	  0.544
	  0.564	  0.021	 -0.825
	 -0.256	  0.955	 -0.150

2 	  44.42	  -4.54	   0.53
	 -0.349	  0.855	 -0.383
	 -0.002	 -0.409	 -0.912
	 -0.937	 -0.317	  0.144

3 	  45.21	  -1.07	   3.23
	  0.454	  0.232	  0.860
	 -0.118	  0.972	 -0.201
	 -0.883	 -0.011	  0.469

4 	  41.43	   5.03	  -0.76
	  0.783	  0.611	 -0.118
	 -0.537	  0.759	  0.368
	  0.314	 -0.225	  0.922

5 	  43.28	   6.86	   6.80
	  0.733	 -0.061	  0.677
	 -0.556	 -0.626	  0.546
	  0.391	 -0.777	 -0.493

6 	  52.22	   4.80	  12.85
	  0.729	 -0.293	  0.618
	 -0.077	  0.863	  0.499
	 -0.680	 -0.411	  0.607

7 	  42.01	  -7.19	  -1.12
	  0.883	 -0.468	 -0.025
	  0.456	  0.871	 -0.181
	  0.106	  0.149	  0.983

8 	  44.21	  -8.46	   7.75
	  0.759	  0.019	  0.651
	  0.422	 -0.774	 -0.471
	  0.495	  0.632	 -0.596

9 	  50.64	  -8.09	  12.27
	  0.780	  0.292	  0.553
	  0.567	  0.041	 -0.822
	 -0.264	  0.955	 -0.134

2 	  44.37	  -4.43	   0.53
	 -0.471	  0.796	 -0.379
	 -0.083	 -0.468	 -0.880
	 -0.878	 -0.383	  0.287

3 	  45.26	  -1.07	   3.22
	  0.460	  0.233	  0.857
	 -0.115	  0.972	 -0.203
	 -0.880	 -0.005	  0.474

4 	  41.43	   5.01	  -0.79
	  0.783	  0.609	 -0.122
	 -0.535	  0.760	  0.368
	  0.317	 -0.224	  0.922

5 	  43.28	   6.87	   6.80
	  0.734	 -0.060	  0.677
	 -0.554	 -0.629	  0.545
	  0.393	 -0.775	 -0.495

6 	  52.22	   4.83	  12.88
	  0.728	 -0.293	  0.620
	 -0.077	  0.864	  0.498
	 -0.681	 -0.411	  0.606

7 	  42.03	  -7.17	  -1.14
	  0.883	 -0.468	 -0.026
	  0.456	  0.871	 -0.182
	  0.108	  0.148	  0.983

8 	  44.23	  -8.44	   7.77
	  0.760	  0.020	  0.650
	  0.422	 -0.776	 -0.469
	  0.494	  0.630	 -0.598

9 	  50.68	  -8.07	  12.27
	  0.779	  0.293	  0.555
	  0.569	  0.043	 -0.821
	 -0.265	  0.955	 -0.133

2 	  44.17	  -4.17	   0.33
	 -0.669	  0.649	 -0.361
	  0.059	 -0.438	 -0.897
	 -0.741	 -0.622	  0.254

3 	  45.30	  -1.04	   3.18
	  0.464	  0.234	  0.854
	 -0.114	  0.972	 -0.205
	 -0.878	 -0.002	  0.478

4 	  41.45	   5.04	  -0.79
	  0.782	  0.610	 -0.123
	 -0.535	  0.760	  0.368
	  0.318	 -0.223	  0.921

5 	  43.28	   6.91	   6.79
	  0.734	 -0.055	  0.677
	 -0.549	 -0.636	  0.543
	  0.401	 -0.770	 -0.496

6 	  52.22	   4.85	  12.88
	  0.727	 -0.294	  0.621
	 -0.078	  0.863	  0.499
	 -0.682	 -0.411	  0.604

7 	  42.08	  -7.12	  -1.14
	  0.884	 -0.466	 -0.028
	  0.454	  0.872	 -0.179
	  0.107	  0.146	  0.983

8 	  44.26	  -8.40	   7.73
	  0.760	  0.019	  0.650
	  0.419	 -0.778	 -0.467
	  0.497	  0.627	 -0.599

9 	  50.71	  -8.09	  12.23
	  0.777	  0.292	  0.557
	  0.570	  0.045	 -0.820
	 -0.265	  0.955	 -0.132

2 	  44.60	  -4.43	   0.42
	 -0.374	  0.779	 -0.503
	  0.060	 -0.521	 -0.851
	 -0.925	 -0.349	  0.148

3 	  45.35	  -1.02	   3.16
	  0.465	  0.234	  0.854
	 -0.116	  0.972	 -0.204
	 -0.878	 -0.005	  0.479

4 	  41.45	   5.06	  -0.77
	  0.780	  0.613	 -0.121
	 -0.538	  0.757	  0.369
	  0.318	 -0.223	  0.921

5 	  43.28	   6.94	   6.80
	  0.733	 -0.052	  0.678
	 -0.546	 -0.640	  0.541
	  0.405	 -0.767	 -0.497

6 	  52.21	   4.90	  12.87
	  0.729	 -0.292	  0.619
	 -0.080	  0.862	  0.501
	 -0.680	 -0.415	  0.604

7 	  42.13	  -7.08	  -1.18
	  0.886	 -0.463	 -0.028
	  0.451	  0.875	 -0.177
	  0.107	  0.144	  0.984

8 	  44.31	  -8.42	   7.68
	  0.758	  0.020	  0.651
	  0.421	 -0.778	 -0.467
	  0.497	  0.628	 -0.598

9 	  50.75	  -8.05	  12.25
	  0.775	  0.293	  0.559
	  0.572	  0.047	 -0.819
	 -0.267	  0.955	 -0.131

2 	  44.56	  -4.62	   0.26
	 -0.313	  0.845	 -0.432
	 -0.214	 -0.507	 -0.835
	 -0.925	 -0.169	  0.340

3 	  45.33	  -1.00	   3.15
	  0.461	  0.235	  0.855
	 -0.123	  0.972	 -0.201
	 -0.879	 -0.013	  0.477

4 	  41.45	   5.12	  -0.77
	  0.778	  0.617	 -0.118
	 -0.542	  0.754	  0.371
	  0.318	 -0.225	  0.921

5 	  43.26	   6.94	   6.82
	  0.733	 -0.054	  0.678
	 -0.547	 -0.639	  0.541
	  0.404	 -0.768	 -0.497

6 	  52.21	   4.89	  12.90
	  0.729	 -0.292	  0.618
	 -0.082	  0.860	  0.503
	 -0.679	 -0.418	  0.603

7 	  42.13	  -7.08	  -1.18
	  0.885	 -0.464	 -0.026
	  0.453	  0.873	 -0.179
	  0.106	  0.147	  0.983

8 	  44.31	  -8.40	   7.68
	  0.758	  0.019	  0.652
	  0.423	 -0.774	 -0.470
	  0.495	  0.633	 -0.595

9 	  50.75	  -8.03	  12.25
	  0.775	  0.293	  0.560
	  0.572	  0.050	 -0.818
	 -0.268	  0.955	 -0.129

2 	  44.40	  -6.01	  -1.51
	 -0.666	  0.262	 -0.698
	  0.057	 -0.916	 -0.398
	 -0.744	 -0.305	  0.595

3 	  45.56	  -1.18	   3.13
	  0.449	  0.260	  0.854
	 -0.130	  0.965	 -0.226
	 -0.884	 -0.009	  0.467

4 	  41.45	   4.82	  -0.86
	  0.756	  0.644	 -0.115
	 -0.572	  0.735	  0.364
	  0.319	 -0.210	  0.924

5 	  43.26	   6.70	   6.71
	  0.723	 -0.061	  0.688
	 -0.553	 -0.648	  0.524
	  0.414	 -0.759	 -0.502

6 	  52.15	   4.22	  12.83
	  0.715	 -0.321	  0.620
	 -0.036	  0.870	  0.491
	 -0.698	 -0.374	  0.611

7 	  42.47	  -7.40	  -1.18
	  0.884	 -0.466	 -0.037
	  0.450	  0.870	 -0.199
	  0.125	  0.159	  0.979

8 	  44.67	  -8.56	   7.73
	  0.750	  0.046	  0.660
	  0.456	 -0.759	 -0.466
	  0.479	  0.650	 -0.590

9 	  51.06	  -7.91	  12.32
	  0.763	  0.320	  0.561
	  0.573	  0.064	 -0.817
	 -0.297	  0.945	 -0.134

2 	  44.07	  -6.03	  -1.71
	 -0.841	  0.173	 -0.513
	 -0.025	 -0.959	 -0.283
	 -0.541	 -0.225	  0.810

3 	  45.49	  -1.18	   3.16
	  0.445	  0.260	  0.857
	 -0.130	  0.965	 -0.225
	 -0.886	 -0.011	  0.463

4 	  41.43	   4.80	  -0.84
	  0.757	  0.644	 -0.114
	 -0.572	  0.736	  0.363
	  0.317	 -0.210	  0.925

5 	  43.24	   6.68	   6.73
	  0.724	 -0.062	  0.687
	 -0.554	 -0.646	  0.525
	  0.411	 -0.761	 -0.502

6 	  52.17	   4.27	  12.81
	  0.718	 -0.318	  0.619
	 -0.038	  0.870	  0.491
	 -0.694	 -0.376	  0.613

7 	  42.47	  -7.35	  -1.20
	  0.888	 -0.458	 -0.037
	  0.442	  0.875	 -0.198
	  0.123	  0.159	  0.979

8 	  44.63	  -8.56	   7.75
	  0.750	  0.047	  0.659
	  0.458	 -0.756	 -0.468
	  0.476	  0.652	 -0.589

9 	  51.06	  -7.91	  12.36
	  0.764	  0.319	  0.561
	  0.573	  0.065	 -0.817
	 -0.298	  0.945	 -0.133

2 	  43.91	  -5.48	  -1.69
	 -0.856	 -0.025	 -0.516
	  0.312	 -0.820	 -0.479
	 -0.411	 -0.571	  0.710

3 	  45.51	  -1.12	   3.20
	  0.442	  0.259	  0.859
	 -0.137	  0.965	 -0.221
	 -0.887	 -0.020	  0.462

4 	  41.43	   4.85	  -0.83
	  0.754	  0.647	 -0.108
	 -0.575	  0.731	  0.368
	  0.317	 -0.215	  0.923

5 	  43.19	   6.70	   6.80
	  0.724	 -0.064	  0.687
	 -0.554	 -0.648	  0.523
	  0.411	 -0.759	 -0.504

6 	  52.14	   4.31	  12.81
	  0.723	 -0.317	  0.614
	 -0.043	  0.866	  0.498
	 -0.689	 -0.386	  0.612

7 	  42.52	  -7.28	  -1.21
	  0.890	 -0.455	 -0.036
	  0.440	  0.876	 -0.194
	  0.119	  0.157	  0.980

8 	  44.68	  -8.51	   7.73
	  0.750	  0.047	  0.659
	  0.459	 -0.754	 -0.470
	  0.475	  0.655	 -0.587

9 	  51.12	  -7.89	  12.32
	  0.761	  0.319	  0.564
	  0.574	  0.073	 -0.816
	 -0.302	  0.945	 -0.127

2 	  44.54	  -5.43	  -1.28
	 -0.596	  0.169	 -0.785
	  0.354	 -0.822	 -0.446
	 -0.721	 -0.544	  0.430

3 	  45.49	  -1.02	   3.18
	  0.441	  0.258	  0.859
	 -0.146	  0.965	 -0.216
	 -0.886	 -0.030	  0.463

4 	  41.38	   4.92	  -0.74
	  0.750	  0.652	 -0.104
	 -0.579	  0.725	  0.372
	  0.318	 -0.220	  0.922

5 	  43.15	   6.77	   6.84
	  0.725	 -0.063	  0.685
	 -0.550	 -0.652	  0.521
	  0.414	 -0.755	 -0.508

6 	  52.14	   4.38	  12.83
	  0.727	 -0.315	  0.610
	 -0.048	  0.863	  0.502
	 -0.685	 -0.395	  0.612

7 	  42.56	  -7.19	  -1.23
	  0.892	 -0.451	 -0.037
	  0.437	  0.880	 -0.185
	  0.115	  0.149	  0.982

8 	  44.72	  -8.44	   7.70
	  0.750	  0.046	  0.659
	  0.461	 -0.752	 -0.472
	  0.474	  0.658	 -0.585

9 	  51.13	  -7.86	  12.30
	  0.759	  0.318	  0.568
	  0.575	  0.081	 -0.814
	 -0.305	  0.944	 -0.121

2 	  44.77	  -5.75	  -1.30
	 -0.575	  0.258	 -0.776
	 -0.004	 -0.950	 -0.312
	 -0.818	 -0.177	  0.547

3 	  45.49	  -0.95	   3.20
	  0.438	  0.255	  0.862
	 -0.149	  0.966	 -0.210
	 -0.886	 -0.037	  0.462

4 	  41.34	   5.01	  -0.72
	  0.749	  0.655	 -0.099
	 -0.581	  0.721	  0.377
	  0.318	 -0.225	  0.921

5 	  43.12	   6.80	   6.91
	  0.725	 -0.067	  0.685
	 -0.550	 -0.656	  0.518
	  0.415	 -0.752	 -0.512

6 	  52.15	   4.41	  12.83
	  0.729	 -0.317	  0.607
	 -0.050	  0.860	  0.508
	 -0.682	 -0.401	  0.611

7 	  42.59	  -7.15	  -1.28
	  0.888	 -0.457	 -0.037
	  0.444	  0.877	 -0.182
	  0.116	  0.145	  0.982

8 	  44.72	  -8.44	   7.65
	  0.750	  0.041	  0.659
	  0.459	 -0.750	 -0.476
	  0.475	  0.660	 -0.582

9 	  51.13	  -7.82	  12.29
	  0.758	  0.315	  0.571
	  0.576	  0.086	 -0.812
	 -0.306	  0.945	 -0.117

2 	  41.66	  -9.07	  -0.88
	 -0.777	  0.152	  0.611
	  0.431	 -0.580	  0.691
	  0.460	  0.800	  0.385

3 	  45.51	  -0.81	   3.20
	  0.434	  0.250	  0.865
	 -0.164	  0.966	 -0.198
	 -0.886	 -0.057	  0.460

4 	  41.33	   5.13	  -0.63
	  0.741	  0.666	 -0.089
	 -0.589	  0.707	  0.390
	  0.322	 -0.237	  0.916

5 	  43.07	   6.86	   7.00
	  0.726	 -0.073	  0.684
	 -0.545	 -0.667	  0.508
	  0.419	 -0.742	 -0.524

6 	  52.14	   4.45	  12.90
	  0.734	 -0.321	  0.599
	 -0.051	  0.852	  0.520
	 -0.678	 -0.413	  0.609

7 	  42.68	  -7.12	  -1.28
	  0.867	 -0.498	 -0.019
	  0.482	  0.849	 -0.217
	  0.124	  0.179	  0.976

8 	  44.82	  -8.31	   7.56
	  0.747	  0.043	  0.663
	  0.467	 -0.743	 -0.480
	  0.472	  0.668	 -0.575

9 	  51.21	  -7.75	  12.25
	  0.750	  0.316	  0.581
	  0.580	  0.107	 -0.807
	 -0.318	  0.942	 -0.103

2 	  42.17	  -9.04	  -1.14
	 -0.895	 -0.090	  0.437
	  0.405	 -0.574	  0.711
	  0.187	  0.814	  0.550

3 	  45.49	  -0.84	   3.20
	  0.434	  0.251	  0.865
	 -0.165	  0.966	 -0.198
	 -0.885	 -0.057	  0.461

4 	  41.31	   5.10	  -0.63
	  0.742	  0.665	 -0.088
	 -0.588	  0.708	  0.390
	  0.322	 -0.238	  0.916

5 	  43.07	   6.82	   7.00
	  0.725	 -0.074	  0.685
	 -0.547	 -0.666	  0.506
	  0.419	 -0.742	 -0.523

6 	  52.10	   4.38	  12.92
	  0.732	 -0.326	  0.598
	 -0.048	  0.851	  0.522
	 -0.679	 -0.411	  0.608

7 	  42.71	  -7.15	  -1.28
	  0.867	 -0.497	 -0.022
	  0.481	  0.851	 -0.209
	  0.123	  0.170	  0.978

8 	  44.81	  -8.33	   7.61
	  0.746	  0.043	  0.665
	  0.468	 -0.744	 -0.477
	  0.473	  0.667	 -0.575

9 	  51.19	  -7.73	  12.27
	  0.749	  0.318	  0.581
	  0.581	  0.106	 -0.807
	 -0.319	  0.942	 -0.105

2 	  41.84	  -8.65	  -1.44
	 -0.893	  0.026	  0.449
	  0.253	 -0.797	  0.548
	  0.372	  0.603	  0.705

3 	  45.47	  -0.86	   3.22
	  0.434	  0.252	  0.865
	 -0.166	  0.966	 -0.198
	 -0.885	 -0.058	  0.461

4 	  41.27	   5.10	  -0.62
	  0.739	  0.668	 -0.085
	 -0.593	  0.705	  0.388
	  0.320	 -0.237	  0.917

5 	  43.01	   6.82	   7.00
	  0.725	 -0.069	  0.685
	 -0.543	 -0.670	  0.507
	  0.424	 -0.740	 -0.523

6 	  52.08	   4.43	  12.92
	  0.734	 -0.322	  0.597
	 -0.050	  0.852	  0.521
	 -0.677	 -0.413	  0.609

7 	  42.70	  -7.08	  -1.25
	  0.873	 -0.486	 -0.028
	  0.469	  0.856	 -0.215
	  0.128	  0.174	  0.976

8 	  44.81	  -8.33	   7.59
	  0.747	  0.043	  0.663
	  0.467	 -0.744	 -0.478
	  0.472	  0.667	 -0.576

9 	  51.21	  -7.75	  12.27
	  0.751	  0.317	  0.579
	  0.579	  0.105	 -0.808
	 -0.317	  0.942	 -0.105

2 	  42.38	  -9.09	  -1.23
	 -0.967	 -0.146	  0.211
	  0.256	 -0.574	  0.777
	  0.008	  0.805	  0.592

3 	  45.47	  -0.88	   3.22
	  0.433	  0.252	  0.865
	 -0.165	  0.966	 -0.199
	 -0.886	 -0.057	  0.459

4 	  41.26	   5.10	  -0.62
	  0.740	  0.667	 -0.087
	 -0.592	  0.706	  0.387
	  0.320	 -0.236	  0.917

5 	  43.01	   6.82	   7.01
	  0.725	 -0.070	  0.685
	 -0.544	 -0.668	  0.507
	  0.422	 -0.741	 -0.522

6 	  52.07	   4.45	  12.92
	  0.734	 -0.321	  0.598
	 -0.051	  0.853	  0.520
	 -0.677	 -0.412	  0.610

7 	  42.70	  -7.21	  -1.25
	  0.865	 -0.500	 -0.020
	  0.485	  0.847	 -0.215
	  0.124	  0.177	  0.976

8 	  44.81	  -8.33	   7.63
	  0.747	  0.044	  0.663
	  0.465	 -0.747	 -0.475
	  0.475	  0.663	 -0.578

9 	  51.22	  -7.77	  12.27
	  0.753	  0.316	  0.577
	  0.578	  0.101	 -0.810
	 -0.314	  0.943	 -0.106

2 	  42.93	  -8.88	  -1.42
	 -0.938	 -0.345	 -0.024
	  0.215	 -0.638	  0.740
	 -0.271	  0.689	  0.672

3 	  45.46	  -0.86	   3.23
	  0.432	  0.250	  0.866
	 -0.165	  0.966	 -0.198
	 -0.887	 -0.057	  0.458

4 	  41.27	   5.12	  -0.60
	  0.741	  0.666	 -0.085
	 -0.592	  0.707	  0.388
	  0.318	 -0.237	  0.918

5 	  43.00	   6.84	   7.03
	  0.724	 -0.071	  0.686
	 -0.546	 -0.667	  0.507
	  0.421	 -0.742	 -0.522

6 	  52.05	   4.46	  12.90
	  0.734	 -0.322	  0.597
	 -0.050	  0.852	  0.521
	 -0.677	 -0.412	  0.610

7 	  42.66	  -7.21	  -1.30
	  0.868	 -0.495	 -0.035
	  0.480	  0.856	 -0.192
	  0.124	  0.150	  0.981

8 	  44.79	  -8.31	   7.61
	  0.748	  0.042	  0.662
	  0.462	 -0.748	 -0.475
	  0.475	  0.662	 -0.579

9 	  51.19	  -7.75	  12.25
	  0.753	  0.315	  0.577
	  0.578	  0.101	 -0.810
	 -0.313	  0.943	 -0.106

2 	  38.13	  -4.36	  -1.25
	  0.065	  0.997	  0.025
	 -0.510	  0.012	  0.860
	  0.858	 -0.069	  0.509

3 	  45.93	  -1.04	   3.01
	  0.445	  0.253	  0.859
	 -0.157	  0.966	 -0.204
	 -0.881	 -0.044	  0.470

4 	  41.66	   4.89	  -0.74
	  0.748	  0.656	 -0.100
	 -0.579	  0.719	  0.385
	  0.324	 -0.230	  0.917

5 	  43.37	   6.68	   6.91
	  0.718	 -0.066	  0.692
	 -0.537	 -0.685	  0.491
	  0.442	 -0.725	 -0.528

6 	  52.31	   4.38	  13.03
	  0.716	 -0.308	  0.626
	 -0.061	  0.867	  0.495
	 -0.695	 -0.393	  0.602

7 	  43.07	  -7.24	  -1.51
	  0.897	 -0.440	 -0.037
	  0.428	  0.886	 -0.175
	  0.110	  0.141	  0.984

8 	  45.19	  -8.54	   7.37
	  0.734	  0.051	  0.677
	  0.489	 -0.731	 -0.475
	  0.471	  0.680	 -0.562

9 	  51.49	  -7.82	  12.15
	  0.732	  0.336	  0.592
	  0.590	  0.121	 -0.798
	 -0.340	  0.934	 -0.110

2 	  38.02	  -4.99	  -1.30
	 -0.159	  0.944	 -0.289
	 -0.526	  0.166	  0.834
	  0.836	  0.284	  0.470

3 	  45.91	  -1.02	   3.02
	  0.445	  0.252	  0.859
	 -0.157	  0.966	 -0.203
	 -0.882	 -0.045	  0.469

4 	  41.64	   4.92	  -0.72
	  0.746	  0.659	 -0.093
	 -0.582	  0.715	  0.387
	  0.322	 -0.235	  0.917

5 	  43.37	   6.68	   6.91
	  0.719	 -0.069	  0.691
	 -0.538	 -0.685	  0.491
	  0.440	 -0.725	 -0.529

6 	  52.31	   4.39	  13.04
	  0.717	 -0.308	  0.625
	 -0.061	  0.866	  0.496
	 -0.694	 -0.394	  0.602

7 	  43.05	  -7.21	  -1.51
	  0.897	 -0.440	 -0.036
	  0.428	  0.887	 -0.175
	  0.109	  0.141	  0.984

8 	  45.18	  -8.51	   7.37
	  0.734	  0.052	  0.677
	  0.490	 -0.730	 -0.476
	  0.469	  0.681	 -0.562

9 	  51.45	  -7.80	  12.15
	  0.732	  0.336	  0.593
	  0.590	  0.122	 -0.798
	 -0.341	  0.934	 -0.109

2 	  37.92	  -4.57	  -0.91
	 -0.032	  0.964	 -0.262
	 -0.365	  0.232	  0.901
	  0.930	  0.124	  0.344

3 	  45.86	  -1.02	   3.04
	  0.445	  0.251	  0.859
	 -0.157	  0.967	 -0.201
	 -0.881	 -0.046	  0.470

4 	  41.61	   4.96	  -0.70
	  0.745	  0.661	 -0.089
	 -0.585	  0.711	  0.390
	  0.321	 -0.239	  0.916

5 	  43.35	   6.70	   6.94
	  0.719	 -0.071	  0.691
	 -0.539	 -0.685	  0.490
	  0.438	 -0.725	 -0.531

6 	  52.29	   4.39	  13.04
	  0.718	 -0.309	  0.623
	 -0.061	  0.865	  0.498
	 -0.693	 -0.396	  0.602

7 	  43.03	  -7.17	  -1.51
	  0.897	 -0.440	 -0.037
	  0.427	  0.887	 -0.174
	  0.109	  0.140	  0.984

8 	  45.14	  -8.47	   7.35
	  0.734	  0.051	  0.677
	  0.490	 -0.730	 -0.477
	  0.469	  0.682	 -0.561

9 	  51.45	  -7.79	  12.13
	  0.732	  0.334	  0.594
	  0.589	  0.125	 -0.798
	 -0.341	  0.934	 -0.105

2 	  38.29	  -4.52	  -1.95
	 -0.090	  0.994	 -0.063
	 -0.650	 -0.010	  0.760
	  0.755	  0.109	  0.646

3 	  45.86	  -0.98	   3.02
	  0.444	  0.250	  0.860
	 -0.161	  0.967	 -0.198
	 -0.881	 -0.050	  0.469

4 	  41.62	   4.99	  -0.69
	  0.744	  0.662	 -0.085
	 -0.586	  0.708	  0.392
	  0.320	 -0.242	  0.916

5 	  43.33	   6.70	   6.96
	  0.720	 -0.074	  0.690
	 -0.539	 -0.686	  0.488
	  0.437	 -0.723	 -0.534

6 	  52.29	   4.38	  13.04
	  0.719	 -0.310	  0.621
	 -0.060	  0.864	  0.500
	 -0.692	 -0.397	  0.603

7 	  43.03	  -7.14	  -1.55
	  0.897	 -0.439	 -0.038
	  0.427	  0.888	 -0.172
	  0.109	  0.138	  0.984

8 	  45.16	  -8.49	   7.33
	  0.734	  0.050	  0.676
	  0.490	 -0.729	 -0.479
	  0.469	  0.683	 -0.560

9 	  51.47	  -7.79	  12.09
	  0.732	  0.333	  0.595
	  0.589	  0.128	 -0.797
	 -0.342	  0.934	 -0.103

2 	  38.51	  -5.15	  -2.00
	 -0.296	  0.929	 -0.220
	 -0.792	 -0.111	  0.600
	  0.533	  0.352	  0.769

3 	  45.86	  -0.95	   3.02
	  0.444	  0.249	  0.860
	 -0.162	  0.967	 -0.197
	 -0.881	 -0.053	  0.469

4 	  41.59	   4.99	  -0.65
	  0.742	  0.665	 -0.081
	 -0.589	  0.705	  0.395
	  0.319	 -0.246	  0.915

5 	  43.31	   6.71	   7.00
	  0.719	 -0.076	  0.690
	 -0.539	 -0.688	  0.486
	  0.438	 -0.722	 -0.536

6 	  52.29	   4.38	  13.04
	  0.720	 -0.311	  0.620
	 -0.060	  0.862	  0.502
	 -0.691	 -0.399	  0.603

7 	  43.03	  -7.12	  -1.55
	  0.898	 -0.439	 -0.038
	  0.426	  0.888	 -0.171
	  0.109	  0.138	  0.984

8 	  45.16	  -8.46	   7.33
	  0.734	  0.050	  0.677
	  0.491	 -0.727	 -0.479
	  0.468	  0.684	 -0.559

9 	  51.45	  -7.77	  12.13
	  0.730	  0.333	  0.596
	  0.590	  0.130	 -0.796
	 -0.343	  0.933	 -0.102

2 	  37.48	  -7.17	   3.99
	 -0.424	  0.360	  0.831
	  0.569	 -0.609	  0.553
	  0.705	  0.707	  0.053

3 	  45.76	  -0.88	   2.94
	  0.452	  0.244	  0.858
	 -0.172	  0.967	 -0.185
	 -0.875	 -0.064	  0.479

4 	  41.36	   5.08	  -0.62
	  0.734	  0.674	 -0.077
	 -0.594	  0.693	  0.408
	  0.329	 -0.254	  0.909

5 	  43.17	   6.73	   7.03
	  0.724	 -0.074	  0.686
	 -0.526	 -0.703	  0.478
	  0.447	 -0.707	 -0.548

6 	  52.24	   4.46	  12.96
	  0.728	 -0.306	  0.613
	 -0.062	  0.862	  0.503
	 -0.683	 -0.404	  0.608

7 	  42.94	  -7.01	  -1.67
	  0.907	 -0.417	 -0.049
	  0.404	  0.898	 -0.172
	  0.115	  0.136	  0.984

8 	  45.14	  -8.44	   7.21
	  0.739	  0.051	  0.672
	  0.496	 -0.717	 -0.491
	  0.456	  0.695	 -0.555

9 	  51.45	  -7.75	  11.95
	  0.723	  0.333	  0.605
	  0.587	  0.164	 -0.793
	 -0.364	  0.928	 -0.077

2 	  37.34	  -6.94	   4.34
	 -0.282	  0.444	  0.850
	  0.584	 -0.624	  0.519
	  0.761	  0.643	 -0.084

3 	  45.74	  -0.88	   2.95
	  0.451	  0.245	  0.858
	 -0.173	  0.967	 -0.185
	 -0.875	 -0.065	  0.479

4 	  41.38	   5.04	  -0.60
	  0.734	  0.675	 -0.077
	 -0.594	  0.693	  0.408
	  0.329	 -0.254	  0.909

5 	  43.15	   6.73	   7.03
	  0.725	 -0.074	  0.685
	 -0.524	 -0.704	  0.479
	  0.447	 -0.706	 -0.549

6 	  52.21	   4.45	  12.97
	  0.728	 -0.306	  0.614
	 -0.062	  0.862	  0.503
	 -0.683	 -0.405	  0.608

7 	  42.96	  -7.05	  -1.65
	  0.907	 -0.418	 -0.048
	  0.404	  0.898	 -0.174
	  0.116	  0.138	  0.984

8 	  45.12	  -8.46	   7.19
	  0.739	  0.051	  0.671
	  0.495	 -0.717	 -0.491
	  0.457	  0.695	 -0.555

9 	  51.45	  -7.75	  11.95
	  0.724	  0.333	  0.603
	  0.586	  0.162	 -0.794
	 -0.362	  0.929	 -0.078

2 	  37.58	  -7.28	   3.96
	 -0.501	  0.292	  0.814
	  0.631	 -0.520	  0.575
	  0.592	  0.802	  0.075

3 	  45.72	  -0.86	   2.97
	  0.448	  0.243	  0.860
	 -0.173	  0.967	 -0.184
	 -0.877	 -0.067	  0.476

4 	  41.38	   5.06	  -0.62
	  0.734	  0.674	 -0.077
	 -0.594	  0.693	  0.408
	  0.328	 -0.254	  0.910

5 	  43.14	   6.73	   7.03
	  0.724	 -0.075	  0.685
	 -0.526	 -0.703	  0.479
	  0.446	 -0.707	 -0.549

6 	  52.19	   4.50	  12.97
	  0.729	 -0.304	  0.612
	 -0.063	  0.862	  0.503
	 -0.681	 -0.406	  0.609

7 	  42.94	  -7.03	  -1.63
	  0.907	 -0.419	 -0.045
	  0.405	  0.897	 -0.174
	  0.113	  0.139	  0.984

8 	  45.12	  -8.46	   7.24
	  0.738	  0.050	  0.673
	  0.495	 -0.717	 -0.490
	  0.458	  0.695	 -0.554

9 	  51.45	  -7.73	  11.97
	  0.725	  0.333	  0.603
	  0.587	  0.159	 -0.794
	 -0.361	  0.929	 -0.080

2 	  37.60	  -7.14	   4.46
	 -0.453	  0.470	  0.757
	  0.704	 -0.332	  0.628
	  0.547	  0.817	 -0.181

3 	  45.70	  -0.88	   2.97
	  0.447	  0.242	  0.861
	 -0.172	  0.968	 -0.183
	 -0.878	 -0.066	  0.474

4 	  41.34	   5.04	  -0.58
	  0.734	  0.674	 -0.075
	 -0.594	  0.693	  0.408
	  0.327	 -0.255	  0.910

5 	  43.14	   6.75	   7.05
	  0.724	 -0.075	  0.685
	 -0.526	 -0.703	  0.479
	  0.446	 -0.707	 -0.549

6 	  52.19	   4.48	  12.97
	  0.729	 -0.305	  0.612
	 -0.062	  0.861	  0.504
	 -0.681	 -0.406	  0.609

7 	  42.93	  -7.05	  -1.63
	  0.906	 -0.420	 -0.043
	  0.407	  0.896	 -0.175
	  0.112	  0.140	  0.984

8 	  45.11	  -8.46	   7.22
	  0.739	  0.050	  0.672
	  0.495	 -0.717	 -0.492
	  0.457	  0.696	 -0.554

9 	  51.45	  -7.72	  11.95
	  0.726	  0.332	  0.602
	  0.586	  0.159	 -0.795
	 -0.360	  0.929	 -0.079

2 	  37.74	  -7.31	   4.11
	 -0.613	  0.356	  0.705
	  0.644	 -0.291	  0.707
	  0.457	  0.888	 -0.052

3 	  45.69	  -0.88	   2.99
	  0.446	  0.242	  0.861
	 -0.172	  0.968	 -0.183
	 -0.878	 -0.067	  0.473

4 	  41.34	   5.06	  -0.58
	  0.735	  0.674	 -0.075
	 -0.594	  0.693	  0.408
	  0.327	 -0.255	  0.910

5 	  43.12	   6.71	   7.05
	  0.724	 -0.076	  0.685
	 -0.527	 -0.702	  0.479
	  0.445	 -0.708	 -0.549

6 	  52.19	   4.45	  12.99
	  0.729	 -0.306	  0.612
	 -0.062	  0.862	  0.503
	 -0.682	 -0.405	  0.609

7 	  42.94	  -7.03	  -1.65
	  0.906	 -0.419	 -0.042
	  0.406	  0.897	 -0.175
	  0.111	  0.141	  0.984

8 	  45.09	  -8.44	   7.22
	  0.739	  0.051	  0.672
	  0.496	 -0.716	 -0.492
	  0.456	  0.696	 -0.554

9 	  51.43	  -7.75	  11.97
	  0.726	  0.332	  0.602
	  0.586	  0.159	 -0.794
	 -0.360	  0.929	 -0.079

2 	  50.12	  -8.23	   8.44
	 -0.011	  0.397	 -0.917
	 -0.810	 -0.541	 -0.225
	 -0.586	  0.741	  0.328

3 	  45.46	  -0.67	   3.16
	  0.445	  0.240	  0.862
	 -0.164	  0.969	 -0.185
	 -0.880	 -0.059	  0.471

4 	  41.22	   5.38	  -0.44
	  0.739	  0.671	 -0.065
	 -0.591	  0.691	  0.416
	  0.324	 -0.270	  0.907

5 	  43.03	   6.94	   7.21
	  0.724	 -0.094	  0.683
	 -0.543	 -0.689	  0.480
	  0.425	 -0.719	 -0.550

6 	  52.15	   4.48	  12.99
	  0.734	 -0.323	  0.597
	 -0.043	  0.855	  0.516
	 -0.677	 -0.405	  0.614

7 	  42.70	  -6.79	  -1.51
	  0.905	 -0.425	 -0.013
	  0.416	  0.891	 -0.178
	  0.087	  0.156	  0.984

8 	  44.82	  -8.19	   7.40
	  0.760	  0.042	  0.648
	  0.472	 -0.722	 -0.507
	  0.447	  0.691	 -0.568

9 	  51.19	  -7.70	  12.08
	  0.736	  0.328	  0.592
	  0.584	  0.132	 -0.800
	 -0.341	  0.935	 -0.094

2 	  50.01	  -7.59	   7.88
	 -0.443	  0.581	 -0.683
	 -0.698	 -0.702	 -0.145
	 -0.563	  0.412	  0.716

3 	  45.42	  -0.65	   3.18
	  0.445	  0.240	  0.862
	 -0.167	  0.968	 -0.184
	 -0.880	 -0.063	  0.471

4 	  41.19	   5.41	  -0.40
	  0.738	  0.672	 -0.062
	 -0.592	  0.689	  0.418
	  0.324	 -0.272	  0.906

5 	  42.98	   6.96	   7.24
	  0.724	 -0.097	  0.682
	 -0.544	 -0.689	  0.479
	  0.423	 -0.718	 -0.552

6 	  52.14	   4.50	  12.99
	  0.735	 -0.325	  0.594
	 -0.042	  0.854	  0.519
	 -0.676	 -0.407	  0.614

7 	  42.68	  -6.75	  -1.51
	  0.906	 -0.422	 -0.013
	  0.413	  0.893	 -0.178
	  0.087	  0.156	  0.984

8 	  44.84	  -8.12	   7.40
	  0.759	  0.049	  0.648
	  0.481	 -0.714	 -0.510
	  0.438	  0.699	 -0.565

9 	  51.21	  -7.59	  12.02
	  0.736	  0.323	  0.594
	  0.583	  0.142	 -0.800
	 -0.344	  0.935	 -0.084

2 	  50.55	  -7.08	   8.19
	 -0.368	  0.419	 -0.830
	 -0.260	 -0.903	 -0.342
	 -0.893	  0.090	  0.441

3 	  45.40	  -0.65	   3.20
	  0.444	  0.241	  0.862
	 -0.171	  0.968	 -0.183
	 -0.879	 -0.066	  0.471

4 	  41.19	   5.41	  -0.40
	  0.737	  0.673	 -0.061
	 -0.593	  0.687	  0.420
	  0.324	 -0.273	  0.905

5 	  42.96	   6.96	   7.24
	  0.725	 -0.098	  0.681
	 -0.544	 -0.689	  0.479
	  0.422	 -0.718	 -0.553

6 	  52.12	   4.50	  13.03
	  0.736	 -0.325	  0.594
	 -0.043	  0.853	  0.520
	 -0.676	 -0.409	  0.614

7 	  42.66	  -6.71	  -1.51
	  0.907	 -0.420	 -0.014
	  0.410	  0.894	 -0.179
	  0.087	  0.156	  0.984

8 	  44.84	  -8.12	   7.38
	  0.760	  0.051	  0.648
	  0.483	 -0.712	 -0.510
	  0.435	  0.701	 -0.565

9 	  51.21	  -7.56	  12.02
	  0.736	  0.322	  0.596
	  0.583	  0.146	 -0.799
	 -0.344	  0.935	 -0.080

2 	  50.45	  -7.75	   8.28
	 -0.200	  0.253	 -0.946
	 -0.577	 -0.811	 -0.095
	 -0.792	  0.527	  0.308

3 	  45.39	  -0.60	   3.20
	  0.444	  0.244	  0.862
	 -0.175	  0.967	 -0.184
	 -0.879	 -0.069	  0.472

4 	  41.13	   5.41	  -0.39
	  0.736	  0.674	 -0.062
	 -0.593	  0.686	  0.421
	  0.326	 -0.273	  0.905

5 	  42.94	   6.96	   7.22
	  0.726	 -0.099	  0.680
	 -0.543	 -0.689	  0.480
	  0.420	 -0.718	 -0.554

6 	  52.08	   4.50	  13.01
	  0.736	 -0.325	  0.594
	 -0.043	  0.853	  0.520
	 -0.676	 -0.408	  0.614

7 	  42.66	  -6.70	  -1.51
	  0.909	 -0.417	 -0.014
	  0.408	  0.895	 -0.179
	  0.087	  0.157	  0.984

8 	  44.86	  -8.12	   7.40
	  0.759	  0.051	  0.649
	  0.484	 -0.711	 -0.510
	  0.435	  0.701	 -0.565

9 	  51.21	  -7.56	  12.01
	  0.736	  0.321	  0.596
	  0.583	  0.146	 -0.799
	 -0.344	  0.936	 -0.080

2 	  49.80	  -8.07	   7.96
	 -0.301	  0.505	 -0.809
	 -0.857	 -0.515	 -0.003
	 -0.418	  0.693	  0.587

3 	  45.39	  -0.62	   3.18
	  0.445	  0.244	  0.861
	 -0.176	  0.967	 -0.183
	 -0.878	 -0.070	  0.473

4 	  41.13	   5.41	  -0.39
	  0.735	  0.675	 -0.063
	 -0.594	  0.685	  0.421
	  0.327	 -0.272	  0.905

5 	  42.93	   6.98	   7.24
	  0.726	 -0.098	  0.680
	 -0.542	 -0.690	  0.480
	  0.422	 -0.718	 -0.554

6 	  52.08	   4.52	  13.03
	  0.736	 -0.323	  0.595
	 -0.045	  0.854	  0.518
	 -0.676	 -0.408	  0.614

7 	  42.68	  -6.70	  -1.49
	  0.909	 -0.417	 -0.014
	  0.407	  0.895	 -0.180
	  0.087	  0.158	  0.983

8 	  44.86	  -8.14	   7.40
	  0.759	  0.051	  0.649
	  0.483	 -0.712	 -0.509
	  0.436	  0.700	 -0.565

9 	  51.21	  -7.56	  12.01
	  0.735	  0.321	  0.597
	  0.584	  0.146	 -0.798
	 -0.344	  0.935	 -0.080

2 	  46.62	  -6.06	  11.60
	 -0.411	  0.552	 -0.726
	  0.792	  0.610	  0.015
	  0.451	 -0.569	 -0.687

3 	  45.39	  -0.65	   3.20
	  0.443	  0.245	  0.862
	 -0.172	  0.967	 -0.187
	 -0.880	 -0.066	  0.471

4 	  41.13	   5.36	  -0.42
	  0.740	  0.669	 -0.070
	 -0.587	  0.693	  0.418
	  0.328	 -0.268	  0.906

5 	  42.94	   6.93	   7.21
	  0.726	 -0.099	  0.681
	 -0.547	 -0.684	  0.483
	  0.418	 -0.723	 -0.550

6 	  52.12	   4.48	  12.97
	  0.735	 -0.323	  0.596
	 -0.042	  0.856	  0.515
	 -0.676	 -0.404	  0.616

7 	  42.64	  -6.79	  -1.48
	  0.906	 -0.422	 -0.015
	  0.412	  0.893	 -0.181
	  0.090	  0.158	  0.983

8 	  44.86	  -8.26	   7.40
	  0.760	  0.040	  0.649
	  0.474	 -0.716	 -0.512
	  0.444	  0.697	 -0.563

9 	  51.24	  -7.72	  11.99
	  0.734	  0.330	  0.594
	  0.579	  0.152	 -0.801
	 -0.354	  0.932	 -0.080

2 	  46.51	  -5.75	  11.18
	 -0.102	  0.400	 -0.911
	  0.803	  0.573	  0.162
	  0.587	 -0.715	 -0.380

3 	  45.37	  -0.65	   3.20
	  0.442	  0.246	  0.863
	 -0.171	  0.967	 -0.189
	 -0.881	 -0.064	  0.469

4 	  41.13	   5.36	  -0.40
	  0.742	  0.667	 -0.069
	 -0.586	  0.695	  0.415
	  0.325	 -0.268	  0.907

5 	  42.96	   6.94	   7.19
	  0.725	 -0.101	  0.681
	 -0.551	 -0.680	  0.484
	  0.414	 -0.726	 -0.549

6 	  52.08	   4.46	  12.97
	  0.735	 -0.324	  0.596
	 -0.039	  0.857	  0.514
	 -0.677	 -0.401	  0.617

7 	  42.64	  -6.77	  -1.46
	  0.906	 -0.422	 -0.014
	  0.413	  0.893	 -0.180
	  0.089	  0.157	  0.983

8 	  44.86	  -8.23	   7.44
	  0.760	  0.039	  0.649
	  0.472	 -0.718	 -0.510
	  0.446	  0.694	 -0.564

9 	  51.22	  -7.70	  11.99
	  0.736	  0.327	  0.592
	  0.581	  0.143	 -0.801
	 -0.347	  0.934	 -0.084

2 	  46.16	  -6.38	  11.46
	 -0.301	  0.604	 -0.738
	  0.551	  0.741	  0.382
	  0.778	 -0.292	 -0.556

3 	  45.44	  -0.62	   3.20
	  0.446	  0.248	  0.859
	 -0.169	  0.967	 -0.192
	 -0.879	 -0.060	  0.473

4 	  41.20	   5.38	  -0.47
	  0.746	  0.661	 -0.077
	 -0.581	  0.703	  0.411
	  0.325	 -0.262	  0.908

5 	  43.01	   6.98	   7.14
	  0.724	 -0.103	  0.682
	 -0.552	 -0.680	  0.483
	  0.414	 -0.726	 -0.549

6 	  52.12	   4.48	  12.97
	  0.730	 -0.326	  0.600
	 -0.035	  0.859	  0.510
	 -0.682	 -0.393	  0.616

7 	  42.64	  -6.77	  -1.46
	  0.906	 -0.421	 -0.016
	  0.412	  0.894	 -0.177
	  0.088	  0.154	  0.984

8 	  44.88	  -8.21	   7.40
	  0.761	  0.042	  0.647
	  0.472	 -0.720	 -0.509
	  0.444	  0.693	 -0.568

9 	  51.26	  -7.73	  11.97
	  0.736	  0.325	  0.593
	  0.581	  0.143	 -0.801
	 -0.345	  0.935	 -0.083

2 	  46.74	  -6.12	  11.94
	 -0.312	  0.814	 -0.489
	  0.838	  0.479	  0.262
	  0.448	 -0.328	 -0.832

3 	  45.51	  -0.56	   3.11
	  0.455	  0.250	  0.854
	 -0.170	  0.966	 -0.193
	 -0.874	 -0.057	  0.482

4 	  41.24	   5.43	  -0.51
	  0.748	  0.658	 -0.081
	 -0.578	  0.707	  0.408
	  0.326	 -0.259	  0.909

5 	  43.10	   7.07	   7.10
	  0.722	 -0.100	  0.684
	 -0.549	 -0.685	  0.479
	  0.421	 -0.722	 -0.549

6 	  52.17	   4.52	  12.96
	  0.727	 -0.328	  0.602
	 -0.033	  0.860	  0.508
	 -0.686	 -0.390	  0.615

7 	  42.68	  -6.71	  -1.49
	  0.908	 -0.419	 -0.019
	  0.409	  0.896	 -0.172
	  0.089	  0.149	  0.985

8 	  44.91	  -8.19	   7.38
	  0.761	  0.044	  0.647
	  0.471	 -0.722	 -0.506
	  0.445	  0.690	 -0.571

9 	  51.26	  -7.68	  11.94
	  0.734	  0.324	  0.596
	  0.583	  0.147	 -0.799
	 -0.347	  0.934	 -0.081

2 	  46.71	  -6.10	  11.58
	 -0.452	  0.634	 -0.627
	  0.776	  0.626	  0.075
	  0.441	 -0.453	 -0.775

3 	  45.60	  -0.53	   3.01
	  0.465	  0.254	  0.848
	 -0.170	  0.965	 -0.196
	 -0.869	 -0.053	  0.492

4 	  41.29	   5.43	  -0.60
	  0.754	  0.650	 -0.093
	 -0.570	  0.717	  0.400
	  0.326	 -0.249	  0.912

5 	  43.17	   7.14	   6.98
	  0.718	 -0.091	  0.690
	 -0.544	 -0.693	  0.474
	  0.434	 -0.715	 -0.547

6 	  52.24	   4.52	  12.96
	  0.720	 -0.331	  0.610
	 -0.031	  0.863	  0.504
	 -0.693	 -0.382	  0.611

7 	  42.70	  -6.70	  -1.53
	  0.907	 -0.420	 -0.022
	  0.410	  0.896	 -0.170
	  0.090	  0.145	  0.985

8 	  44.95	  -8.19	   7.35
	  0.761	  0.044	  0.647
	  0.466	 -0.731	 -0.498
	  0.452	  0.681	 -0.577

9 	  51.31	  -7.68	  11.92
	  0.732	  0.324	  0.598
	  0.586	  0.146	 -0.797
	 -0.346	  0.934	 -0.084

2 	  54.30	  -2.97	  15.15
	 -0.706	  0.585	  0.399
	 -0.537	 -0.075	 -0.840
	 -0.462	 -0.807	  0.368

3 	  45.40	  -1.02	   3.13
	  0.450	  0.254	  0.856
	 -0.125	  0.967	 -0.221
	 -0.884	 -0.007	  0.467

4 	  41.38	   5.06	  -0.67
	  0.775	  0.624	 -0.098
	 -0.550	  0.743	  0.381
	  0.311	 -0.242	  0.919

5 	  43.26	   6.86	   6.91
	  0.716	 -0.101	  0.691
	 -0.572	 -0.653	  0.497
	  0.401	 -0.751	 -0.525

6 	  52.19	   4.25	  12.92
	  0.712	 -0.319	  0.625
	 -0.026	  0.878	  0.478
	 -0.701	 -0.357	  0.617

7 	  42.29	  -7.19	  -1.28
	  0.882	 -0.471	  0.001
	  0.464	  0.869	 -0.173
	  0.081	  0.153	  0.985

8 	  44.38	  -8.67	   7.61
	  0.759	  0.005	  0.651
	  0.416	 -0.773	 -0.479
	  0.500	  0.635	 -0.589

9 	  50.89	  -8.38	  12.16
	  0.749	  0.328	  0.575
	  0.576	  0.104	 -0.811
	 -0.326	  0.939	 -0.111

2 	  53.74	  -2.67	  15.36
	 -0.727	  0.309	  0.613
	 -0.676	 -0.167	 -0.717
	 -0.120	 -0.936	  0.330

3 	  45.37	  -1.07	   3.16
	  0.449	  0.254	  0.857
	 -0.120	  0.967	 -0.224
	 -0.885	 -0.003	  0.465

4 	  41.36	   5.03	  -0.65
	  0.777	  0.621	 -0.097
	 -0.548	  0.745	  0.381
	  0.309	 -0.243	  0.919

5 	  43.24	   6.80	   6.93
	  0.716	 -0.107	  0.690
	 -0.578	 -0.646	  0.499
	  0.391	 -0.756	 -0.524

6 	  52.17	   4.24	  12.94
	  0.712	 -0.318	  0.626
	 -0.024	  0.880	  0.474
	 -0.702	 -0.352	  0.619

7 	  42.26	  -7.24	  -1.25
	  0.881	 -0.473	  0.002
	  0.466	  0.867	 -0.175
	  0.081	  0.155	  0.984

8 	  44.35	  -8.68	   7.65
	  0.758	  0.008	  0.652
	  0.421	 -0.769	 -0.480
	  0.498	  0.639	 -0.587

9 	  50.85	  -8.35	  12.18
	  0.751	  0.327	  0.573
	  0.575	  0.102	 -0.812
	 -0.325	  0.939	 -0.111

2 	  54.18	  -2.69	  15.54
	 -0.829	  0.348	  0.438
	 -0.431	  0.101	 -0.897
	 -0.356	 -0.932	  0.067

3 	  45.32	  -1.07	   3.18
	  0.445	  0.255	  0.858
	 -0.121	  0.967	 -0.225
	 -0.887	 -0.004	  0.461

4 	  41.34	   5.01	  -0.65
	  0.776	  0.623	 -0.097
	 -0.550	  0.744	  0.380
	  0.309	 -0.241	  0.920

5 	  43.21	   6.80	   6.91
	  0.717	 -0.106	  0.688
	 -0.578	 -0.644	  0.502
	  0.390	 -0.758	 -0.523

6 	  52.17	   4.25	  12.92
	  0.714	 -0.315	  0.625
	 -0.024	  0.882	  0.471
	 -0.700	 -0.351	  0.622

7 	  42.24	  -7.24	  -1.23
	  0.881	 -0.472	  0.002
	  0.464	  0.868	 -0.176
	  0.081	  0.156	  0.984

8 	  44.35	  -8.67	   7.65
	  0.758	  0.011	  0.652
	  0.425	 -0.766	 -0.482
	  0.494	  0.642	 -0.586

9 	  50.85	  -8.31	  12.20
	  0.752	  0.327	  0.573
	  0.574	  0.103	 -0.812
	 -0.325	  0.939	 -0.110

2 	  54.67	  -3.09	  15.24
	 -0.640	  0.693	  0.331
	 -0.430	  0.034	 -0.902
	 -0.637	 -0.720	  0.276

3 	  45.32	  -1.05	   3.20
	  0.444	  0.255	  0.859
	 -0.120	  0.967	 -0.225
	 -0.888	 -0.004	  0.460

4 	  41.34	   5.03	  -0.65
	  0.777	  0.622	 -0.097
	 -0.549	  0.744	  0.380
	  0.308	 -0.242	  0.920

5 	  43.22	   6.82	   6.94
	  0.717	 -0.111	  0.688
	 -0.582	 -0.640	  0.502
	  0.384	 -0.760	 -0.523

6 	  52.17	   4.25	  12.96
	  0.713	 -0.315	  0.626
	 -0.024	  0.882	  0.471
	 -0.700	 -0.351	  0.621

7 	  42.26	  -7.24	  -1.25
	  0.882	 -0.471	  0.002
	  0.464	  0.868	 -0.176
	  0.081	  0.156	  0.984

8 	  44.37	  -8.65	   7.63
	  0.759	  0.012	  0.651
	  0.426	 -0.765	 -0.483
	  0.492	  0.644	 -0.585

9 	  50.87	  -8.28	  12.22
	  0.752	  0.326	  0.572
	  0.573	  0.102	 -0.813
	 -0.324	  0.940	 -0.110

2 	  54.26	  -2.81	  15.21
	 -0.454	  0.697	  0.555
	 -0.786	 -0.019	 -0.618
	 -0.421	 -0.716	  0.556

3 	  45.32	  -1.02	   3.22
	  0.442	  0.252	  0.860
	 -0.121	  0.967	 -0.222
	 -0.889	 -0.006	  0.458

4 	  41.36	   5.08	  -0.63
	  0.776	  0.623	 -0.092
	 -0.550	  0.742	  0.384
	  0.308	 -0.248	  0.918

5 	  43.22	   6.82	   6.98
	  0.716	 -0.115	  0.688
	 -0.583	 -0.640	  0.500
	  0.383	 -0.759	 -0.526

6 	  52.19	   4.24	  12.94
	  0.715	 -0.318	  0.623
	 -0.023	  0.879	  0.475
	 -0.699	 -0.354	  0.621

7 	  42.28	  -7.17	  -1.25
	  0.882	 -0.471	  0.002
	  0.464	  0.869	 -0.173
	  0.080	  0.154	  0.985

8 	  44.37	  -8.63	   7.61
	  0.759	  0.009	  0.651
	  0.426	 -0.763	 -0.486
	  0.493	  0.646	 -0.583

9 	  50.87	  -8.28	  12.20
	  0.752	  0.323	  0.574
	  0.574	  0.106	 -0.812
	 -0.323	  0.940	 -0.106

2 	  54.79	  -6.91	  16.19
	  0.758	  0.273	  0.592
	  0.542	  0.240	 -0.805
	 -0.362	  0.931	  0.033

3 	  45.40	  -0.88	   3.16
	  0.450	  0.250	  0.857
	 -0.131	  0.968	 -0.214
	 -0.883	 -0.016	  0.468

4 	  41.34	   5.22	  -0.60
	  0.770	  0.631	 -0.088
	 -0.556	  0.733	  0.392
	  0.312	 -0.254	  0.915

5 	  43.21	   6.94	   7.00
	  0.718	 -0.112	  0.687
	 -0.574	 -0.653	  0.493
	  0.394	 -0.749	 -0.533

6 	  52.19	   4.29	  12.97
	  0.715	 -0.324	  0.619
	 -0.026	  0.873	  0.487
	 -0.698	 -0.364	  0.616

7 	  42.36	  -7.01	  -1.35
	  0.888	 -0.459	 -0.003
	  0.452	  0.876	 -0.166
	  0.078	  0.145	  0.986

8 	  44.49	  -8.47	   7.52
	  0.756	  0.016	  0.654
	  0.440	 -0.752	 -0.490
	  0.484	  0.658	 -0.576

9 	  50.96	  -8.14	  12.15
	  0.745	  0.325	  0.582
	  0.578	  0.122	 -0.807
	 -0.334	  0.937	 -0.097

2 	  55.30	  -6.43	  16.17
	  0.669	  0.627	  0.399
	  0.168	  0.396	 -0.903
	 -0.724	  0.671	  0.160

3 	  45.40	  -0.86	   3.16
	  0.448	  0.251	  0.858
	 -0.133	  0.968	 -0.214
	 -0.884	 -0.019	  0.467

4 	  41.33	   5.19	  -0.62
	  0.770	  0.632	 -0.088
	 -0.556	  0.732	  0.393
	  0.313	 -0.254	  0.915

5 	  43.19	   6.93	   7.00
	  0.719	 -0.111	  0.686
	 -0.573	 -0.654	  0.494
	  0.393	 -0.749	 -0.534

6 	  52.19	   4.29	  12.96
	  0.717	 -0.323	  0.618
	 -0.026	  0.873	  0.486
	 -0.697	 -0.365	  0.618

7 	  42.36	  -7.01	  -1.34
	  0.889	 -0.457	 -0.003
	  0.450	  0.877	 -0.166
	  0.078	  0.146	  0.986

8 	  44.49	  -8.53	   7.54
	  0.755	  0.016	  0.655
	  0.442	 -0.751	 -0.491
	  0.484	  0.660	 -0.575

9 	  50.96	  -8.14	  12.15
	  0.744	  0.327	  0.582
	  0.578	  0.123	 -0.807
	 -0.336	  0.937	 -0.098

2 	  55.41	  -6.26	  16.37
	  0.704	  0.708	  0.058
	  0.104	 -0.021	 -0.994
	 -0.703	  0.706	 -0.089

3 	  45.37	  -0.88	   3.20
	  0.444	  0.253	  0.859
	 -0.135	  0.967	 -0.216
	 -0.886	 -0.020	  0.464

4 	  41.31	   5.15	  -0.60
	  0.768	  0.634	 -0.088
	 -0.559	  0.731	  0.391
	  0.312	 -0.252	  0.916

5 	  43.15	   6.89	   7.00
	  0.719	 -0.111	  0.686
	 -0.573	 -0.653	  0.495
	  0.393	 -0.749	 -0.533

6 	  52.15	   4.31	  12.94
	  0.718	 -0.321	  0.618
	 -0.028	  0.874	  0.485
	 -0.695	 -0.366	  0.619

7 	  42.40	  -7.05	  -1.30
	  0.891	 -0.453	 -0.000
	  0.446	  0.879	 -0.168
	  0.076	  0.150	  0.986

8 	  44.54	  -8.51	   7.56
	  0.755	  0.022	  0.655
	  0.448	 -0.748	 -0.490
	  0.479	  0.664	 -0.575

9 	  50.98	  -8.07	  12.15
	  0.742	  0.334	  0.581
	  0.576	  0.125	 -0.808
	 -0.343	  0.934	 -0.099

2 	  54.97	  -6.57	  15.77
	  0.892	  0.426	  0.151
	  0.060	  0.219	 -0.974
	 -0.448	  0.878	  0.170

3 	  45.33	  -0.91	   3.18
	  0.443	  0.256	  0.859
	 -0.137	  0.966	 -0.218
	 -0.886	 -0.021	  0.463

4 	  41.29	   5.12	  -0.60
	  0.766	  0.636	 -0.089
	 -0.561	  0.730	  0.390
	  0.313	 -0.249	  0.916

5 	  43.15	   6.89	   7.00
	  0.719	 -0.108	  0.686
	 -0.572	 -0.654	  0.496
	  0.395	 -0.749	 -0.531

6 	  52.14	   4.36	  12.94
	  0.720	 -0.316	  0.618
	 -0.031	  0.875	  0.483
	 -0.693	 -0.367	  0.620

7 	  42.40	  -7.07	  -1.30
	  0.892	 -0.451	  0.001
	  0.445	  0.879	 -0.170
	  0.076	  0.152	  0.985

8 	  44.54	  -8.53	   7.54
	  0.755	  0.024	  0.654
	  0.448	 -0.747	 -0.490
	  0.477	  0.664	 -0.575

9 	  50.98	  -8.07	  12.16
	  0.742	  0.336	  0.580
	  0.575	  0.125	 -0.809
	 -0.344	  0.933	 -0.100

2 	  55.37	  -6.19	  15.59
	  0.743	  0.602	  0.292
	 -0.083	  0.516	 -0.853
	 -0.664	  0.609	  0.433

3 	  45.33	  -0.93	   3.20
	  0.442	  0.257	  0.859
	 -0.138	  0.966	 -0.219
	 -0.886	 -0.022	  0.462

4 	  41.27	   5.12	  -0.60
	  0.766	  0.637	 -0.089
	 -0.562	  0.729	  0.389
	  0.312	 -0.248	  0.917

5 	  43.14	   6.86	   7.00
	  0.719	 -0.107	  0.686
	 -0.571	 -0.653	  0.497
	  0.395	 -0.750	 -0.531

6 	  52.15	   4.34	  12.90
	  0.721	 -0.314	  0.617
	 -0.031	  0.875	  0.482
	 -0.692	 -0.367	  0.621

7 	  42.40	  -7.10	  -1.30
	  0.892	 -0.451	  0.001
	  0.444	  0.879	 -0.171
	  0.076	  0.153	  0.985

8 	  44.53	  -8.53	   7.56
	  0.755	  0.025	  0.655
	  0.449	 -0.747	 -0.490
	  0.477	  0.664	 -0.576

9 	  50.99	  -8.07	  12.18
	  0.742	  0.337	  0.579
	  0.575	  0.125	 -0.809
	 -0.346	  0.933	 -0.101

