2  855.46  -37.50  579.09  
   0.31  -0.95  -0.02  
   0.95  0.31  0.00  
   0.01  -0.02  1.00  

3  1481.44  31.25  35.72  
   0.16  0.10  -0.98  
   -0.10  -0.99  -0.12  
   -0.98  0.12  -0.15  

4  1469.38  214.31  -77.24  
   0.72  -0.66  -0.19  
   0.61  0.75  -0.27  
   0.32  0.08  0.94  

6  1527.87  223.69  429.07  
   0.12  0.06  -0.99  
   -0.62  0.78  -0.03  
   0.77  0.62  0.13  

5  1451.97  354.51  202.26  
   -0.09  0.95  0.31  
   -0.29  0.27  -0.92  
   -0.95  -0.17  0.25  

8  1467.59  -312.09  149.57  
   -0.16  -0.96  0.21  
   0.37  0.14  0.92  
   -0.91  0.22  0.34  

9  1543.50  -174.13  400.94  
   0.02  -0.10  -0.99  
   0.67  0.74  -0.06  
   0.74  -0.67  0.08  

7  1467.59  -136.18  -87.51  
   0.81  0.54  -0.22  
   -0.52  0.84  0.17  
   0.28  -0.03  0.96  

2  855.46  -37.50  578.64  
   0.31  -0.95  -0.02  
   0.95  0.31  0.00  
   0.01  -0.02  1.00  

7  1466.70  -135.73  -86.62  
   0.81  0.54  -0.22  
   -0.52  0.84  0.18  
   0.28  -0.03  0.96  

3  1480.99  32.15  37.06  
   0.16  0.10  -0.98  
   -0.10  -0.99  -0.11  
   -0.98  0.11  -0.15  

5  1443.93  353.17  206.28  
   -0.08  0.93  0.35  
   -0.28  0.32  -0.90  
   -0.96  -0.17  0.24  

6  1524.74  225.92  429.52  
   0.16  0.03  -0.99  
   -0.62  0.78  -0.07  
   0.77  0.62  0.15  

4  1468.49  214.31  -75.90  
   0.72  -0.67  -0.19  
   0.61  0.74  -0.27  
   0.33  0.08  0.94  

8  1464.92  -309.86  151.80  
   -0.16  -0.96  0.22  
   0.37  0.15  0.92  
   -0.92  0.22  0.33  

9  1543.05  -172.79  401.39  
   0.03  -0.09  -1.00  
   0.67  0.74  -0.05  
   0.74  -0.67  0.08  

2  855.46  -37.50  579.09  
   0.31  -0.95  -0.02  
   0.95  0.31  0.00  
   0.01  -0.02  1.00  

3  1479.20  31.25  37.95  
   0.16  0.09  -0.98  
   -0.10  -0.99  -0.11  
   -0.98  0.11  -0.15  

5  1435.00  349.15  207.17  
   -0.08  0.92  0.39  
   -0.28  0.36  -0.89  
   -0.96  -0.18  0.23  

6  1524.30  225.92  428.63  
   0.20  0.01  -0.98  
   -0.62  0.78  -0.12  
   0.76  0.63  0.16  

4  1464.92  214.31  -75.46  
   0.71  -0.68  -0.20  
   0.62  0.73  -0.28  
   0.33  0.08  0.94  

8  1460.00  -311.20  154.04  
   -0.15  -0.96  0.24  
   0.37  0.17  0.91  
   -0.92  0.23  0.33  

7  1464.47  -137.07  -84.83  
   0.80  0.55  -0.23  
   -0.52  0.83  0.18  
   0.29  -0.03  0.96  

9  1542.60  -175.47  402.28  
   0.05  -0.08  -1.00  
   0.68  0.74  -0.03  
   0.74  -0.67  0.09  

2  855.46  -37.50  578.64  
   0.31  -0.95  -0.02  
   0.95  0.31  0.00  
   0.01  -0.02  1.00  

5  1431.88  350.94  208.51  
   -0.08  0.91  0.41  
   -0.28  0.38  -0.88  
   -0.96  -0.18  0.22  

3  1477.86  30.81  37.95  
   0.15  0.09  -0.98  
   -0.10  -0.99  -0.11  
   -0.98  0.11  -0.14  

4  1462.24  215.65  -74.56  
   0.70  -0.68  -0.20  
   0.62  0.73  -0.29  
   0.34  0.08  0.94  

6  1524.74  227.26  427.29  
   0.21  0.01  -0.98  
   -0.61  0.78  -0.12  
   0.76  0.63  0.17  

7  1462.68  -137.96  -83.49  
   0.80  0.55  -0.23  
   -0.52  0.83  0.19  
   0.30  -0.03  0.95  

8  1455.99  -309.86  155.38  
   -0.15  -0.95  0.26  
   0.37  0.19  0.91  
   -0.92  0.23  0.32  

9  1540.82  -174.13  401.39  
   0.07  -0.07  -0.99  
   0.68  0.73  -0.01  
   0.73  -0.67  0.10  

2  855.02  -37.06  578.64  
   0.31  -0.95  -0.02  
   0.95  0.31  0.00  
   0.01  -0.02  1.00  

3  1476.97  30.36  38.40  
   0.15  0.09  -0.98  
   -0.10  -0.99  -0.10  
   -0.98  0.11  -0.14  

4  1460.90  215.65  -75.01  
   0.70  -0.68  -0.20  
   0.63  0.72  -0.29  
   0.34  0.08  0.94  

5  1430.98  350.04  208.95  
   -0.08  0.91  0.42  
   -0.28  0.38  -0.88  
   -0.96  -0.18  0.22  

6  1524.74  227.71  426.84  
   0.22  0.01  -0.98  
   -0.61  0.78  -0.13  
   0.76  0.62  0.18  

8  1446.16  -313.88  153.14  
   -0.14  -0.94  0.30  
   0.37  0.23  0.90  
   -0.92  0.24  0.32  

7  1460.45  -138.41  -83.05  
   0.79  0.56  -0.23  
   -0.52  0.83  0.20  
   0.31  -0.04  0.95  

9  1537.25  -183.95  396.48  
   0.11  -0.00  -0.99  
   0.67  0.74  0.08  
   0.73  -0.68  0.08  

2  855.46  -37.06  579.09  
   0.31  -0.95  -0.02  
   0.95  0.31  0.00  
   0.01  -0.02  1.00  

4  1460.90  215.65  -74.56  
   0.70  -0.69  -0.20  
   0.63  0.72  -0.29  
   0.34  0.08  0.94  

3  1476.52  29.91  37.95  
   0.15  0.08  -0.99  
   -0.10  -0.99  -0.10  
   -0.98  0.11  -0.14  

5  1430.98  349.60  207.17  
   -0.08  0.90  0.42  
   -0.28  0.38  -0.88  
   -0.96  -0.19  0.22  

6  1523.85  227.26  425.50  
   0.22  0.01  -0.97  
   -0.61  0.78  -0.13  
   0.76  0.62  0.18  

7  1458.22  -138.41  -83.94  
   0.79  0.57  -0.24  
   -0.53  0.82  0.22  
   0.32  -0.04  0.95  

8  1429.64  -306.29  153.59  
   -0.10  -0.92  0.37  
   0.38  0.31  0.87  
   -0.92  0.23  0.32  

9  1531.44  -184.40  395.14  
   0.17  0.17  -0.97  
   0.67  0.71  0.24  
   0.73  -0.69  0.01  

2  855.02  -37.06  578.64  
   0.31  -0.95  -0.02  
   0.95  0.31  0.00  
   0.01  -0.02  1.00  

4  1461.79  216.54  -74.56  
   0.70  -0.69  -0.20  
   0.63  0.72  -0.29  
   0.35  0.08  0.93  

3  1477.86  32.15  38.40  
   0.15  0.08  -0.99  
   -0.10  -0.99  -0.10  
   -0.98  0.11  -0.14  

5  1431.43  350.04  207.17  
   -0.08  0.90  0.42  
   -0.28  0.38  -0.88  
   -0.96  -0.19  0.22  

8  1409.55  -306.29  149.13  
   -0.04  -0.89  0.46  
   0.39  0.41  0.82  
   -0.92  0.22  0.33  

6  1524.30  228.15  425.05  
   0.22  0.01  -0.97  
   -0.61  0.78  -0.13  
   0.76  0.63  0.18  

9  1517.15  -201.81  396.48  
   0.23  0.36  -0.90  
   0.63  0.65  0.42  
   0.74  -0.67  -0.08  

7  1459.11  -136.18  -84.83  
   0.77  0.59  -0.24  
   -0.55  0.80  0.23  
   0.33  -0.04  0.94  

2  855.02  -37.50  578.64  
   0.31  -0.95  -0.02  
   0.95  0.31  0.00  
   0.01  -0.02  1.00  

3  1482.77  33.49  38.84  
   0.16  0.07  -0.98  
   -0.10  -0.99  -0.08  
   -0.98  0.11  -0.15  

4  1469.38  221.01  -71.88  
   0.70  -0.69  -0.21  
   0.62  0.72  -0.30  
   0.36  0.08  0.93  

5  1436.79  356.29  207.62  
   -0.07  0.91  0.41  
   -0.28  0.38  -0.88  
   -0.96  -0.18  0.23  

7  1461.79  -132.61  -88.40  
   0.75  0.62  -0.25  
   -0.58  0.79  0.22  
   0.33  -0.02  0.94  

6  1525.64  229.94  424.61  
   0.20  0.01  -0.98  
   -0.63  0.77  -0.13  
   0.75  0.64  0.16  

8  1394.82  -305.84  127.69  
   0.04  -0.87  0.49  
   0.43  0.46  0.77  
   -0.90  0.18  0.40  

9  1488.58  -229.05  389.78  
   0.24  0.55  -0.80  
   0.58  0.58  0.57  
   0.78  -0.60  -0.18  

2  855.02  -37.50  579.09  
   0.31  -0.95  -0.02  
   0.95  0.31  0.00  
   0.01  -0.02  1.00  

3  1491.70  41.08  42.86  
   0.18  0.06  -0.98  
   -0.08  -0.99  -0.08  
   -0.98  0.09  -0.17  

4  1481.44  228.15  -65.19  
   0.69  -0.68  -0.23  
   0.61  0.73  -0.31  
   0.38  0.07  0.92  

5  1443.93  362.55  212.53  
   -0.05  0.92  0.39  
   -0.28  0.37  -0.89  
   -0.96  -0.16  0.24  

7  1470.27  -125.91  -91.53  
   0.72  0.64  -0.27  
   -0.61  0.77  0.21  
   0.34  0.01  0.94  

6  1524.74  234.40  433.09  
   0.18  -0.01  -0.98  
   -0.65  0.75  -0.13  
   0.74  0.66  0.12  

8  1376.51  -303.61  102.24  
   0.16  -0.85  0.50  
   0.49  0.51  0.71  
   -0.86  0.13  0.50  

9  1454.20  -248.25  387.10  
   0.19  0.69  -0.70  
   0.51  0.54  0.67  
   0.84  -0.48  -0.25  

2  855.46  -37.50  579.09  
   0.31  -0.95  -0.02  
   0.95  0.31  0.00  
   0.01  -0.02  1.00  

3  1501.97  43.31  47.77  
   0.19  0.06  -0.98  
   -0.07  -0.99  -0.07  
   -0.98  0.08  -0.19  

4  1493.49  232.62  -59.38  
   0.69  -0.68  -0.25  
   0.60  0.73  -0.32  
   0.40  0.07  0.91  

5  1451.52  368.80  218.33  
   -0.02  0.92  0.38  
   -0.28  0.36  -0.89  
   -0.96  -0.13  0.25  

6  1528.76  233.06  432.64  
   0.15  -0.02  -0.99  
   -0.68  0.73  -0.12  
   0.72  0.69  0.10  

7  1483.22  -116.53  -93.76  
   0.70  0.65  -0.30  
   -0.63  0.75  0.19  
   0.35  0.05  0.94  

8  1360.44  -296.91  66.97  
   0.32  -0.83  0.47  
   0.52  0.56  0.64  
   -0.79  0.04  0.61  

9  1406.43  -270.57  363.44  
   0.10  0.79  -0.61  
   0.43  0.51  0.74  
   0.90  -0.34  -0.28  

2  855.46  -37.50  579.09  
   0.31  -0.95  -0.02  
   0.95  0.31  0.00  
   0.01  -0.02  1.00  

5  1459.11  374.15  219.67  
   -0.01  0.93  0.37  
   -0.28  0.35  -0.89  
   -0.96  -0.11  0.25  

4  1502.42  239.32  -54.92  
   0.68  -0.68  -0.26  
   0.60  0.73  -0.33  
   0.41  0.06  0.91  

3  1510.01  47.77  50.45  
   0.21  0.06  -0.98  
   -0.06  -1.00  -0.07  
   -0.98  0.07  -0.20  

6  1530.99  236.19  436.66  
   0.13  -0.03  -0.99  
   -0.69  0.71  -0.11  
   0.71  0.70  0.08  

8  1344.36  -285.75  41.08  
   0.45  -0.77  0.45  
   0.53  0.64  0.56  
   -0.72  -0.01  0.70  

7  1493.94  -108.50  -91.08  
   0.66  0.67  -0.32  
   -0.66  0.73  0.17  
   0.35  0.10  0.93  

9  1371.15  -281.73  337.99  
   0.07  0.88  -0.48  
   0.36  0.42  0.83  
   0.93  -0.23  -0.29  

2  855.46  -37.50  579.09  
   0.31  -0.95  -0.02  
   0.95  0.31  0.00  
   0.01  -0.02  1.00  

3  1517.15  49.11  54.47  
   0.22  0.05  -0.97  
   -0.05  -1.00  -0.07  
   -0.97  0.06  -0.22  

4  1512.24  241.55  -50.01  
   0.68  -0.68  -0.28  
   0.59  0.73  -0.33  
   0.43  0.06  0.90  

5  1464.47  378.62  224.14  
   0.01  0.93  0.36  
   -0.28  0.35  -0.90  
   -0.96  -0.09  0.27  

6  1532.78  234.85  436.66  
   0.12  -0.03  -0.99  
   -0.71  0.70  -0.11  
   0.69  0.72  0.06  

8  1334.10  -275.93  4.91  
   0.58  -0.72  0.38  
   0.51  0.69  0.52  
   -0.63  -0.11  0.77  

7  1501.97  -105.82  -96.89  
   0.64  0.69  -0.34  
   -0.69  0.71  0.15  
   0.34  0.13  0.93  

9  1317.13  -287.98  302.27  
   -0.04  0.93  -0.36  
   0.31  0.36  0.88  
   0.95  -0.08  -0.30  

2  855.02  -37.06  578.64  
   0.31  -0.95  -0.02  
   0.95  0.31  0.00  
   0.01  -0.02  1.00  

4  1521.62  243.78  -45.99  
   0.68  -0.67  -0.30  
   0.58  0.74  -0.33  
   0.44  0.05  0.89  

3  1524.30  46.88  57.15  
   0.24  0.04  -0.97  
   -0.04  -1.00  -0.06  
   -0.97  0.05  -0.24  

6  1533.23  236.19  440.68  
   0.09  -0.05  -0.99  
   -0.72  0.68  -0.10  
   0.68  0.73  0.03  

5  1468.93  381.74  228.60  
   0.04  0.94  0.34  
   -0.28  0.34  -0.90  
   -0.96  -0.06  0.28  

7  1506.88  -103.14  -95.10  
   0.58  0.73  -0.37  
   -0.74  0.66  0.15  
   0.35  0.18  0.92  

8  1318.47  -253.60  -10.27  
   0.73  -0.62  0.29  
   0.43  0.75  0.51  
   -0.53  -0.25  0.81  

9  1253.28  -262.09  274.59  
   -0.18  0.97  -0.16  
   0.30  0.21  0.93  
   0.94  0.12  -0.33  

4  1532.78  246.46  -38.40  
   0.68  -0.65  -0.33  
   0.56  0.76  -0.33  
   0.46  0.04  0.89  

2  855.46  -37.06  579.09  
   0.31  -0.95  -0.02  
   0.95  0.31  0.00  
   0.01  -0.02  1.00  

3  1529.21  50.45  62.51  
   0.25  0.04  -0.97  
   -0.04  -1.00  -0.05  
   -0.97  0.05  -0.25  

6  1534.12  236.64  443.81  
   0.07  -0.06  -1.00  
   -0.74  0.67  -0.09  
   0.67  0.74  0.00  

7  1509.12  -103.14  -90.64  
   0.52  0.77  -0.38  
   -0.77  0.61  0.17  
   0.36  0.21  0.91  

5  1476.97  383.53  230.39  
   0.06  0.95  0.32  
   -0.29  0.32  -0.90  
   -0.96  -0.04  0.29  

9  1212.21  -233.96  264.32  
   -0.26  0.96  0.03  
   0.29  0.05  0.95  
   0.92  0.26  -0.29  

8  1302.84  -229.49  -8.93  
   0.82  -0.51  0.27  
   0.31  0.78  0.54  
   -0.49  -0.36  0.79  

3  1534.12  47.77  66.08  
   0.27  0.02  -0.96  
   -0.04  -1.00  -0.03  
   -0.96  0.05  -0.27  

2  855.46  -37.50  579.09  
   0.31  -0.95  -0.02  
   0.95  0.31  0.00  
   0.01  -0.02  1.00  

4  1543.05  246.01  -34.38  
   0.69  -0.63  -0.35  
   0.54  0.78  -0.32  
   0.47  0.03  0.88  

5  1485.90  387.55  233.06  
   0.08  0.95  0.29  
   -0.29  0.30  -0.91  
   -0.95  -0.01  0.30  

6  1535.01  238.42  448.27  
   0.03  -0.07  -1.00  
   -0.74  0.66  -0.07  
   0.67  0.74  -0.03  

7  1508.67  -103.58  -88.40  
   0.47  0.80  -0.38  
   -0.81  0.56  0.19  
   0.36  0.22  0.91  

8  1291.23  -208.95  -2.23  
   0.85  -0.42  0.31  
   0.21  0.81  0.54  
   -0.48  -0.40  0.78  

9  1193.45  -205.83  266.10  
   -0.30  0.94  0.15  
   0.29  -0.06  0.95  
   0.91  0.33  -0.26  

2  855.46  -37.50  579.09  
   0.31  -0.95  -0.02  
   0.95  0.31  0.00  
   0.01  -0.02  1.00  

4  1549.75  246.01  -32.15  
   0.70  -0.61  -0.36  
   0.53  0.79  -0.31  
   0.47  0.03  0.88  

3  1538.14  50.90  69.21  
   0.27  0.00  -0.96  
   -0.05  -1.00  -0.02  
   -0.96  0.05  -0.27  

5  1493.49  391.12  236.19  
   0.09  0.96  0.26  
   -0.29  0.28  -0.91  
   -0.95  0.01  0.31  

6  1536.80  238.87  450.50  
   0.00  -0.07  -1.00  
   -0.75  0.66  -0.05  
   0.66  0.75  -0.05  

9  1192.11  -192.43  269.68  
   -0.30  0.93  0.21  
   0.29  -0.12  0.95  
   0.91  0.35  -0.24  

8  1291.68  -200.92  2.23  
   0.86  -0.40  0.33  
   0.16  0.82  0.55  
   -0.49  -0.42  0.77  

7  1508.67  -104.92  -87.06  
   0.45  0.81  -0.38  
   -0.82  0.54  0.19  
   0.36  0.22  0.90  

2  855.46  -37.50  579.09  
   0.31  -0.95  -0.02  
   0.95  0.31  0.00  
   0.01  -0.02  1.00  

4  1553.77  244.23  -32.15  
   0.71  -0.61  -0.36  
   0.53  0.79  -0.30  
   0.47  0.02  0.88  

3  1542.16  48.67  70.54  
   0.28  -0.00  -0.96  
   -0.05  -1.00  -0.01  
   -0.96  0.05  -0.28  

6  1538.59  235.74  450.95  
   -0.01  -0.06  -1.00  
   -0.75  0.66  -0.04  
   0.66  0.75  -0.05  

5  1497.06  390.67  237.08  
   0.10  0.96  0.25  
   -0.29  0.27  -0.92  
   -0.95  0.02  0.31  

9  1193.01  -196.90  269.23  
   -0.35  0.93  0.11  
   0.31  0.00  0.95  
   0.88  0.37  -0.29  

7  1511.80  -105.82  -86.17  
   0.45  0.81  -0.38  
   -0.82  0.54  0.19  
   0.36  0.22  0.90  

8  1298.82  -204.94  4.46  
   0.86  -0.40  0.32  
   0.15  0.80  0.59  
   -0.49  -0.45  0.75  

2  855.02  -37.50  578.64  
   0.31  -0.95  -0.02  
   0.95  0.31  0.00  
   0.01  -0.02  1.00  

4  1556.44  246.46  -32.15  
   0.70  -0.62  -0.35  
   0.55  0.78  -0.30  
   0.46  0.02  0.89  

3  1546.62  50.90  73.22  
   0.29  0.00  -0.96  
   -0.06  -1.00  -0.02  
   -0.96  0.06  -0.29  

7  1520.28  -101.80  -80.37  
   0.47  0.79  -0.39  
   -0.80  0.57  0.18  
   0.37  0.23  0.90  

6  1538.14  236.19  450.95  
   -0.01  -0.07  -1.00  
   -0.75  0.66  -0.04  
   0.66  0.75  -0.06  

5  1496.17  391.12  237.53  
   0.11  0.96  0.26  
   -0.29  0.28  -0.91  
   -0.95  0.03  0.31  

8  1306.86  -207.62  15.18  
   0.86  -0.42  0.27  
   0.15  0.74  0.66  
   -0.48  -0.53  0.70  

9  1202.38  -176.81  279.05  
   -0.40  0.90  -0.17  
   0.41  0.34  0.84  
   0.82  0.26  -0.51  

2  855.46  -37.50  579.09  
   0.31  -0.95  -0.02  
   0.95  0.31  0.00  
   0.01  -0.02  1.00  

4  1558.23  245.12  -31.70  
   0.70  -0.63  -0.35  
   0.56  0.78  -0.29  
   0.45  0.01  0.89  

3  1550.19  52.24  75.46  
   0.29  0.00  -0.96  
   -0.07  -1.00  -0.02  
   -0.95  0.07  -0.29  

5  1495.72  390.23  237.08  
   0.12  0.96  0.27  
   -0.29  0.29  -0.91  
   -0.95  0.03  0.31  

6  1537.25  235.30  451.40  
   -0.01  -0.07  -1.00  
   -0.75  0.66  -0.04  
   0.66  0.75  -0.06  

7  1522.96  -104.48  -76.80  
   0.49  0.78  -0.39  
   -0.79  0.59  0.19  
   0.38  0.21  0.90  

8  1309.54  -208.06  33.04  
   0.86  -0.43  0.27  
   0.11  0.68  0.73  
   -0.50  -0.60  0.63  

9  1204.61  -150.91  292.89  
   -0.45  0.80  -0.40  
   0.48  0.60  0.64  
   0.75  0.10  -0.65  

2  855.46  -37.50  579.09  
   0.31  -0.95  -0.02  
   0.95  0.31  0.00  
   0.01  -0.02  1.00  

4  1561.36  245.57  -35.27  
   0.70  -0.63  -0.34  
   0.57  0.78  -0.27  
   0.43  -0.00  0.90  

3  1554.21  51.35  75.90  
   0.29  -0.02  -0.96  
   -0.10  -0.99  -0.01  
   -0.95  0.10  -0.29  

8  1307.31  -199.58  54.92  
   0.86  -0.43  0.27  
   0.06  0.61  0.79  
   -0.51  -0.66  0.55  

7  1522.96  -108.05  -68.31  
   0.48  0.79  -0.38  
   -0.78  0.58  0.23  
   0.40  0.19  0.90  

5  1498.40  389.78  233.96  
   0.13  0.96  0.26  
   -0.29  0.29  -0.91  
   -0.95  0.04  0.31  

6  1538.14  236.64  450.95  
   -0.01  -0.08  -1.00  
   -0.75  0.66  -0.04  
   0.66  0.75  -0.06  

9  1201.94  -119.66  308.52  
   -0.50  0.68  -0.53  
   0.51  0.73  0.45  
   0.70  -0.05  -0.72  

2  855.46  -37.50  579.09  
   0.31  -0.95  -0.02  
   0.95  0.31  0.00  
   0.01  -0.02  1.00  

4  1564.03  242.89  -36.61  
   0.71  -0.62  -0.34  
   0.56  0.78  -0.26  
   0.42  -0.01  0.91  

3  1556.44  51.35  78.13  
   0.29  -0.03  -0.96  
   -0.12  -0.99  -0.00  
   -0.95  0.12  -0.29  

6  1539.03  237.53  451.84  
   -0.03  -0.07  -1.00  
   -0.74  0.67  -0.03  
   0.67  0.74  -0.07  

5  1501.97  390.67  233.96  
   0.13  0.96  0.25  
   -0.29  0.28  -0.92  
   -0.95  0.05  0.32  

7  1522.07  -112.51  -64.74  
   0.47  0.80  -0.37  
   -0.78  0.57  0.26  
   0.42  0.16  0.89  

8  1306.86  -194.22  69.21  
   0.86  -0.42  0.30  
   0.02  0.61  0.79  
   -0.51  -0.67  0.53  

9  1202.83  -113.41  311.65  
   -0.44  0.72  -0.54  
   0.57  0.68  0.45  
   0.69  -0.11  -0.71  

2  855.46  -37.50  578.64  
   0.31  -0.95  -0.02  
   0.95  0.31  0.00  
   0.01  -0.02  1.00  

3  1557.78  49.56  79.03  
   0.28  -0.04  -0.96  
   -0.14  -0.99  0.00  
   -0.95  0.13  -0.28  

5  1505.99  389.78  231.73  
   0.14  0.96  0.23  
   -0.30  0.26  -0.92  
   -0.95  0.06  0.32  

4  1569.39  238.87  -38.84  
   0.72  -0.60  -0.36  
   0.54  0.80  -0.25  
   0.44  -0.02  0.90  

6  1539.92  237.08  450.50  
   -0.04  -0.07  -1.00  
   -0.74  0.68  -0.01  
   0.68  0.73  -0.08  

7  1520.28  -119.21  -58.49  
   0.44  0.81  -0.38  
   -0.76  0.56  0.33  
   0.48  0.14  0.87  

8  1302.84  -194.67  75.90  
   0.87  -0.41  0.28  
   -0.02  0.53  0.85  
   -0.49  -0.75  0.45  

9  1191.22  -89.74  312.54  
   -0.55  0.58  -0.60  
   0.57  0.78  0.24  
   0.61  -0.21  -0.76  

5  1507.33  388.44  229.94  
   0.14  0.96  0.22  
   -0.30  0.25  -0.92  
   -0.94  0.06  0.33  

2  855.46  -37.50  579.09  
   0.31  -0.95  -0.02  
   0.95  0.31  0.00  
   0.01  -0.02  1.00  

3  1556.44  45.54  79.47  
   0.28  -0.06  -0.96  
   -0.15  -0.99  0.02  
   -0.95  0.14  -0.28  

4  1569.39  237.08  -38.40  
   0.72  -0.60  -0.36  
   0.54  0.80  -0.25  
   0.44  -0.02  0.90  

6  1540.37  236.19  450.95  
   -0.05  -0.06  -1.00  
   -0.73  0.68  -0.00  
   0.68  0.73  -0.08  

8  1291.23  -178.59  81.26  
   0.87  -0.36  0.33  
   -0.08  0.56  0.82  
   -0.48  -0.74  0.46  

7  1515.81  -121.89  -49.11  
   0.41  0.83  -0.38  
   -0.77  0.53  0.35  
   0.50  0.14  0.86  

9  1188.99  -58.04  311.65  
   -0.51  0.60  -0.61  
   0.61  0.76  0.24  
   0.61  -0.24  -0.76  

2  855.46  -37.50  579.09  
   0.31  -0.95  -0.02  
   0.95  0.31  0.00  
   0.01  -0.02  1.00  

4  1573.86  229.94  -38.84  
   0.73  -0.57  -0.38  
   0.52  0.82  -0.23  
   0.45  -0.03  0.89  

3  1555.55  37.95  78.58  
   0.26  -0.10  -0.96  
   -0.17  -0.98  0.05  
   -0.95  0.15  -0.28  

5  1512.24  384.87  228.15  
   0.14  0.97  0.20  
   -0.31  0.24  -0.92  
   -0.94  0.06  0.34  

6  1540.82  235.74  450.50  
   -0.07  -0.05  -1.00  
   -0.72  0.69  0.01  
   0.69  0.72  -0.09  

7  1507.78  -132.16  -50.01  
   0.35  0.87  -0.35  
   -0.78  0.48  0.39  
   0.51  0.14  0.85  

8  1281.86  -170.11  80.81  
   0.86  -0.33  0.38  
   -0.13  0.59  0.80  
   -0.49  -0.74  0.47  

9  1180.06  -51.79  312.99  
   -0.50  0.66  -0.57  
   0.58  0.74  0.34  
   0.64  -0.16  -0.75  

2  855.46  -37.06  579.09  
   0.31  -0.95  -0.02  
   0.95  0.31  0.00  
   0.01  -0.02  1.00  

6  1542.16  234.85  450.95  
   -0.09  -0.05  -1.00  
   -0.71  0.70  0.03  
   0.70  0.71  -0.09  

4  1574.30  227.71  -40.63  
   0.73  -0.56  -0.38  
   0.52  0.82  -0.23  
   0.45  -0.03  0.89  

3  1554.66  36.61  77.69  
   0.26  -0.11  -0.96  
   -0.18  -0.98  0.06  
   -0.95  0.16  -0.27  

5  1517.15  383.98  225.03  
   0.14  0.97  0.18  
   -0.32  0.22  -0.92  
   -0.94  0.07  0.34  

7  1501.53  -133.50  -49.11  
   0.34  0.88  -0.34  
   -0.79  0.46  0.41  
   0.51  0.13  0.85  

9  1178.27  -62.06  324.15  
   -0.48  0.71  -0.52  
   0.56  0.70  0.44  
   0.67  -0.08  -0.73  

8  1277.39  -164.75  81.26  
   0.85  -0.31  0.42  
   -0.15  0.63  0.76  
   -0.50  -0.71  0.50  

2  855.46  -37.06  579.09  
   0.31  -0.95  -0.02  
   0.95  0.31  0.00  
   0.01  -0.02  1.00  

3  1553.77  34.83  77.24  
   0.26  -0.11  -0.96  
   -0.18  -0.98  0.07  
   -0.95  0.16  -0.27  

4  1573.86  225.92  -41.08  
   0.73  -0.56  -0.39  
   0.52  0.83  -0.23  
   0.45  -0.03  0.89  

5  1517.15  382.19  225.03  
   0.13  0.97  0.18  
   -0.32  0.22  -0.92  
   -0.94  0.07  0.34  

6  1541.26  234.40  451.40  
   -0.09  -0.04  -1.00  
   -0.71  0.70  0.03  
   0.70  0.71  -0.09  

7  1501.08  -135.73  -49.11  
   0.33  0.88  -0.34  
   -0.79  0.46  0.41  
   0.52  0.13  0.85  

8  1276.95  -165.65  85.72  
   0.85  -0.31  0.43  
   -0.15  0.63  0.76  
   -0.50  -0.71  0.49  

9  1178.27  -73.22  333.97  
   -0.50  0.66  -0.56  
   0.50  0.75  0.44  
   0.71  -0.06  -0.70  

4  1572.52  225.03  -41.08  
   0.73  -0.56  -0.39  
   0.52  0.82  -0.23  
   0.45  -0.04  0.89  

2  855.46  -37.50  578.64  
   0.31  -0.95  -0.02  
   0.95  0.31  0.00  
   0.01  -0.02  1.00  

3  1551.98  35.27  77.24  
   0.25  -0.11  -0.96  
   -0.19  -0.98  0.07  
   -0.95  0.16  -0.27  

5  1516.26  381.30  224.58  
   0.13  0.97  0.18  
   -0.32  0.22  -0.92  
   -0.94  0.06  0.35  

6  1540.37  234.40  450.95  
   -0.08  -0.04  -1.00  
   -0.71  0.71  0.03  
   0.70  0.71  -0.09  

7  1498.85  -135.73  -47.77  
   0.33  0.88  -0.34  
   -0.78  0.46  0.42  
   0.52  0.12  0.84  

8  1276.50  -164.31  95.99  
   0.83  -0.33  0.45  
   -0.15  0.65  0.74  
   -0.54  -0.69  0.49  

9  1180.95  -84.83  347.81  
   -0.50  0.63  -0.60  
   0.45  0.78  0.44  
   0.74  -0.06  -0.67  

2  855.46  -37.06  579.09  
   0.31  -0.95  -0.02  
   0.95  0.31  0.00  
   0.01  -0.02  1.00  

4  1571.63  224.58  -41.52  
   0.73  -0.56  -0.39  
   0.52  0.82  -0.23  
   0.45  -0.04  0.89  

7  1497.51  -136.62  -46.88  
   0.33  0.88  -0.33  
   -0.78  0.46  0.42  
   0.53  0.12  0.84  

5  1514.92  381.74  224.58  
   0.13  0.97  0.19  
   -0.33  0.22  -0.92  
   -0.94  0.06  0.35  

3  1550.64  33.49  75.46  
   0.25  -0.12  -0.96  
   -0.19  -0.98  0.07  
   -0.95  0.17  -0.26  

8  1275.61  -165.65  94.65  
   0.83  -0.33  0.45  
   -0.15  0.65  0.75  
   -0.54  -0.68  0.49  

6  1540.37  233.96  450.95  
   -0.08  -0.04  -1.00  
   -0.71  0.71  0.03  
   0.70  0.71  -0.09  

9  1178.72  -87.06  348.70  
   -0.49  0.67  -0.56  
   0.46  0.74  0.49  
   0.74  -0.02  -0.67  

2  855.46  -37.06  579.09  
   0.31  -0.95  -0.02  
   0.95  0.31  0.00  
   0.01  -0.02  1.00  

3  1550.19  33.49  75.01  
   0.25  -0.12  -0.96  
   -0.19  -0.98  0.07  
   -0.95  0.17  -0.26  

4  1570.29  224.14  -42.86  
   0.73  -0.57  -0.39  
   0.52  0.82  -0.23  
   0.45  -0.04  0.89  

5  1514.47  380.85  225.03  
   0.13  0.97  0.19  
   -0.33  0.22  -0.92  
   -0.94  0.06  0.35  

6  1539.92  235.30  450.95  
   -0.08  -0.04  -1.00  
   -0.71  0.71  0.03  
   0.70  0.70  -0.08  

9  1179.17  -86.17  348.70  
   -0.49  0.67  -0.56  
   0.46  0.74  0.48  
   0.74  -0.02  -0.67  

7  1497.51  -136.62  -47.33  
   0.34  0.88  -0.33  
   -0.78  0.46  0.42  
   0.53  0.12  0.84  

8  1275.16  -165.65  94.65  
   0.83  -0.34  0.45  
   -0.15  0.65  0.75  
   -0.54  -0.69  0.48  

2  855.46  -37.06  579.09  
   0.31  -0.95  -0.02  
   0.95  0.31  0.00  
   0.01  -0.02  1.00  

3  1549.75  32.15  75.01  
   0.25  -0.12  -0.96  
   -0.19  -0.98  0.07  
   -0.95  0.17  -0.26  

5  1514.03  380.85  225.03  
   0.13  0.97  0.19  
   -0.33  0.22  -0.92  
   -0.94  0.06  0.34  

6  1539.92  234.85  450.95  
   -0.08  -0.04  -1.00  
   -0.71  0.71  0.03  
   0.70  0.71  -0.08  

4  1570.29  224.58  -42.42  
   0.73  -0.57  -0.39  
   0.52  0.82  -0.23  
   0.45  -0.04  0.89  

9  1176.93  -79.92  345.13  
   -0.47  0.76  -0.44  
   0.47  0.64  0.60  
   0.75  0.07  -0.66  

7  1497.06  -136.62  -47.33  
   0.34  0.88  -0.33  
   -0.78  0.46  0.42  
   0.53  0.12  0.84  

8  1275.16  -165.65  94.21  
   0.83  -0.34  0.45  
   -0.15  0.65  0.75  
   -0.54  -0.69  0.48  

2  855.46  -37.50  579.09  
   0.31  -0.95  -0.02  
   0.95  0.31  0.00  
   0.01  -0.02  1.00  

3  1549.75  33.49  75.01  
   0.25  -0.12  -0.96  
   -0.19  -0.98  0.07  
   -0.95  0.17  -0.26  

5  1513.58  381.30  224.14  
   0.13  0.97  0.19  
   -0.33  0.22  -0.92  
   -0.94  0.06  0.35  

6  1539.92  235.30  450.50  
   -0.07  -0.04  -1.00  
   -0.71  0.71  0.02  
   0.70  0.70  -0.08  

4  1570.29  224.58  -42.42  
   0.73  -0.57  -0.39  
   0.52  0.82  -0.23  
   0.45  -0.04  0.89  

7  1496.17  -136.18  -46.88  
   0.33  0.88  -0.33  
   -0.78  0.45  0.43  
   0.53  0.12  0.84  

9  1171.13  -75.46  338.88  
   -0.43  0.88  -0.17  
   0.46  0.39  0.80  
   0.77  0.27  -0.58  

8  1269.36  -160.29  86.62  
   0.83  -0.31  0.47  
   -0.16  0.67  0.73  
   -0.54  -0.68  0.50  

2  855.46  -37.50  579.09  
   0.31  -0.95  -0.02  
   0.95  0.31  0.00  
   0.01  -0.02  1.00  

4  1569.84  224.14  -42.42  
   0.73  -0.57  -0.39  
   0.52  0.82  -0.23  
   0.45  -0.04  0.89  

3  1549.30  33.04  75.01  
   0.25  -0.12  -0.96  
   -0.19  -0.98  0.08  
   -0.95  0.17  -0.26  

6  1539.92  234.85  450.95  
   -0.07  -0.04  -1.00  
   -0.71  0.71  0.02  
   0.70  0.70  -0.08  

7  1495.28  -136.62  -46.43  
   0.31  0.89  -0.33  
   -0.79  0.43  0.43  
   0.53  0.12  0.84  

8  1263.55  -150.02  73.67  
   0.82  -0.25  0.51  
   -0.18  0.74  0.65  
   -0.54  -0.62  0.57  

5  1513.58  381.30  224.58  
   0.13  0.97  0.19  
   -0.33  0.22  -0.92  
   -0.94  0.06  0.35  

9  1159.97  -82.15  328.17  
   -0.37  0.91  0.20  
   0.43  -0.03  0.90  
   0.83  0.42  -0.37  

2  855.46  -37.50  579.09  
   0.31  -0.95  -0.02  
   0.95  0.31  0.00  
   0.01  -0.02  1.00  

3  1549.30  33.04  75.46  
   0.25  -0.12  -0.96  
   -0.19  -0.98  0.08  
   -0.95  0.16  -0.26  

5  1513.58  381.30  224.58  
   0.13  0.97  0.19  
   -0.33  0.22  -0.92  
   -0.94  0.06  0.35  

4  1570.29  223.69  -42.86  
   0.73  -0.56  -0.39  
   0.52  0.83  -0.22  
   0.45  -0.04  0.89  

6  1539.92  234.40  451.40  
   -0.08  -0.04  -1.00  
   -0.71  0.71  0.02  
   0.70  0.70  -0.08  

7  1493.94  -139.30  -48.22  
   0.29  0.90  -0.32  
   -0.80  0.41  0.44  
   0.52  0.13  0.84  

8  1262.66  -139.30  70.10  
   0.81  -0.19  0.55  
   -0.19  0.81  0.56  
   -0.55  -0.56  0.62  

9  1152.82  -100.01  325.49  
   -0.37  0.83  0.41  
   0.34  -0.29  0.89  
   0.86  0.47  -0.17  

2  855.46  -37.50  579.09  
   0.31  -0.95  -0.02  
   0.95  0.31  0.00  
   0.01  -0.02  1.00  

3  1548.85  32.59  75.46  
   0.25  -0.12  -0.96  
   -0.19  -0.98  0.08  
   -0.95  0.16  -0.26  

5  1513.58  381.30  224.14  
   0.13  0.97  0.19  
   -0.33  0.22  -0.92  
   -0.94  0.06  0.35  

6  1539.48  234.85  451.40  
   -0.08  -0.04  -1.00  
   -0.71  0.71  0.02  
   0.70  0.70  -0.08  

7  1493.94  -137.96  -47.77  
   0.29  0.90  -0.32  
   -0.80  0.41  0.43  
   0.52  0.13  0.84  

4  1570.29  224.14  -42.42  
   0.73  -0.56  -0.39  
   0.52  0.83  -0.22  
   0.45  -0.04  0.89  

8  1264.00  -140.20  73.67  
   0.81  -0.19  0.55  
   -0.19  0.81  0.56  
   -0.55  -0.56  0.62  

9  1152.38  -111.17  330.40  
   -0.39  0.79  0.47  
   0.29  -0.38  0.88  
   0.87  0.48  -0.09  

2  855.46  -37.50  579.09  
   0.31  -0.95  -0.02  
   0.95  0.31  0.00  
   0.01  -0.02  1.00  

3  1549.30  31.70  75.90  
   0.25  -0.13  -0.96  
   -0.19  -0.98  0.08  
   -0.95  0.16  -0.27  

4  1570.29  223.69  -41.97  
   0.73  -0.56  -0.39  
   0.52  0.83  -0.22  
   0.45  -0.04  0.89  

5  1514.03  380.85  224.14  
   0.13  0.97  0.18  
   -0.33  0.22  -0.92  
   -0.94  0.06  0.35  

7  1495.72  -137.96  -48.67  
   0.30  0.90  -0.32  
   -0.80  0.42  0.42  
   0.52  0.13  0.85  

9  1153.27  -112.07  327.72  
   -0.39  0.78  0.48  
   0.30  -0.39  0.87  
   0.87  0.48  -0.08  

8  1265.78  -143.77  74.12  
   0.81  -0.19  0.56  
   -0.19  0.81  0.56  
   -0.56  -0.56  0.62  

6  1539.92  234.85  450.95  
   -0.08  -0.04  -1.00  
   -0.71  0.71  0.02  
   0.70  0.70  -0.09  

2  855.46  -37.50  579.09  
   0.31  -0.95  -0.02  
   0.95  0.31  0.00  
   0.01  -0.02  1.00  

6  1539.92  234.85  450.95  
   -0.08  -0.05  -1.00  
   -0.71  0.71  0.02  
   0.70  0.70  -0.09  

5  1514.03  380.85  225.03  
   0.13  0.97  0.18  
   -0.33  0.22  -0.92  
   -0.94  0.06  0.35  

4  1569.84  224.58  -42.42  
   0.73  -0.56  -0.39  
   0.52  0.83  -0.22  
   0.45  -0.04  0.89  

3  1549.75  32.15  75.90  
   0.25  -0.13  -0.96  
   -0.19  -0.98  0.08  
   -0.95  0.16  -0.27  

7  1496.62  -137.52  -49.56  
   0.30  0.89  -0.33  
   -0.80  0.43  0.42  
   0.51  0.14  0.85  

9  1153.72  -112.51  327.72  
   -0.39  0.78  0.49  
   0.30  -0.39  0.87  
   0.87  0.49  -0.08  

8  1267.12  -143.77  73.67  
   0.81  -0.20  0.56  
   -0.19  0.80  0.56  
   -0.56  -0.56  0.61  

2  855.02  -37.06  578.64  
   0.31  -0.95  -0.02  
   0.95  0.31  0.00  
   0.01  -0.02  1.00  

4  1570.73  224.58  -41.97  
   0.73  -0.56  -0.39  
   0.52  0.83  -0.23  
   0.45  -0.04  0.89  

3  1549.30  31.70  75.90  
   0.25  -0.13  -0.96  
   -0.19  -0.98  0.08  
   -0.95  0.16  -0.27  

5  1514.03  380.85  225.92  
   0.13  0.97  0.18  
   -0.33  0.22  -0.92  
   -0.94  0.06  0.35  

8  1268.46  -146.89  75.46  
   0.81  -0.22  0.55  
   -0.18  0.79  0.58  
   -0.56  -0.57  0.60  

6  1539.48  234.85  451.84  
   -0.08  -0.05  -1.00  
   -0.71  0.71  0.02  
   0.70  0.71  -0.09  

7  1497.96  -137.07  -50.01  
   0.31  0.89  -0.33  
   -0.80  0.43  0.41  
   0.51  0.14  0.85  

9  1154.61  -114.75  329.06  
   -0.40  0.79  0.46  
   0.30  -0.36  0.88  
   0.86  0.49  -0.09  

2  855.46  -37.06  578.64  
   0.31  -0.95  -0.02  
   0.95  0.31  0.00  
   0.01  -0.02  1.00  

4  1570.73  224.58  -41.52  
   0.73  -0.56  -0.39  
   0.52  0.83  -0.23  
   0.45  -0.04  0.89  

3  1550.19  33.04  77.24  
   0.26  -0.12  -0.96  
   -0.18  -0.98  0.08  
   -0.95  0.16  -0.28  

5  1513.58  381.74  225.92  
   0.13  0.97  0.18  
   -0.33  0.22  -0.92  
   -0.94  0.06  0.35  

6  1539.92  234.85  451.40  
   -0.07  -0.05  -1.00  
   -0.71  0.71  0.02  
   0.70  0.71  -0.09  

8  1270.25  -149.13  76.80  
   0.81  -0.23  0.54  
   -0.18  0.78  0.60  
   -0.56  -0.58  0.59  

9  1157.29  -115.64  328.61  
   -0.41  0.80  0.44  
   0.30  -0.33  0.89  
   0.86  0.49  -0.11  

7  1500.19  -134.39  -50.01  
   0.32  0.88  -0.34  
   -0.80  0.44  0.40  
   0.51  0.14  0.85  

2  855.46  -37.06  578.64  
   0.31  -0.95  -0.02  
   0.95  0.31  0.00  
   0.01  -0.02  1.00  

5  1512.69  382.19  225.92  
   0.13  0.97  0.19  
   -0.32  0.22  -0.92  
   -0.94  0.06  0.34  

6  1539.92  235.30  451.40  
   -0.07  -0.05  -1.00  
   -0.71  0.70  0.01  
   0.70  0.71  -0.09  

4  1570.29  225.92  -40.63  
   0.73  -0.56  -0.39  
   0.52  0.82  -0.23  
   0.45  -0.04  0.89  

3  1549.30  33.04  77.24  
   0.26  -0.12  -0.96  
   -0.18  -0.98  0.07  
   -0.95  0.15  -0.28  

7  1501.53  -133.05  -50.45  
   0.33  0.88  -0.35  
   -0.80  0.45  0.40  
   0.51  0.15  0.85  

8  1272.03  -150.02  77.69  
   0.81  -0.24  0.53  
   -0.17  0.78  0.61  
   -0.56  -0.58  0.59  

9  1159.07  -117.87  329.51  
   -0.41  0.82  0.41  
   0.30  -0.30  0.90  
   0.86  0.50  -0.12  

2  855.46  -37.50  578.64  
   0.31  -0.95  -0.02  
   0.95  0.31  0.00  
   0.01  -0.02  1.00  

4  1570.73  227.26  -39.74  
   0.72  -0.57  -0.39  
   0.52  0.82  -0.23  
   0.45  -0.04  0.89  

5  1511.80  381.74  227.26  
   0.13  0.97  0.19  
   -0.32  0.22  -0.92  
   -0.94  0.06  0.34  

3  1549.30  33.93  77.24  
   0.26  -0.11  -0.96  
   -0.17  -0.98  0.07  
   -0.95  0.15  -0.28  

6  1539.92  235.30  452.29  
   -0.07  -0.05  -1.00  
   -0.71  0.70  0.01  
   0.70  0.71  -0.08  

8  1272.93  -153.59  76.80  
   0.81  -0.25  0.53  
   -0.16  0.77  0.62  
   -0.56  -0.59  0.58  

9  1161.75  -119.66  329.51  
   -0.41  0.83  0.37  
   0.31  -0.26  0.92  
   0.86  0.49  -0.15  

7  1502.42  -132.61  -50.90  
   0.33  0.88  -0.35  
   -0.79  0.46  0.40  
   0.51  0.15  0.85  

2  855.02  -37.50  578.64  
   0.31  -0.95  -0.02  
   0.95  0.31  0.00  
   0.01  -0.02  1.00  

4  1569.84  227.71  -39.74  
   0.72  -0.57  -0.39  
   0.52  0.82  -0.23  
   0.45  -0.04  0.89  

6  1539.48  235.30  452.29  
   -0.06  -0.05  -1.00  
   -0.71  0.70  0.01  
   0.70  0.71  -0.08  

3  1548.85  35.72  77.69  
   0.26  -0.11  -0.96  
   -0.17  -0.98  0.06  
   -0.95  0.15  -0.28  

5  1510.90  382.19  228.15  
   0.13  0.97  0.19  
   -0.32  0.22  -0.92  
   -0.94  0.06  0.34  

7  1503.76  -131.27  -51.79  
   0.34  0.87  -0.35  
   -0.79  0.46  0.39  
   0.51  0.15  0.85  

9  1161.75  -119.66  330.40  
   -0.42  0.83  0.36  
   0.31  -0.24  0.92  
   0.86  0.49  -0.15  

8  1273.82  -152.70  77.24  
   0.81  -0.26  0.52  
   -0.16  0.77  0.62  
   -0.56  -0.59  0.58  

2  855.46  -37.50  578.64  
   0.31  -0.95  -0.02  
   0.95  0.31  0.00  
   0.01  -0.02  1.00  

3  1548.85  35.72  77.24  
   0.27  -0.11  -0.96  
   -0.17  -0.98  0.06  
   -0.95  0.14  -0.28  

4  1569.84  229.05  -40.18  
   0.72  -0.57  -0.39  
   0.52  0.82  -0.23  
   0.45  -0.03  0.89  

6  1539.03  235.74  453.18  
   -0.06  -0.05  -1.00  
   -0.72  0.70  0.01  
   0.69  0.71  -0.08  

5  1510.90  382.64  228.60  
   0.13  0.97  0.19  
   -0.32  0.23  -0.92  
   -0.94  0.06  0.34  

7  1503.76  -130.37  -51.35  
   0.34  0.87  -0.35  
   -0.79  0.47  0.39  
   0.51  0.15  0.85  

8  1274.27  -154.04  77.24  
   0.81  -0.26  0.52  
   -0.16  0.76  0.63  
   -0.56  -0.59  0.58  

9  1162.65  -121.44  330.40  
   -0.42  0.84  0.35  
   0.31  -0.23  0.92  
   0.86  0.49  -0.16  

2  855.46  -37.50  579.09  
   0.31  -0.95  -0.02  
   0.95  0.31  0.00  
   0.01  -0.02  1.00  

5  1510.46  383.08  229.05  
   0.13  0.97  0.19  
   -0.32  0.23  -0.92  
   -0.94  0.06  0.34  

3  1548.85  36.61  77.69  
   0.27  -0.10  -0.96  
   -0.17  -0.98  0.06  
   -0.95  0.14  -0.28  

4  1568.95  229.49  -39.29  
   0.72  -0.57  -0.39  
   0.52  0.82  -0.24  
   0.46  -0.03  0.89  

6  1539.48  235.74  454.07  
   -0.06  -0.06  -1.00  
   -0.72  0.70  0.01  
   0.69  0.72  -0.08  

7  1504.21  -129.48  -51.79  
   0.34  0.87  -0.36  
   -0.79  0.47  0.39  
   0.51  0.15  0.85  

8  1275.16  -154.48  76.35  
   0.81  -0.27  0.52  
   -0.15  0.76  0.63  
   -0.56  -0.59  0.58  

9  1163.54  -121.44  330.40  
   -0.42  0.85  0.33  
   0.31  -0.21  0.93  
   0.85  0.49  -0.17  

2  855.46  -37.50  578.64  
   0.31  -0.95  -0.02  
   0.95  0.31  0.00  
   0.01  -0.02  1.00  

4  1568.50  230.39  -38.40  
   0.72  -0.57  -0.39  
   0.52  0.82  -0.24  
   0.46  -0.03  0.89  

6  1539.03  235.74  453.18  
   -0.06  -0.06  -1.00  
   -0.72  0.70  0.00  
   0.69  0.72  -0.08  

3  1548.85  36.61  78.58  
   0.27  -0.10  -0.96  
   -0.16  -0.98  0.06  
   -0.95  0.14  -0.28  

5  1510.01  383.53  229.05  
   0.13  0.97  0.20  
   -0.32  0.23  -0.92  
   -0.94  0.06  0.34  

7  1504.65  -129.03  -51.79  
   0.34  0.87  -0.36  
   -0.79  0.47  0.39  
   0.50  0.15  0.85  

9  1164.88  -124.12  330.84  
   -0.42  0.85  0.31  
   0.31  -0.18  0.93  
   0.85  0.49  -0.19  

8  1275.61  -155.38  75.46  
   0.81  -0.27  0.51  
   -0.14  0.76  0.63  
   -0.56  -0.59  0.58  

2  855.46  -37.50  579.09  
   0.31  -0.95  -0.02  
   0.95  0.31  0.00  
   0.01  -0.02  1.00  

3  1548.85  37.06  78.13  
   0.27  -0.10  -0.96  
   -0.16  -0.98  0.06  
   -0.95  0.14  -0.28  

5  1510.01  383.53  229.05  
   0.13  0.97  0.20  
   -0.32  0.23  -0.92  
   -0.94  0.06  0.34  

4  1568.50  230.83  -38.84  
   0.72  -0.57  -0.39  
   0.52  0.82  -0.24  
   0.46  -0.03  0.89  

7  1505.10  -128.59  -51.79  
   0.34  0.87  -0.36  
   -0.79  0.47  0.39  
   0.50  0.15  0.85  

8  1277.39  -160.29  69.65  
   0.82  -0.28  0.50  
   -0.12  0.77  0.63  
   -0.57  -0.57  0.59  

6  1539.48  235.74  453.63  
   -0.06  -0.05  -1.00  
   -0.72  0.69  0.01  
   0.69  0.72  -0.08  

9  1172.02  -134.39  331.29  
   -0.40  0.88  0.24  
   0.31  -0.11  0.94  
   0.86  0.45  -0.23  

2  855.46  -37.50  578.64  
   0.31  -0.95  -0.02  
   0.95  0.31  0.00  
   0.01  -0.02  1.00  

4  1568.50  230.83  -38.40  
   0.72  -0.57  -0.39  
   0.52  0.82  -0.24  
   0.46  -0.03  0.89  

3  1548.85  39.29  79.03  
   0.27  -0.10  -0.96  
   -0.16  -0.99  0.05  
   -0.95  0.14  -0.28  

5  1510.01  383.98  229.94  
   0.13  0.97  0.19  
   -0.32  0.23  -0.92  
   -0.94  0.06  0.34  

6  1539.48  235.74  453.18  
   -0.06  -0.05  -1.00  
   -0.72  0.69  0.01  
   0.69  0.72  -0.08  

7  1505.55  -126.80  -53.58  
   0.35  0.87  -0.36  
   -0.79  0.48  0.38  
   0.50  0.15  0.85  

8  1278.28  -163.86  64.29  
   0.82  -0.30  0.48  
   -0.07  0.78  0.62  
   -0.57  -0.54  0.62  

9  1178.27  -145.11  329.95  
   -0.37  0.92  0.14  
   0.32  -0.02  0.95  
   0.87  0.40  -0.28  

2  855.46  -37.50  579.09  
   0.31  -0.95  -0.02  
   0.95  0.31  0.00  
   0.01  -0.02  1.00  

3  1548.85  38.84  79.03  
   0.27  -0.09  -0.96  
   -0.15  -0.99  0.05  
   -0.95  0.13  -0.28  

5  1509.56  383.08  229.94  
   0.13  0.97  0.20  
   -0.31  0.23  -0.92  
   -0.94  0.06  0.33  

4  1567.61  230.83  -38.84  
   0.72  -0.58  -0.39  
   0.52  0.82  -0.24  
   0.46  -0.03  0.89  

6  1539.03  234.85  453.18  
   -0.06  -0.05  -1.00  
   -0.72  0.69  0.01  
   0.69  0.72  -0.08  

7  1506.88  -125.46  -56.26  
   0.36  0.86  -0.36  
   -0.79  0.48  0.37  
   0.49  0.15  0.86  

8  1279.18  -170.56  57.60  
   0.82  -0.32  0.47  
   -0.04  0.79  0.61  
   -0.57  -0.52  0.64  

9  1185.42  -158.50  327.72  
   -0.35  0.93  0.06  
   0.31  0.05  0.95  
   0.88  0.35  -0.31  

2  855.46  -37.50  578.64  
   0.31  -0.95  -0.02  
   0.95  0.31  0.00  
   0.01  -0.02  1.00  

5  1506.88  384.42  230.83  
   0.12  0.97  0.21  
   -0.31  0.23  -0.92  
   -0.94  0.05  0.33  

3  1547.96  41.08  77.24  
   0.27  -0.08  -0.96  
   -0.14  -0.99  0.04  
   -0.95  0.13  -0.28  

4  1565.37  232.62  -39.29  
   0.72  -0.58  -0.39  
   0.53  0.81  -0.25  
   0.46  -0.03  0.89  

6  1538.59  235.74  453.18  
   -0.05  -0.05  -1.00  
   -0.72  0.69  0.00  
   0.69  0.72  -0.08  

7  1505.99  -123.68  -60.28  
   0.37  0.86  -0.36  
   -0.80  0.49  0.35  
   0.48  0.15  0.86  

9  1193.45  -168.77  328.17  
   -0.34  0.94  -0.04  
   0.30  0.15  0.94  
   0.89  0.31  -0.33  

8  1280.96  -174.13  53.13  
   0.82  -0.34  0.47  
   -0.00  0.80  0.59  
   -0.58  -0.49  0.66  

2  855.46  -37.50  578.64  
   0.31  -0.95  -0.02  
   0.95  0.31  0.00  
   0.01  -0.02  1.00  

3  1546.18  40.63  75.90  
   0.27  -0.08  -0.96  
   -0.14  -0.99  0.04  
   -0.95  0.12  -0.28  

4  1562.25  233.06  -40.18  
   0.71  -0.59  -0.38  
   0.53  0.81  -0.25  
   0.46  -0.03  0.89  

7  1506.44  -122.34  -64.74  
   0.38  0.85  -0.36  
   -0.80  0.50  0.34  
   0.46  0.16  0.87  

6  1538.14  236.19  453.63  
   -0.05  -0.05  -1.00  
   -0.72  0.69  -0.00  
   0.69  0.72  -0.07  

8  1282.30  -180.83  45.54  
   0.81  -0.35  0.46  
   0.03  0.82  0.57  
   -0.58  -0.44  0.68  

5  1505.10  384.87  230.83  
   0.12  0.97  0.21  
   -0.31  0.24  -0.92  
   -0.94  0.04  0.33  

9  1202.38  -181.27  321.92  
   -0.30  0.95  -0.09  
   0.29  0.19  0.94  
   0.91  0.26  -0.33  

5  1504.21  383.98  230.39  
   0.11  0.97  0.22  
   -0.30  0.24  -0.92  
   -0.95  0.04  0.32  

2  855.46  -37.50  579.09  
   0.31  -0.95  -0.02  
   0.95  0.31  0.00  
   0.01  -0.02  1.00  

3  1546.18  40.63  74.12  
   0.27  -0.07  -0.96  
   -0.13  -0.99  0.04  
   -0.95  0.11  -0.28  

4  1560.02  233.96  -41.52  
   0.71  -0.59  -0.38  
   0.54  0.81  -0.25  
   0.45  -0.02  0.89  

6  1538.14  235.30  452.29  
   -0.04  -0.05  -1.00  
   -0.72  0.69  -0.01  
   0.69  0.72  -0.06  

7  1506.44  -119.21  -70.10  
   0.40  0.85  -0.36  
   -0.80  0.51  0.32  
   0.45  0.16  0.88  

9  1212.65  -195.11  316.56  
   -0.27  0.95  -0.14  
   0.29  0.21  0.93  
   0.92  0.21  -0.33  

8  1283.20  -186.18  35.72  
   0.81  -0.37  0.45  
   0.09  0.84  0.53  
   -0.58  -0.39  0.72  

2  855.46  -37.50  579.09  
   0.31  -0.95  -0.02  
   0.95  0.31  0.00  
   0.01  -0.02  1.00  

4  1555.55  235.30  -42.42  
   0.71  -0.60  -0.37  
   0.54  0.80  -0.26  
   0.45  -0.02  0.89  

5  1500.63  383.53  231.28  
   0.10  0.97  0.23  
   -0.30  0.25  -0.92  
   -0.95  0.03  0.32  

3  1543.94  42.42  74.12  
   0.27  -0.06  -0.96  
   -0.12  -0.99  0.03  
   -0.96  0.11  -0.27  

6  1537.25  236.19  452.29  
   -0.03  -0.05  -1.00  
   -0.72  0.69  -0.02  
   0.69  0.72  -0.05  

8  1284.98  -194.67  26.34  
   0.81  -0.39  0.44  
   0.16  0.87  0.47  
   -0.57  -0.31  0.76  

7  1506.88  -115.64  -73.22  
   0.41  0.84  -0.36  
   -0.80  0.52  0.29  
   0.43  0.17  0.89  

9  1224.71  -207.62  312.09  
   -0.22  0.96  -0.18  
   0.27  0.24  0.93  
   0.94  0.15  -0.32  

2  855.46  -37.50  578.64  
   0.31  -0.95  -0.02  
   0.95  0.31  0.00  
   0.01  -0.02  1.00  

5  1498.40  383.53  229.94  
   0.10  0.97  0.23  
   -0.30  0.25  -0.92  
   -0.95  0.02  0.31  

6  1537.69  234.85  450.06  
   -0.02  -0.05  -1.00  
   -0.72  0.69  -0.02  
   0.69  0.72  -0.05  

4  1552.43  237.08  -41.97  
   0.71  -0.60  -0.37  
   0.54  0.80  -0.27  
   0.45  -0.01  0.89  

3  1542.60  43.31  72.33  
   0.26  -0.06  -0.96  
   -0.11  -0.99  0.03  
   -0.96  0.10  -0.27  

7  1506.44  -115.19  -77.69  
   0.43  0.83  -0.36  
   -0.80  0.53  0.27  
   0.42  0.17  0.89  

8  1287.66  -201.36  17.86  
   0.79  -0.43  0.44  
   0.24  0.87  0.42  
   -0.57  -0.23  0.79  

9  1245.69  -231.28  304.06  
   -0.14  0.96  -0.24  
   0.25  0.27  0.93  
   0.96  0.07  -0.28  

2  855.46  -37.50  579.09  
   0.31  -0.95  -0.02  
   0.95  0.31  0.00  
   0.01  -0.02  1.00  

3  1540.37  46.43  69.65  
   0.26  -0.04  -0.97  
   -0.10  -0.99  0.02  
   -0.96  0.09  -0.26  

4  1547.96  240.21  -44.65  
   0.71  -0.61  -0.35  
   0.55  0.79  -0.27  
   0.45  0.00  0.89  

5  1494.83  383.98  229.49  
   0.09  0.97  0.24  
   -0.29  0.26  -0.92  
   -0.95  0.01  0.30  

6  1538.14  234.40  448.72  
   -0.01  -0.04  -1.00  
   -0.72  0.69  -0.02  
   0.69  0.72  -0.03  

8  1291.68  -209.40  12.06  
   0.76  -0.48  0.44  
   0.32  0.87  0.38  
   -0.57  -0.15  0.81  

7  1505.10  -110.73  -83.05  
   0.45  0.81  -0.36  
   -0.80  0.55  0.25  
   0.40  0.18  0.90  

9  1266.68  -245.12  299.59  
   -0.06  0.96  -0.29  
   0.22  0.30  0.93  
   0.97  -0.01  -0.23  

2  855.46  -37.50  578.64  
   0.31  -0.95  -0.02  
   0.95  0.31  0.00  
   0.01  -0.02  1.00  

4  1543.05  241.99  -45.09  
   0.70  -0.62  -0.34  
   0.55  0.78  -0.28  
   0.44  0.01  0.90  

3  1537.69  47.77  67.42  
   0.25  -0.03  -0.97  
   -0.09  -1.00  0.01  
   -0.96  0.09  -0.25  

6  1537.25  234.40  448.72  
   0.01  -0.04  -1.00  
   -0.72  0.69  -0.04  
   0.69  0.72  -0.02  

5  1489.47  383.98  229.49  
   0.08  0.96  0.26  
   -0.28  0.27  -0.92  
   -0.96  -0.00  0.29  

8  1294.36  -218.33  7.59  
   0.73  -0.51  0.46  
   0.38  0.86  0.35  
   -0.57  -0.08  0.82  

9  1291.23  -262.09  295.57  
   0.02  0.93  -0.36  
   0.21  0.35  0.91  
   0.98  -0.09  -0.18  

7  1503.31  -109.39  -84.83  
   0.47  0.80  -0.36  
   -0.79  0.57  0.23  
   0.39  0.18  0.90  

2  855.46  -37.50  579.09  
   0.31  -0.95  -0.02  
   0.95  0.31  0.00  
   0.01  -0.02  1.00  

3  1535.01  46.88  64.29  
   0.24  -0.02  -0.97  
   -0.09  -1.00  0.00  
   -0.97  0.08  -0.24  

4  1538.14  242.44  -46.88  
   0.70  -0.63  -0.33  
   0.56  0.78  -0.29  
   0.44  0.02  0.90  

6  1537.25  235.30  447.38  
   0.02  -0.04  -1.00  
   -0.72  0.69  -0.04  
   0.70  0.72  -0.01  

5  1486.79  383.98  228.60  
   0.07  0.96  0.27  
   -0.28  0.28  -0.92  
   -0.96  -0.02  0.29  

8  1297.04  -226.81  5.36  
   0.68  -0.55  0.48  
   0.44  0.84  0.33  
   -0.58  -0.01  0.81  

7  1500.19  -108.05  -90.19  
   0.49  0.79  -0.36  
   -0.79  0.58  0.21  
   0.37  0.18  0.91  

9  1315.79  -270.57  292.00  
   0.12  0.90  -0.43  
   0.20  0.40  0.89  
   0.97  -0.19  -0.13  

2  855.46  -37.50  579.09  
   0.31  -0.95  -0.02  
   0.95  0.31  0.00  
   0.01  -0.02  1.00  

6  1536.35  235.74  447.38  
   0.03  -0.04  -1.00  
   -0.71  0.70  -0.05  
   0.70  0.71  -0.00  

7  1496.17  -105.37  -94.21  
   0.52  0.78  -0.35  
   -0.78  0.60  0.19  
   0.36  0.17  0.92  

5  1484.11  381.74  229.05  
   0.05  0.96  0.27  
   -0.28  0.28  -0.92  
   -0.96  -0.03  0.28  

4  1532.78  243.78  -49.56  
   0.71  -0.63  -0.32  
   0.56  0.77  -0.29  
   0.43  0.03  0.90  

3  1530.99  49.56  61.17  
   0.23  -0.01  -0.97  
   -0.08  -1.00  -0.01  
   -0.97  0.08  -0.23  

8  1298.82  -238.42  8.04  
   0.62  -0.58  0.52  
   0.50  0.81  0.30  
   -0.60  0.07  0.80  

9  1351.51  -282.18  286.64  
   0.24  0.83  -0.50  
   0.22  0.46  0.86  
   0.94  -0.32  -0.07  

2  855.46  -37.50  578.64  
   0.31  -0.95  -0.02  
   0.95  0.31  0.00  
   0.01  -0.02  1.00  

4  1523.85  241.99  -52.69  
   0.71  -0.64  -0.30  
   0.57  0.77  -0.30  
   0.42  0.04  0.91  

5  1480.10  379.07  225.47  
   0.03  0.96  0.28  
   -0.27  0.28  -0.92  
   -0.96  -0.05  0.27  

3  1526.53  46.88  58.04  
   0.22  -0.01  -0.97  
   -0.07  -1.00  -0.01  
   -0.97  0.07  -0.22  

8  1307.75  -252.71  17.86  
   0.53  -0.61  0.59  
   0.55  0.78  0.31  
   -0.65  0.16  0.74  

6  1537.25  233.51  444.70  
   0.05  -0.03  -1.00  
   -0.71  0.71  -0.05  
   0.71  0.71  0.01  

9  1397.05  -282.62  281.29  
   0.38  0.68  -0.63  
   0.29  0.56  0.78  
   0.88  -0.47  0.01  

7  1488.58  -105.82  -99.57  
   0.55  0.77  -0.33  
   -0.76  0.62  0.17  
   0.34  0.15  0.93  

4  1511.35  240.21  -58.04  
   0.71  -0.65  -0.28  
   0.58  0.76  -0.30  
   0.41  0.05  0.91  

3  1517.60  46.43  52.24  
   0.21  -0.00  -0.98  
   -0.07  -1.00  -0.01  
   -0.98  0.07  -0.21  

2  855.46  -37.50  578.64  
   0.31  -0.95  -0.02  
   0.95  0.31  0.00  
   0.01  -0.02  1.00  

5  1471.17  377.73  223.24  
   0.01  0.96  0.30  
   -0.27  0.29  -0.92  
   -0.96  -0.08  0.26  

6  1534.57  234.85  442.47  
   0.07  -0.02  -1.00  
   -0.69  0.72  -0.06  
   0.72  0.69  0.04  

7  1479.20  -105.37  -103.14  
   0.59  0.74  -0.30  
   -0.74  0.66  0.17  
   0.32  0.12  0.94  

9  1442.59  -269.23  283.96  
   0.47  0.50  -0.73  
   0.40  0.62  0.68  
   0.79  -0.61  0.09  

8  1319.36  -271.91  35.72  
   0.39  -0.65  0.65  
   0.58  0.72  0.37  
   -0.71  0.23  0.67  

2  855.46  -37.50  579.09  
   0.31  -0.95  -0.02  
   0.95  0.31  0.00  
   0.01  -0.02  1.00  

3  1508.67  44.65  46.43  
   0.19  0.01  -0.98  
   -0.06  -1.00  -0.02  
   -0.98  0.07  -0.19  

4  1496.17  237.08  -62.06  
   0.70  -0.66  -0.25  
   0.59  0.75  -0.31  
   0.39  0.07  0.92  

6  1533.67  232.62  440.68  
   0.10  -0.01  -0.99  
   -0.67  0.73  -0.08  
   0.73  0.68  0.07  

8  1335.43  -287.98  53.13  
   0.26  -0.69  0.68  
   0.59  0.67  0.45  
   -0.76  0.28  0.58  

9  1482.33  -261.19  279.50  
   0.54  0.32  -0.78  
   0.49  0.63  0.60  
   0.68  -0.71  0.18  

5  1463.13  371.03  218.78  
   -0.03  0.95  0.32  
   -0.27  0.30  -0.92  
   -0.96  -0.11  0.24  

7  1469.38  -112.07  -105.82  
   0.63  0.72  -0.28  
   -0.71  0.69  0.17  
   0.31  0.09  0.94  

2  855.46  -37.50  579.09  
   0.31  -0.95  -0.02  
   0.95  0.31  0.00  
   0.01  -0.02  1.00  

4  1482.77  233.51  -70.54  
   0.70  -0.68  -0.22  
   0.61  0.73  -0.30  
   0.37  0.08  0.93  

5  1453.31  366.56  216.54  
   -0.06  0.94  0.34  
   -0.26  0.32  -0.91  
   -0.96  -0.14  0.23  

3  1498.85  41.08  40.18  
   0.16  0.02  -0.99  
   -0.07  -1.00  -0.03  
   -0.98  0.07  -0.16  

6  1531.44  233.51  436.66  
   0.14  -0.01  -0.99  
   -0.65  0.75  -0.10  
   0.75  0.66  0.10  

9  1505.10  -234.40  283.52  
   0.55  0.17  -0.82  
   0.59  0.61  0.53  
   0.59  -0.77  0.24  

8  1347.04  -294.68  75.90  
   0.13  -0.73  0.68  
   0.57  0.61  0.55  
   -0.81  0.31  0.50  

7  1458.22  -114.75  -106.71  
   0.66  0.70  -0.26  
   -0.68  0.71  0.19  
   0.31  0.05  0.95  

2  855.46  -37.50  579.09  
   0.31  -0.95  -0.02  
   0.95  0.31  0.00  
   0.01  -0.02  1.00  

5  1444.38  362.99  212.08  
   -0.09  0.93  0.36  
   -0.26  0.33  -0.91  
   -0.96  -0.17  0.21  

3  1487.24  39.74  33.49  
   0.13  0.03  -0.99  
   -0.08  -1.00  -0.05  
   -0.99  0.08  -0.13  

4  1465.81  230.83  -75.01  
   0.70  -0.68  -0.19  
   0.62  0.72  -0.30  
   0.35  0.09  0.93  

6  1527.87  233.51  432.64  
   0.17  0.00  -0.99  
   -0.63  0.77  -0.11  
   0.76  0.64  0.13  

7  1446.16  -121.00  -104.92  
   0.68  0.69  -0.23  
   -0.66  0.72  0.21  
   0.31  0.01  0.95  

9  1520.28  -214.76  295.13  
   0.54  0.06  -0.84  
   0.65  0.60  0.46  
   0.53  -0.80  0.28  

8  1357.31  -301.38  97.33  
   0.03  -0.74  0.67  
   0.53  0.58  0.62  
   -0.85  0.33  0.41  

2  855.46  -37.06  579.09  
   0.31  -0.95  -0.02  
   0.95  0.31  0.00  
   0.01  -0.02  1.00  

4  1451.52  224.14  -80.81  
   0.71  -0.69  -0.17  
   0.63  0.72  -0.29  
   0.32  0.10  0.94  

5  1434.55  356.29  204.94  
   -0.12  0.92  0.38  
   -0.26  0.34  -0.90  
   -0.96  -0.20  0.20  

6  1526.53  231.73  427.73  
   0.20  0.01  -0.98  
   -0.60  0.79  -0.11  
   0.78  0.61  0.16  

3  1477.42  34.83  30.81  
   0.11  0.04  -0.99  
   -0.09  -0.99  -0.05  
   -0.99  0.10  -0.11  

7  1434.55  -129.93  -105.82  
   0.70  0.69  -0.20  
   -0.65  0.73  0.23  
   0.31  -0.03  0.95  

9  1529.66  -202.70  300.48  
   0.53  -0.04  -0.85  
   0.69  0.60  0.40  
   0.50  -0.80  0.34  

8  1363.12  -302.27  117.43  
   -0.05  -0.76  0.65  
   0.46  0.56  0.69  
   -0.88  0.34  0.32  

2  855.46  -37.06  579.09  
   0.31  -0.95  -0.02  
   0.95  0.31  0.00  
   0.01  -0.02  1.00  

3  1464.02  30.36  28.13  
   0.09  0.05  -0.99  
   -0.11  -0.99  -0.06  
   -0.99  0.11  -0.08  

5  1425.62  346.47  200.92  
   -0.14  0.91  0.40  
   -0.26  0.35  -0.90  
   -0.96  -0.23  0.18  

4  1436.79  218.33  -86.62  
   0.71  -0.69  -0.14  
   0.64  0.71  -0.29  
   0.30  0.11  0.95  

9  1535.01  -179.04  314.77  
   0.50  -0.14  -0.86  
   0.72  0.61  0.32  
   0.48  -0.78  0.40  

6  1524.74  229.05  420.14  
   0.23  0.02  -0.97  
   -0.57  0.81  -0.12  
   0.79  0.59  0.20  

8  1368.47  -299.14  140.64  
   -0.13  -0.77  0.63  
   0.40  0.54  0.74  
   -0.91  0.34  0.24  

7  1420.71  -137.96  -100.46  
   0.71  0.69  -0.18  
   -0.64  0.72  0.26  
   0.31  -0.07  0.95  

2  855.46  -37.50  579.09  
   0.31  -0.95  -0.02  
   0.95  0.31  0.00  
   0.01  -0.02  1.00  

3  1453.31  21.88  22.32  
   0.06  0.04  -1.00  
   -0.13  -0.99  -0.05  
   -0.99  0.13  -0.06  

5  1418.03  335.76  197.79  
   -0.17  0.89  0.42  
   -0.25  0.37  -0.89  
   -0.95  -0.26  0.16  

4  1422.95  209.40  -91.08  
   0.71  -0.69  -0.12  
   0.64  0.71  -0.28  
   0.28  0.12  0.95  

8  1373.39  -299.14  163.41  
   -0.20  -0.77  0.60  
   0.32  0.53  0.79  
   -0.93  0.35  0.14  

6  1525.19  224.58  413.00  
   0.27  0.00  -0.96  
   -0.55  0.82  -0.15  
   0.79  0.57  0.22  

7  1405.53  -150.47  -97.33  
   0.71  0.69  -0.16  
   -0.63  0.72  0.29  
   0.31  -0.11  0.94  

9  1539.48  -164.31  328.17  
   0.49  -0.20  -0.85  
   0.73  0.62  0.27  
   0.47  -0.76  0.45  

2  855.02  -37.50  578.64  
   0.31  -0.95  -0.02  
   0.95  0.31  0.00  
   0.01  -0.02  1.00  

4  1406.87  200.47  -94.65  
   0.72  -0.69  -0.10  
   0.65  0.71  -0.26  
   0.25  0.12  0.96  

3  1440.36  14.29  19.20  
   0.04  0.05  -1.00  
   -0.15  -0.99  -0.05  
   -0.99  0.15  -0.03  

5  1407.32  325.49  194.22  
   -0.20  0.87  0.45  
   -0.25  0.40  -0.88  
   -0.95  -0.29  0.13  

6  1523.85  219.67  406.75  
   0.32  -0.01  -0.95  
   -0.53  0.83  -0.19  
   0.79  0.56  0.25  

7  1390.35  -162.52  -90.19  
   0.72  0.68  -0.14  
   -0.62  0.71  0.33  
   0.32  -0.15  0.93  

8  1382.32  -291.11  181.72  
   -0.27  -0.79  0.54  
   0.24  0.49  0.84  
   -0.93  0.36  0.06  

9  1545.28  -146.45  341.56  
   0.47  -0.26  -0.84  
   0.75  0.62  0.22  
   0.47  -0.74  0.49  

4  1391.25  192.88  -95.99  
   0.72  -0.69  -0.08  
   0.66  0.71  -0.25  
   0.23  0.13  0.96  

3  1427.41  8.93  17.41  
   0.01  0.07  -1.00  
   -0.17  -0.98  -0.07  
   -0.99  0.17  -0.00  

2  855.46  -37.50  578.64  
   0.31  -0.95  -0.02  
   0.95  0.31  0.00  
   0.01  -0.02  1.00  

5  1399.28  309.86  196.45  
   -0.25  0.85  0.47  
   -0.22  0.42  -0.88  
   -0.94  -0.32  0.08  

6  1528.32  210.74  401.39  
   0.37  -0.02  -0.93  
   -0.51  0.83  -0.22  
   0.78  0.55  0.30  

8  1390.35  -286.20  200.92  
   -0.33  -0.81  0.48  
   0.16  0.45  0.88  
   -0.93  0.37  -0.02  

7  1378.30  -173.68  -80.37  
   0.73  0.67  -0.12  
   -0.59  0.72  0.36  
   0.33  -0.19  0.92  

9  1548.85  -128.59  354.96  
   0.44  -0.31  -0.84  
   0.76  0.63  0.17  
   0.48  -0.72  0.51  

6  1532.33  199.13  396.03  
   0.42  -0.01  -0.91  
   -0.49  0.84  -0.24  
   0.76  0.54  0.35  

2  855.46  -37.50  579.09  
   0.31  -0.95  -0.02  
   0.95  0.31  0.00  
   0.01  -0.02  1.00  

3  1414.02  3.13  12.95  
   -0.02  0.09  -1.00  
   -0.18  -0.98  -0.09  
   -0.98  0.18  0.03  

4  1373.83  186.18  -97.78  
   0.73  -0.68  -0.04  
   0.65  0.71  -0.26  
   0.20  0.16  0.97  

5  1395.71  295.57  200.92  
   -0.29  0.84  0.47  
   -0.18  0.43  -0.88  
   -0.94  -0.34  0.03  

7  1365.35  -182.61  -73.67  
   0.76  0.65  -0.09  
   -0.57  0.72  0.40  
   0.32  -0.25  0.91  

8  1395.71  -279.95  213.42  
   -0.38  -0.82  0.42  
   0.09  0.42  0.90  
   -0.92  0.38  -0.08  

9  1556.89  -114.30  369.24  
   0.43  -0.34  -0.84  
   0.75  0.64  0.12  
   0.50  -0.69  0.53  

2  855.46  -37.50  578.64  
   0.31  -0.95  -0.02  
   0.95  0.31  0.00  
   0.01  -0.02  1.00  

4  1353.29  187.08  -93.32  
   0.74  -0.68  -0.01  
   0.65  0.71  -0.27  
   0.19  0.20  0.96  

6  1534.57  187.97  392.46  
   0.47  -0.01  -0.88  
   -0.48  0.84  -0.27  
   0.74  0.55  0.39  

7  1349.72  -182.61  -66.53  
   0.77  0.63  -0.07  
   -0.55  0.73  0.41  
   0.31  -0.28  0.91  

8  1392.14  -265.66  225.92  
   -0.40  -0.83  0.39  
   0.03  0.41  0.91  
   -0.91  0.38  -0.14  

9  1554.21  -101.80  382.64  
   0.44  -0.33  -0.83  
   0.73  0.67  0.12  
   0.52  -0.66  0.54  

3  1396.16  0.45  10.27  
   -0.05  0.12  -0.99  
   -0.19  -0.98  -0.11  
   -0.98  0.18  0.07  

5  1389.91  282.62  206.72  
   -0.34  0.82  0.46  
   -0.14  0.44  -0.89  
   -0.93  -0.36  -0.04  

4  1334.10  193.33  -87.06  
   0.74  -0.67  0.03  
   0.64  0.70  -0.31  
   0.19  0.25  0.95  

2  855.46  -37.50  579.09  
   0.31  -0.95  -0.02  
   0.95  0.31  0.00  
   0.01  -0.02  1.00  

6  1534.57  174.13  388.89  
   0.52  -0.01  -0.85  
   -0.48  0.82  -0.30  
   0.71  0.57  0.42  

8  1377.40  -256.73  230.39  
   -0.42  -0.82  0.39  
   -0.01  0.43  0.90  
   -0.91  0.37  -0.19  

9  1548.85  -100.01  383.98  
   0.50  -0.29  -0.82  
   0.69  0.71  0.17  
   0.53  -0.65  0.55  

5  1380.53  272.36  216.99  
   -0.38  0.80  0.45  
   -0.08  0.46  -0.88  
   -0.92  -0.37  -0.11  

7  1328.74  -183.06  -70.10  
   0.78  0.63  -0.03  
   -0.56  0.72  0.41  
   0.28  -0.30  0.91  

3  1381.87  6.25  10.72  
   -0.07  0.14  -0.99  
   -0.18  -0.98  -0.12  
   -0.98  0.17  0.10  

4  1320.25  199.58  -83.94  
   0.75  -0.66  0.05  
   0.63  0.70  -0.33  
   0.18  0.28  0.94  

6  1532.33  170.56  383.53  
   0.54  -0.00  -0.84  
   -0.49  0.81  -0.32  
   0.68  0.59  0.44  

2  855.46  -37.06  578.64  
   0.31  -0.95  -0.02  
   0.95  0.31  0.00  
   0.01  -0.02  1.00  

5  1373.83  272.80  219.22  
   -0.40  0.79  0.46  
   -0.06  0.48  -0.88  
   -0.91  -0.38  -0.15  

3  1368.47  9.38  7.14  
   -0.10  0.13  -0.99  
   -0.18  -0.98  -0.11  
   -0.98  0.17  0.12  

9  1540.82  -104.48  380.85  
   0.55  -0.25  -0.80  
   0.65  0.73  0.22  
   0.53  -0.64  0.56  

7  1309.54  -176.36  -69.65  
   0.77  0.64  0.00  
   -0.58  0.70  0.40  
   0.25  -0.31  0.91  

8  1360.88  -249.58  230.39  
   -0.44  -0.80  0.42  
   0.00  0.46  0.89  
   -0.90  0.39  -0.20  

2  855.46  -37.50  579.09  
   0.31  -0.95  -0.02  
   0.95  0.31  0.00  
   0.01  -0.02  1.00  

3  1360.44  12.95  5.80  
   -0.11  0.13  -0.99  
   -0.17  -0.98  -0.10  
   -0.98  0.16  0.13  

6  1526.98  174.13  382.64  
   0.56  -0.01  -0.83  
   -0.50  0.79  -0.35  
   0.66  0.61  0.43  

7  1299.27  -173.24  -69.65  
   0.76  0.65  0.02  
   -0.60  0.69  0.40  
   0.24  -0.32  0.92  

8  1350.62  -241.99  231.28  
   -0.44  -0.79  0.44  
   -0.00  0.49  0.87  
   -0.90  0.38  -0.22  

9  1535.91  -105.37  378.17  
   0.59  -0.21  -0.78  
   0.61  0.75  0.26  
   0.53  -0.63  0.57  

4  1314.45  206.28  -82.60  
   0.76  -0.64  0.06  
   0.62  0.71  -0.34  
   0.17  0.30  0.94  

5  1368.92  275.93  222.80  
   -0.41  0.80  0.45  
   -0.04  0.47  -0.88  
   -0.91  -0.38  -0.16  

3  1357.76  17.86  3.57  
   -0.12  0.11  -0.99  
   -0.17  -0.98  -0.09  
   -0.98  0.16  0.14  

4  1315.34  212.53  -82.60  
   0.78  -0.63  0.06  
   0.60  0.72  -0.35  
   0.17  0.31  0.94  

2  855.46  -37.06  579.09  
   0.31  -0.95  -0.02  
   0.95  0.31  0.00  
   0.01  -0.02  1.00  

5  1368.47  276.82  224.58  
   -0.41  0.80  0.44  
   -0.02  0.48  -0.88  
   -0.91  -0.37  -0.18  

6  1527.42  169.22  377.28  
   0.57  -0.02  -0.82  
   -0.52  0.77  -0.37  
   0.64  0.64  0.43  

7  1293.02  -163.86  -68.31  
   0.75  0.66  0.03  
   -0.61  0.68  0.40  
   0.24  -0.32  0.92  

8  1344.81  -233.06  233.06  
   -0.45  -0.76  0.47  
   -0.01  0.52  0.85  
   -0.89  0.38  -0.24  

9  1535.91  -106.26  378.17  
   0.62  -0.18  -0.77  
   0.59  0.75  0.30  
   0.52  -0.63  0.57  

2  855.46  -37.50  579.09  
   0.31  -0.95  -0.02  
   0.95  0.31  0.00  
   0.01  -0.02  1.00  

6  1530.55  169.22  378.17  
   0.55  -0.03  -0.83  
   -0.54  0.74  -0.39  
   0.63  0.67  0.39  

5  1375.62  280.84  224.14  
   -0.37  0.82  0.44  
   -0.00  0.47  -0.88  
   -0.93  -0.33  -0.17  

3  1359.99  24.11  6.25  
   -0.12  0.04  -0.99  
   -0.20  -0.98  -0.02  
   -0.97  0.20  0.13  

4  1330.52  219.22  -87.06  
   0.81  -0.58  0.02  
   0.55  0.77  -0.32  
   0.17  0.28  0.95  

7  1285.43  -157.16  -61.17  
   0.71  0.71  0.04  
   -0.65  0.63  0.42  
   0.27  -0.33  0.90  

8  1335.43  -223.24  243.33  
   -0.46  -0.74  0.50  
   0.00  0.56  0.83  
   -0.89  0.38  -0.25  

9  1532.78  -104.92  378.17  
   0.65  -0.16  -0.74  
   0.57  0.75  0.34  
   0.50  -0.64  0.58  

3  1364.46  19.65  3.57  
   -0.13  -0.04  -0.99  
   -0.23  -0.97  0.07  
   -0.96  0.24  0.12  

2  855.02  -37.50  578.64  
   0.31  -0.95  -0.02  
   0.95  0.31  0.00  
   0.01  -0.02  1.00  

4  1349.28  213.42  -95.55  
   0.85  -0.52  -0.01  
   0.50  0.82  -0.29  
   0.16  0.25  0.96  

7  1275.16  -156.27  -56.70  
   0.65  0.76  0.09  
   -0.70  0.55  0.45  
   0.30  -0.36  0.89  

9  1529.21  -112.96  374.15  
   0.71  -0.11  -0.70  
   0.53  0.74  0.42  
   0.47  -0.66  0.58  

6  1535.46  167.43  376.83  
   0.52  -0.05  -0.85  
   -0.55  0.74  -0.38  
   0.65  0.67  0.36  

8  1322.93  -220.12  247.35  
   -0.46  -0.68  0.57  
   0.02  0.63  0.77  
   -0.89  0.37  -0.28  

5  1385.89  281.29  213.87  
   -0.34  0.84  0.43  
   -0.01  0.45  -0.89  
   -0.94  -0.31  -0.14  

2  855.46  -37.50  579.09  
   0.31  -0.95  -0.02  
   0.95  0.31  0.00  
   0.01  -0.02  1.00  

3  1366.69  9.82  2.68  
   -0.15  -0.10  -0.98  
   -0.25  -0.96  0.13  
   -0.96  0.27  0.12  

4  1359.99  202.70  -102.24  
   0.88  -0.48  -0.03  
   0.46  0.85  -0.27  
   0.16  0.22  0.96  

5  1391.25  277.71  208.06  
   -0.31  0.85  0.42  
   -0.03  0.44  -0.90  
   -0.95  -0.29  -0.11  

8  1313.11  -218.33  252.71  
   -0.46  -0.66  0.59  
   0.01  0.66  0.75  
   -0.89  0.35  -0.30  

6  1535.46  167.88  381.30  
   0.51  -0.06  -0.86  
   -0.55  0.75  -0.37  
   0.67  0.66  0.35  

7  1269.36  -161.63  -51.35  
   0.61  0.79  0.11  
   -0.73  0.49  0.48  
   0.32  -0.37  0.87  

9  1523.40  -113.41  374.15  
   0.73  -0.09  -0.68  
   0.53  0.70  0.47  
   0.44  -0.70  0.56  

2  855.46  -37.50  579.09  
   0.31  -0.95  -0.02  
   0.95  0.31  0.00  
   0.01  -0.02  1.00  

3  1368.03  -8.93  4.91  
   -0.15  -0.13  -0.98  
   -0.27  -0.95  0.16  
   -0.95  0.29  0.10  

4  1368.03  179.93  -104.92  
   0.88  -0.47  -0.07  
   0.44  0.87  -0.24  
   0.17  0.18  0.97  

6  1536.35  165.65  380.85  
   0.51  -0.07  -0.86  
   -0.53  0.76  -0.38  
   0.68  0.64  0.36  

5  1387.23  264.32  204.49  
   -0.29  0.83  0.47  
   -0.08  0.47  -0.88  
   -0.95  -0.29  -0.07  

7  1268.46  -176.36  -47.77  
   0.59  0.80  0.12  
   -0.74  0.46  0.49  
   0.34  -0.38  0.86  

8  1309.99  -234.40  261.19  
   -0.45  -0.67  0.59  
   -0.02  0.67  0.74  
   -0.89  0.32  -0.32  

9  1519.39  -121.44  375.49  
   0.73  -0.09  -0.68  
   0.55  0.66  0.50  
   0.40  -0.74  0.54  

2  855.02  -37.50  579.09  
   0.31  -0.95  -0.02  
   0.95  0.31  0.00  
   0.01  -0.02  1.00  

3  1371.15  -44.20  9.38  
   -0.13  -0.12  -0.98  
   -0.30  -0.94  0.16  
   -0.95  0.31  0.09  

5  1378.74  247.35  202.26  
   -0.29  0.80  0.52  
   -0.13  0.51  -0.85  
   -0.95  -0.31  -0.05  

6  1535.91  160.73  379.51  
   0.54  -0.08  -0.84  
   -0.48  0.78  -0.39  
   0.69  0.62  0.39  

4  1364.90  147.79  -104.48  
   0.86  -0.50  -0.08  
   0.47  0.85  -0.22  
   0.18  0.16  0.97  

8  1317.13  -254.05  267.00  
   -0.45  -0.69  0.56  
   -0.07  0.66  0.75  
   -0.89  0.30  -0.35  

7  1276.05  -217.88  -42.86  
   0.60  0.79  0.09  
   -0.71  0.48  0.51  
   0.36  -0.38  0.85  

9  1521.62  -128.59  376.39  
   0.72  -0.11  -0.69  
   0.60  0.61  0.52  
   0.36  -0.78  0.50  

