5  1276.50  301.82  -8.04  
   -0.77  -0.33  0.55  
   -0.61  0.11  -0.79  
   0.20  -0.94  -0.28  

2  856.80  -36.61  577.75  
   0.80  -0.59  0.03  
   0.59  0.80  0.05  
   -0.05  -0.03  1.00  

3  1283.64  -40.18  59.38  
   -0.53  0.01  -0.85  
   -0.17  -0.98  0.09  
   -0.83  0.19  0.52  

4  1198.36  115.19  -31.70  
   0.75  -0.62  0.21  
   0.66  0.72  -0.23  
   -0.01  0.32  0.95  

6  1429.64  144.66  -77.24  
   0.42  0.91  0.01  
   -0.90  0.42  0.13  
   0.12  -0.06  0.99  

7  1213.54  -211.63  -3.13  
   0.72  0.70  0.04  
   -0.61  0.60  0.52  
   0.34  -0.40  0.85  

9  1416.69  -196.45  350.04  
   0.78  -0.08  -0.62  
   0.59  0.41  0.69  
   0.20  -0.91  0.37  

8  1211.76  -276.82  262.53  
   -0.36  -0.66  0.66  
   0.07  0.69  0.72  
   -0.93  0.31  -0.20  

2  857.25  -36.61  577.75  
   0.80  -0.59  0.03  
   0.59  0.80  0.05  
   -0.05  -0.03  1.00  

3  1283.64  -40.63  59.38  
   -0.53  0.01  -0.85  
   -0.17  -0.98  0.09  
   -0.83  0.19  0.52  

4  1197.92  115.64  -31.70  
   0.75  -0.62  0.21  
   0.66  0.71  -0.23  
   -0.01  0.32  0.95  

5  1276.50  302.72  -8.48  
   -0.77  -0.33  0.55  
   -0.61  0.10  -0.79  
   0.20  -0.94  -0.28  

6  1429.64  144.66  -78.13  
   0.42  0.91  0.01  
   -0.90  0.42  0.13  
   0.12  -0.06  0.99  

7  1213.10  -211.63  -2.68  
   0.72  0.70  0.04  
   -0.61  0.60  0.52  
   0.34  -0.40  0.85  

9  1417.14  -196.90  350.04  
   0.78  -0.08  -0.62  
   0.59  0.41  0.69  
   0.20  -0.91  0.37  

8  1211.76  -276.82  261.64  
   -0.36  -0.66  0.66  
   0.07  0.69  0.72  
   -0.93  0.31  -0.20  

2  857.25  -36.61  577.75  
   0.80  -0.59  0.03  
   0.59  0.80  0.05  
   -0.05  -0.03  1.00  

4  1197.47  115.64  -32.15  
   0.75  -0.62  0.21  
   0.66  0.71  -0.23  
   -0.01  0.31  0.95  

3  1283.64  -40.18  59.83  
   -0.53  0.01  -0.85  
   -0.17  -0.98  0.09  
   -0.83  0.19  0.52  

6  1429.20  145.11  -78.13  
   0.42  0.90  0.01  
   -0.90  0.42  0.13  
   0.11  -0.07  0.99  

5  1276.05  302.72  -8.04  
   -0.77  -0.33  0.55  
   -0.61  0.10  -0.79  
   0.20  -0.94  -0.28  

7  1213.54  -211.63  -2.68  
   0.72  0.70  0.04  
   -0.61  0.60  0.52  
   0.34  -0.40  0.85  

8  1211.31  -276.37  261.64  
   -0.36  -0.66  0.66  
   0.07  0.69  0.72  
   -0.93  0.31  -0.20  

9  1416.69  -196.45  350.04  
   0.78  -0.08  -0.62  
   0.59  0.41  0.69  
   0.20  -0.91  0.37  

2  857.25  -36.61  578.20  
   0.80  -0.59  0.03  
   0.59  0.80  0.05  
   -0.05  -0.03  1.00  

3  1283.64  -40.18  59.38  
   -0.53  0.01  -0.85  
   -0.17  -0.98  0.09  
   -0.83  0.19  0.52  

4  1197.47  115.19  -32.15  
   0.75  -0.62  0.21  
   0.66  0.71  -0.23  
   -0.01  0.31  0.95  

5  1276.05  302.72  -8.04  
   -0.77  -0.33  0.55  
   -0.61  0.10  -0.79  
   0.20  -0.94  -0.28  

6  1429.20  145.11  -78.13  
   0.43  0.90  0.01  
   -0.90  0.42  0.13  
   0.11  -0.07  0.99  

7  1213.10  -211.63  -2.68  
   0.72  0.70  0.04  
   -0.61  0.60  0.52  
   0.34  -0.40  0.85  

8  1211.31  -276.37  262.09  
   -0.36  -0.66  0.66  
   0.07  0.69  0.72  
   -0.93  0.31  -0.20  

9  1416.69  -196.90  350.04  
   0.78  -0.08  -0.62  
   0.59  0.41  0.69  
   0.19  -0.91  0.37  

2  857.25  -36.61  577.75  
   0.80  -0.59  0.03  
   0.59  0.80  0.05  
   -0.05  -0.03  1.00  

3  1283.64  -40.18  59.38  
   -0.53  0.01  -0.85  
   -0.17  -0.98  0.09  
   -0.83  0.19  0.52  

5  1276.05  302.72  -8.04  
   -0.77  -0.33  0.55  
   -0.61  0.10  -0.79  
   0.20  -0.94  -0.28  

4  1197.47  115.19  -32.59  
   0.75  -0.63  0.21  
   0.66  0.72  -0.23  
   -0.01  0.31  0.95  

6  1429.20  144.66  -78.13  
   0.42  0.90  0.01  
   -0.90  0.42  0.13  
   0.11  -0.07  0.99  

9  1416.69  -196.90  350.04  
   0.78  -0.08  -0.62  
   0.59  0.41  0.69  
   0.19  -0.91  0.37  

8  1211.31  -276.37  262.09  
   -0.36  -0.66  0.66  
   0.07  0.69  0.72  
   -0.93  0.31  -0.20  

7  1213.54  -211.63  -2.68  
   0.71  0.70  0.04  
   -0.61  0.60  0.52  
   0.34  -0.40  0.85  

2  857.25  -36.61  577.75  
   0.80  -0.59  0.03  
   0.59  0.80  0.05  
   -0.05  -0.03  1.00  

3  1283.64  -40.63  59.83  
   -0.53  0.01  -0.85  
   -0.17  -0.98  0.09  
   -0.83  0.19  0.52  

4  1197.92  115.19  -32.59  
   0.75  -0.63  0.21  
   0.66  0.72  -0.23  
   -0.01  0.31  0.95  

6  1429.20  144.21  -78.13  
   0.42  0.91  0.01  
   -0.90  0.42  0.13  
   0.11  -0.07  0.99  

5  1276.50  302.72  -7.59  
   -0.77  -0.33  0.55  
   -0.61  0.10  -0.79  
   0.20  -0.94  -0.28  

7  1213.10  -211.63  -2.23  
   0.71  0.70  0.04  
   -0.61  0.60  0.52  
   0.34  -0.40  0.85  

9  1416.69  -196.90  350.04  
   0.78  -0.08  -0.62  
   0.59  0.41  0.69  
   0.19  -0.91  0.37  

8  1211.76  -276.82  262.09  
   -0.36  -0.66  0.66  
   0.07  0.69  0.72  
   -0.93  0.31  -0.20  

2  857.25  -36.61  577.75  
   0.80  -0.59  0.03  
   0.59  0.80  0.05  
   -0.05  -0.03  1.00  

3  1283.64  -40.63  59.83  
   -0.53  0.01  -0.85  
   -0.17  -0.98  0.09  
   -0.83  0.19  0.52  

4  1197.92  115.19  -32.59  
   0.75  -0.63  0.21  
   0.66  0.72  -0.23  
   -0.01  0.31  0.95  

5  1276.05  302.72  -8.04  
   -0.77  -0.33  0.55  
   -0.61  0.10  -0.78  
   0.20  -0.94  -0.28  

6  1429.64  145.11  -78.58  
   0.43  0.90  0.01  
   -0.90  0.42  0.13  
   0.11  -0.07  0.99  

7  1213.10  -211.63  -2.23  
   0.71  0.70  0.04  
   -0.61  0.60  0.52  
   0.34  -0.40  0.85  

9  1416.69  -196.90  349.60  
   0.78  -0.08  -0.62  
   0.59  0.41  0.69  
   0.19  -0.91  0.37  

8  1211.76  -276.82  262.09  
   -0.36  -0.66  0.66  
   0.07  0.69  0.72  
   -0.93  0.31  -0.20  

2  857.25  -36.61  577.75  
   0.80  -0.59  0.03  
   0.59  0.80  0.05  
   -0.05  -0.03  1.00  

3  1283.64  -40.18  60.28  
   -0.53  0.01  -0.85  
   -0.17  -0.98  0.09  
   -0.83  0.19  0.52  

4  1197.92  115.19  -32.15  
   0.75  -0.63  0.21  
   0.66  0.72  -0.23  
   -0.01  0.31  0.95  

6  1429.20  144.21  -77.69  
   0.42  0.91  0.01  
   -0.90  0.42  0.13  
   0.11  -0.07  0.99  

5  1276.50  302.27  -8.04  
   -0.77  -0.33  0.55  
   -0.61  0.10  -0.79  
   0.20  -0.94  -0.28  

7  1212.65  -212.08  -2.23  
   0.71  0.70  0.03  
   -0.61  0.60  0.52  
   0.34  -0.39  0.85  

8  1211.31  -276.82  262.09  
   -0.36  -0.66  0.66  
   0.07  0.69  0.72  
   -0.93  0.31  -0.20  

9  1416.69  -197.35  350.04  
   0.78  -0.08  -0.62  
   0.59  0.41  0.69  
   0.19  -0.91  0.37  

2  857.25  -36.61  577.75  
   0.80  -0.59  0.03  
   0.59  0.80  0.05  
   -0.05  -0.03  1.00  

3  1283.64  -40.18  60.28  
   -0.53  0.01  -0.85  
   -0.17  -0.98  0.09  
   -0.83  0.19  0.52  

5  1276.05  302.27  -8.04  
   -0.77  -0.33  0.55  
   -0.61  0.10  -0.79  
   0.20  -0.94  -0.28  

4  1197.47  114.75  -32.59  
   0.75  -0.63  0.21  
   0.66  0.72  -0.23  
   -0.01  0.31  0.95  

6  1429.20  144.66  -77.69  
   0.42  0.91  0.01  
   -0.90  0.42  0.13  
   0.11  -0.07  0.99  

8  1211.76  -276.82  262.09  
   -0.36  -0.66  0.66  
   0.07  0.69  0.72  
   -0.93  0.31  -0.20  

9  1416.69  -197.35  350.04  
   0.78  -0.08  -0.62  
   0.59  0.41  0.69  
   0.19  -0.91  0.37  

7  1213.54  -211.19  -1.79  
   0.71  0.70  0.03  
   -0.61  0.60  0.52  
   0.35  -0.39  0.85  

2  857.25  -36.61  577.75  
   0.80  -0.59  0.03  
   0.59  0.80  0.05  
   -0.05  -0.03  1.00  

4  1197.47  114.75  -32.59  
   0.75  -0.63  0.21  
   0.66  0.72  -0.22  
   -0.01  0.31  0.95  

3  1283.64  -40.18  59.83  
   -0.53  0.01  -0.85  
   -0.17  -0.98  0.09  
   -0.83  0.19  0.52  

5  1276.05  302.72  -8.48  
   -0.77  -0.33  0.55  
   -0.61  0.10  -0.79  
   0.21  -0.94  -0.28  

6  1429.20  144.66  -78.13  
   0.42  0.91  0.01  
   -0.90  0.42  0.13  
   0.11  -0.07  0.99  

7  1213.10  -211.63  -1.79  
   0.71  0.70  0.03  
   -0.61  0.60  0.52  
   0.35  -0.39  0.85  

9  1416.69  -197.35  349.60  
   0.78  -0.08  -0.62  
   0.59  0.41  0.69  
   0.20  -0.91  0.37  

8  1212.21  -276.82  261.64  
   -0.37  -0.66  0.65  
   0.08  0.68  0.73  
   -0.93  0.32  -0.20  

2  857.25  -36.61  577.75  
   0.80  -0.59  0.03  
   0.59  0.80  0.05  
   -0.05  -0.03  1.00  

3  1283.64  -40.18  60.28  
   -0.53  0.01  -0.85  
   -0.17  -0.98  0.10  
   -0.83  0.19  0.52  

4  1197.47  115.19  -32.59  
   0.75  -0.63  0.21  
   0.66  0.72  -0.22  
   -0.01  0.31  0.95  

5  1276.50  301.82  -9.38  
   -0.77  -0.34  0.55  
   -0.61  0.10  -0.79  
   0.21  -0.94  -0.28  

8  1214.88  -278.16  259.85  
   -0.38  -0.67  0.64  
   0.09  0.66  0.74  
   -0.92  0.34  -0.19  

6  1429.20  144.66  -79.03  
   0.42  0.90  0.02  
   -0.90  0.42  0.13  
   0.11  -0.07  0.99  

9  1418.93  -197.79  345.58  
   0.78  -0.10  -0.62  
   0.60  0.42  0.68  
   0.20  -0.90  0.38  

7  1213.54  -211.19  -2.23  
   0.71  0.70  0.03  
   -0.61  0.60  0.52  
   0.35  -0.39  0.85  

4  1197.47  114.75  -33.04  
   0.75  -0.63  0.21  
   0.66  0.72  -0.22  
   -0.01  0.31  0.95  

3  1283.64  -40.18  60.28  
   -0.53  0.00  -0.85  
   -0.17  -0.98  0.10  
   -0.83  0.19  0.52  

2  857.25  -36.61  577.75  
   0.80  -0.59  0.03  
   0.59  0.80  0.05  
   -0.05  -0.03  1.00  

5  1276.50  302.27  -8.48  
   -0.77  -0.33  0.55  
   -0.61  0.10  -0.79  
   0.21  -0.94  -0.28  

8  1218.90  -279.95  258.96  
   -0.39  -0.68  0.62  
   0.10  0.64  0.76  
   -0.92  0.36  -0.19  

6  1429.20  144.66  -79.92  
   0.42  0.91  0.02  
   -0.90  0.42  0.14  
   0.11  -0.07  0.99  

7  1214.88  -209.85  -1.34  
   0.71  0.70  0.03  
   -0.61  0.60  0.52  
   0.35  -0.38  0.86  

9  1420.71  -196.45  343.35  
   0.78  -0.11  -0.62  
   0.60  0.42  0.68  
   0.19  -0.90  0.39  

2  857.25  -36.61  577.75  
   0.80  -0.59  0.03  
   0.59  0.80  0.05  
   -0.05  -0.03  1.00  

4  1197.92  114.75  -33.04  
   0.75  -0.63  0.21  
   0.66  0.72  -0.22  
   -0.01  0.30  0.95  

3  1284.09  -40.18  60.28  
   -0.53  -0.00  -0.85  
   -0.16  -0.98  0.10  
   -0.83  0.19  0.52  

5  1276.05  301.82  -9.38  
   -0.77  -0.34  0.55  
   -0.61  0.10  -0.79  
   0.21  -0.94  -0.28  

6  1428.75  144.21  -79.92  
   0.42  0.91  0.02  
   -0.90  0.42  0.14  
   0.12  -0.08  0.99  

9  1429.20  -193.33  325.93  
   0.77  -0.18  -0.62  
   0.63  0.39  0.67  
   0.12  -0.90  0.41  

8  1223.81  -284.41  258.07  
   -0.42  -0.68  0.60  
   0.10  0.62  0.77  
   -0.90  0.38  -0.19  

7  1215.33  -210.29  -2.23  
   0.71  0.70  0.02  
   -0.61  0.61  0.51  
   0.35  -0.38  0.86  

2  857.25  -36.61  577.75  
   0.80  -0.59  0.03  
   0.59  0.80  0.05  
   -0.05  -0.03  1.00  

4  1197.92  114.75  -33.49  
   0.75  -0.63  0.21  
   0.66  0.72  -0.22  
   -0.01  0.30  0.95  

3  1283.64  -40.18  60.28  
   -0.53  -0.00  -0.85  
   -0.16  -0.98  0.10  
   -0.83  0.19  0.52  

6  1428.75  144.21  -80.37  
   0.42  0.91  0.02  
   -0.90  0.42  0.14  
   0.12  -0.08  0.99  

5  1276.95  301.38  -9.82  
   -0.77  -0.34  0.55  
   -0.61  0.10  -0.79  
   0.21  -0.94  -0.28  

7  1214.88  -209.85  -2.23  
   0.72  0.70  0.02  
   -0.60  0.61  0.51  
   0.34  -0.38  0.86  

8  1232.30  -284.86  256.73  
   -0.46  -0.68  0.57  
   0.10  0.60  0.79  
   -0.88  0.42  -0.21  

9  1437.68  -182.17  310.75  
   0.75  -0.25  -0.61  
   0.66  0.36  0.66  
   0.06  -0.90  0.44  

2  857.25  -36.61  577.75  
   0.80  -0.59  0.03  
   0.59  0.80  0.05  
   -0.05  -0.03  1.00  

4  1197.92  114.30  -33.93  
   0.75  -0.63  0.21  
   0.66  0.72  -0.22  
   -0.02  0.30  0.95  

3  1283.64  -40.63  60.28  
   -0.53  -0.00  -0.85  
   -0.16  -0.98  0.11  
   -0.83  0.20  0.52  

5  1276.95  300.93  -11.16  
   -0.77  -0.34  0.55  
   -0.61  0.10  -0.79  
   0.21  -0.94  -0.28  

6  1429.20  143.32  -80.81  
   0.42  0.91  0.02  
   -0.90  0.42  0.14  
   0.12  -0.08  0.99  

7  1215.33  -209.85  -3.13  
   0.73  0.69  0.01  
   -0.60  0.62  0.50  
   0.34  -0.37  0.86  

8  1239.89  -286.20  251.82  
   -0.51  -0.67  0.54  
   0.10  0.57  0.81  
   -0.86  0.46  -0.23  

9  1444.38  -179.93  289.32  
   0.73  -0.32  -0.61  
   0.69  0.33  0.65  
   -0.01  -0.89  0.46  

2  857.25  -36.61  577.75  
   0.80  -0.59  0.03  
   0.59  0.80  0.05  
   -0.05  -0.03  1.00  

3  1283.64  -40.18  60.28  
   -0.53  -0.00  -0.85  
   -0.16  -0.98  0.11  
   -0.83  0.20  0.52  

4  1197.47  114.30  -33.93  
   0.75  -0.62  0.21  
   0.66  0.72  -0.22  
   -0.02  0.30  0.95  

6  1428.75  141.98  -82.15  
   0.42  0.91  0.03  
   -0.90  0.41  0.14  
   0.12  -0.08  0.99  

5  1276.95  300.48  -11.16  
   -0.77  -0.34  0.54  
   -0.60  0.10  -0.79  
   0.21  -0.94  -0.28  

7  1215.33  -209.40  -6.70  
   0.73  0.68  0.01  
   -0.59  0.63  0.49  
   0.33  -0.37  0.87  

8  1250.60  -287.09  246.91  
   -0.55  -0.67  0.50  
   0.10  0.54  0.83  
   -0.83  0.51  -0.24  

9  1450.63  -171.00  269.23  
   0.69  -0.40  -0.61  
   0.72  0.30  0.62  
   -0.07  -0.86  0.50  

2  857.25  -36.61  577.75  
   0.80  -0.59  0.03  
   0.59  0.80  0.05  
   -0.05  -0.03  1.00  

3  1283.20  -40.63  60.72  
   -0.53  -0.00  -0.85  
   -0.17  -0.98  0.11  
   -0.83  0.20  0.52  

4  1197.47  113.85  -34.38  
   0.76  -0.62  0.21  
   0.65  0.72  -0.22  
   -0.02  0.30  0.95  

5  1276.95  300.04  -12.06  
   -0.77  -0.34  0.54  
   -0.60  0.10  -0.79  
   0.21  -0.94  -0.28  

8  1263.55  -288.43  241.10  
   -0.60  -0.66  0.45  
   0.09  0.51  0.86  
   -0.80  0.55  -0.24  

7  1216.67  -208.06  -7.59  
   0.75  0.67  0.01  
   -0.59  0.65  0.48  
   0.31  -0.37  0.88  

6  1428.30  141.54  -83.05  
   0.42  0.91  0.03  
   -0.90  0.41  0.14  
   0.12  -0.08  0.99  

9  1456.88  -162.52  246.46  
   0.63  -0.48  -0.60  
   0.76  0.27  0.58  
   -0.12  -0.83  0.54  

2  857.25  -36.61  577.75  
   0.80  -0.59  0.03  
   0.59  0.80  0.05  
   -0.05  -0.03  1.00  

3  1283.20  -40.63  59.38  
   -0.53  -0.00  -0.85  
   -0.17  -0.98  0.11  
   -0.83  0.20  0.52  

4  1197.92  112.96  -34.83  
   0.76  -0.62  0.21  
   0.65  0.73  -0.22  
   -0.02  0.30  0.95  

5  1278.28  299.59  -13.39  
   -0.77  -0.34  0.54  
   -0.60  0.10  -0.80  
   0.22  -0.93  -0.28  

7  1216.67  -207.62  -10.27  
   0.76  0.65  0.01  
   -0.58  0.67  0.46  
   0.29  -0.36  0.89  

6  1428.30  139.75  -85.28  
   0.41  0.91  0.03  
   -0.90  0.41  0.14  
   0.12  -0.09  0.99  

8  1279.18  -285.75  232.62  
   -0.65  -0.65  0.39  
   0.07  0.46  0.89  
   -0.76  0.60  -0.25  

9  1463.13  -149.13  220.12  
   0.56  -0.57  -0.60  
   0.81  0.23  0.54  
   -0.17  -0.79  0.59  

2  857.25  -36.61  577.75  
   0.80  -0.59  0.03  
   0.59  0.80  0.05  
   -0.05  -0.03  1.00  

4  1197.92  112.96  -34.83  
   0.76  -0.61  0.22  
   0.65  0.73  -0.22  
   -0.02  0.31  0.95  

3  1283.20  -39.29  59.83  
   -0.53  -0.00  -0.85  
   -0.17  -0.98  0.10  
   -0.83  0.20  0.52  

5  1279.18  298.70  -16.07  
   -0.77  -0.35  0.53  
   -0.59  0.10  -0.80  
   0.22  -0.93  -0.28  

6  1428.30  137.96  -87.06  
   0.41  0.91  0.04  
   -0.90  0.40  0.15  
   0.12  -0.10  0.99  

7  1218.46  -206.72  -11.61  
   0.78  0.63  -0.00  
   -0.56  0.70  0.44  
   0.28  -0.34  0.90  

8  1294.80  -283.07  227.26  
   -0.70  -0.64  0.32  
   0.04  0.41  0.91  
   -0.72  0.65  -0.26  

9  1467.59  -130.37  198.24  
   0.47  -0.65  -0.60  
   0.85  0.16  0.49  
   -0.22  -0.74  0.63  

2  857.25  -36.61  577.75  
   0.80  -0.59  0.03  
   0.59  0.80  0.05  
   -0.05  -0.03  1.00  

5  1280.07  298.25  -16.52  
   -0.78  -0.35  0.53  
   -0.59  0.10  -0.80  
   0.23  -0.93  -0.28  

4  1197.92  112.07  -35.27  
   0.76  -0.61  0.22  
   0.65  0.73  -0.22  
   -0.02  0.31  0.95  

3  1283.64  -38.84  59.83  
   -0.53  0.00  -0.85  
   -0.17  -0.98  0.10  
   -0.83  0.20  0.52  

6  1428.30  136.18  -88.85  
   0.41  0.91  0.04  
   -0.91  0.40  0.15  
   0.12  -0.10  0.99  

7  1219.80  -204.94  -15.63  
   0.80  0.60  -0.01  
   -0.54  0.73  0.41  
   0.25  -0.32  0.91  

8  1309.99  -279.05  214.31  
   -0.74  -0.62  0.24  
   0.00  0.36  0.93  
   -0.67  0.70  -0.26  

9  1467.15  -112.51  171.45  
   0.36  -0.72  -0.60  
   0.89  0.08  0.44  
   -0.27  -0.69  0.67  

2  857.25  -36.61  577.75  
   0.80  -0.59  0.03  
   0.59  0.80  0.05  
   -0.05  -0.03  1.00  

4  1197.92  112.51  -35.72  
   0.76  -0.61  0.22  
   0.65  0.73  -0.22  
   -0.03  0.31  0.95  

3  1284.09  -38.84  59.38  
   -0.53  0.00  -0.85  
   -0.17  -0.98  0.10  
   -0.83  0.20  0.52  

5  1280.07  297.81  -16.97  
   -0.78  -0.35  0.53  
   -0.59  0.10  -0.80  
   0.23  -0.93  -0.28  

6  1428.30  135.28  -89.30  
   0.40  0.91  0.05  
   -0.91  0.39  0.15  
   0.12  -0.10  0.99  

7  1222.03  -202.26  -16.97  
   0.82  0.57  -0.02  
   -0.52  0.76  0.38  
   0.24  -0.30  0.92  

8  1323.38  -274.14  204.49  
   -0.77  -0.61  0.17  
   -0.03  0.31  0.95  
   -0.63  0.73  -0.26  

9  1462.68  -95.10  155.38  
   0.26  -0.76  -0.60  
   0.92  0.01  0.39  
   -0.29  -0.65  0.70  

2  857.25  -36.61  577.75  
   0.80  -0.59  0.03  
   0.59  0.80  0.05  
   -0.05  -0.03  1.00  

3  1284.54  -37.95  58.49  
   -0.53  0.00  -0.85  
   -0.17  -0.98  0.10  
   -0.83  0.19  0.52  

4  1197.92  112.51  -36.17  
   0.76  -0.61  0.22  
   0.65  0.73  -0.22  
   -0.03  0.31  0.95  

5  1280.52  296.91  -17.86  
   -0.78  -0.35  0.52  
   -0.59  0.10  -0.80  
   0.23  -0.93  -0.28  

6  1428.30  134.84  -89.74  
   0.40  0.91  0.05  
   -0.91  0.39  0.15  
   0.12  -0.10  0.99  

8  1332.76  -266.55  195.56  
   -0.80  -0.59  0.10  
   -0.08  0.27  0.96  
   -0.60  0.76  -0.27  

7  1222.03  -201.81  -20.09  
   0.83  0.55  -0.03  
   -0.51  0.79  0.35  
   0.22  -0.28  0.93  

9  1460.45  -83.49  138.41  
   0.17  -0.78  -0.60  
   0.93  -0.06  0.35  
   -0.31  -0.62  0.72  

2  857.25  -36.61  577.75  
   0.80  -0.59  0.03  
   0.59  0.80  0.05  
   -0.05  -0.03  1.00  

5  1280.96  296.02  -19.20  
   -0.78  -0.35  0.52  
   -0.58  0.10  -0.81  
   0.23  -0.93  -0.28  

4  1197.92  112.07  -36.61  
   0.76  -0.61  0.22  
   0.65  0.73  -0.22  
   -0.03  0.30  0.95  

3  1284.54  -37.50  58.49  
   -0.52  0.01  -0.85  
   -0.16  -0.98  0.09  
   -0.84  0.19  0.52  

6  1427.86  133.50  -91.53  
   0.40  0.91  0.05  
   -0.91  0.39  0.15  
   0.12  -0.11  0.99  

7  1222.92  -199.13  -22.32  
   0.85  0.53  -0.05  
   -0.49  0.81  0.32  
   0.21  -0.25  0.94  

8  1342.58  -258.07  188.42  
   -0.81  -0.58  0.05  
   -0.12  0.24  0.96  
   -0.57  0.78  -0.27  

9  1455.99  -63.40  121.89  
   0.09  -0.79  -0.61  
   0.94  -0.13  0.31  
   -0.33  -0.60  0.73  

2  857.25  -36.61  578.20  
   0.80  -0.59  0.03  
   0.59  0.80  0.05  
   -0.05  -0.03  1.00  

4  1198.36  112.07  -36.61  
   0.76  -0.61  0.22  
   0.65  0.73  -0.21  
   -0.03  0.30  0.95  

3  1284.54  -36.17  58.04  
   -0.52  0.01  -0.85  
   -0.16  -0.98  0.09  
   -0.84  0.18  0.52  

6  1427.86  132.61  -91.98  
   0.40  0.92  0.06  
   -0.91  0.39  0.15  
   0.12  -0.11  0.99  

5  1281.41  296.02  -19.20  
   -0.78  -0.35  0.52  
   -0.58  0.10  -0.81  
   0.23  -0.93  -0.28  

7  1225.15  -194.67  -21.88  
   0.86  0.50  -0.06  
   -0.46  0.84  0.29  
   0.20  -0.23  0.95  

8  1350.17  -248.25  184.84  
   -0.82  -0.57  -0.01  
   -0.16  0.22  0.96  
   -0.55  0.79  -0.27  

9  1453.31  -52.69  113.85  
   0.03  -0.79  -0.62  
   0.94  -0.18  0.28  
   -0.33  -0.59  0.73  

3  1284.54  -35.27  58.04  
   -0.52  0.00  -0.85  
   -0.15  -0.99  0.09  
   -0.84  0.17  0.52  

4  1197.92  111.62  -36.61  
   0.76  -0.61  0.22  
   0.65  0.73  -0.21  
   -0.03  0.30  0.95  

2  857.25  -36.61  578.20  
   0.80  -0.59  0.03  
   0.59  0.80  0.05  
   -0.05  -0.03  1.00  

5  1282.30  296.02  -19.20  
   -0.78  -0.35  0.52  
   -0.58  0.10  -0.81  
   0.24  -0.93  -0.28  

6  1427.86  131.71  -92.87  
   0.40  0.92  0.06  
   -0.91  0.38  0.15  
   0.12  -0.11  0.99  

8  1359.54  -240.66  175.02  
   -0.83  -0.56  -0.07  
   -0.20  0.19  0.96  
   -0.52  0.81  -0.27  

7  1224.71  -193.77  -25.45  
   0.88  0.47  -0.06  
   -0.44  0.86  0.26  
   0.18  -0.20  0.96  

9  1450.18  -37.50  103.58  
   -0.03  -0.78  -0.62  
   0.94  -0.22  0.24  
   -0.33  -0.58  0.75  

2  857.25  -36.61  577.75  
   0.80  -0.59  0.03  
   0.59  0.80  0.05  
   -0.05  -0.03  1.00  

5  1282.75  295.57  -19.20  
   -0.78  -0.35  0.51  
   -0.58  0.10  -0.81  
   0.24  -0.93  -0.28  

3  1284.09  -33.49  57.60  
   -0.52  0.00  -0.85  
   -0.14  -0.99  0.08  
   -0.84  0.16  0.51  

4  1198.36  111.62  -37.06  
   0.76  -0.61  0.22  
   0.64  0.73  -0.21  
   -0.03  0.30  0.95  

6  1427.41  130.37  -92.87  
   0.39  0.92  0.06  
   -0.91  0.38  0.15  
   0.12  -0.12  0.99  

8  1367.14  -227.26  171.45  
   -0.82  -0.55  -0.13  
   -0.25  0.15  0.96  
   -0.51  0.82  -0.26  

7  1226.05  -189.76  -27.24  
   0.89  0.44  -0.07  
   -0.42  0.88  0.22  
   0.16  -0.17  0.97  

9  1444.82  -18.31  97.33  
   -0.10  -0.77  -0.63  
   0.95  -0.27  0.19  
   -0.31  -0.57  0.76  

2  857.25  -36.61  578.20  
   0.80  -0.59  0.03  
   0.59  0.80  0.05  
   -0.05  -0.03  1.00  

4  1198.36  111.62  -36.61  
   0.77  -0.61  0.21  
   0.64  0.74  -0.21  
   -0.03  0.30  0.95  

3  1283.64  -33.49  57.15  
   -0.52  -0.00  -0.85  
   -0.13  -0.99  0.08  
   -0.84  0.15  0.51  

5  1283.64  294.68  -19.65  
   -0.79  -0.36  0.51  
   -0.57  0.10  -0.82  
   0.24  -0.93  -0.28  

6  1427.41  128.14  -93.76  
   0.39  0.92  0.07  
   -0.91  0.37  0.15  
   0.11  -0.12  0.99  

7  1226.94  -188.42  -30.81  
   0.91  0.41  -0.07  
   -0.40  0.90  0.19  
   0.14  -0.14  0.98  

8  1373.83  -217.88  164.75  
   -0.82  -0.54  -0.19  
   -0.30  0.11  0.95  
   -0.49  0.83  -0.25  

9  1440.36  -4.02  89.74  
   -0.16  -0.76  -0.64  
   0.94  -0.31  0.13  
   -0.29  -0.58  0.76  

2  857.25  -36.17  577.75  
   0.80  -0.59  0.03  
   0.59  0.80  0.05  
   -0.05  -0.03  1.00  

3  1283.20  -32.59  57.15  
   -0.52  -0.01  -0.85  
   -0.12  -0.99  0.08  
   -0.85  0.14  0.51  

5  1284.98  293.79  -19.65  
   -0.79  -0.35  0.50  
   -0.57  0.10  -0.82  
   0.24  -0.93  -0.28  

4  1198.81  111.17  -36.61  
   0.77  -0.60  0.21  
   0.64  0.74  -0.21  
   -0.03  0.30  0.95  

6  1427.41  126.36  -94.65  
   0.38  0.92  0.07  
   -0.92  0.37  0.15  
   0.11  -0.12  0.99  

7  1230.06  -184.84  -32.15  
   0.92  0.39  -0.07  
   -0.37  0.91  0.16  
   0.12  -0.12  0.98  

9  1434.55  14.29  83.94  
   -0.22  -0.73  -0.65  
   0.94  -0.34  0.06  
   -0.27  -0.60  0.76  

8  1379.64  -206.72  155.82  
   -0.81  -0.53  -0.25  
   -0.34  0.07  0.94  
   -0.48  0.85  -0.24  

2  857.25  -36.17  578.20  
   0.80  -0.59  0.03  
   0.59  0.80  0.05  
   -0.05  -0.03  1.00  

4  1199.70  110.73  -36.17  
   0.77  -0.60  0.21  
   0.64  0.74  -0.21  
   -0.03  0.30  0.95  

3  1282.75  -31.70  57.60  
   -0.52  -0.01  -0.86  
   -0.11  -0.99  0.08  
   -0.85  0.14  0.51  

6  1427.86  124.12  -94.65  
   0.37  0.92  0.07  
   -0.92  0.36  0.15  
   0.12  -0.13  0.99  

5  1285.88  292.00  -20.09  
   -0.79  -0.35  0.49  
   -0.56  0.10  -0.82  
   0.24  -0.93  -0.28  

7  1230.96  -182.17  -34.83  
   0.93  0.36  -0.06  
   -0.35  0.93  0.13  
   0.10  -0.10  0.99  

9  1428.30  29.47  88.85  
   -0.27  -0.70  -0.66  
   0.93  -0.36  -0.00  
   -0.24  -0.62  0.75  

8  1384.99  -197.35  151.36  
   -0.80  -0.52  -0.31  
   -0.37  0.03  0.93  
   -0.48  0.85  -0.22  

2  857.25  -36.17  578.20  
   0.80  -0.59  0.03  
   0.59  0.80  0.05  
   -0.05  -0.03  1.00  

3  1282.30  -31.70  57.15  
   -0.52  -0.02  -0.86  
   -0.10  -0.99  0.08  
   -0.85  0.13  0.51  

4  1200.15  110.28  -36.61  
   0.77  -0.60  0.21  
   0.63  0.74  -0.21  
   -0.03  0.29  0.96  

5  1287.66  291.11  -20.98  
   -0.80  -0.36  0.49  
   -0.55  0.10  -0.83  
   0.25  -0.93  -0.28  

6  1428.75  121.89  -94.65  
   0.37  0.93  0.08  
   -0.92  0.35  0.16  
   0.12  -0.13  0.98  

8  1389.01  -187.52  142.88  
   -0.78  -0.51  -0.36  
   -0.41  -0.03  0.91  
   -0.47  0.86  -0.19  

7  1231.40  -179.93  -37.95  
   0.94  0.33  -0.06  
   -0.33  0.94  0.10  
   0.09  -0.08  0.99  

9  1421.16  45.99  89.74  
   -0.33  -0.67  -0.66  
   0.92  -0.37  -0.08  
   -0.19  -0.64  0.74  

2  857.25  -36.61  577.75  
   0.80  -0.59  0.03  
   0.59  0.80  0.05  
   -0.05  -0.03  1.00  

4  1200.15  110.28  -36.61  
   0.77  -0.60  0.20  
   0.63  0.75  -0.21  
   -0.03  0.29  0.96  

3  1281.86  -28.57  56.26  
   -0.52  -0.01  -0.86  
   -0.10  -0.99  0.07  
   -0.85  0.12  0.51  

5  1288.55  291.11  -22.32  
   -0.80  -0.36  0.48  
   -0.55  0.10  -0.83  
   0.25  -0.93  -0.28  

6  1428.30  119.21  -95.55  
   0.36  0.93  0.08  
   -0.93  0.34  0.16  
   0.12  -0.13  0.98  

8  1391.69  -175.47  137.96  
   -0.76  -0.49  -0.43  
   -0.45  -0.09  0.89  
   -0.48  0.87  -0.15  

7  1233.64  -176.81  -39.29  
   0.95  0.30  -0.05  
   -0.30  0.95  0.08  
   0.07  -0.06  1.00  

9  1410.89  59.83  92.87  
   -0.39  -0.65  -0.66  
   0.91  -0.39  -0.16  
   -0.15  -0.66  0.74  

4  1200.60  110.28  -37.06  
   0.78  -0.60  0.20  
   0.63  0.75  -0.21  
   -0.03  0.29  0.96  

2  857.25  -36.61  578.20  
   0.80  -0.59  0.03  
   0.59  0.80  0.05  
   -0.05  -0.03  1.00  

3  1280.96  -26.79  56.26  
   -0.51  -0.01  -0.86  
   -0.09  -0.99  0.06  
   -0.85  0.11  0.51  

5  1289.89  289.77  -21.88  
   -0.80  -0.36  0.48  
   -0.54  0.10  -0.84  
   0.25  -0.93  -0.27  

6  1427.86  116.53  -96.89  
   0.35  0.93  0.09  
   -0.93  0.34  0.16  
   0.12  -0.14  0.98  

7  1234.98  -174.58  -41.97  
   0.96  0.27  -0.03  
   -0.27  0.96  0.06  
   0.05  -0.05  1.00  

9  1402.41  72.78  91.53  
   -0.45  -0.61  -0.65  
   0.88  -0.40  -0.23  
   -0.12  -0.68  0.72  

8  1397.05  -163.41  131.71  
   -0.73  -0.48  -0.48  
   -0.48  -0.13  0.87  
   -0.48  0.87  -0.13  

2  857.25  -36.61  578.20  
   0.80  -0.59  0.03  
   0.59  0.80  0.05  
   -0.05  -0.03  1.00  

6  1427.86  114.75  -97.78  
   0.35  0.93  0.09  
   -0.93  0.33  0.16  
   0.12  -0.14  0.98  

3  1280.52  -24.56  54.92  
   -0.51  0.00  -0.86  
   -0.09  -1.00  0.05  
   -0.85  0.10  0.51  

5  1291.68  287.98  -23.66  
   -0.81  -0.36  0.47  
   -0.53  0.10  -0.84  
   0.25  -0.93  -0.27  

4  1200.60  109.39  -36.61  
   0.78  -0.59  0.20  
   0.63  0.75  -0.21  
   -0.03  0.29  0.96  

7  1239.44  -171.90  -45.54  
   0.97  0.24  -0.02  
   -0.24  0.97  0.04  
   0.03  -0.03  1.00  

8  1398.39  -154.93  127.69  
   -0.71  -0.47  -0.52  
   -0.50  -0.17  0.85  
   -0.48  0.87  -0.12  

9  1394.37  85.72  95.55  
   -0.50  -0.57  -0.65  
   0.86  -0.42  -0.29  
   -0.11  -0.71  0.70  

2  857.25  -36.61  578.20  
   0.80  -0.59  0.03  
   0.59  0.80  0.05  
   -0.05  -0.03  1.00  

4  1201.04  109.39  -37.50  
   0.78  -0.59  0.20  
   0.62  0.75  -0.21  
   -0.03  0.29  0.96  

3  1280.07  -23.22  54.92  
   -0.51  0.01  -0.86  
   -0.08  -1.00  0.03  
   -0.86  0.09  0.51  

5  1293.02  286.20  -24.56  
   -0.81  -0.36  0.46  
   -0.52  0.10  -0.85  
   0.26  -0.93  -0.27  

7  1240.78  -169.66  -49.11  
   0.98  0.21  -0.01  
   -0.21  0.98  0.02  
   0.01  -0.02  1.00  

8  1401.07  -147.79  128.14  
   -0.70  -0.47  -0.55  
   -0.52  -0.19  0.83  
   -0.49  0.86  -0.11  

6  1427.41  112.51  -98.67  
   0.34  0.94  0.10  
   -0.93  0.32  0.16  
   0.12  -0.14  0.98  

9  1389.46  91.53  95.10  
   -0.53  -0.54  -0.65  
   0.84  -0.43  -0.33  
   -0.10  -0.72  0.69  

4  1201.04  108.50  -37.95  
   0.78  -0.59  0.20  
   0.62  0.76  -0.21  
   -0.03  0.29  0.96  

2  857.25  -36.17  578.20  
   0.80  -0.59  0.03  
   0.59  0.80  0.05  
   -0.05  -0.03  1.00  

5  1293.91  286.64  -25.45  
   -0.81  -0.36  0.46  
   -0.52  0.10  -0.85  
   0.26  -0.93  -0.27  

3  1279.62  -21.88  54.02  
   -0.51  0.02  -0.86  
   -0.08  -1.00  0.03  
   -0.86  0.08  0.51  

6  1427.41  110.28  -100.46  
   0.33  0.94  0.10  
   -0.94  0.31  0.16  
   0.12  -0.15  0.98  

8  1403.75  -139.30  125.02  
   -0.68  -0.46  -0.58  
   -0.55  -0.21  0.81  
   -0.50  0.86  -0.11  

9  1384.10  99.12  92.87  
   -0.56  -0.51  -0.65  
   0.82  -0.44  -0.36  
   -0.10  -0.73  0.67  

7  1244.35  -166.99  -50.90  
   0.98  0.19  0.00  
   -0.19  0.98  0.01  
   -0.00  -0.02  1.00  

2  857.25  -36.61  578.20  
   0.80  -0.59  0.03  
   0.59  0.80  0.05  
   -0.05  -0.03  1.00  

3  1278.73  -19.65  53.13  
   -0.51  0.04  -0.86  
   -0.08  -1.00  0.01  
   -0.86  0.07  0.51  

4  1202.38  108.05  -38.40  
   0.79  -0.58  0.19  
   0.62  0.76  -0.21  
   -0.02  0.28  0.96  

5  1295.70  285.75  -25.90  
   -0.82  -0.36  0.45  
   -0.52  0.10  -0.85  
   0.26  -0.93  -0.27  

6  1427.41  107.16  -101.35  
   0.32  0.94  0.11  
   -0.94  0.30  0.17  
   0.12  -0.15  0.98  

8  1404.64  -132.61  124.57  
   -0.65  -0.45  -0.61  
   -0.57  -0.24  0.79  
   -0.50  0.86  -0.10  

7  1247.03  -165.20  -54.02  
   0.99  0.16  0.02  
   -0.16  0.99  0.01  
   -0.01  -0.01  1.00  

9  1376.96  106.26  91.98  
   -0.60  -0.48  -0.64  
   0.79  -0.46  -0.40  
   -0.11  -0.75  0.65  

2  857.25  -36.61  578.20  
   0.80  -0.59  0.03  
   0.59  0.80  0.05  
   -0.05  -0.03  1.00  

3  1278.28  -16.97  53.13  
   -0.52  0.07  -0.85  
   -0.10  -0.99  -0.03  
   -0.85  0.07  0.53  

4  1202.38  107.60  -39.29  
   0.79  -0.58  0.19  
   0.61  0.76  -0.21  
   -0.02  0.28  0.96  

6  1426.96  103.14  -103.58  
   0.31  0.94  0.11  
   -0.94  0.29  0.17  
   0.13  -0.16  0.98  

5  1297.48  284.41  -28.13  
   -0.82  -0.36  0.44  
   -0.51  0.10  -0.86  
   0.27  -0.93  -0.27  

7  1251.05  -164.31  -55.81  
   0.99  0.14  0.02  
   -0.14  0.99  0.01  
   -0.02  -0.01  1.00  

9  1371.15  114.75  95.99  
   -0.63  -0.42  -0.65  
   0.77  -0.46  -0.45  
   -0.11  -0.78  0.61  

8  1407.32  -123.68  123.68  
   -0.62  -0.45  -0.64  
   -0.59  -0.27  0.76  
   -0.51  0.85  -0.10  

2  856.80  -36.61  577.75  
   0.80  -0.59  0.03  
   0.59  0.80  0.05  
   -0.05  -0.03  1.00  

4  1202.83  107.16  -39.29  
   0.79  -0.58  0.19  
   0.61  0.76  -0.21  
   -0.02  0.28  0.96  

3  1277.39  -16.52  51.79  
   -0.53  0.09  -0.85  
   -0.11  -0.99  -0.04  
   -0.84  0.07  0.53  

6  1426.52  101.80  -105.82  
   0.31  0.94  0.12  
   -0.94  0.29  0.17  
   0.13  -0.16  0.98  

5  1298.38  283.96  -29.91  
   -0.82  -0.37  0.44  
   -0.50  0.10  -0.86  
   0.27  -0.92  -0.27  

7  1252.39  -163.41  -54.92  
   0.99  0.13  0.02  
   -0.13  0.99  0.01  
   -0.02  -0.01  1.00  

8  1407.32  -120.55  126.36  
   -0.61  -0.45  -0.65  
   -0.60  -0.27  0.75  
   -0.52  0.85  -0.10  

9  1369.37  117.43  100.91  
   -0.64  -0.39  -0.66  
   0.76  -0.46  -0.46  
   -0.12  -0.80  0.59  

2  857.25  -36.61  577.75  
   0.80  -0.59  0.03  
   0.59  0.80  0.05  
   -0.05  -0.03  1.00  

3  1277.39  -15.63  52.24  
   -0.53  0.10  -0.84  
   -0.11  -0.99  -0.04  
   -0.84  0.07  0.54  

4  1202.38  107.60  -39.29  
   0.79  -0.58  0.19  
   0.61  0.76  -0.21  
   -0.02  0.28  0.96  

5  1297.93  283.52  -30.36  
   -0.82  -0.37  0.44  
   -0.50  0.10  -0.86  
   0.27  -0.92  -0.27  

6  1426.07  101.35  -106.71  
   0.31  0.94  0.12  
   -0.94  0.28  0.17  
   0.13  -0.17  0.98  

8  1407.32  -119.66  126.80  
   -0.61  -0.45  -0.65  
   -0.60  -0.28  0.75  
   -0.52  0.85  -0.10  

7  1252.39  -162.97  -55.36  
   0.99  0.13  0.02  
   -0.13  0.99  0.01  
   -0.02  -0.01  1.00  

9  1369.37  117.87  100.91  
   -0.64  -0.39  -0.66  
   0.76  -0.46  -0.47  
   -0.12  -0.80  0.59  

2  857.25  -36.61  577.75  
   0.80  -0.59  0.03  
   0.59  0.80  0.05  
   -0.05  -0.03  1.00  

3  1277.39  -15.63  52.24  
   -0.53  0.10  -0.84  
   -0.11  -0.99  -0.04  
   -0.84  0.07  0.54  

4  1201.94  106.71  -39.29  
   0.79  -0.58  0.19  
   0.61  0.76  -0.22  
   -0.02  0.29  0.96  

5  1297.48  283.96  -30.36  
   -0.82  -0.37  0.44  
   -0.50  0.10  -0.86  
   0.27  -0.92  -0.26  

6  1425.18  101.35  -107.60  
   0.30  0.94  0.12  
   -0.94  0.28  0.17  
   0.13  -0.17  0.98  

7  1251.94  -162.97  -54.92  
   0.99  0.13  0.02  
   -0.13  0.99  0.01  
   -0.02  -0.01  1.00  

8  1407.32  -119.66  126.80  
   -0.61  -0.45  -0.65  
   -0.60  -0.28  0.75  
   -0.52  0.85  -0.10  

9  1370.71  117.87  99.12  
   -0.64  -0.40  -0.66  
   0.76  -0.46  -0.46  
   -0.11  -0.80  0.60  

2  857.25  -36.61  577.75  
   0.80  -0.59  0.03  
   0.59  0.80  0.05  
   -0.05  -0.03  1.00  

3  1277.39  -15.18  52.24  
   -0.53  0.10  -0.84  
   -0.11  -0.99  -0.04  
   -0.84  0.07  0.54  

4  1201.94  106.71  -39.29  
   0.79  -0.58  0.19  
   0.61  0.76  -0.22  
   -0.02  0.29  0.96  

5  1297.48  283.96  -30.36  
   -0.82  -0.37  0.44  
   -0.50  0.10  -0.86  
   0.28  -0.92  -0.27  

6  1425.18  101.35  -108.05  
   0.30  0.94  0.12  
   -0.94  0.28  0.17  
   0.13  -0.17  0.98  

7  1251.94  -162.52  -55.36  
   0.99  0.13  0.02  
   -0.13  0.99  0.01  
   -0.02  -0.01  1.00  

8  1407.32  -119.66  125.46  
   -0.61  -0.45  -0.65  
   -0.60  -0.27  0.75  
   -0.52  0.85  -0.10  

9  1371.60  116.53  97.78  
   -0.64  -0.41  -0.66  
   0.76  -0.45  -0.46  
   -0.11  -0.79  0.60  

4  1201.49  106.71  -39.29  
   0.79  -0.58  0.19  
   0.61  0.76  -0.22  
   -0.02  0.29  0.96  

2  857.25  -36.61  577.75  
   0.80  -0.59  0.03  
   0.59  0.80  0.05  
   -0.05  -0.03  1.00  

3  1276.95  -15.18  51.79  
   -0.53  0.10  -0.84  
   -0.11  -0.99  -0.04  
   -0.84  0.07  0.54  

5  1297.48  284.41  -29.91  
   -0.82  -0.37  0.44  
   -0.50  0.10  -0.86  
   0.28  -0.92  -0.27  

6  1425.18  101.80  -108.50  
   0.30  0.94  0.12  
   -0.94  0.28  0.17  
   0.13  -0.17  0.98  

8  1407.77  -120.10  125.02  
   -0.62  -0.45  -0.65  
   -0.60  -0.27  0.76  
   -0.52  0.85  -0.10  

9  1372.94  116.09  96.89  
   -0.63  -0.42  -0.65  
   0.77  -0.45  -0.45  
   -0.11  -0.79  0.61  

7  1251.94  -162.07  -55.36  
   0.99  0.13  0.02  
   -0.13  0.99  0.01  
   -0.02  -0.01  1.00  

2  857.25  -36.61  578.20  
   0.80  -0.59  0.03  
   0.59  0.80  0.05  
   -0.05  -0.03  1.00  

3  1277.84  -15.18  51.79  
   -0.53  0.10  -0.84  
   -0.11  -0.99  -0.04  
   -0.84  0.07  0.54  

4  1201.49  107.60  -38.84  
   0.79  -0.58  0.19  
   0.61  0.76  -0.22  
   -0.02  0.30  0.95  

5  1297.04  284.41  -29.91  
   -0.82  -0.37  0.44  
   -0.50  0.10  -0.86  
   0.28  -0.92  -0.27  

6  1424.73  101.80  -108.50  
   0.30  0.94  0.12  
   -0.94  0.28  0.17  
   0.13  -0.17  0.98  

7  1250.60  -162.07  -55.81  
   0.99  0.13  0.02  
   -0.13  0.99  0.01  
   -0.02  -0.01  1.00  

8  1407.77  -122.78  125.02  
   -0.62  -0.46  -0.64  
   -0.59  -0.26  0.76  
   -0.51  0.85  -0.11  

9  1376.96  113.85  95.99  
   -0.62  -0.44  -0.66  
   0.78  -0.45  -0.43  
   -0.11  -0.78  0.62  

4  1201.49  108.05  -38.84  
   0.79  -0.58  0.20  
   0.61  0.76  -0.22  
   -0.02  0.30  0.95  

2  856.80  -36.61  577.75  
   0.80  -0.59  0.03  
   0.59  0.80  0.05  
   -0.05  -0.03  1.00  

3  1278.73  -15.18  50.90  
   -0.53  0.08  -0.84  
   -0.11  -0.99  -0.03  
   -0.84  0.07  0.54  

5  1296.59  284.86  -29.91  
   -0.82  -0.37  0.44  
   -0.51  0.10  -0.86  
   0.28  -0.92  -0.27  

8  1406.87  -125.46  125.91  
   -0.64  -0.46  -0.62  
   -0.58  -0.24  0.78  
   -0.51  0.85  -0.11  

6  1424.73  102.69  -108.50  
   0.31  0.94  0.12  
   -0.94  0.28  0.17  
   0.13  -0.17  0.98  

7  1248.82  -162.07  -55.36  
   0.99  0.14  0.01  
   -0.14  0.99  0.01  
   -0.01  -0.02  1.00  

9  1381.87  111.62  95.99  
   -0.59  -0.45  -0.67  
   0.80  -0.44  -0.41  
   -0.11  -0.78  0.62  

2  857.25  -36.61  578.20  
   0.80  -0.59  0.03  
   0.59  0.80  0.05  
   -0.05  -0.03  1.00  

3  1278.73  -16.52  51.79  
   -0.53  0.06  -0.85  
   -0.10  -0.99  -0.01  
   -0.84  0.08  0.53  

4  1201.04  108.50  -38.40  
   0.79  -0.58  0.20  
   0.61  0.76  -0.23  
   -0.02  0.30  0.95  

6  1424.29  103.58  -108.05  
   0.31  0.94  0.12  
   -0.94  0.29  0.17  
   0.13  -0.17  0.98  

5  1296.14  285.30  -29.91  
   -0.82  -0.37  0.44  
   -0.51  0.10  -0.86  
   0.28  -0.92  -0.27  

7  1246.14  -162.07  -53.58  
   0.99  0.16  0.00  
   -0.16  0.99  0.02  
   -0.00  -0.02  1.00  

8  1405.53  -133.05  127.25  
   -0.66  -0.47  -0.58  
   -0.56  -0.21  0.80  
   -0.50  0.86  -0.12  

9  1388.57  102.69  95.55  
   -0.56  -0.47  -0.69  
   0.82  -0.42  -0.38  
   -0.12  -0.77  0.62  

2  857.25  -36.61  578.20  
   0.80  -0.59  0.03  
   0.59  0.80  0.05  
   -0.05  -0.03  1.00  

4  1200.60  109.39  -38.84  
   0.79  -0.58  0.20  
   0.61  0.75  -0.23  
   -0.02  0.30  0.95  

3  1278.73  -17.86  53.13  
   -0.53  0.05  -0.85  
   -0.09  -1.00  0.00  
   -0.85  0.08  0.53  

5  1294.80  286.64  -28.57  
   -0.81  -0.37  0.45  
   -0.51  0.10  -0.85  
   0.27  -0.92  -0.27  

7  1241.67  -164.31  -53.58  
   0.98  0.19  -0.00  
   -0.19  0.98  0.02  
   0.01  -0.02  1.00  

8  1401.96  -144.21  125.46  
   -0.69  -0.48  -0.54  
   -0.52  -0.18  0.83  
   -0.50  0.86  -0.12  

6  1424.29  105.37  -107.60  
   0.31  0.94  0.12  
   -0.94  0.29  0.17  
   0.12  -0.17  0.98  

9  1397.50  93.32  95.99  
   -0.51  -0.50  -0.70  
   0.85  -0.40  -0.33  
   -0.12  -0.77  0.63  

2  857.25  -36.17  578.20  
   0.80  -0.59  0.03  
   0.59  0.80  0.05  
   -0.05  -0.03  1.00  

3  1278.28  -18.75  53.58  
   -0.52  0.03  -0.85  
   -0.09  -1.00  0.02  
   -0.85  0.09  0.53  

4  1200.15  109.84  -38.40  
   0.79  -0.58  0.20  
   0.62  0.75  -0.23  
   -0.02  0.30  0.95  

5  1293.91  287.09  -27.24  
   -0.81  -0.37  0.45  
   -0.52  0.10  -0.85  
   0.27  -0.92  -0.27  

6  1423.84  107.60  -107.16  
   0.32  0.94  0.12  
   -0.94  0.30  0.17  
   0.12  -0.17  0.98  

8  1398.39  -155.82  129.93  
   -0.71  -0.49  -0.50  
   -0.49  -0.16  0.86  
   -0.50  0.86  -0.13  

7  1237.65  -165.65  -51.79  
   0.98  0.22  -0.01  
   -0.22  0.97  0.03  
   0.02  -0.03  1.00  

9  1405.53  80.81  97.78  
   -0.46  -0.52  -0.72  
   0.88  -0.38  -0.29  
   -0.12  -0.77  0.63  

4  1199.70  109.84  -37.95  
   0.79  -0.58  0.20  
   0.62  0.75  -0.23  
   -0.02  0.31  0.95  

3  1278.28  -20.09  54.47  
   -0.52  0.02  -0.85  
   -0.09  -1.00  0.03  
   -0.85  0.09  0.52  

2  857.25  -36.61  578.20  
   0.80  -0.59  0.03  
   0.59  0.80  0.05  
   -0.05  -0.03  1.00  

5  1293.02  288.43  -27.24  
   -0.81  -0.37  0.45  
   -0.52  0.10  -0.85  
   0.27  -0.92  -0.28  

6  1423.39  108.94  -106.71  
   0.32  0.94  0.12  
   -0.94  0.30  0.16  
   0.12  -0.17  0.98  

7  1233.64  -167.88  -51.79  
   0.97  0.26  -0.02  
   -0.26  0.96  0.05  
   0.03  -0.04  1.00  

8  1392.58  -170.11  130.82  
   -0.74  -0.51  -0.44  
   -0.44  -0.12  0.89  
   -0.50  0.85  -0.13  

9  1413.12  66.97  99.57  
   -0.41  -0.54  -0.73  
   0.90  -0.35  -0.25  
   -0.12  -0.77  0.63  

2  857.25  -36.17  578.20  
   0.80  -0.59  0.03  
   0.59  0.80  0.05  
   -0.05  -0.03  1.00  

3  1278.73  -21.88  55.36  
   -0.52  0.01  -0.85  
   -0.09  -1.00  0.04  
   -0.85  0.10  0.52  

4  1199.26  110.28  -37.95  
   0.79  -0.58  0.20  
   0.62  0.75  -0.23  
   -0.02  0.31  0.95  

5  1292.13  288.88  -25.90  
   -0.81  -0.37  0.45  
   -0.52  0.10  -0.85  
   0.27  -0.92  -0.28  

6  1422.95  110.73  -105.82  
   0.32  0.94  0.12  
   -0.94  0.30  0.16  
   0.11  -0.17  0.98  

7  1231.85  -168.77  -48.67  
   0.96  0.29  -0.04  
   -0.29  0.96  0.07  
   0.05  -0.05  1.00  

8  1388.12  -179.93  136.18  
   -0.76  -0.52  -0.39  
   -0.40  -0.09  0.91  
   -0.51  0.85  -0.14  

9  1421.16  50.45  102.69  
   -0.36  -0.55  -0.76  
   0.92  -0.33  -0.20  
   -0.14  -0.77  0.62  

2  857.25  -36.61  577.75  
   0.80  -0.59  0.03  
   0.59  0.80  0.05  
   -0.05  -0.03  1.00  

5  1292.13  289.32  -25.45  
   -0.81  -0.37  0.46  
   -0.52  0.10  -0.85  
   0.27  -0.92  -0.28  

3  1279.62  -23.66  55.36  
   -0.52  0.00  -0.85  
   -0.09  -0.99  0.05  
   -0.85  0.10  0.52  

4  1199.26  110.73  -37.95  
   0.79  -0.58  0.20  
   0.62  0.75  -0.23  
   -0.02  0.31  0.95  

6  1422.95  111.62  -105.82  
   0.33  0.94  0.12  
   -0.94  0.31  0.16  
   0.11  -0.17  0.98  

8  1384.10  -196.45  138.86  
   -0.78  -0.54  -0.32  
   -0.36  -0.05  0.93  
   -0.52  0.84  -0.15  

7  1229.62  -171.90  -47.33  
   0.94  0.32  -0.04  
   -0.32  0.94  0.09  
   0.07  -0.07  0.99  

9  1427.86  36.61  104.48  
   -0.30  -0.55  -0.77  
   0.94  -0.31  -0.15  
   -0.16  -0.77  0.61  

2  857.25  -36.61  578.20  
   0.80  -0.59  0.03  
   0.59  0.80  0.05  
   -0.05  -0.03  1.00  

3  1279.18  -24.11  56.70  
   -0.52  0.00  -0.85  
   -0.09  -0.99  0.05  
   -0.85  0.11  0.52  

7  1227.83  -172.79  -45.54  
   0.93  0.35  -0.05  
   -0.35  0.93  0.11  
   0.08  -0.08  0.99  

6  1422.50  112.51  -104.92  
   0.33  0.94  0.12  
   -0.94  0.31  0.16  
   0.11  -0.16  0.98  

5  1290.79  289.32  -25.45  
   -0.81  -0.37  0.46  
   -0.53  0.10  -0.84  
   0.27  -0.92  -0.28  

4  1198.81  110.73  -37.95  
   0.79  -0.58  0.20  
   0.62  0.75  -0.23  
   -0.02  0.31  0.95  

8  1378.74  -205.38  143.32  
   -0.79  -0.55  -0.28  
   -0.32  -0.02  0.95  
   -0.53  0.83  -0.16  

9  1431.88  24.11  108.50  
   -0.26  -0.56  -0.79  
   0.95  -0.29  -0.11  
   -0.17  -0.78  0.61  

2  857.25  -36.61  577.75  
   0.80  -0.59  0.03  
   0.59  0.80  0.05  
   -0.05  -0.03  1.00  

3  1279.62  -25.90  56.70  
   -0.52  -0.00  -0.85  
   -0.09  -0.99  0.06  
   -0.85  0.11  0.52  

4  1198.81  110.73  -37.95  
   0.78  -0.58  0.20  
   0.62  0.75  -0.23  
   -0.02  0.30  0.95  

5  1290.34  289.32  -25.45  
   -0.81  -0.37  0.46  
   -0.53  0.10  -0.84  
   0.27  -0.92  -0.28  

6  1423.39  113.41  -104.92  
   0.33  0.94  0.12  
   -0.94  0.31  0.16  
   0.11  -0.16  0.98  

7  1225.15  -176.81  -44.20  
   0.92  0.39  -0.05  
   -0.38  0.92  0.13  
   0.10  -0.10  0.99  

8  1371.60  -219.67  147.34  
   -0.80  -0.56  -0.22  
   -0.27  0.02  0.96  
   -0.54  0.83  -0.17  

9  1437.68  4.91  110.28  
   -0.20  -0.57  -0.80  
   0.96  -0.27  -0.05  
   -0.19  -0.77  0.60  

5  1289.89  289.77  -24.56  
   -0.81  -0.37  0.46  
   -0.53  0.10  -0.84  
   0.27  -0.92  -0.28  

2  857.25  -36.61  577.75  
   0.80  -0.59  0.03  
   0.59  0.80  0.05  
   -0.05  -0.03  1.00  

4  1198.81  111.17  -37.95  
   0.78  -0.58  0.20  
   0.62  0.75  -0.23  
   -0.02  0.30  0.95  

3  1279.62  -26.79  57.15  
   -0.52  -0.00  -0.85  
   -0.10  -0.99  0.06  
   -0.85  0.12  0.52  

6  1423.39  113.41  -104.92  
   0.33  0.94  0.12  
   -0.94  0.31  0.16  
   0.11  -0.16  0.98  

8  1363.12  -225.47  154.04  
   -0.80  -0.58  -0.16  
   -0.24  0.07  0.97  
   -0.55  0.81  -0.19  

9  1441.25  -8.93  111.17  
   -0.15  -0.57  -0.81  
   0.96  -0.26  0.01  
   -0.22  -0.78  0.59  

7  1223.37  -178.59  -42.42  
   0.91  0.42  -0.06  
   -0.41  0.90  0.15  
   0.11  -0.11  0.99  

2  857.25  -36.61  577.75  
   0.80  -0.59  0.03  
   0.59  0.80  0.05  
   -0.05  -0.03  1.00  

3  1280.07  -28.13  57.15  
   -0.52  -0.00  -0.85  
   -0.10  -0.99  0.07  
   -0.85  0.12  0.52  

4  1198.81  111.17  -37.95  
   0.78  -0.58  0.20  
   0.62  0.75  -0.23  
   -0.02  0.30  0.95  

6  1423.39  114.30  -104.03  
   0.33  0.94  0.12  
   -0.94  0.31  0.16  
   0.11  -0.16  0.98  

5  1289.89  289.77  -24.56  
   -0.81  -0.37  0.46  
   -0.53  0.10  -0.84  
   0.27  -0.92  -0.28  

7  1221.13  -181.72  -40.18  
   0.89  0.45  -0.06  
   -0.44  0.88  0.18  
   0.13  -0.13  0.98  

9  1446.16  -29.47  114.30  
   -0.07  -0.58  -0.81  
   0.97  -0.24  0.09  
   -0.25  -0.78  0.57  

8  1353.74  -241.55  158.50  
   -0.81  -0.59  -0.08  
   -0.18  0.12  0.98  
   -0.56  0.80  -0.21  

2  857.25  -36.61  577.75  
   0.80  -0.59  0.03  
   0.59  0.80  0.05  
   -0.05  -0.03  1.00  

3  1280.96  -29.47  57.60  
   -0.52  -0.00  -0.85  
   -0.11  -0.99  0.07  
   -0.85  0.13  0.52  

6  1422.95  113.41  -104.48  
   0.33  0.94  0.12  
   -0.94  0.31  0.16  
   0.11  -0.16  0.98  

4  1198.81  111.17  -37.95  
   0.79  -0.58  0.20  
   0.62  0.75  -0.22  
   -0.02  0.30  0.95  

5  1290.34  289.32  -24.56  
   -0.81  -0.37  0.46  
   -0.53  0.11  -0.84  
   0.26  -0.92  -0.28  

7  1219.35  -183.51  -37.50  
   0.87  0.49  -0.06  
   -0.47  0.86  0.21  
   0.15  -0.16  0.98  

8  1343.02  -250.92  166.99  
   -0.80  -0.59  -0.00  
   -0.14  0.18  0.97  
   -0.58  0.78  -0.23  

9  1451.07  -47.77  119.21  
   0.01  -0.57  -0.82  
   0.96  -0.22  0.16  
   -0.28  -0.79  0.55  

3  1281.41  -30.81  58.04  
   -0.52  -0.00  -0.85  
   -0.11  -0.99  0.07  
   -0.85  0.14  0.51  

2  857.25  -36.61  577.75  
   0.80  -0.59  0.03  
   0.59  0.80  0.05  
   -0.05  -0.03  1.00  

4  1199.26  111.17  -37.95  
   0.79  -0.58  0.20  
   0.62  0.75  -0.22  
   -0.02  0.30  0.95  

5  1290.79  289.32  -24.56  
   -0.81  -0.37  0.46  
   -0.53  0.11  -0.84  
   0.26  -0.92  -0.28  

6  1423.84  114.30  -104.48  
   0.33  0.94  0.12  
   -0.94  0.31  0.16  
   0.11  -0.16  0.98  

8  1334.10  -258.51  173.68  
   -0.80  -0.60  0.06  
   -0.10  0.23  0.97  
   -0.59  0.77  -0.24  

9  1453.75  -65.19  123.23  
   0.07  -0.57  -0.82  
   0.95  -0.21  0.23  
   -0.30  -0.79  0.53  

7  1217.12  -185.74  -34.38  
   0.85  0.51  -0.06  
   -0.49  0.84  0.23  
   0.17  -0.17  0.97  

2  857.25  -36.61  578.20  
   0.80  -0.59  0.03  
   0.59  0.80  0.05  
   -0.05  -0.03  1.00  

6  1423.84  113.41  -104.48  
   0.33  0.94  0.12  
   -0.94  0.31  0.15  
   0.11  -0.16  0.98  

3  1281.41  -32.59  58.04  
   -0.52  -0.01  -0.85  
   -0.12  -0.99  0.08  
   -0.85  0.14  0.51  

5  1290.34  288.88  -24.56  
   -0.81  -0.37  0.46  
   -0.53  0.11  -0.84  
   0.26  -0.92  -0.28  

4  1198.81  111.17  -37.95  
   0.79  -0.58  0.20  
   0.62  0.75  -0.22  
   -0.02  0.30  0.95  

7  1215.33  -189.31  -33.93  
   0.84  0.54  -0.05  
   -0.51  0.82  0.26  
   0.18  -0.19  0.97  

9  1455.09  -79.47  123.68  
   0.12  -0.58  -0.80  
   0.94  -0.19  0.28  
   -0.31  -0.79  0.52  

8  1325.61  -267.89  175.47  
   -0.80  -0.59  0.12  
   -0.06  0.27  0.96  
   -0.60  0.76  -0.25  

2  857.25  -36.61  578.20  
   0.80  -0.59  0.03  
   0.59  0.80  0.05  
   -0.05  -0.03  1.00  

4  1198.81  110.73  -38.40  
   0.79  -0.58  0.20  
   0.62  0.76  -0.22  
   -0.02  0.30  0.95  

3  1280.96  -33.93  58.49  
   -0.52  -0.01  -0.86  
   -0.12  -0.99  0.08  
   -0.85  0.15  0.51  

5  1291.23  288.88  -25.00  
   -0.81  -0.37  0.46  
   -0.53  0.11  -0.84  
   0.26  -0.92  -0.28  

6  1423.84  113.41  -104.48  
   0.33  0.94  0.12  
   -0.94  0.31  0.15  
   0.11  -0.16  0.98  

7  1213.99  -189.31  -30.81  
   0.83  0.56  -0.05  
   -0.52  0.81  0.27  
   0.20  -0.20  0.96  

8  1315.79  -272.80  180.83  
   -0.79  -0.59  0.16  
   -0.02  0.30  0.95  
   -0.61  0.75  -0.25  

9  1455.09  -92.42  126.36  
   0.17  -0.59  -0.79  
   0.93  -0.17  0.32  
   -0.32  -0.79  0.52  

2  857.25  -36.61  577.75  
   0.80  -0.59  0.03  
   0.59  0.80  0.05  
   -0.05  -0.03  1.00  

3  1280.96  -35.27  58.49  
   -0.52  -0.01  -0.86  
   -0.13  -0.99  0.09  
   -0.85  0.15  0.51  

4  1199.26  110.73  -37.95  
   0.79  -0.58  0.20  
   0.62  0.76  -0.22  
   -0.03  0.30  0.95  

5  1291.23  288.43  -24.56  
   -0.81  -0.37  0.46  
   -0.53  0.11  -0.84  
   0.26  -0.92  -0.28  

7  1213.10  -192.88  -30.36  
   0.81  0.58  -0.04  
   -0.54  0.78  0.30  
   0.21  -0.22  0.95  

8  1307.31  -281.73  184.84  
   -0.78  -0.58  0.23  
   0.02  0.34  0.94  
   -0.62  0.74  -0.26  

9  1454.20  -108.50  132.61  
   0.22  -0.59  -0.78  
   0.91  -0.15  0.38  
   -0.34  -0.80  0.50  

6  1423.84  112.96  -104.48  
   0.33  0.94  0.12  
   -0.94  0.31  0.15  
   0.11  -0.16  0.98  

2  856.80  -36.61  577.75  
   0.80  -0.59  0.03  
   0.59  0.80  0.05  
   -0.05  -0.03  1.00  

5  1291.68  287.98  -25.00  
   -0.81  -0.37  0.46  
   -0.53  0.11  -0.84  
   0.26  -0.92  -0.28  

3  1280.96  -35.27  58.49  
   -0.52  -0.01  -0.86  
   -0.13  -0.99  0.09  
   -0.85  0.16  0.51  

4  1199.70  110.28  -38.84  
   0.79  -0.58  0.20  
   0.61  0.76  -0.22  
   -0.03  0.30  0.95  

6  1424.29  112.51  -104.48  
   0.33  0.94  0.12  
   -0.94  0.31  0.15  
   0.11  -0.16  0.98  

9  1452.41  -121.00  137.96  
   0.29  -0.58  -0.76  
   0.89  -0.14  0.44  
   -0.36  -0.80  0.47  

8  1294.80  -282.62  192.88  
   -0.76  -0.58  0.29  
   0.05  0.39  0.92  
   -0.65  0.71  -0.27  

7  1212.21  -193.33  -29.02  
   0.80  0.60  -0.04  
   -0.56  0.76  0.33  
   0.22  -0.24  0.94  

2  856.80  -36.61  577.75  
   0.80  -0.59  0.03  
   0.59  0.80  0.05  
   -0.05  -0.03  1.00  

5  1291.68  287.98  -24.56  
   -0.81  -0.37  0.46  
   -0.53  0.11  -0.84  
   0.26  -0.92  -0.28  

3  1281.41  -35.27  58.04  
   -0.52  -0.01  -0.86  
   -0.14  -0.99  0.09  
   -0.85  0.17  0.51  

4  1198.81  110.28  -38.84  
   0.79  -0.58  0.20  
   0.61  0.76  -0.22  
   -0.03  0.30  0.95  

6  1424.29  112.51  -104.48  
   0.33  0.94  0.12  
   -0.94  0.31  0.15  
   0.11  -0.16  0.98  

7  1209.97  -195.56  -26.79  
   0.78  0.63  -0.03  
   -0.58  0.73  0.36  
   0.24  -0.26  0.93  

8  1279.62  -287.98  201.36  
   -0.73  -0.57  0.37  
   0.09  0.46  0.88  
   -0.67  0.68  -0.28  

9  1450.63  -141.09  147.79  
   0.38  -0.57  -0.73  
   0.85  -0.10  0.51  
   -0.37  -0.82  0.44  

2  856.80  -36.61  577.75  
   0.80  -0.59  0.03  
   0.59  0.80  0.05  
   -0.05  -0.03  1.00  

3  1282.30  -36.61  57.15  
   -0.51  -0.01  -0.86  
   -0.15  -0.98  0.10  
   -0.85  0.17  0.50  

4  1199.26  109.84  -39.29  
   0.79  -0.58  0.21  
   0.61  0.76  -0.22  
   -0.03  0.30  0.95  

5  1292.13  287.98  -25.00  
   -0.81  -0.37  0.46  
   -0.52  0.11  -0.84  
   0.26  -0.92  -0.28  

6  1424.29  112.51  -104.48  
   0.33  0.94  0.12  
   -0.94  0.31  0.15  
   0.11  -0.16  0.98  

7  1208.19  -197.35  -25.90  
   0.77  0.64  -0.02  
   -0.59  0.71  0.38  
   0.26  -0.28  0.92  

8  1270.25  -292.45  204.49  
   -0.71  -0.57  0.43  
   0.12  0.49  0.86  
   -0.70  0.66  -0.28  

9  1447.95  -155.82  157.16  
   0.43  -0.55  -0.71  
   0.83  -0.07  0.56  
   -0.36  -0.83  0.42  

3  1283.20  -37.06  57.60  
   -0.51  -0.01  -0.86  
   -0.15  -0.98  0.10  
   -0.85  0.18  0.50  

4  1198.81  109.84  -39.29  
   0.79  -0.58  0.21  
   0.61  0.76  -0.22  
   -0.03  0.30  0.95  

2  856.80  -36.61  577.75  
   0.80  -0.59  0.03  
   0.59  0.80  0.05  
   -0.05  -0.03  1.00  

5  1292.13  287.54  -25.00  
   -0.81  -0.37  0.45  
   -0.52  0.11  -0.84  
   0.26  -0.92  -0.28  

6  1424.29  112.07  -105.37  
   0.33  0.94  0.12  
   -0.94  0.31  0.15  
   0.11  -0.16  0.98  

9  1443.48  -165.65  171.00  
   0.49  -0.51  -0.70  
   0.80  -0.05  0.60  
   -0.35  -0.86  0.38  

7  1207.74  -199.13  -22.77  
   0.75  0.66  -0.01  
   -0.60  0.69  0.40  
   0.27  -0.30  0.91  

8  1257.30  -295.13  211.63  
   -0.67  -0.56  0.48  
   0.16  0.53  0.83  
   -0.72  0.64  -0.27  

2  856.80  -36.61  577.75  
   0.80  -0.59  0.03  
   0.59  0.80  0.05  
   -0.05  -0.03  1.00  

3  1283.20  -38.40  57.15  
   -0.51  -0.01  -0.86  
   -0.16  -0.98  0.10  
   -0.85  0.19  0.50  

5  1292.13  287.09  -25.90  
   -0.81  -0.37  0.45  
   -0.52  0.11  -0.84  
   0.26  -0.92  -0.28  

4  1198.81  109.84  -39.74  
   0.79  -0.58  0.21  
   0.61  0.76  -0.22  
   -0.03  0.30  0.95  

6  1424.29  111.62  -105.37  
   0.33  0.94  0.12  
   -0.94  0.31  0.15  
   0.11  -0.16  0.98  

7  1207.29  -200.92  -22.32  
   0.74  0.67  0.00  
   -0.61  0.67  0.43  
   0.29  -0.32  0.90  

8  1247.03  -296.91  217.44  
   -0.64  -0.56  0.53  
   0.18  0.56  0.81  
   -0.75  0.61  -0.26  

9  1438.13  -179.49  182.17  
   0.55  -0.49  -0.68  
   0.77  -0.03  0.64  
   -0.33  -0.87  0.36  

2  857.25  -36.61  578.20  
   0.80  -0.59  0.03  
   0.59  0.80  0.05  
   -0.05  -0.03  1.00  

3  1283.20  -38.40  57.60  
   -0.50  -0.01  -0.86  
   -0.16  -0.98  0.10  
   -0.85  0.19  0.49  

4  1199.26  109.39  -40.18  
   0.79  -0.58  0.21  
   0.61  0.76  -0.22  
   -0.03  0.30  0.95  

8  1231.85  -292.89  224.14  
   -0.59  -0.56  0.58  
   0.18  0.61  0.77  
   -0.79  0.56  -0.25  

5  1292.57  287.09  -26.34  
   -0.81  -0.37  0.45  
   -0.52  0.11  -0.85  
   0.26  -0.92  -0.28  

6  1423.84  111.17  -105.82  
   0.33  0.94  0.12  
   -0.94  0.31  0.15  
   0.11  -0.16  0.98  

7  1205.95  -201.81  -19.20  
   0.72  0.69  0.01  
   -0.62  0.64  0.45  
   0.31  -0.33  0.89  

9  1430.98  -184.84  201.36  
   0.60  -0.44  -0.66  
   0.74  -0.00  0.67  
   -0.30  -0.90  0.33  

2  856.80  -36.61  577.75  
   0.80  -0.59  0.03  
   0.59  0.80  0.05  
   -0.05  -0.03  1.00  

4  1198.81  108.94  -40.63  
   0.79  -0.58  0.21  
   0.61  0.76  -0.22  
   -0.04  0.30  0.95  

5  1292.13  287.09  -25.90  
   -0.81  -0.37  0.45  
   -0.52  0.11  -0.85  
   0.27  -0.92  -0.28  

3  1283.64  -39.29  57.60  
   -0.50  -0.01  -0.86  
   -0.17  -0.98  0.10  
   -0.85  0.19  0.49  

6  1423.84  110.73  -106.71  
   0.33  0.94  0.12  
   -0.94  0.31  0.15  
   0.11  -0.16  0.98  

9  1421.61  -196.90  221.90  
   0.66  -0.38  -0.65  
   0.71  0.02  0.71  
   -0.25  -0.93  0.28  

8  1216.67  -293.79  229.94  
   -0.53  -0.57  0.63  
   0.19  0.64  0.74  
   -0.83  0.51  -0.23  

7  1205.95  -204.04  -16.52  
   0.71  0.70  0.01  
   -0.62  0.62  0.47  
   0.32  -0.35  0.88  

2  856.80  -36.61  577.75  
   0.80  -0.59  0.03  
   0.59  0.80  0.05  
   -0.05  -0.03  1.00  

5  1292.13  287.54  -26.34  
   -0.81  -0.37  0.45  
   -0.52  0.11  -0.84  
   0.27  -0.92  -0.28  

6  1422.95  110.73  -107.16  
   0.33  0.94  0.12  
   -0.94  0.31  0.15  
   0.10  -0.17  0.98  

7  1205.95  -204.94  -14.29  
   0.70  0.71  0.02  
   -0.63  0.61  0.49  
   0.34  -0.36  0.87  

3  1283.64  -39.74  58.04  
   -0.50  -0.00  -0.86  
   -0.17  -0.98  0.10  
   -0.85  0.20  0.49  

4  1198.81  108.94  -40.63  
   0.79  -0.58  0.21  
   0.61  0.76  -0.22  
   -0.04  0.30  0.95  

8  1206.40  -290.66  235.74  
   -0.47  -0.57  0.67  
   0.20  0.68  0.71  
   -0.86  0.47  -0.21  

9  1415.80  -197.35  246.46  
   0.70  -0.30  -0.64  
   0.68  0.05  0.73  
   -0.19  -0.95  0.24  

2  856.80  -36.61  577.75  
   0.80  -0.59  0.03  
   0.59  0.80  0.05  
   -0.05  -0.03  1.00  

3  1283.20  -40.18  58.49  
   -0.50  -0.00  -0.86  
   -0.17  -0.98  0.10  
   -0.85  0.20  0.49  

5  1291.68  287.09  -25.45  
   -0.81  -0.37  0.45  
   -0.52  0.11  -0.85  
   0.27  -0.92  -0.29  

6  1422.50  110.73  -107.60  
   0.32  0.94  0.13  
   -0.94  0.31  0.15  
   0.10  -0.17  0.98  

7  1205.06  -206.72  -13.39  
   0.70  0.72  0.02  
   -0.63  0.59  0.50  
   0.35  -0.36  0.86  

4  1198.36  109.39  -41.08  
   0.79  -0.58  0.21  
   0.61  0.76  -0.21  
   -0.04  0.30  0.95  

8  1200.60  -290.66  237.53  
   -0.44  -0.57  0.70  
   0.20  0.70  0.69  
   -0.88  0.44  -0.19  

9  1411.34  -201.36  271.46  
   0.74  -0.21  -0.64  
   0.67  0.07  0.74  
   -0.11  -0.97  0.20  

3  1283.64  -40.63  58.49  
   -0.50  -0.00  -0.86  
   -0.17  -0.98  0.10  
   -0.85  0.20  0.49  

4  1197.92  108.94  -40.63  
   0.79  -0.58  0.21  
   0.62  0.76  -0.21  
   -0.04  0.30  0.95  

2  856.80  -36.17  577.75  
   0.80  -0.59  0.03  
   0.59  0.80  0.05  
   -0.05  -0.03  1.00  

5  1291.68  287.54  -25.90  
   -0.81  -0.37  0.45  
   -0.52  0.11  -0.85  
   0.27  -0.92  -0.29  

6  1422.50  110.28  -108.05  
   0.32  0.94  0.13  
   -0.94  0.30  0.15  
   0.10  -0.17  0.98  

9  1409.10  -200.92  287.54  
   0.75  -0.15  -0.64  
   0.65  0.09  0.75  
   -0.05  -0.98  0.17  

8  1197.02  -286.64  241.99  
   -0.41  -0.57  0.71  
   0.19  0.71  0.68  
   -0.89  0.41  -0.18  

7  1205.06  -206.72  -11.61  
   0.69  0.72  0.02  
   -0.63  0.59  0.51  
   0.35  -0.37  0.86  

4  1197.92  109.39  -40.18  
   0.79  -0.58  0.21  
   0.62  0.76  -0.21  
   -0.04  0.30  0.95  

2  856.80  -36.61  577.75  
   0.80  -0.59  0.03  
   0.59  0.80  0.05  
   -0.05  -0.03  1.00  

5  1291.68  287.54  -25.00  
   -0.81  -0.38  0.45  
   -0.52  0.11  -0.85  
   0.27  -0.92  -0.29  

3  1283.20  -40.63  58.94  
   -0.51  -0.00  -0.86  
   -0.17  -0.98  0.10  
   -0.85  0.20  0.49  

6  1422.05  109.84  -108.94  
   0.32  0.94  0.13  
   -0.94  0.30  0.15  
   0.10  -0.17  0.98  

9  1407.77  -196.90  306.29  
   0.76  -0.08  -0.64  
   0.65  0.11  0.75  
   0.01  -0.99  0.13  

7  1205.95  -207.62  -9.82  
   0.69  0.72  0.03  
   -0.63  0.59  0.51  
   0.35  -0.37  0.86  

8  1195.24  -283.96  245.12  
   -0.39  -0.58  0.71  
   0.17  0.72  0.68  
   -0.91  0.38  -0.18  

2  856.80  -36.61  577.75  
   0.80  -0.59  0.03  
   0.59  0.80  0.05  
   -0.05  -0.03  1.00  

3  1283.20  -40.63  58.49  
   -0.51  -0.00  -0.86  
   -0.17  -0.98  0.11  
   -0.84  0.20  0.50  

5  1291.68  287.09  -25.45  
   -0.81  -0.38  0.45  
   -0.52  0.11  -0.85  
   0.27  -0.92  -0.29  

4  1197.47  109.39  -40.18  
   0.79  -0.58  0.21  
   0.62  0.76  -0.21  
   -0.04  0.30  0.95  

6  1421.61  109.84  -108.94  
   0.32  0.94  0.13  
   -0.94  0.30  0.15  
   0.10  -0.17  0.98  

7  1205.95  -208.06  -9.82  
   0.69  0.72  0.03  
   -0.63  0.59  0.51  
   0.35  -0.37  0.86  

8  1195.24  -281.29  247.80  
   -0.37  -0.60  0.71  
   0.15  0.72  0.68  
   -0.92  0.36  -0.17  

9  1406.43  -197.35  320.13  
   0.77  -0.02  -0.64  
   0.64  0.12  0.76  
   0.06  -0.99  0.11  

2  857.25  -36.61  577.75  
   0.80  -0.59  0.03  
   0.59  0.80  0.05  
   -0.05  -0.03  1.00  

3  1283.20  -41.08  58.49  
   -0.51  -0.00  -0.86  
   -0.18  -0.98  0.11  
   -0.84  0.20  0.50  

6  1421.16  109.84  -108.94  
   0.32  0.94  0.13  
   -0.94  0.30  0.15  
   0.10  -0.17  0.98  

4  1197.47  109.39  -40.63  
   0.79  -0.58  0.22  
   0.62  0.76  -0.21  
   -0.04  0.30  0.95  

5  1291.23  287.09  -25.90  
   -0.81  -0.38  0.45  
   -0.52  0.11  -0.85  
   0.27  -0.92  -0.29  

7  1206.40  -208.06  -9.38  
   0.69  0.72  0.03  
   -0.63  0.59  0.51  
   0.35  -0.37  0.86  

8  1196.58  -279.05  249.14  
   -0.36  -0.61  0.71  
   0.14  0.71  0.69  
   -0.92  0.34  -0.17  

9  1405.09  -194.67  333.97  
   0.77  0.02  -0.64  
   0.63  0.14  0.76  
   0.11  -0.99  0.09  

2  857.25  -36.61  577.75  
   0.80  -0.59  0.03  
   0.59  0.80  0.05  
   -0.05  -0.03  1.00  

3  1283.20  -41.08  58.94  
   -0.51  -0.00  -0.86  
   -0.18  -0.98  0.11  
   -0.84  0.20  0.50  

4  1197.92  109.39  -40.63  
   0.78  -0.58  0.21  
   0.62  0.76  -0.21  
   -0.04  0.30  0.95  

6  1421.16  110.28  -108.94  
   0.32  0.94  0.13  
   -0.94  0.30  0.14  
   0.10  -0.17  0.98  

5  1291.23  287.09  -25.00  
   -0.81  -0.38  0.45  
   -0.52  0.11  -0.84  
   0.27  -0.92  -0.29  

7  1206.85  -208.95  -8.48  
   0.69  0.72  0.03  
   -0.63  0.59  0.51  
   0.35  -0.37  0.86  

9  1402.85  -195.56  344.69  
   0.76  0.06  -0.64  
   0.63  0.15  0.76  
   0.15  -0.99  0.08  

8  1197.02  -277.71  250.92  
   -0.34  -0.62  0.70  
   0.12  0.71  0.69  
   -0.93  0.32  -0.17  

2  856.80  -36.17  577.75  
   0.80  -0.59  0.03  
   0.59  0.80  0.05  
   -0.05  -0.03  1.00  

3  1283.20  -40.63  58.49  
   -0.51  -0.00  -0.86  
   -0.18  -0.98  0.10  
   -0.84  0.21  0.50  

4  1197.47  108.94  -40.63  
   0.78  -0.58  0.21  
   0.62  0.76  -0.21  
   -0.04  0.30  0.95  

5  1291.23  287.09  -25.00  
   -0.81  -0.38  0.45  
   -0.52  0.11  -0.84  
   0.27  -0.92  -0.29  

6  1421.61  110.28  -108.50  
   0.32  0.94  0.13  
   -0.94  0.31  0.14  
   0.10  -0.17  0.98  

7  1206.85  -208.95  -8.48  
   0.69  0.72  0.03  
   -0.63  0.59  0.51  
   0.35  -0.37  0.86  

8  1197.02  -277.27  251.37  
   -0.34  -0.62  0.70  
   0.12  0.72  0.69  
   -0.93  0.32  -0.17  

9  1402.41  -195.11  345.58  
   0.76  0.07  -0.64  
   0.63  0.15  0.76  
   0.15  -0.99  0.08  

2  857.25  -36.61  578.20  
   0.80  -0.59  0.03  
   0.59  0.80  0.05  
   -0.05  -0.03  1.00  

4  1197.47  108.50  -40.18  
   0.78  -0.58  0.21  
   0.62  0.76  -0.21  
   -0.04  0.30  0.95  

3  1282.75  -41.08  58.94  
   -0.51  0.00  -0.86  
   -0.18  -0.98  0.10  
   -0.84  0.21  0.50  

6  1421.61  110.28  -108.50  
   0.32  0.94  0.13  
   -0.94  0.31  0.14  
   0.09  -0.17  0.98  

5  1291.23  286.64  -24.56  
   -0.81  -0.37  0.45  
   -0.52  0.11  -0.84  
   0.26  -0.92  -0.29  

9  1402.85  -192.88  349.15  
   0.77  0.06  -0.64  
   0.62  0.17  0.76  
   0.15  -0.98  0.10  

8  1197.47  -275.48  253.16  
   -0.34  -0.62  0.71  
   0.10  0.72  0.68  
   -0.93  0.31  -0.18  

7  1206.85  -208.95  -8.04  
   0.69  0.72  0.03  
   -0.63  0.58  0.52  
   0.36  -0.37  0.86  

2  856.80  -36.61  577.75  
   0.80  -0.59  0.03  
   0.59  0.80  0.05  
   -0.05  -0.03  1.00  

3  1283.20  -41.52  58.94  
   -0.51  0.00  -0.86  
   -0.18  -0.98  0.10  
   -0.84  0.20  0.50  

5  1291.23  286.20  -24.56  
   -0.81  -0.37  0.45  
   -0.52  0.12  -0.84  
   0.26  -0.92  -0.29  

4  1197.92  108.94  -39.74  
   0.78  -0.58  0.21  
   0.62  0.76  -0.21  
   -0.04  0.30  0.95  

6  1422.05  109.84  -107.60  
   0.32  0.94  0.13  
   -0.94  0.30  0.14  
   0.09  -0.17  0.98  

7  1206.85  -209.40  -8.04  
   0.69  0.72  0.03  
   -0.63  0.58  0.52  
   0.36  -0.38  0.86  

8  1197.02  -275.03  253.16  
   -0.34  -0.62  0.71  
   0.10  0.72  0.68  
   -0.93  0.30  -0.19  

9  1402.85  -193.33  348.70  
   0.77  0.05  -0.64  
   0.62  0.18  0.76  
   0.15  -0.98  0.11  

2  856.80  -36.61  577.75  
   0.80  -0.59  0.03  
   0.59  0.80  0.05  
   -0.05  -0.03  1.00  

4  1197.92  108.94  -39.74  
   0.79  -0.58  0.21  
   0.62  0.76  -0.21  
   -0.04  0.30  0.95  

3  1283.20  -41.52  58.94  
   -0.51  0.00  -0.86  
   -0.18  -0.98  0.10  
   -0.84  0.20  0.50  

5  1291.68  286.64  -23.66  
   -0.81  -0.37  0.45  
   -0.52  0.12  -0.85  
   0.26  -0.92  -0.29  

8  1196.58  -273.69  254.50  
   -0.34  -0.62  0.71  
   0.09  0.73  0.68  
   -0.94  0.30  -0.19  

6  1422.05  110.73  -106.71  
   0.32  0.94  0.13  
   -0.94  0.31  0.14  
   0.10  -0.17  0.98  

7  1206.85  -208.95  -8.04  
   0.69  0.72  0.03  
   -0.63  0.58  0.52  
   0.36  -0.38  0.85  

9  1402.85  -192.43  349.60  
   0.77  0.05  -0.63  
   0.62  0.18  0.77  
   0.15  -0.98  0.11  

3  1283.20  -41.52  58.94  
   -0.51  0.00  -0.86  
   -0.18  -0.98  0.10  
   -0.84  0.20  0.50  

2  856.80  -36.61  577.75  
   0.80  -0.59  0.03  
   0.59  0.80  0.05  
   -0.05  -0.03  1.00  

4  1197.92  108.94  -39.29  
   0.78  -0.58  0.21  
   0.62  0.76  -0.21  
   -0.04  0.30  0.95  

5  1292.13  285.75  -23.66  
   -0.81  -0.37  0.45  
   -0.52  0.12  -0.85  
   0.26  -0.92  -0.29  

6  1422.05  110.28  -106.26  
   0.32  0.94  0.13  
   -0.94  0.30  0.14  
   0.10  -0.17  0.98  

8  1196.13  -274.59  254.94  
   -0.34  -0.62  0.71  
   0.09  0.73  0.68  
   -0.94  0.30  -0.19  

9  1402.41  -193.33  348.70  
   0.77  0.06  -0.63  
   0.62  0.17  0.77  
   0.15  -0.98  0.10  

7  1206.85  -209.40  -7.59  
   0.69  0.72  0.03  
   -0.63  0.58  0.52  
   0.36  -0.38  0.85  

2  856.80  -36.61  577.75  
   0.80  -0.59  0.03  
   0.59  0.80  0.05  
   -0.05  -0.03  1.00  

5  1292.13  285.75  -23.22  
   -0.81  -0.37  0.45  
   -0.52  0.12  -0.85  
   0.26  -0.92  -0.29  

4  1197.92  108.50  -39.29  
   0.78  -0.58  0.21  
   0.62  0.76  -0.21  
   -0.04  0.29  0.95  

3  1283.20  -41.97  58.94  
   -0.51  0.00  -0.86  
   -0.18  -0.98  0.10  
   -0.84  0.20  0.50  

6  1422.05  110.28  -105.82  
   0.32  0.94  0.13  
   -0.94  0.30  0.14  
   0.10  -0.17  0.98  

8  1196.13  -274.14  254.94  
   -0.34  -0.62  0.71  
   0.09  0.73  0.68  
   -0.94  0.30  -0.19  

9  1402.41  -192.88  349.60  
   0.77  0.06  -0.63  
   0.62  0.17  0.77  
   0.15  -0.98  0.10  

7  1206.85  -209.40  -7.59  
   0.69  0.72  0.03  
   -0.63  0.58  0.52  
   0.36  -0.38  0.85  

2  857.25  -36.61  577.75  
   0.80  -0.59  0.03  
   0.59  0.80  0.05  
   -0.05  -0.03  1.00  

3  1283.20  -41.97  58.94  
   -0.51  0.00  -0.86  
   -0.18  -0.98  0.10  
   -0.84  0.20  0.50  

4  1197.92  108.50  -39.29  
   0.78  -0.58  0.21  
   0.62  0.76  -0.21  
   -0.04  0.29  0.95  

6  1422.50  109.84  -106.26  
   0.32  0.94  0.13  
   -0.94  0.30  0.14  
   0.10  -0.17  0.98  

5  1292.13  285.75  -23.66  
   -0.81  -0.37  0.45  
   -0.52  0.12  -0.85  
   0.26  -0.92  -0.29  

8  1196.58  -274.59  255.39  
   -0.34  -0.62  0.71  
   0.09  0.73  0.68  
   -0.94  0.30  -0.19  

7  1206.85  -209.40  -7.14  
   0.69  0.72  0.03  
   -0.63  0.58  0.52  
   0.36  -0.38  0.85  

9  1402.41  -193.33  350.04  
   0.77  0.06  -0.63  
   0.62  0.17  0.77  
   0.15  -0.98  0.09  

2  857.25  -36.17  577.75  
   0.80  -0.59  0.03  
   0.59  0.80  0.05  
   -0.05  -0.03  1.00  

3  1283.20  -41.97  58.94  
   -0.51  0.00  -0.86  
   -0.18  -0.98  0.10  
   -0.84  0.20  0.50  

4  1198.36  108.50  -39.29  
   0.78  -0.58  0.21  
   0.62  0.76  -0.21  
   -0.04  0.29  0.96  

5  1292.13  285.75  -24.11  
   -0.81  -0.37  0.45  
   -0.52  0.11  -0.85  
   0.26  -0.92  -0.29  

6  1422.50  109.84  -106.71  
   0.32  0.94  0.13  
   -0.94  0.30  0.14  
   0.10  -0.17  0.98  

8  1196.13  -274.59  255.39  
   -0.34  -0.62  0.71  
   0.09  0.73  0.68  
   -0.94  0.29  -0.19  

7  1207.29  -209.40  -7.59  
   0.69  0.72  0.03  
   -0.63  0.58  0.52  
   0.36  -0.38  0.85  

9  1402.41  -193.33  349.60  
   0.77  0.06  -0.63  
   0.62  0.17  0.77  
   0.15  -0.98  0.09  

2  857.25  -36.61  578.20  
   0.80  -0.59  0.03  
   0.59  0.80  0.05  
   -0.05  -0.03  1.00  

4  1197.92  108.50  -39.29  
   0.78  -0.58  0.21  
   0.62  0.76  -0.21  
   -0.04  0.29  0.96  

3  1283.20  -42.42  58.94  
   -0.51  0.00  -0.86  
   -0.18  -0.98  0.10  
   -0.84  0.21  0.50  

5  1292.13  285.75  -24.11  
   -0.81  -0.37  0.45  
   -0.52  0.11  -0.85  
   0.26  -0.92  -0.29  

6  1422.95  109.84  -106.26  
   0.32  0.94  0.13  
   -0.94  0.30  0.14  
   0.10  -0.17  0.98  

7  1207.29  -209.40  -7.59  
   0.69  0.72  0.03  
   -0.63  0.58  0.52  
   0.36  -0.38  0.85  

9  1401.96  -192.88  350.49  
   0.77  0.06  -0.63  
   0.62  0.17  0.77  
   0.15  -0.98  0.09  

8  1196.13  -274.59  255.39  
   -0.34  -0.62  0.71  
   0.09  0.73  0.68  
   -0.94  0.29  -0.19  

2  857.25  -36.61  578.20  
   0.80  -0.59  0.03  
   0.59  0.80  0.05  
   -0.05  -0.03  1.00  

5  1292.13  285.30  -24.11  
   -0.81  -0.37  0.45  
   -0.52  0.11  -0.85  
   0.26  -0.92  -0.29  

3  1283.64  -42.42  59.83  
   -0.51  0.00  -0.86  
   -0.18  -0.98  0.10  
   -0.84  0.21  0.50  

4  1198.36  108.05  -39.74  
   0.79  -0.58  0.21  
   0.62  0.76  -0.21  
   -0.04  0.29  0.96  

6  1422.95  109.39  -106.26  
   0.32  0.94  0.13  
   -0.94  0.30  0.15  
   0.10  -0.17  0.98  

7  1206.85  -209.85  -7.14  
   0.69  0.72  0.03  
   -0.63  0.58  0.52  
   0.36  -0.38  0.85  

9  1402.85  -193.33  350.49  
   0.77  0.06  -0.63  
   0.62  0.17  0.77  
   0.15  -0.98  0.09  

8  1196.13  -274.59  254.94  
   -0.34  -0.61  0.71  
   0.09  0.73  0.68  
   -0.94  0.29  -0.19  

2  856.80  -36.61  577.75  
   0.80  -0.59  0.03  
   0.59  0.80  0.05  
   -0.05  -0.03  1.00  

4  1198.36  108.05  -39.74  
   0.78  -0.58  0.21  
   0.62  0.76  -0.21  
   -0.04  0.29  0.96  

3  1283.64  -42.42  59.38  
   -0.51  0.00  -0.86  
   -0.18  -0.98  0.10  
   -0.84  0.21  0.50  

6  1423.39  109.39  -105.37  
   0.32  0.94  0.12  
   -0.94  0.30  0.14  
   0.10  -0.16  0.98  

5  1292.57  285.30  -24.56  
   -0.81  -0.37  0.45  
   -0.52  0.11  -0.85  
   0.26  -0.92  -0.29  

8  1196.58  -274.59  255.39  
   -0.34  -0.61  0.71  
   0.09  0.73  0.68  
   -0.94  0.29  -0.19  

7  1207.29  -209.85  -7.14  
   0.69  0.72  0.03  
   -0.63  0.58  0.52  
   0.36  -0.38  0.85  

9  1402.85  -193.33  350.94  
   0.77  0.06  -0.63  
   0.62  0.16  0.77  
   0.15  -0.98  0.09  

2  857.25  -36.61  578.20  
   0.80  -0.59  0.03  
   0.59  0.80  0.05  
   -0.05  -0.03  1.00  

3  1284.09  -42.86  58.94  
   -0.51  0.00  -0.86  
   -0.18  -0.98  0.10  
   -0.84  0.21  0.50  

5  1296.14  284.86  -14.29  
   -0.83  -0.33  0.45  
   -0.52  0.14  -0.84  
   0.21  -0.93  -0.29  

4  1199.26  109.84  -37.50  
   0.79  -0.58  0.20  
   0.62  0.75  -0.22  
   -0.02  0.30  0.95  

6  1428.30  111.17  -92.87  
   0.31  0.95  0.09  
   -0.95  0.30  0.12  
   0.09  -0.12  0.99  

8  1196.58  -275.03  254.94  
   -0.34  -0.61  0.71  
   0.09  0.73  0.67  
   -0.94  0.29  -0.19  

7  1206.85  -210.29  -8.04  
   0.69  0.72  0.03  
   -0.63  0.58  0.52  
   0.36  -0.38  0.85  

9  1402.85  -193.77  350.94  
   0.77  0.07  -0.63  
   0.62  0.16  0.77  
   0.15  -0.98  0.09  

2  857.25  -36.61  578.20  
   0.80  -0.59  0.03  
   0.59  0.80  0.05  
   -0.05  -0.03  1.00  

6  1432.77  115.19  -79.03  
   0.31  0.95  0.04  
   -0.95  0.31  0.09  
   0.07  -0.07  0.99  

4  1200.15  112.07  -35.27  
   0.79  -0.58  0.19  
   0.61  0.75  -0.24  
   -0.01  0.31  0.95  

5  1297.93  290.21  -1.34  
   -0.83  -0.29  0.47  
   -0.53  0.17  -0.83  
   0.16  -0.94  -0.30  

3  1284.09  -42.86  58.94  
   -0.51  0.00  -0.86  
   -0.18  -0.98  0.10  
   -0.84  0.21  0.50  

8  1197.47  -275.03  254.50  
   -0.34  -0.61  0.71  
   0.09  0.73  0.68  
   -0.94  0.29  -0.19  

7  1207.29  -210.29  -8.48  
   0.69  0.72  0.04  
   -0.63  0.58  0.52  
   0.35  -0.38  0.85  

9  1403.30  -192.88  350.49  
   0.77  0.07  -0.64  
   0.62  0.16  0.77  
   0.16  -0.98  0.08  

2  857.25  -36.61  577.75  
   0.80  -0.59  0.03  
   0.59  0.80  0.05  
   -0.05  -0.03  1.00  

4  1201.49  113.41  -33.93  
   0.79  -0.58  0.18  
   0.61  0.75  -0.25  
   0.01  0.31  0.95  

3  1284.54  -42.42  59.38  
   -0.51  0.00  -0.86  
   -0.18  -0.98  0.10  
   -0.84  0.20  0.50  

5  1300.61  288.88  11.16  
   -0.84  -0.24  0.48  
   -0.53  0.21  -0.82  
   0.10  -0.95  -0.31  

6  1439.91  118.32  -59.83  
   0.31  0.95  -0.01  
   -0.95  0.31  0.06  
   0.06  -0.01  1.00  

8  1197.47  -275.03  254.05  
   -0.34  -0.61  0.71  
   0.09  0.73  0.67  
   -0.94  0.29  -0.19  

7  1207.74  -209.85  -8.48  
   0.69  0.72  0.04  
   -0.63  0.58  0.52  
   0.35  -0.38  0.85  

9  1403.30  -192.88  350.94  
   0.77  0.07  -0.64  
   0.62  0.17  0.77  
   0.16  -0.98  0.08  

5  1298.38  291.11  36.61  
   -0.84  -0.17  0.51  
   -0.54  0.28  -0.80  
   -0.01  -0.95  -0.33  

2  857.25  -36.61  577.75  
   0.80  -0.59  0.03  
   0.59  0.80  0.05  
   -0.05  -0.03  1.00  

4  1201.94  116.98  -31.70  
   0.79  -0.59  0.18  
   0.61  0.74  -0.27  
   0.03  0.32  0.95  

6  1445.72  128.14  -30.36  
   0.33  0.94  -0.08  
   -0.94  0.33  0.01  
   0.03  0.07  1.00  

3  1284.98  -41.52  59.38  
   -0.51  0.01  -0.86  
   -0.18  -0.98  0.10  
   -0.84  0.20  0.50  

8  1197.92  -275.03  253.16  
   -0.34  -0.61  0.71  
   0.09  0.73  0.67  
   -0.94  0.30  -0.19  

9  1403.30  -192.88  350.49  
   0.77  0.07  -0.64  
   0.62  0.17  0.76  
   0.16  -0.98  0.09  

7  1208.19  -209.85  -9.38  
   0.69  0.72  0.04  
   -0.63  0.58  0.52  
   0.35  -0.38  0.85  

2  857.25  -36.17  577.75  
   0.80  -0.59  0.03  
   0.59  0.80  0.05  
   -0.05  -0.03  1.00  

3  1284.98  -42.42  59.38  
   -0.51  0.01  -0.86  
   -0.17  -0.98  0.09  
   -0.84  0.20  0.50  

5  1292.57  290.21  64.74  
   -0.83  -0.08  0.55  
   -0.54  0.36  -0.76  
   -0.14  -0.93  -0.34  

4  1202.38  121.44  -28.13  
   0.78  -0.60  0.17  
   0.62  0.73  -0.28  
   0.05  0.33  0.94  

6  1449.73  133.95  11.16  
   0.35  0.92  -0.19  
   -0.94  0.34  -0.08  
   -0.00  0.21  0.98  

9  1402.85  -192.88  350.94  
   0.76  0.06  -0.64  
   0.62  0.18  0.76  
   0.16  -0.98  0.10  

8  1198.36  -274.59  253.60  
   -0.34  -0.61  0.71  
   0.09  0.73  0.67  
   -0.94  0.29  -0.19  

7  1208.19  -209.40  -9.38  
   0.69  0.72  0.04  
   -0.63  0.58  0.52  
   0.35  -0.38  0.85  

2  857.25  -36.61  578.20  
   0.80  -0.59  0.03  
   0.59  0.80  0.05  
   -0.05  -0.03  1.00  

5  1286.32  292.00  92.87  
   -0.81  0.02  0.59  
   -0.53  0.42  -0.74  
   -0.26  -0.91  -0.33  

4  1203.72  124.12  -26.34  
   0.78  -0.61  0.16  
   0.62  0.72  -0.30  
   0.07  0.33  0.94  

3  1284.98  -41.52  59.83  
   -0.51  0.01  -0.86  
   -0.17  -0.98  0.09  
   -0.84  0.19  0.50  

6  1451.07  140.64  53.13  
   0.39  0.87  -0.30  
   -0.92  0.37  -0.13  
   0.00  0.33  0.94  

8  1198.36  -274.59  253.16  
   -0.34  -0.61  0.71  
   0.09  0.73  0.67  
   -0.94  0.29  -0.19  

7  1208.63  -209.40  -9.38  
   0.69  0.72  0.04  
   -0.63  0.58  0.52  
   0.35  -0.38  0.85  

9  1403.30  -193.33  349.60  
   0.76  0.05  -0.64  
   0.62  0.19  0.76  
   0.16  -0.98  0.11  

2  857.25  -36.17  578.20  
   0.80  -0.59  0.03  
   0.59  0.80  0.05  
   -0.05  -0.03  1.00  

3  1284.98  -40.18  60.28  
   -0.51  0.01  -0.86  
   -0.17  -0.98  0.09  
   -0.84  0.19  0.50  

4  1205.06  127.69  -23.22  
   0.77  -0.62  0.14  
   0.63  0.71  -0.31  
   0.09  0.33  0.94  

6  1451.52  142.88  97.33  
   0.43  0.80  -0.42  
   -0.90  0.38  -0.20  
   -0.00  0.47  0.88  

5  1274.71  288.43  122.78  
   -0.76  0.12  0.64  
   -0.52  0.48  -0.71  
   -0.39  -0.87  -0.30  

7  1209.08  -209.40  -8.93  
   0.69  0.72  0.04  
   -0.63  0.58  0.52  
   0.35  -0.38  0.85  

8  1198.36  -275.03  253.60  
   -0.34  -0.61  0.71  
   0.09  0.73  0.67  
   -0.94  0.29  -0.19  

9  1403.30  -190.20  350.04  
   0.76  0.04  -0.65  
   0.63  0.20  0.75  
   0.16  -0.98  0.13  

2  857.25  -36.61  577.75  
   0.80  -0.59  0.03  
   0.59  0.80  0.05  
   -0.05  -0.03  1.00  

3  1284.54  -39.74  59.38  
   -0.51  0.01  -0.86  
   -0.16  -0.98  0.09  
   -0.84  0.18  0.51  

4  1206.40  130.37  -19.65  
   0.76  -0.63  0.13  
   0.64  0.70  -0.34  
   0.12  0.34  0.93  

5  1262.21  283.07  147.34  
   -0.70  0.20  0.68  
   -0.50  0.55  -0.67  
   -0.51  -0.81  -0.29  

6  1446.61  145.55  143.77  
   0.48  0.72  -0.51  
   -0.88  0.40  -0.27  
   0.01  0.57  0.82  

9  1402.85  -192.43  349.15  
   0.76  0.02  -0.65  
   0.63  0.22  0.75  
   0.16  -0.98  0.15  

8  1197.92  -275.48  253.60  
   -0.34  -0.61  0.71  
   0.09  0.73  0.67  
   -0.94  0.29  -0.19  

7  1208.63  -209.40  -8.48  
   0.69  0.72  0.04  
   -0.63  0.58  0.52  
   0.35  -0.38  0.85  

2  857.25  -36.61  577.75  
   0.80  -0.59  0.03  
   0.59  0.80  0.05  
   -0.05  -0.03  1.00  

6  1439.47  149.57  183.95  
   0.54  0.64  -0.55  
   -0.84  0.44  -0.31  
   0.04  0.63  0.78  

5  1247.48  275.93  171.90  
   -0.63  0.25  0.73  
   -0.47  0.62  -0.62  
   -0.61  -0.74  -0.28  

4  1206.40  132.61  -16.52  
   0.75  -0.65  0.12  
   0.64  0.68  -0.36  
   0.15  0.35  0.92  

3  1284.09  -39.29  59.83  
   -0.52  0.01  -0.86  
   -0.16  -0.98  0.08  
   -0.84  0.18  0.51  

7  1208.63  -209.85  -8.48  
   0.69  0.72  0.04  
   -0.63  0.58  0.52  
   0.35  -0.38  0.85  

9  1403.30  -187.97  347.81  
   0.75  0.00  -0.66  
   0.64  0.24  0.73  
   0.16  -0.97  0.18  

8  1198.36  -275.48  254.05  
   -0.33  -0.62  0.71  
   0.09  0.73  0.68  
   -0.94  0.29  -0.19  

2  857.25  -36.61  577.75  
   0.80  -0.59  0.03  
   0.59  0.80  0.05  
   -0.05  -0.03  1.00  

3  1284.98  -39.29  60.28  
   -0.52  0.01  -0.86  
   -0.15  -0.98  0.08  
   -0.84  0.17  0.51  

4  1207.29  135.28  -13.39  
   0.74  -0.66  0.11  
   0.65  0.66  -0.39  
   0.19  0.35  0.92  

5  1233.64  266.55  189.31  
   -0.57  0.28  0.77  
   -0.44  0.69  -0.57  
   -0.69  -0.67  -0.27  

6  1432.32  152.70  221.01  
   0.60  0.56  -0.57  
   -0.80  0.48  -0.37  
   0.06  0.68  0.73  

8  1198.36  -275.03  254.05  
   -0.33  -0.62  0.71  
   0.09  0.73  0.68  
   -0.94  0.29  -0.19  

7  1208.63  -209.85  -8.48  
   0.69  0.72  0.04  
   -0.63  0.58  0.52  
   0.35  -0.38  0.86  

9  1402.41  -187.97  347.36  
   0.75  -0.02  -0.66  
   0.64  0.27  0.72  
   0.16  -0.96  0.21  

2  857.25  -36.61  577.75  
   0.80  -0.59  0.03  
   0.59  0.80  0.05  
   -0.05  -0.03  1.00  

3  1284.54  -39.29  59.38  
   -0.52  0.01  -0.85  
   -0.15  -0.99  0.08  
   -0.84  0.17  0.51  

4  1207.74  137.96  -11.16  
   0.73  -0.68  0.10  
   0.66  0.64  -0.40  
   0.21  0.36  0.91  

5  1217.12  258.07  210.29  
   -0.49  0.29  0.82  
   -0.40  0.76  -0.51  
   -0.78  -0.58  -0.25  

6  1426.52  155.82  252.71  
   0.68  0.46  -0.58  
   -0.73  0.53  -0.44  
   0.10  0.71  0.69  

7  1209.53  -209.85  -8.04  
   0.69  0.72  0.04  
   -0.63  0.58  0.52  
   0.35  -0.38  0.86  

8  1198.81  -275.48  254.50  
   -0.33  -0.62  0.71  
   0.09  0.73  0.68  
   -0.94  0.29  -0.19  

9  1402.41  -186.63  346.47  
   0.74  -0.04  -0.67  
   0.65  0.29  0.70  
   0.17  -0.96  0.24  

2  857.25  -36.17  578.20  
   0.80  -0.59  0.03  
   0.59  0.80  0.05  
   -0.05  -0.03  1.00  

6  1418.48  156.27  282.62  
   0.71  0.39  -0.58  
   -0.69  0.56  -0.47  
   0.14  0.73  0.67  

5  1206.85  245.57  223.24  
   -0.43  0.31  0.85  
   -0.36  0.80  -0.47  
   -0.83  -0.51  -0.24  

3  1284.98  -37.95  60.28  
   -0.52  0.01  -0.85  
   -0.15  -0.99  0.08  
   -0.84  0.17  0.52  

4  1207.74  140.20  -8.04  
   0.72  -0.69  0.10  
   0.66  0.62  -0.42  
   0.23  0.36  0.90  

7  1210.42  -209.40  -7.14  
   0.69  0.72  0.03  
   -0.63  0.58  0.52  
   0.35  -0.38  0.86  

9  1402.41  -183.95  345.13  
   0.74  -0.06  -0.67  
   0.65  0.31  0.69  
   0.17  -0.95  0.27  

8  1199.26  -276.37  254.94  
   -0.33  -0.63  0.71  
   0.09  0.72  0.68  
   -0.94  0.29  -0.18  

2  857.25  -36.61  577.75  
   0.80  -0.59  0.03  
   0.59  0.80  0.05  
   -0.05  -0.03  1.00  

5  1201.04  237.98  231.73  
   -0.39  0.32  0.86  
   -0.31  0.84  -0.45  
   -0.86  -0.45  -0.23  

4  1208.19  141.54  -6.25  
   0.71  -0.70  0.09  
   0.66  0.62  -0.42  
   0.24  0.36  0.90  

3  1284.54  -38.40  60.28  
   -0.53  0.01  -0.85  
   -0.14  -0.99  0.08  
   -0.84  0.16  0.52  

6  1412.68  154.04  301.38  
   0.74  0.33  -0.59  
   -0.65  0.58  -0.49  
   0.18  0.74  0.65  

9  1401.51  -182.61  343.35  
   0.73  -0.08  -0.67  
   0.66  0.33  0.67  
   0.17  -0.94  0.30  

8  1199.70  -275.93  255.39  
   -0.33  -0.63  0.71  
   0.09  0.72  0.68  
   -0.94  0.29  -0.18  

7  1210.87  -209.85  -7.14  
   0.70  0.72  0.03  
   -0.63  0.58  0.52  
   0.35  -0.38  0.86  

2  857.25  -36.17  577.75  
   0.80  -0.59  0.03  
   0.59  0.80  0.05  
   -0.05  -0.03  1.00  

3  1284.98  -37.95  60.28  
   -0.53  0.01  -0.85  
   -0.14  -0.99  0.08  
   -0.84  0.16  0.52  

4  1208.63  142.43  -4.91  
   0.71  -0.70  0.09  
   0.66  0.61  -0.43  
   0.25  0.36  0.90  

5  1199.26  232.62  237.98  
   -0.37  0.33  0.87  
   -0.28  0.85  -0.44  
   -0.88  -0.41  -0.22  

7  1211.31  -209.85  -6.70  
   0.70  0.72  0.03  
   -0.63  0.58  0.52  
   0.35  -0.38  0.86  

8  1199.70  -275.48  255.39  
   -0.33  -0.63  0.71  
   0.09  0.72  0.69  
   -0.94  0.29  -0.18  

6  1410.00  153.59  317.90  
   0.75  0.29  -0.60  
   -0.63  0.59  -0.50  
   0.21  0.75  0.62  

9  1401.07  -180.38  343.35  
   0.73  -0.10  -0.67  
   0.66  0.35  0.67  
   0.17  -0.93  0.32  

2  857.25  -36.17  577.75  
   0.80  -0.59  0.03  
   0.59  0.80  0.05  
   -0.05  -0.03  1.00  

4  1210.42  143.77  -4.02  
   0.71  -0.70  0.08  
   0.66  0.61  -0.43  
   0.26  0.36  0.90  

3  1285.43  -37.06  59.83  
   -0.53  0.01  -0.85  
   -0.14  -0.99  0.08  
   -0.84  0.16  0.52  

5  1198.36  229.49  241.99  
   -0.35  0.34  0.87  
   -0.26  0.86  -0.44  
   -0.90  -0.38  -0.22  

6  1408.21  150.91  327.27  
   0.75  0.28  -0.60  
   -0.62  0.60  -0.50  
   0.22  0.75  0.62  

7  1211.76  -209.85  -6.70  
   0.70  0.72  0.03  
   -0.63  0.58  0.51  
   0.35  -0.38  0.86  

9  1401.07  -181.72  342.90  
   0.73  -0.10  -0.67  
   0.66  0.35  0.67  
   0.17  -0.93  0.32  

8  1199.70  -275.03  256.28  
   -0.32  -0.63  0.71  
   0.09  0.72  0.68  
   -0.94  0.28  -0.18  

2  857.25  -36.61  577.75  
   0.80  -0.59  0.03  
   0.59  0.80  0.05  
   -0.05  -0.03  1.00  

4  1211.76  144.66  -3.13  
   0.70  -0.71  0.08  
   0.66  0.61  -0.44  
   0.26  0.36  0.90  

5  1196.58  226.37  246.01  
   -0.34  0.34  0.88  
   -0.23  0.87  -0.43  
   -0.91  -0.35  -0.22  

3  1285.88  -36.61  60.72  
   -0.53  0.00  -0.85  
   -0.14  -0.99  0.08  
   -0.84  0.16  0.52  

6  1406.43  149.57  334.42  
   0.76  0.28  -0.59  
   -0.61  0.62  -0.50  
   0.23  0.74  0.63  

7  1213.10  -208.51  -5.80  
   0.70  0.72  0.03  
   -0.63  0.59  0.51  
   0.35  -0.38  0.86  

8  1200.15  -274.59  256.28  
   -0.32  -0.63  0.71  
   0.09  0.73  0.68  
   -0.94  0.28  -0.18  

9  1401.07  -180.83  342.90  
   0.73  -0.10  -0.67  
   0.66  0.35  0.66  
   0.17  -0.93  0.32  

2  857.25  -36.61  578.20  
   0.80  -0.59  0.03  
   0.59  0.80  0.05  
   -0.05  -0.03  1.00  

3  1286.77  -36.17  61.17  
   -0.53  0.00  -0.85  
   -0.14  -0.99  0.08  
   -0.84  0.16  0.53  

4  1211.76  145.11  -2.68  
   0.70  -0.71  0.08  
   0.67  0.61  -0.43  
   0.26  0.35  0.90  

5  1193.90  221.46  249.14  
   -0.33  0.33  0.88  
   -0.21  0.89  -0.41  
   -0.92  -0.32  -0.22  

6  1404.64  146.89  334.42  
   0.77  0.28  -0.58  
   -0.60  0.63  -0.49  
   0.22  0.72  0.65  

7  1213.99  -208.51  -5.80  
   0.70  0.72  0.03  
   -0.63  0.59  0.51  
   0.35  -0.38  0.86  

8  1199.70  -273.25  257.62  
   -0.31  -0.63  0.72  
   0.08  0.73  0.68  
   -0.95  0.27  -0.17  

9  1401.51  -181.72  342.90  
   0.74  -0.10  -0.67  
   0.65  0.35  0.67  
   0.17  -0.93  0.33  

2  857.25  -36.61  578.20  
   0.80  -0.59  0.03  
   0.59  0.80  0.05  
   -0.05  -0.03  1.00  

4  1211.76  146.00  -1.79  
   0.69  -0.72  0.07  
   0.67  0.61  -0.43  
   0.26  0.35  0.90  

5  1193.01  221.46  248.69  
   -0.33  0.33  0.88  
   -0.20  0.89  -0.41  
   -0.92  -0.32  -0.23  

3  1287.21  -35.72  61.61  
   -0.53  0.00  -0.85  
   -0.14  -0.99  0.08  
   -0.84  0.16  0.53  

6  1404.64  148.23  333.97  
   0.77  0.28  -0.57  
   -0.59  0.63  -0.49  
   0.22  0.72  0.66  

7  1214.44  -208.51  -5.36  
   0.70  0.72  0.03  
   -0.63  0.59  0.51  
   0.35  -0.38  0.86  

9  1401.51  -182.61  342.45  
   0.74  -0.10  -0.67  
   0.65  0.36  0.67  
   0.17  -0.93  0.33  

8  1198.81  -273.25  257.62  
   -0.31  -0.63  0.72  
   0.08  0.73  0.67  
   -0.95  0.27  -0.17  

2  857.25  -36.61  577.75  
   0.80  -0.59  0.03  
   0.59  0.80  0.05  
   -0.05  -0.03  1.00  

6  1404.19  148.68  334.86  
   0.77  0.28  -0.57  
   -0.59  0.63  -0.50  
   0.22  0.72  0.65  

5  1193.01  221.46  248.69  
   -0.33  0.33  0.88  
   -0.20  0.89  -0.41  
   -0.92  -0.31  -0.23  

4  1211.31  146.00  -1.34  
   0.69  -0.72  0.07  
   0.67  0.61  -0.42  
   0.26  0.34  0.90  

3  1287.66  -35.72  61.17  
   -0.53  0.00  -0.85  
   -0.14  -0.99  0.08  
   -0.83  0.16  0.53  

7  1214.88  -208.06  -5.36  
   0.70  0.72  0.03  
   -0.63  0.59  0.51  
   0.35  -0.38  0.86  

8  1198.81  -272.36  258.07  
   -0.31  -0.63  0.72  
   0.08  0.73  0.67  
   -0.95  0.26  -0.17  

9  1401.07  -182.17  342.45  
   0.74  -0.10  -0.66  
   0.65  0.36  0.67  
   0.17  -0.93  0.33  

2  857.25  -36.61  578.20  
   0.80  -0.59  0.03  
   0.59  0.80  0.05  
   -0.05  -0.03  1.00  

4  1211.31  146.45  -1.79  
   0.69  -0.72  0.08  
   0.67  0.60  -0.42  
   0.26  0.34  0.90  

3  1287.21  -35.72  61.17  
   -0.53  0.00  -0.85  
   -0.13  -0.99  0.08  
   -0.83  0.16  0.53  

5  1193.01  221.01  248.69  
   -0.34  0.33  0.88  
   -0.20  0.89  -0.41  
   -0.92  -0.31  -0.23  

6  1403.75  148.68  334.86  
   0.78  0.28  -0.57  
   -0.59  0.63  -0.50  
   0.22  0.72  0.65  

7  1214.88  -208.06  -5.36  
   0.70  0.72  0.03  
   -0.62  0.59  0.51  
   0.35  -0.38  0.86  

8  1198.81  -272.36  258.07  
   -0.31  -0.63  0.72  
   0.08  0.73  0.67  
   -0.95  0.26  -0.17  

9  1401.07  -182.17  342.45  
   0.74  -0.10  -0.66  
   0.65  0.36  0.67  
   0.17  -0.93  0.33  

5  1193.01  220.56  248.69  
   -0.34  0.33  0.88  
   -0.20  0.89  -0.41  
   -0.92  -0.31  -0.23  

2  857.25  -36.61  577.75  
   0.80  -0.59  0.03  
   0.59  0.80  0.05  
   -0.05  -0.03  1.00  

6  1403.75  148.68  334.86  
   0.78  0.27  -0.57  
   -0.59  0.63  -0.50  
   0.22  0.72  0.65  

3  1287.21  -35.72  61.61  
   -0.53  0.00  -0.85  
   -0.14  -0.99  0.08  
   -0.83  0.16  0.53  

4  1211.31  146.45  -1.79  
   0.69  -0.72  0.08  
   0.68  0.60  -0.42  
   0.26  0.34  0.90  

8  1198.81  -272.36  258.07  
   -0.30  -0.63  0.72  
   0.08  0.73  0.67  
   -0.95  0.26  -0.17  

9  1401.07  -181.72  342.90  
   0.74  -0.10  -0.66  
   0.65  0.36  0.67  
   0.17  -0.93  0.33  

7  1215.33  -207.62  -4.91  
   0.70  0.71  0.03  
   -0.62  0.59  0.51  
   0.35  -0.38  0.86  

2  857.25  -36.61  577.75  
   0.80  -0.59  0.03  
   0.59  0.80  0.05  
   -0.05  -0.03  1.00  

3  1287.66  -36.17  61.61  
   -0.53  0.00  -0.85  
   -0.14  -0.99  0.08  
   -0.84  0.16  0.53  

4  1211.31  145.55  -1.79  
   0.69  -0.72  0.08  
   0.68  0.61  -0.42  
   0.25  0.34  0.90  

5  1193.01  220.56  248.69  
   -0.33  0.33  0.88  
   -0.20  0.89  -0.41  
   -0.92  -0.31  -0.23  

7  1215.33  -207.62  -4.91  
   0.70  0.71  0.03  
   -0.62  0.59  0.51  
   0.35  -0.38  0.86  

6  1403.75  148.68  335.31  
   0.78  0.27  -0.57  
   -0.59  0.64  -0.50  
   0.22  0.72  0.65  

8  1199.26  -272.36  258.07  
   -0.30  -0.62  0.72  
   0.08  0.74  0.67  
   -0.95  0.26  -0.17  

9  1401.51  -182.17  342.90  
   0.74  -0.10  -0.66  
   0.65  0.36  0.67  
   0.17  -0.93  0.33  

2  857.25  -36.61  578.20  
   0.80  -0.59  0.03  
   0.59  0.80  0.05  
   -0.05  -0.03  1.00  

3  1287.66  -35.72  61.17  
   -0.53  0.00  -0.85  
   -0.14  -0.99  0.08  
   -0.84  0.16  0.53  

4  1211.31  146.00  -2.23  
   0.69  -0.72  0.08  
   0.68  0.61  -0.42  
   0.25  0.34  0.90  

5  1193.01  221.01  248.69  
   -0.33  0.33  0.88  
   -0.20  0.89  -0.41  
   -0.92  -0.31  -0.23  

6  1403.75  149.13  335.31  
   0.78  0.27  -0.57  
   -0.59  0.64  -0.50  
   0.23  0.72  0.65  

9  1401.51  -181.72  342.90  
   0.74  -0.10  -0.67  
   0.65  0.35  0.67  
   0.17  -0.93  0.33  

7  1215.78  -207.62  -4.91  
   0.70  0.71  0.03  
   -0.62  0.59  0.51  
   0.35  -0.38  0.86  

8  1199.70  -271.91  258.07  
   -0.30  -0.62  0.72  
   0.08  0.74  0.67  
   -0.95  0.26  -0.17  

