2  857.25  -44.65  575.07  
   0.92  0.38  -0.03  
   -0.38  0.92  -0.03  
   0.02  0.03  1.00  

6  1444.82  54.02  32.59  
   0.36  0.90  -0.25  
   -0.93  0.36  -0.03  
   0.07  0.25  0.97  

5  1297.04  277.71  48.22  
   -0.95  0.22  0.23  
   -0.22  0.07  -0.97  
   -0.23  -0.97  -0.02  

4  1113.98  143.77  -89.74  
   0.90  -0.15  0.42  
   0.32  0.86  -0.40  
   -0.30  0.49  0.82  

3  1225.60  -27.24  4.46  
   -0.43  -0.04  -0.90  
   -0.03  -1.00  0.05  
   -0.90  0.05  0.43  

7  1093.89  -191.54  -86.62  
   0.87  0.19  0.45  
   -0.38  0.84  0.38  
   -0.31  -0.51  0.80  

9  1381.42  -18.75  -19.20  
   -0.16  -0.93  -0.32  
   0.99  -0.14  -0.09  
   0.04  -0.33  0.94  

8  1311.32  -275.48  -17.86  
   -0.99  -0.06  -0.08  
   -0.06  -0.29  0.96  
   -0.08  0.96  0.28  

4  1113.98  144.21  -89.74  
   0.90  -0.15  0.42  
   0.33  0.86  -0.40  
   -0.30  0.49  0.82  

3  1225.15  -27.24  4.46  
   -0.43  -0.04  -0.90  
   -0.03  -1.00  0.05  
   -0.90  0.05  0.43  

2  857.25  -45.09  575.07  
   0.92  0.38  -0.03  
   -0.38  0.92  -0.03  
   0.02  0.03  1.00  

5  1297.48  277.27  47.77  
   -0.95  0.22  0.23  
   -0.22  0.07  -0.97  
   -0.23  -0.97  -0.02  

6  1444.38  54.47  33.04  
   0.36  0.90  -0.26  
   -0.93  0.36  -0.03  
   0.07  0.25  0.97  

7  1093.44  -191.54  -86.17  
   0.87  0.19  0.45  
   -0.38  0.84  0.38  
   -0.31  -0.51  0.80  

8  1310.88  -276.37  -17.41  
   -0.99  -0.06  -0.08  
   -0.06  -0.29  0.96  
   -0.08  0.96  0.28  

9  1380.98  -19.20  -19.20  
   -0.16  -0.93  -0.32  
   0.99  -0.14  -0.09  
   0.03  -0.33  0.94  

2  857.25  -44.65  575.52  
   0.92  0.38  -0.03  
   -0.38  0.92  -0.03  
   0.02  0.03  1.00  

3  1225.15  -26.79  4.91  
   -0.43  -0.03  -0.90  
   -0.03  -1.00  0.05  
   -0.90  0.05  0.43  

4  1113.53  143.77  -89.74  
   0.90  -0.15  0.42  
   0.33  0.86  -0.40  
   -0.30  0.49  0.82  

5  1296.59  278.16  47.77  
   -0.95  0.22  0.24  
   -0.23  0.07  -0.97  
   -0.23  -0.97  -0.02  

6  1444.38  54.92  33.04  
   0.36  0.90  -0.26  
   -0.93  0.37  -0.03  
   0.07  0.25  0.97  

8  1310.88  -276.82  -16.97  
   -0.99  -0.07  -0.08  
   -0.06  -0.28  0.96  
   -0.08  0.96  0.28  

9  1381.42  -19.65  -19.65  
   -0.16  -0.93  -0.32  
   0.99  -0.14  -0.08  
   0.03  -0.33  0.94  

7  1093.44  -191.54  -86.17  
   0.87  0.19  0.45  
   -0.38  0.84  0.38  
   -0.31  -0.51  0.80  

2  857.25  -44.65  575.07  
   0.92  0.38  -0.03  
   -0.38  0.92  -0.03  
   0.02  0.03  1.00  

3  1225.15  -26.79  4.91  
   -0.43  -0.03  -0.90  
   -0.03  -1.00  0.05  
   -0.90  0.05  0.43  

4  1113.09  143.77  -89.30  
   0.90  -0.15  0.42  
   0.33  0.86  -0.40  
   -0.30  0.49  0.82  

5  1296.14  278.16  47.33  
   -0.95  0.22  0.24  
   -0.23  0.07  -0.97  
   -0.23  -0.97  -0.02  

6  1443.93  55.36  33.04  
   0.36  0.90  -0.26  
   -0.93  0.37  -0.03  
   0.07  0.25  0.97  

7  1093.44  -191.99  -85.72  
   0.87  0.19  0.45  
   -0.38  0.84  0.39  
   -0.31  -0.51  0.80  

8  1310.88  -275.93  -16.07  
   -0.99  -0.07  -0.08  
   -0.06  -0.28  0.96  
   -0.09  0.96  0.28  

9  1381.87  -19.20  -18.31  
   -0.16  -0.93  -0.32  
   0.99  -0.14  -0.08  
   0.03  -0.33  0.94  

2  857.25  -44.65  575.07  
   0.92  0.38  -0.03  
   -0.38  0.92  -0.03  
   0.02  0.03  1.00  

5  1295.70  279.05  47.77  
   -0.95  0.22  0.24  
   -0.23  0.07  -0.97  
   -0.23  -0.97  -0.02  

3  1225.15  -26.34  4.91  
   -0.43  -0.03  -0.90  
   -0.03  -1.00  0.05  
   -0.90  0.05  0.43  

4  1112.64  143.77  -89.30  
   0.89  -0.15  0.42  
   0.33  0.86  -0.40  
   -0.30  0.49  0.82  

6  1443.93  55.81  33.49  
   0.36  0.90  -0.26  
   -0.93  0.37  -0.03  
   0.07  0.25  0.97  

8  1309.99  -275.93  -15.63  
   -0.99  -0.07  -0.08  
   -0.06  -0.28  0.96  
   -0.09  0.96  0.28  

9  1381.42  -19.65  -18.31  
   -0.16  -0.93  -0.33  
   0.99  -0.14  -0.08  
   0.03  -0.33  0.94  

7  1093.44  -191.99  -85.72  
   0.87  0.19  0.45  
   -0.38  0.84  0.39  
   -0.31  -0.51  0.80  

2  857.25  -44.65  575.07  
   0.92  0.38  -0.03  
   -0.38  0.92  -0.03  
   0.02  0.03  1.00  

4  1112.64  144.21  -89.30  
   0.89  -0.15  0.42  
   0.33  0.86  -0.40  
   -0.30  0.49  0.82  

3  1224.71  -26.34  4.91  
   -0.43  -0.03  -0.90  
   -0.03  -1.00  0.05  
   -0.90  0.05  0.43  

6  1443.04  55.81  33.49  
   0.36  0.90  -0.26  
   -0.93  0.37  -0.03  
   0.07  0.25  0.97  

7  1093.44  -191.54  -85.28  
   0.87  0.19  0.45  
   -0.38  0.84  0.39  
   -0.31  -0.51  0.80  

5  1294.80  278.61  47.77  
   -0.95  0.22  0.24  
   -0.23  0.07  -0.97  
   -0.23  -0.97  -0.02  

8  1310.43  -275.48  -15.18  
   -0.99  -0.07  -0.08  
   -0.06  -0.28  0.96  
   -0.09  0.96  0.27  

9  1380.98  -18.75  -17.86  
   -0.16  -0.93  -0.33  
   0.99  -0.14  -0.08  
   0.03  -0.33  0.94  

2  857.25  -44.65  575.07  
   0.92  0.38  -0.03  
   -0.38  0.92  -0.03  
   0.02  0.03  1.00  

3  1224.71  -26.34  5.36  
   -0.43  -0.03  -0.90  
   -0.03  -1.00  0.05  
   -0.90  0.05  0.43  

5  1294.36  278.61  47.77  
   -0.95  0.22  0.24  
   -0.23  0.07  -0.97  
   -0.23  -0.97  -0.02  

6  1443.04  56.26  33.04  
   0.36  0.90  -0.26  
   -0.93  0.37  -0.03  
   0.07  0.25  0.97  

4  1111.75  144.21  -89.30  
   0.89  -0.15  0.42  
   0.33  0.86  -0.40  
   -0.30  0.49  0.82  

7  1093.44  -191.54  -85.28  
   0.87  0.19  0.45  
   -0.38  0.84  0.39  
   -0.30  -0.51  0.80  

8  1309.99  -275.93  -14.73  
   -0.99  -0.07  -0.08  
   -0.06  -0.28  0.96  
   -0.09  0.96  0.27  

9  1380.98  -18.75  -18.31  
   -0.16  -0.93  -0.33  
   0.99  -0.15  -0.08  
   0.02  -0.33  0.94  

2  857.25  -44.65  575.07  
   0.92  0.38  -0.03  
   -0.38  0.92  -0.03  
   0.02  0.03  1.00  

5  1293.91  279.50  47.77  
   -0.95  0.22  0.24  
   -0.23  0.07  -0.97  
   -0.23  -0.97  -0.02  

6  1443.04  57.15  33.04  
   0.37  0.89  -0.26  
   -0.93  0.37  -0.03  
   0.07  0.25  0.97  

3  1224.71  -26.34  5.36  
   -0.43  -0.03  -0.90  
   -0.03  -1.00  0.05  
   -0.90  0.05  0.43  

4  1112.19  143.77  -88.85  
   0.89  -0.15  0.42  
   0.33  0.86  -0.40  
   -0.30  0.49  0.82  

9  1380.98  -18.75  -19.20  
   -0.16  -0.93  -0.33  
   0.99  -0.15  -0.07  
   0.02  -0.33  0.94  

8  1309.54  -275.48  -13.84  
   -0.99  -0.07  -0.08  
   -0.06  -0.27  0.96  
   -0.09  0.96  0.27  

7  1092.99  -191.54  -85.28  
   0.87  0.19  0.45  
   -0.38  0.84  0.39  
   -0.30  -0.51  0.80  

2  857.25  -44.65  575.07  
   0.92  0.38  -0.03  
   -0.38  0.92  -0.03  
   0.02  0.03  1.00  

3  1224.26  -25.90  5.36  
   -0.43  -0.03  -0.90  
   -0.03  -1.00  0.05  
   -0.90  0.05  0.43  

4  1111.30  144.66  -88.85  
   0.89  -0.15  0.42  
   0.33  0.86  -0.40  
   -0.30  0.49  0.82  

6  1443.04  58.04  32.59  
   0.37  0.89  -0.26  
   -0.93  0.37  -0.03  
   0.07  0.25  0.97  

5  1293.47  279.50  48.22  
   -0.95  0.22  0.24  
   -0.23  0.07  -0.97  
   -0.23  -0.97  -0.02  

8  1309.09  -275.48  -12.95  
   -0.99  -0.07  -0.08  
   -0.06  -0.26  0.96  
   -0.08  0.96  0.26  

7  1092.99  -191.54  -84.39  
   0.87  0.19  0.45  
   -0.38  0.84  0.39  
   -0.30  -0.51  0.80  

9  1380.98  -19.20  -20.09  
   -0.16  -0.93  -0.33  
   0.99  -0.15  -0.06  
   0.01  -0.33  0.94  

2  857.25  -44.65  575.07  
   0.92  0.38  -0.03  
   -0.38  0.92  -0.03  
   0.02  0.03  1.00  

3  1224.26  -25.90  5.80  
   -0.43  -0.03  -0.90  
   -0.03  -1.00  0.05  
   -0.90  0.05  0.43  

6  1443.04  60.28  32.15  
   0.38  0.89  -0.26  
   -0.92  0.38  -0.04  
   0.06  0.26  0.96  

5  1293.47  279.50  49.11  
   -0.94  0.21  0.25  
   -0.24  0.08  -0.97  
   -0.23  -0.97  -0.02  

4  1111.75  144.21  -88.40  
   0.89  -0.15  0.42  
   0.33  0.86  -0.40  
   -0.30  0.49  0.82  

8  1307.75  -277.27  -11.61  
   -1.00  -0.07  -0.07  
   -0.05  -0.25  0.97  
   -0.08  0.97  0.25  

7  1092.55  -191.54  -84.39  
   0.87  0.19  0.45  
   -0.38  0.84  0.39  
   -0.30  -0.51  0.80  

9  1381.42  -20.09  -22.32  
   -0.16  -0.93  -0.33  
   0.99  -0.15  -0.05  
   -0.01  -0.33  0.94  

2  856.80  -45.09  575.52  
   0.92  0.38  -0.03  
   -0.38  0.92  -0.03  
   0.02  0.03  1.00  

5  1292.57  279.05  49.11  
   -0.94  0.21  0.25  
   -0.24  0.08  -0.97  
   -0.23  -0.97  -0.02  

6  1443.04  61.61  32.15  
   0.38  0.89  -0.26  
   -0.92  0.38  -0.05  
   0.06  0.26  0.96  

3  1224.26  -25.90  5.80  
   -0.43  -0.03  -0.90  
   -0.03  -1.00  0.05  
   -0.90  0.05  0.42  

4  1111.75  144.21  -88.85  
   0.89  -0.15  0.42  
   0.33  0.86  -0.40  
   -0.30  0.49  0.82  

9  1380.98  -20.98  -22.77  
   -0.15  -0.93  -0.33  
   0.99  -0.15  -0.04  
   -0.02  -0.33  0.94  

7  1092.10  -191.99  -83.94  
   0.87  0.19  0.45  
   -0.39  0.83  0.39  
   -0.30  -0.52  0.80  

8  1306.86  -275.93  -9.82  
   -1.00  -0.07  -0.07  
   -0.05  -0.25  0.97  
   -0.08  0.97  0.24  

2  856.80  -44.65  575.52  
   0.92  0.38  -0.03  
   -0.38  0.92  -0.03  
   0.02  0.03  1.00  

4  1111.75  144.21  -88.85  
   0.89  -0.15  0.42  
   0.33  0.86  -0.40  
   -0.30  0.49  0.82  

3  1224.26  -26.34  5.80  
   -0.43  -0.03  -0.90  
   -0.03  -1.00  0.05  
   -0.90  0.05  0.42  

5  1293.02  279.50  49.11  
   -0.95  0.21  0.25  
   -0.24  0.08  -0.97  
   -0.22  -0.97  -0.03  

6  1443.93  61.17  31.70  
   0.38  0.89  -0.26  
   -0.92  0.38  -0.05  
   0.06  0.26  0.96  

7  1092.10  -191.99  -83.94  
   0.87  0.19  0.45  
   -0.39  0.83  0.39  
   -0.30  -0.52  0.80  

9  1380.98  -20.98  -23.22  
   -0.15  -0.93  -0.33  
   0.99  -0.15  -0.04  
   -0.02  -0.33  0.94  

8  1306.86  -276.82  -9.82  
   -1.00  -0.07  -0.07  
   -0.05  -0.25  0.97  
   -0.08  0.97  0.24  

2  856.80  -44.65  575.52  
   0.92  0.38  -0.03  
   -0.38  0.92  -0.03  
   0.02  0.03  1.00  

4  1111.75  144.21  -88.85  
   0.89  -0.15  0.42  
   0.33  0.86  -0.40  
   -0.30  0.49  0.82  

3  1224.26  -26.34  5.80  
   -0.43  -0.03  -0.90  
   -0.03  -1.00  0.05  
   -0.90  0.05  0.43  

5  1292.13  279.50  48.22  
   -0.95  0.21  0.25  
   -0.24  0.09  -0.97  
   -0.22  -0.97  -0.03  

6  1443.93  62.06  29.47  
   0.38  0.89  -0.26  
   -0.92  0.38  -0.06  
   0.05  0.26  0.96  

8  1306.41  -276.82  -9.82  
   -1.00  -0.07  -0.07  
   -0.05  -0.24  0.97  
   -0.08  0.97  0.24  

9  1380.98  -21.88  -23.66  
   -0.15  -0.93  -0.33  
   0.99  -0.15  -0.03  
   -0.02  -0.33  0.94  

7  1092.10  -191.99  -83.94  
   0.87  0.19  0.45  
   -0.39  0.83  0.39  
   -0.30  -0.52  0.80  

2  857.25  -44.65  575.07  
   0.92  0.38  -0.03  
   -0.38  0.92  -0.03  
   0.02  0.03  1.00  

5  1291.68  279.05  47.77  
   -0.95  0.20  0.25  
   -0.24  0.09  -0.97  
   -0.22  -0.97  -0.04  

4  1111.30  143.77  -88.85  
   0.89  -0.15  0.42  
   0.33  0.86  -0.40  
   -0.30  0.49  0.82  

3  1224.26  -26.34  5.80  
   -0.43  -0.03  -0.90  
   -0.03  -1.00  0.05  
   -0.90  0.05  0.43  

6  1444.38  62.06  27.68  
   0.39  0.88  -0.26  
   -0.92  0.38  -0.06  
   0.04  0.27  0.96  

8  1306.41  -279.50  -9.82  
   -1.00  -0.06  -0.06  
   -0.04  -0.23  0.97  
   -0.07  0.97  0.22  

7  1091.65  -191.99  -83.94  
   0.87  0.19  0.45  
   -0.39  0.83  0.39  
   -0.30  -0.52  0.80  

9  1382.32  -22.77  -28.57  
   -0.15  -0.93  -0.32  
   0.99  -0.15  -0.01  
   -0.04  -0.32  0.95  

2  857.25  -44.65  575.52  
   0.92  0.38  -0.03  
   -0.38  0.92  -0.03  
   0.02  0.03  1.00  

5  1291.23  279.05  48.22  
   -0.94  0.20  0.26  
   -0.24  0.10  -0.96  
   -0.22  -0.97  -0.04  

6  1447.06  63.40  22.77  
   0.39  0.88  -0.27  
   -0.92  0.39  -0.09  
   0.03  0.29  0.96  

3  1224.71  -26.79  5.36  
   -0.43  -0.03  -0.90  
   -0.03  -1.00  0.05  
   -0.90  0.05  0.43  

4  1111.30  143.77  -89.30  
   0.89  -0.15  0.42  
   0.33  0.86  -0.40  
   -0.30  0.49  0.82  

7  1091.21  -192.43  -83.49  
   0.87  0.20  0.45  
   -0.39  0.83  0.39  
   -0.30  -0.52  0.80  

8  1305.07  -280.84  -8.04  
   -1.00  -0.06  -0.05  
   -0.04  -0.21  0.98  
   -0.07  0.98  0.21  

9  1382.76  -25.90  -32.15  
   -0.14  -0.94  -0.32  
   0.99  -0.15  0.01  
   -0.06  -0.32  0.95  

2  856.80  -44.65  575.52  
   0.92  0.38  -0.03  
   -0.38  0.92  -0.03  
   0.02  0.03  1.00  

3  1224.26  -27.24  5.36  
   -0.43  -0.03  -0.90  
   -0.04  -1.00  0.05  
   -0.90  0.06  0.43  

4  1111.30  143.32  -89.30  
   0.89  -0.15  0.42  
   0.33  0.86  -0.40  
   -0.30  0.49  0.82  

7  1091.21  -192.88  -82.60  
   0.87  0.20  0.45  
   -0.40  0.83  0.40  
   -0.30  -0.52  0.80  

8  1304.18  -283.07  -4.91  
   -1.00  -0.06  -0.04  
   -0.03  -0.17  0.98  
   -0.07  0.98  0.17  

5  1290.34  279.50  50.01  
   -0.94  0.19  0.27  
   -0.25  0.11  -0.96  
   -0.22  -0.97  -0.06  

6  1448.40  63.85  21.88  
   0.40  0.87  -0.28  
   -0.92  0.39  -0.10  
   0.02  0.29  0.96  

9  1382.32  -31.70  -39.29  
   -0.13  -0.94  -0.32  
   0.99  -0.15  0.05  
   -0.09  -0.31  0.95  

2  857.25  -44.65  575.07  
   0.92  0.38  -0.03  
   -0.38  0.92  -0.03  
   0.02  0.03  1.00  

4  1110.85  142.88  -89.74  
   0.89  -0.15  0.42  
   0.33  0.86  -0.40  
   -0.30  0.49  0.82  

3  1224.71  -27.68  5.36  
   -0.43  -0.03  -0.90  
   -0.04  -1.00  0.05  
   -0.90  0.06  0.43  

5  1290.34  279.05  49.56  
   -0.94  0.19  0.27  
   -0.25  0.11  -0.96  
   -0.22  -0.97  -0.06  

6  1448.40  64.29  21.43  
   0.40  0.87  -0.28  
   -0.92  0.39  -0.10  
   0.02  0.29  0.95  

9  1382.32  -31.70  -39.74  
   -0.13  -0.94  -0.32  
   0.99  -0.15  0.05  
   -0.10  -0.31  0.95  

8  1303.73  -283.07  -5.36  
   -1.00  -0.06  -0.04  
   -0.03  -0.17  0.98  
   -0.06  0.98  0.17  

7  1090.76  -193.77  -82.60  
   0.87  0.20  0.46  
   -0.40  0.83  0.40  
   -0.30  -0.53  0.80  

2  857.25  -44.65  575.52  
   0.92  0.38  -0.03  
   -0.38  0.92  -0.03  
   0.02  0.03  1.00  

3  1224.26  -27.68  5.36  
   -0.43  -0.03  -0.90  
   -0.04  -1.00  0.05  
   -0.90  0.06  0.43  

5  1290.79  278.61  48.22  
   -0.94  0.19  0.27  
   -0.25  0.11  -0.96  
   -0.21  -0.97  -0.06  

4  1111.30  142.43  -90.64  
   0.89  -0.15  0.42  
   0.33  0.86  -0.39  
   -0.31  0.49  0.82  

6  1447.95  64.29  20.98  
   0.40  0.87  -0.28  
   -0.92  0.39  -0.10  
   0.02  0.29  0.96  

7  1091.21  -193.77  -82.60  
   0.87  0.20  0.46  
   -0.40  0.83  0.39  
   -0.30  -0.52  0.80  

9  1380.98  -26.79  -33.49  
   -0.14  -0.94  -0.31  
   0.99  -0.15  0.01  
   -0.05  -0.31  0.95  

8  1304.63  -281.29  -8.04  
   -1.00  -0.05  -0.05  
   -0.04  -0.21  0.98  
   -0.06  0.98  0.21  

2  856.80  -44.65  575.52  
   0.92  0.38  -0.03  
   -0.38  0.92  -0.03  
   0.02  0.03  1.00  

5  1291.68  277.71  46.88  
   -0.95  0.20  0.26  
   -0.24  0.10  -0.96  
   -0.22  -0.97  -0.05  

4  1110.41  142.43  -90.64  
   0.89  -0.15  0.42  
   0.33  0.86  -0.39  
   -0.31  0.49  0.82  

3  1224.71  -27.68  5.36  
   -0.43  -0.03  -0.90  
   -0.04  -1.00  0.05  
   -0.90  0.06  0.43  

7  1091.21  -194.22  -83.05  
   0.87  0.20  0.46  
   -0.40  0.83  0.39  
   -0.30  -0.52  0.80  

6  1447.50  61.61  23.22  
   0.39  0.87  -0.28  
   -0.92  0.39  -0.09  
   0.03  0.29  0.96  

8  1304.63  -281.29  -9.38  
   -1.00  -0.06  -0.05  
   -0.04  -0.22  0.98  
   -0.07  0.97  0.21  

9  1380.98  -25.45  -32.59  
   -0.15  -0.94  -0.31  
   0.99  -0.15  -0.01  
   -0.04  -0.31  0.95  

2  856.80  -44.65  575.52  
   0.92  0.38  -0.03  
   -0.38  0.92  -0.03  
   0.02  0.03  1.00  

4  1110.41  141.98  -90.64  
   0.89  -0.15  0.42  
   0.33  0.86  -0.39  
   -0.31  0.49  0.82  

3  1224.26  -27.68  5.36  
   -0.43  -0.03  -0.90  
   -0.04  -1.00  0.05  
   -0.90  0.06  0.43  

6  1446.61  58.49  25.00  
   0.39  0.88  -0.28  
   -0.92  0.38  -0.08  
   0.04  0.29  0.96  

5  1292.13  276.82  47.33  
   -0.95  0.21  0.25  
   -0.24  0.10  -0.97  
   -0.22  -0.97  -0.04  

7  1091.21  -193.77  -83.05  
   0.87  0.20  0.46  
   -0.40  0.83  0.39  
   -0.30  -0.52  0.80  

9  1380.53  -23.22  -29.47  
   -0.15  -0.94  -0.32  
   0.99  -0.15  -0.02  
   -0.03  -0.32  0.95  

8  1305.52  -279.05  -11.16  
   -1.00  -0.05  -0.06  
   -0.05  -0.23  0.97  
   -0.07  0.97  0.22  

2  856.80  -44.65  575.52  
   0.92  0.38  -0.03  
   -0.38  0.92  -0.03  
   0.02  0.03  1.00  

3  1224.26  -27.68  5.36  
   -0.43  -0.03  -0.90  
   -0.04  -1.00  0.05  
   -0.90  0.06  0.43  

5  1293.02  275.48  47.33  
   -0.95  0.21  0.25  
   -0.23  0.09  -0.97  
   -0.23  -0.97  -0.03  

4  1110.85  141.54  -91.53  
   0.89  -0.14  0.42  
   0.32  0.86  -0.39  
   -0.31  0.49  0.82  

6  1445.72  55.81  28.57  
   0.38  0.88  -0.29  
   -0.92  0.38  -0.06  
   0.05  0.29  0.95  

7  1090.31  -193.33  -83.49  
   0.87  0.20  0.46  
   -0.39  0.83  0.39  
   -0.30  -0.52  0.80  

8  1306.41  -277.27  -12.50  
   -1.00  -0.06  -0.07  
   -0.05  -0.25  0.97  
   -0.07  0.97  0.25  

9  1379.64  -22.77  -24.11  
   -0.15  -0.94  -0.32  
   0.99  -0.14  -0.05  
   0.00  -0.32  0.95  

2  857.25  -44.65  575.07  
   0.92  0.38  -0.03  
   -0.38  0.92  -0.03  
   0.02  0.03  1.00  

6  1443.93  55.36  37.95  
   0.37  0.88  -0.30  
   -0.92  0.38  -0.02  
   0.09  0.28  0.95  

5  1293.91  276.37  44.20  
   -0.94  0.23  0.24  
   -0.23  0.06  -0.97  
   -0.23  -0.97  -0.00  

7  1090.31  -192.43  -83.94  
   0.87  0.19  0.46  
   -0.39  0.84  0.39  
   -0.31  -0.51  0.80  

3  1224.26  -27.68  5.36  
   -0.43  -0.03  -0.90  
   -0.04  -1.00  0.05  
   -0.90  0.06  0.43  

4  1110.85  140.64  -91.98  
   0.90  -0.14  0.42  
   0.32  0.86  -0.39  
   -0.31  0.48  0.82  

9  1380.53  -20.54  -20.09  
   -0.15  -0.94  -0.32  
   0.99  -0.14  -0.08  
   0.03  -0.33  0.94  

8  1307.31  -276.82  -17.41  
   -1.00  -0.06  -0.07  
   -0.05  -0.28  0.96  
   -0.08  0.96  0.28  

2  857.25  -44.65  575.07  
   0.92  0.38  -0.03  
   -0.38  0.92  -0.03  
   0.02  0.03  1.00  

3  1224.26  -28.13  5.36  
   -0.43  -0.03  -0.90  
   -0.04  -1.00  0.05  
   -0.90  0.06  0.43  

4  1111.30  140.20  -92.42  
   0.90  -0.14  0.42  
   0.32  0.87  -0.39  
   -0.31  0.48  0.82  

6  1442.59  53.58  43.31  
   0.36  0.88  -0.31  
   -0.93  0.38  -0.01  
   0.11  0.29  0.95  

7  1089.87  -192.43  -84.39  
   0.87  0.19  0.46  
   -0.39  0.84  0.39  
   -0.31  -0.51  0.80  

5  1293.91  275.48  42.86  
   -0.94  0.24  0.23  
   -0.23  0.04  -0.97  
   -0.24  -0.97  0.02  

8  1306.86  -276.37  -17.41  
   -1.00  -0.06  -0.07  
   -0.05  -0.29  0.96  
   -0.08  0.96  0.28  

9  1379.64  -18.75  -16.97  
   -0.15  -0.93  -0.32  
   0.99  -0.13  -0.09  
   0.04  -0.33  0.94  

3  1224.26  -28.13  4.91  
   -0.43  -0.03  -0.90  
   -0.04  -1.00  0.05  
   -0.90  0.05  0.43  

4  1110.85  139.75  -92.87  
   0.90  -0.14  0.42  
   0.31  0.87  -0.39  
   -0.31  0.48  0.82  

2  857.25  -44.65  575.07  
   0.92  0.38  -0.03  
   -0.38  0.92  -0.03  
   0.02  0.03  1.00  

5  1294.36  274.59  42.86  
   -0.94  0.26  0.22  
   -0.22  0.01  -0.97  
   -0.25  -0.97  0.05  

8  1306.86  -276.82  -20.09  
   -0.99  -0.08  -0.08  
   -0.06  -0.32  0.94  
   -0.10  0.94  0.32  

6  1440.81  52.24  53.13  
   0.35  0.88  -0.32  
   -0.92  0.38  0.03  
   0.15  0.29  0.95  

7  1090.31  -192.43  -84.39  
   0.87  0.19  0.46  
   -0.39  0.84  0.38  
   -0.31  -0.51  0.80  

9  1380.08  -16.07  -4.91  
   -0.16  -0.93  -0.33  
   0.98  -0.12  -0.13  
   0.08  -0.35  0.93  

2  857.25  -44.65  575.07  
   0.92  0.38  -0.03  
   -0.38  0.92  -0.03  
   0.02  0.03  1.00  

3  1223.37  -27.68  5.36  
   -0.43  -0.02  -0.90  
   -0.03  -1.00  0.04  
   -0.90  0.05  0.43  

4  1111.30  139.75  -92.87  
   0.90  -0.14  0.42  
   0.31  0.87  -0.39  
   -0.31  0.48  0.82  

6  1439.02  50.45  60.28  
   0.34  0.88  -0.33  
   -0.92  0.38  0.06  
   0.18  0.28  0.94  

5  1293.91  275.03  42.42  
   -0.94  0.27  0.21  
   -0.22  -0.01  -0.98  
   -0.26  -0.96  0.07  

7  1089.87  -191.54  -86.17  
   0.87  0.19  0.46  
   -0.38  0.84  0.38  
   -0.31  -0.50  0.81  

9  1379.19  -12.95  1.79  
   -0.17  -0.93  -0.34  
   0.98  -0.12  -0.17  
   0.12  -0.36  0.93  

8  1306.41  -272.80  -19.65  
   -0.99  -0.09  -0.10  
   -0.06  -0.35  0.93  
   -0.12  0.93  0.34  

2  856.80  -45.09  575.07  
   0.92  0.38  -0.03  
   -0.38  0.92  -0.03  
   0.02  0.03  1.00  

4  1111.30  139.75  -92.87  
   0.90  -0.14  0.41  
   0.31  0.87  -0.39  
   -0.31  0.48  0.82  

3  1223.37  -27.68  5.36  
   -0.43  -0.02  -0.90  
   -0.03  -1.00  0.04  
   -0.90  0.04  0.43  

6  1439.47  50.45  65.63  
   0.34  0.88  -0.33  
   -0.92  0.39  0.08  
   0.20  0.27  0.94  

5  1294.80  276.37  40.63  
   -0.94  0.28  0.21  
   -0.22  -0.03  -0.97  
   -0.27  -0.96  0.09  

7  1089.42  -190.65  -87.51  
   0.87  0.18  0.46  
   -0.38  0.85  0.37  
   -0.32  -0.50  0.81  

9  1377.40  -12.50  12.95  
   -0.17  -0.92  -0.34  
   0.97  -0.11  -0.20  
   0.15  -0.36  0.92  

8  1307.75  -271.02  -21.88  
   -0.99  -0.10  -0.11  
   -0.06  -0.38  0.92  
   -0.14  0.92  0.37  

2  856.80  -45.09  575.07  
   0.92  0.38  -0.03  
   -0.38  0.92  -0.03  
   0.02  0.03  1.00  

3  1222.92  -27.24  5.36  
   -0.43  -0.01  -0.90  
   -0.03  -1.00  0.03  
   -0.90  0.04  0.43  

4  1111.30  139.75  -92.42  
   0.90  -0.14  0.41  
   0.31  0.87  -0.39  
   -0.31  0.48  0.82  

5  1293.02  276.37  41.52  
   -0.94  0.29  0.20  
   -0.23  -0.04  -0.97  
   -0.27  -0.96  0.10  

6  1439.02  53.13  70.54  
   0.34  0.88  -0.33  
   -0.91  0.39  0.10  
   0.22  0.27  0.94  

7  1089.42  -190.65  -88.40  
   0.87  0.18  0.46  
   -0.38  0.85  0.37  
   -0.32  -0.50  0.81  

8  1307.31  -268.34  -19.65  
   -0.99  -0.12  -0.12  
   -0.06  -0.40  0.91  
   -0.15  0.91  0.39  

9  1376.06  -10.72  20.98  
   -0.17  -0.93  -0.34  
   0.97  -0.10  -0.22  
   0.17  -0.37  0.92  

2  857.25  -44.65  575.07  
   0.92  0.38  -0.03  
   -0.38  0.92  -0.03  
   0.02  0.03  1.00  

3  1222.92  -26.79  5.36  
   -0.43  -0.01  -0.90  
   -0.03  -1.00  0.03  
   -0.90  0.03  0.43  

6  1438.13  51.79  81.26  
   0.34  0.88  -0.33  
   -0.90  0.40  0.15  
   0.26  0.24  0.93  

4  1110.85  140.20  -92.42  
   0.90  -0.14  0.41  
   0.31  0.87  -0.38  
   -0.31  0.47  0.83  

5  1293.02  276.82  39.74  
   -0.93  0.30  0.20  
   -0.23  -0.07  -0.97  
   -0.28  -0.95  0.13  

7  1088.98  -190.20  -88.85  
   0.87  0.18  0.46  
   -0.37  0.85  0.37  
   -0.32  -0.50  0.81  

8  1306.41  -268.34  -17.86  
   -0.98  -0.13  -0.12  
   -0.06  -0.42  0.91  
   -0.17  0.90  0.40  

9  1376.96  -14.29  29.02  
   -0.16  -0.93  -0.33  
   0.97  -0.08  -0.24  
   0.19  -0.36  0.91  

2  856.80  -44.65  575.07  
   0.92  0.38  -0.03  
   -0.38  0.92  -0.03  
   0.02  0.03  1.00  

3  1222.03  -26.79  5.80  
   -0.43  -0.01  -0.90  
   -0.02  -1.00  0.02  
   -0.90  0.03  0.43  

5  1294.80  275.48  33.49  
   -0.93  0.30  0.18  
   -0.23  -0.11  -0.97  
   -0.27  -0.95  0.17  

4  1110.85  140.20  -92.42  
   0.90  -0.14  0.41  
   0.31  0.87  -0.38  
   -0.31  0.47  0.83  

6  1439.47  54.47  86.62  
   0.34  0.89  -0.30  
   -0.89  0.41  0.22  
   0.32  0.20  0.93  

7  1088.98  -189.76  -89.30  
   0.87  0.18  0.46  
   -0.37  0.85  0.37  
   -0.32  -0.49  0.81  

8  1306.86  -268.78  -21.88  
   -0.98  -0.14  -0.13  
   -0.05  -0.45  0.89  
   -0.18  0.88  0.43  

9  1375.17  -16.07  36.17  
   -0.16  -0.95  -0.28  
   0.95  -0.08  -0.29  
   0.25  -0.32  0.91  

2  856.80  -44.65  575.07  
   0.92  0.38  -0.03  
   -0.38  0.92  -0.03  
   0.02  0.03  1.00  

3  1221.58  -26.34  5.80  
   -0.43  -0.01  -0.90  
   -0.02  -1.00  0.02  
   -0.90  0.03  0.43  

4  1110.41  139.75  -92.42  
   0.90  -0.13  0.41  
   0.30  0.87  -0.38  
   -0.31  0.47  0.83  

6  1439.47  56.70  95.99  
   0.34  0.89  -0.29  
   -0.87  0.42  0.27  
   0.36  0.16  0.92  

5  1296.14  275.48  29.02  
   -0.93  0.31  0.18  
   -0.23  -0.15  -0.96  
   -0.27  -0.94  0.21  

8  1306.41  -268.78  -22.32  
   -0.98  -0.15  -0.13  
   -0.05  -0.47  0.88  
   -0.19  0.87  0.45  

9  1376.51  -15.63  40.63  
   -0.16  -0.94  -0.29  
   0.95  -0.07  -0.30  
   0.26  -0.32  0.91  

7  1088.08  -188.86  -90.64  
   0.87  0.17  0.46  
   -0.37  0.85  0.37  
   -0.33  -0.49  0.81  

2  857.25  -44.65  575.07  
   0.92  0.38  -0.03  
   -0.38  0.92  -0.03  
   0.02  0.03  1.00  

3  1222.03  -26.79  5.80  
   -0.43  -0.00  -0.90  
   -0.02  -1.00  0.01  
   -0.90  0.02  0.43  

4  1110.41  139.30  -92.87  
   0.90  -0.13  0.41  
   0.30  0.88  -0.38  
   -0.31  0.46  0.83  

6  1439.91  61.17  106.71  
   0.34  0.90  -0.28  
   -0.84  0.43  0.34  
   0.42  0.11  0.90  

5  1295.70  277.71  25.45  
   -0.93  0.32  0.17  
   -0.24  -0.18  -0.95  
   -0.27  -0.93  0.25  

7  1088.98  -188.42  -91.53  
   0.87  0.17  0.46  
   -0.36  0.85  0.37  
   -0.33  -0.49  0.80  

9  1380.98  -18.75  54.47  
   -0.15  -0.95  -0.29  
   0.95  -0.05  -0.32  
   0.29  -0.32  0.90  

8  1307.75  -269.68  -24.11  
   -0.98  -0.16  -0.13  
   -0.04  -0.48  0.88  
   -0.20  0.86  0.47  

2  857.25  -44.65  575.07  
   0.92  0.38  -0.03  
   -0.38  0.92  -0.03  
   0.02  0.03  1.00  

3  1221.58  -26.34  6.25  
   -0.43  -0.00  -0.90  
   -0.02  -1.00  0.01  
   -0.90  0.02  0.43  

4  1109.96  138.41  -92.87  
   0.90  -0.13  0.41  
   0.30  0.88  -0.37  
   -0.31  0.46  0.83  

5  1294.80  280.39  23.22  
   -0.93  0.33  0.18  
   -0.25  -0.21  -0.95  
   -0.27  -0.92  0.27  

6  1440.81  69.21  112.07  
   0.36  0.89  -0.27  
   -0.82  0.44  0.37  
   0.45  0.09  0.89  

8  1306.41  -271.02  -28.57  
   -0.98  -0.17  -0.12  
   -0.01  -0.51  0.86  
   -0.21  0.84  0.50  

7  1088.53  -187.52  -94.21  
   0.87  0.16  0.47  
   -0.36  0.86  0.37  
   -0.34  -0.49  0.80  

9  1383.66  -23.66  59.38  
   -0.12  -0.96  -0.24  
   0.93  -0.03  -0.36  
   0.34  -0.27  0.90  

3  1220.69  -26.34  5.80  
   -0.43  -0.01  -0.90  
   -0.02  -1.00  0.01  
   -0.90  0.02  0.43  

4  1109.51  138.41  -92.87  
   0.90  -0.13  0.41  
   0.30  0.88  -0.37  
   -0.31  0.46  0.83  

2  857.25  -44.65  575.07  
   0.92  0.38  -0.03  
   -0.38  0.92  -0.03  
   0.02  0.03  1.00  

5  1293.47  281.73  21.43  
   -0.93  0.33  0.18  
   -0.26  -0.21  -0.94  
   -0.27  -0.92  0.28  

6  1442.14  75.01  114.30  
   0.37  0.89  -0.26  
   -0.80  0.45  0.39  
   0.47  0.07  0.88  

7  1088.98  -187.08  -95.10  
   0.87  0.16  0.47  
   -0.36  0.86  0.37  
   -0.35  -0.49  0.80  

8  1305.07  -273.69  -29.91  
   -0.98  -0.19  -0.11  
   0.01  -0.53  0.85  
   -0.22  0.83  0.51  

9  1383.66  -26.79  62.06  
   -0.11  -0.97  -0.22  
   0.93  -0.02  -0.37  
   0.35  -0.25  0.90  

2  857.25  -44.65  575.07  
   0.92  0.38  -0.03  
   -0.38  0.92  -0.03  
   0.02  0.03  1.00  

4  1109.07  137.96  -93.76  
   0.90  -0.14  0.41  
   0.30  0.88  -0.37  
   -0.31  0.45  0.84  

3  1220.69  -26.34  6.25  
   -0.43  -0.01  -0.90  
   -0.01  -1.00  0.02  
   -0.90  0.02  0.43  

5  1292.13  284.41  19.65  
   -0.92  0.34  0.18  
   -0.27  -0.24  -0.93  
   -0.27  -0.91  0.32  

6  1441.70  79.92  122.34  
   0.37  0.89  -0.26  
   -0.78  0.45  0.43  
   0.51  0.04  0.86  

7  1089.42  -187.08  -95.10  
   0.87  0.16  0.47  
   -0.36  0.86  0.37  
   -0.35  -0.49  0.80  

8  1304.63  -274.14  -28.57  
   -0.97  -0.20  -0.10  
   0.02  -0.53  0.85  
   -0.23  0.82  0.52  

9  1386.33  -29.91  67.87  
   -0.10  -0.97  -0.20  
   0.92  -0.01  -0.38  
   0.37  -0.22  0.90  

2  857.25  -44.65  575.07  
   0.92  0.38  -0.03  
   -0.38  0.92  -0.03  
   0.02  0.03  1.00  

5  1291.23  285.30  17.86  
   -0.92  0.35  0.18  
   -0.28  -0.25  -0.93  
   -0.27  -0.90  0.33  

3  1220.24  -26.34  6.25  
   -0.43  -0.01  -0.90  
   -0.01  -1.00  0.02  
   -0.90  0.02  0.43  

4  1108.62  137.96  -93.76  
   0.90  -0.14  0.41  
   0.30  0.88  -0.36  
   -0.31  0.45  0.84  

6  1443.48  84.39  126.80  
   0.38  0.89  -0.25  
   -0.76  0.46  0.46  
   0.53  0.01  0.85  

9  1392.58  -37.95  74.56  
   -0.06  -0.98  -0.16  
   0.91  0.01  -0.41  
   0.40  -0.17  0.90  

7  1089.42  -187.08  -95.55  
   0.87  0.15  0.47  
   -0.36  0.86  0.37  
   -0.35  -0.49  0.80  

8  1303.73  -276.82  -29.47  
   -0.97  -0.21  -0.09  
   0.04  -0.54  0.84  
   -0.23  0.81  0.53  

2  857.25  -44.65  575.07  
   0.92  0.38  -0.03  
   -0.38  0.92  -0.03  
   0.02  0.03  1.00  

5  1290.79  287.98  14.29  
   -0.91  0.36  0.18  
   -0.30  -0.29  -0.91  
   -0.28  -0.89  0.37  

4  1108.62  137.96  -94.21  
   0.90  -0.14  0.41  
   0.30  0.88  -0.36  
   -0.31  0.45  0.84  

3  1220.24  -26.79  6.25  
   -0.43  -0.02  -0.90  
   -0.01  -1.00  0.02  
   -0.90  0.02  0.43  

6  1440.36  94.65  136.62  
   0.38  0.89  -0.24  
   -0.73  0.45  0.52  
   0.57  -0.03  0.82  

7  1089.87  -187.08  -95.99  
   0.87  0.15  0.48  
   -0.36  0.86  0.37  
   -0.35  -0.49  0.80  

8  1301.95  -280.39  -34.38  
   -0.97  -0.23  -0.08  
   0.07  -0.56  0.82  
   -0.23  0.79  0.56  

9  1395.26  -42.42  76.80  
   -0.04  -0.99  -0.12  
   0.90  0.02  -0.44  
   0.44  -0.12  0.89  

2  857.25  -44.65  575.07  
   0.92  0.38  -0.03  
   -0.38  0.92  -0.03  
   0.02  0.03  1.00  

3  1219.80  -26.79  6.25  
   -0.43  -0.02  -0.90  
   -0.01  -1.00  0.03  
   -0.90  0.02  0.43  

4  1108.17  137.07  -94.21  
   0.90  -0.14  0.41  
   0.30  0.88  -0.36  
   -0.31  0.45  0.84  

5  1289.45  287.09  12.95  
   -0.91  0.37  0.18  
   -0.30  -0.30  -0.91  
   -0.28  -0.88  0.38  

6  1441.25  100.01  140.20  
   0.39  0.89  -0.23  
   -0.71  0.45  0.54  
   0.59  -0.05  0.81  

8  1302.39  -284.41  -35.27  
   -0.97  -0.25  -0.07  
   0.10  -0.58  0.81  
   -0.24  0.78  0.58  

7  1090.31  -187.08  -96.89  
   0.86  0.15  0.48  
   -0.36  0.86  0.37  
   -0.36  -0.49  0.79  

9  1397.94  -50.45  84.83  
   -0.02  -0.99  -0.11  
   0.89  0.04  -0.46  
   0.46  -0.11  0.88  

4  1108.17  136.62  -94.21  
   0.90  -0.14  0.41  
   0.30  0.89  -0.35  
   -0.31  0.44  0.84  

2  857.25  -44.65  575.07  
   0.92  0.38  -0.03  
   -0.38  0.92  -0.03  
   0.02  0.03  1.00  

3  1219.35  -27.24  6.25  
   -0.43  -0.02  -0.90  
   -0.01  -1.00  0.03  
   -0.90  0.03  0.43  

5  1286.77  290.66  9.38  
   -0.91  0.38  0.19  
   -0.32  -0.31  -0.89  
   -0.28  -0.87  0.41  

6  1440.81  107.16  144.66  
   0.40  0.89  -0.23  
   -0.68  0.45  0.57  
   0.61  -0.07  0.79  

7  1091.21  -187.08  -96.89  
   0.86  0.15  0.48  
   -0.36  0.86  0.37  
   -0.36  -0.49  0.79  

9  1399.73  -55.36  88.85  
   -0.00  -0.99  -0.12  
   0.88  0.06  -0.47  
   0.47  -0.11  0.87  

8  1300.61  -287.09  -34.38  
   -0.96  -0.27  -0.06  
   0.11  -0.58  0.80  
   -0.25  0.77  0.59  

2  857.25  -44.65  575.07  
   0.92  0.38  -0.03  
   -0.38  0.92  -0.03  
   0.02  0.03  1.00  

3  1219.35  -27.68  6.70  
   -0.44  -0.03  -0.90  
   -0.02  -1.00  0.04  
   -0.90  0.03  0.43  

5  1285.43  293.34  6.70  
   -0.90  0.38  0.20  
   -0.34  -0.33  -0.88  
   -0.27  -0.86  0.43  

6  1440.81  115.19  147.79  
   0.41  0.88  -0.23  
   -0.66  0.46  0.60  
   0.63  -0.09  0.77  

4  1107.73  136.18  -94.65  
   0.90  -0.15  0.41  
   0.30  0.89  -0.35  
   -0.31  0.43  0.84  

7  1091.21  -187.97  -97.33  
   0.86  0.15  0.49  
   -0.36  0.85  0.37  
   -0.36  -0.50  0.79  

8  1298.82  -291.11  -33.04  
   -0.96  -0.29  -0.06  
   0.13  -0.59  0.80  
   -0.26  0.76  0.60  

9  1399.28  -62.06  92.42  
   0.01  -0.99  -0.14  
   0.87  0.08  -0.48  
   0.49  -0.12  0.87  

2  857.25  -44.65  575.07  
   0.92  0.38  -0.03  
   -0.38  0.92  -0.03  
   0.02  0.03  1.00  

4  1106.39  135.28  -95.10  
   0.90  -0.15  0.41  
   0.31  0.89  -0.34  
   -0.31  0.43  0.85  

3  1219.35  -27.68  6.70  
   -0.44  -0.03  -0.90  
   -0.02  -1.00  0.04  
   -0.90  0.03  0.43  

6  1440.81  121.89  151.36  
   0.41  0.88  -0.24  
   -0.64  0.47  0.61  
   0.65  -0.10  0.76  

5  1282.75  294.68  7.14  
   -0.90  0.39  0.20  
   -0.35  -0.33  -0.88  
   -0.28  -0.86  0.44  

7  1092.10  -188.42  -97.33  
   0.86  0.15  0.49  
   -0.37  0.85  0.37  
   -0.36  -0.50  0.79  

8  1297.93  -294.68  -32.59  
   -0.95  -0.31  -0.05  
   0.15  -0.59  0.79  
   -0.27  0.75  0.61  

9  1402.85  -69.21  97.78  
   0.03  -0.98  -0.18  
   0.87  0.11  -0.48  
   0.49  -0.14  0.86  

2  857.25  -44.65  575.07  
   0.92  0.38  -0.03  
   -0.38  0.92  -0.03  
   0.02  0.03  1.00  

5  1281.86  296.47  6.70  
   -0.89  0.40  0.21  
   -0.35  -0.33  -0.87  
   -0.28  -0.85  0.44  

4  1106.39  135.73  -95.55  
   0.90  -0.16  0.41  
   0.31  0.89  -0.34  
   -0.31  0.43  0.85  

3  1218.90  -27.68  7.14  
   -0.44  -0.03  -0.90  
   -0.02  -1.00  0.04  
   -0.90  0.04  0.43  

6  1439.91  125.02  151.80  
   0.42  0.87  -0.24  
   -0.64  0.47  0.61  
   0.65  -0.10  0.75  

8  1295.70  -298.25  -29.02  
   -0.94  -0.33  -0.04  
   0.17  -0.58  0.80  
   -0.28  0.74  0.60  

9  1403.75  -75.01  100.46  
   0.04  -0.98  -0.19  
   0.87  0.13  -0.48  
   0.49  -0.15  0.86  

7  1091.65  -188.42  -96.44  
   0.86  0.16  0.49  
   -0.37  0.85  0.38  
   -0.36  -0.50  0.79  

2  857.25  -44.65  575.07  
   0.92  0.38  -0.03  
   -0.38  0.92  -0.03  
   0.02  0.03  1.00  

6  1440.36  125.02  150.47  
   0.43  0.87  -0.24  
   -0.64  0.48  0.60  
   0.64  -0.10  0.76  

3  1218.90  -28.13  6.70  
   -0.44  -0.03  -0.90  
   -0.02  -1.00  0.05  
   -0.90  0.04  0.44  

5  1280.96  296.91  7.59  
   -0.89  0.40  0.21  
   -0.36  -0.33  -0.88  
   -0.28  -0.86  0.43  

4  1106.39  135.73  -95.55  
   0.90  -0.16  0.41  
   0.31  0.89  -0.34  
   -0.31  0.43  0.85  

8  1294.36  -301.82  -27.24  
   -0.94  -0.33  -0.03  
   0.17  -0.57  0.81  
   -0.28  0.75  0.59  

7  1091.65  -189.76  -95.55  
   0.85  0.16  0.49  
   -0.38  0.84  0.38  
   -0.35  -0.51  0.78  

9  1403.75  -76.35  98.67  
   0.05  -0.98  -0.20  
   0.87  0.14  -0.46  
   0.48  -0.15  0.86  

2  857.25  -44.65  575.07  
   0.92  0.38  -0.03  
   -0.38  0.92  -0.03  
   0.02  0.03  1.00  

3  1219.35  -28.13  7.14  
   -0.44  -0.03  -0.90  
   -0.02  -1.00  0.05  
   -0.90  0.04  0.44  

5  1279.62  294.68  16.07  
   -0.89  0.40  0.22  
   -0.35  -0.28  -0.90  
   -0.29  -0.88  0.38  

4  1105.94  135.28  -94.65  
   0.90  -0.16  0.41  
   0.31  0.88  -0.35  
   -0.31  0.44  0.84  

6  1442.14  116.98  145.11  
   0.45  0.85  -0.27  
   -0.68  0.52  0.52  
   0.58  -0.05  0.81  

7  1091.65  -190.65  -93.76  
   0.85  0.17  0.49  
   -0.39  0.83  0.39  
   -0.34  -0.52  0.78  

8  1293.47  -303.61  -18.31  
   -0.94  -0.33  -0.03  
   0.16  -0.53  0.84  
   -0.29  0.78  0.55  

9  1405.53  -74.12  91.98  
   0.06  -0.97  -0.22  
   0.90  0.15  -0.40  
   0.42  -0.18  0.89  

4  1106.39  136.18  -93.76  
   0.90  -0.15  0.41  
   0.31  0.88  -0.36  
   -0.30  0.45  0.84  

5  1282.75  292.00  25.00  
   -0.90  0.39  0.22  
   -0.33  -0.24  -0.92  
   -0.30  -0.89  0.34  

2  857.25  -44.65  575.07  
   0.92  0.38  -0.03  
   -0.38  0.92  -0.03  
   0.02  0.03  1.00  

3  1219.35  -29.02  6.70  
   -0.44  -0.03  -0.90  
   -0.03  -1.00  0.05  
   -0.90  0.05  0.44  

6  1447.06  105.37  138.86  
   0.45  0.85  -0.28  
   -0.71  0.53  0.46  
   0.54  -0.01  0.84  

8  1293.02  -304.50  -12.06  
   -0.95  -0.32  -0.02  
   0.15  -0.49  0.86  
   -0.29  0.81  0.51  

9  1405.09  -68.76  86.62  
   0.06  -0.97  -0.25  
   0.93  0.15  -0.34  
   0.37  -0.21  0.91  

7  1091.21  -191.54  -91.53  
   0.85  0.17  0.49  
   -0.39  0.83  0.40  
   -0.34  -0.53  0.78  

2  857.25  -44.65  575.07  
   0.92  0.38  -0.03  
   -0.38  0.92  -0.03  
   0.02  0.03  1.00  

3  1220.24  -29.02  6.70  
   -0.44  -0.04  -0.90  
   -0.03  -1.00  0.06  
   -0.90  0.05  0.44  

4  1107.28  135.73  -93.32  
   0.90  -0.15  0.40  
   0.31  0.87  -0.38  
   -0.30  0.46  0.83  

5  1284.09  287.54  29.47  
   -0.90  0.37  0.22  
   -0.31  -0.21  -0.93  
   -0.30  -0.90  0.30  

6  1448.40  96.44  133.50  
   0.45  0.84  -0.30  
   -0.74  0.54  0.40  
   0.50  0.04  0.87  

9  1404.19  -66.08  75.90  
   0.06  -0.95  -0.30  
   0.95  0.15  -0.28  
   0.31  -0.27  0.91  

8  1292.57  -302.27  -6.25  
   -0.95  -0.32  -0.03  
   0.13  -0.46  0.88  
   -0.29  0.83  0.48  

7  1090.76  -192.88  -90.64  
   0.85  0.18  0.49  
   -0.40  0.82  0.40  
   -0.33  -0.54  0.77  

2  857.25  -44.65  575.07  
   0.92  0.38  -0.03  
   -0.38  0.92  -0.03  
   0.02  0.03  1.00  

4  1107.73  136.62  -92.42  
   0.90  -0.15  0.40  
   0.31  0.87  -0.38  
   -0.30  0.47  0.83  

3  1220.24  -29.91  6.25  
   -0.44  -0.04  -0.90  
   -0.03  -1.00  0.06  
   -0.90  0.05  0.44  

5  1286.32  285.30  33.04  
   -0.91  0.37  0.21  
   -0.30  -0.18  -0.94  
   -0.30  -0.91  0.27  

6  1451.97  90.19  129.03  
   0.45  0.83  -0.32  
   -0.76  0.55  0.35  
   0.47  0.09  0.88  

7  1089.87  -194.22  -88.85  
   0.85  0.18  0.49  
   -0.41  0.82  0.41  
   -0.33  -0.55  0.77  

8  1291.23  -301.82  2.23  
   -0.95  -0.31  -0.02  
   0.12  -0.42  0.90  
   -0.29  0.85  0.43  

9  1404.64  -62.06  70.99  
   0.05  -0.94  -0.35  
   0.97  0.14  -0.21  
   0.25  -0.32  0.91  

2  857.25  -44.65  575.07  
   0.92  0.38  -0.03  
   -0.38  0.92  -0.03  
   0.02  0.03  1.00  

6  1451.52  87.96  124.57  
   0.45  0.82  -0.35  
   -0.78  0.55  0.30  
   0.44  0.14  0.89  

5  1286.32  283.96  35.72  
   -0.91  0.36  0.21  
   -0.29  -0.17  -0.94  
   -0.31  -0.92  0.26  

4  1108.62  136.62  -91.98  
   0.90  -0.14  0.40  
   0.31  0.87  -0.38  
   -0.29  0.47  0.83  

3  1220.69  -30.36  5.80  
   -0.44  -0.04  -0.90  
   -0.03  -1.00  0.06  
   -0.90  0.05  0.43  

7  1089.42  -195.11  -87.96  
   0.85  0.18  0.49  
   -0.41  0.81  0.41  
   -0.32  -0.56  0.77  

9  1405.53  -57.15  58.04  
   0.05  -0.93  -0.37  
   0.98  0.11  -0.16  
   0.19  -0.36  0.92  

8  1293.02  -299.14  5.80  
   -0.95  -0.30  -0.02  
   0.10  -0.38  0.92  
   -0.28  0.88  0.39  

2  856.80  -44.65  575.07  
   0.92  0.38  -0.03  
   -0.38  0.92  -0.03  
   0.02  0.03  1.00  

4  1108.62  138.41  -90.64  
   0.90  -0.15  0.40  
   0.31  0.87  -0.39  
   -0.29  0.48  0.83  

3  1220.69  -30.36  5.80  
   -0.44  -0.04  -0.90  
   -0.03  -1.00  0.06  
   -0.90  0.05  0.44  

7  1089.42  -195.56  -87.06  
   0.85  0.18  0.49  
   -0.41  0.81  0.42  
   -0.32  -0.56  0.76  

5  1286.32  284.41  41.08  
   -0.91  0.35  0.22  
   -0.28  -0.13  -0.95  
   -0.31  -0.93  0.22  

6  1450.63  82.15  116.53  
   0.44  0.81  -0.37  
   -0.80  0.55  0.23  
   0.39  0.20  0.90  

9  1404.64  -56.70  50.01  
   0.04  -0.92  -0.39  
   0.99  0.10  -0.12  
   0.15  -0.38  0.91  

8  1292.13  -299.59  8.93  
   -0.96  -0.29  -0.02  
   0.09  -0.35  0.93  
   -0.27  0.89  0.36  

2  857.25  -44.65  575.07  
   0.92  0.38  -0.03  
   -0.38  0.92  -0.03  
   0.02  0.03  1.00  

4  1108.62  138.86  -89.74  
   0.90  -0.15  0.40  
   0.32  0.86  -0.39  
   -0.29  0.48  0.83  

3  1221.13  -30.36  5.36  
   -0.44  -0.04  -0.90  
   -0.03  -1.00  0.06  
   -0.90  0.05  0.44  

5  1285.88  283.96  45.09  
   -0.91  0.34  0.23  
   -0.28  -0.09  -0.96  
   -0.30  -0.94  0.18  

6  1452.86  81.26  106.71  
   0.45  0.81  -0.38  
   -0.82  0.54  0.17  
   0.34  0.23  0.91  

7  1089.42  -196.01  -86.62  
   0.85  0.18  0.49  
   -0.41  0.81  0.42  
   -0.32  -0.56  0.76  

8  1293.02  -296.91  11.16  
   -0.96  -0.27  -0.02  
   0.07  -0.32  0.94  
   -0.26  0.91  0.33  

9  1403.30  -52.69  43.76  
   0.03  -0.91  -0.42  
   0.99  0.07  -0.08  
   0.10  -0.42  0.90  

4  1108.17  139.75  -88.85  
   0.90  -0.15  0.40  
   0.32  0.86  -0.40  
   -0.29  0.49  0.82  

2  857.25  -44.65  575.07  
   0.92  0.38  -0.03  
   -0.38  0.92  -0.03  
   0.02  0.03  1.00  

3  1221.13  -29.91  5.36  
   -0.44  -0.04  -0.90  
   -0.03  -1.00  0.06  
   -0.90  0.05  0.44  

5  1283.64  285.75  47.77  
   -0.91  0.32  0.26  
   -0.28  -0.04  -0.96  
   -0.29  -0.95  0.13  

6  1452.41  82.60  95.10  
   0.46  0.80  -0.38  
   -0.84  0.54  0.11  
   0.29  0.26  0.92  

8  1295.25  -292.00  15.63  
   -0.97  -0.25  -0.02  
   0.05  -0.28  0.96  
   -0.24  0.93  0.28  

7  1089.42  -196.01  -85.72  
   0.85  0.18  0.49  
   -0.41  0.81  0.43  
   -0.32  -0.56  0.76  

9  1403.30  -46.88  29.91  
   0.01  -0.91  -0.42  
   1.00  0.03  -0.03  
   0.04  -0.42  0.91  

2  857.25  -44.65  575.07  
   0.92  0.38  -0.03  
   -0.38  0.92  -0.03  
   0.02  0.03  1.00  

6  1452.41  81.26  83.94  
   0.47  0.80  -0.37  
   -0.85  0.52  0.06  
   0.24  0.29  0.93  

5  1281.86  285.30  50.01  
   -0.91  0.31  0.27  
   -0.29  -0.02  -0.96  
   -0.29  -0.95  0.10  

3  1221.58  -29.47  4.91  
   -0.44  -0.03  -0.90  
   -0.03  -1.00  0.05  
   -0.90  0.05  0.44  

4  1107.73  140.20  -88.85  
   0.90  -0.15  0.41  
   0.33  0.86  -0.40  
   -0.29  0.49  0.82  

7  1089.87  -196.45  -85.28  
   0.85  0.18  0.49  
   -0.41  0.80  0.43  
   -0.32  -0.57  0.76  

9  1403.75  -43.31  19.65  
   0.00  -0.91  -0.42  
   1.00  0.00  -0.00  
   0.00  -0.42  0.91  

8  1296.14  -293.34  16.07  
   -0.97  -0.23  -0.02  
   0.04  -0.25  0.97  
   -0.23  0.94  0.25  

2  857.25  -44.65  575.07  
   0.92  0.38  -0.03  
   -0.38  0.92  -0.03  
   0.02  0.03  1.00  

4  1106.83  141.09  -87.96  
   0.90  -0.16  0.41  
   0.33  0.85  -0.40  
   -0.29  0.50  0.82  

3  1222.03  -29.02  4.91  
   -0.44  -0.03  -0.90  
   -0.03  -1.00  0.05  
   -0.90  0.05  0.44  

6  1453.31  83.94  72.33  
   0.48  0.80  -0.37  
   -0.86  0.51  -0.01  
   0.18  0.32  0.93  

5  1280.52  286.64  53.58  
   -0.91  0.28  0.29  
   -0.29  0.03  -0.96  
   -0.28  -0.96  0.05  

7  1090.31  -196.45  -84.39  
   0.86  0.18  0.48  
   -0.41  0.80  0.43  
   -0.31  -0.57  0.76  

8  1297.93  -289.77  19.20  
   -0.97  -0.22  -0.02  
   0.03  -0.22  0.97  
   -0.22  0.95  0.22  

9  1401.96  -39.74  9.38  
   -0.01  -0.90  -0.43  
   1.00  -0.03  0.03  
   -0.04  -0.43  0.90  

2  857.25  -44.65  575.07  
   0.92  0.38  -0.03  
   -0.38  0.92  -0.03  
   0.02  0.03  1.00  

3  1222.03  -29.02  4.91  
   -0.44  -0.03  -0.90  
   -0.03  -1.00  0.05  
   -0.90  0.05  0.44  

4  1106.39  141.54  -87.51  
   0.90  -0.16  0.41  
   0.34  0.85  -0.40  
   -0.29  0.50  0.82  

5  1278.73  285.30  56.26  
   -0.92  0.27  0.30  
   -0.29  0.06  -0.95  
   -0.28  -0.96  0.02  

6  1452.41  84.83  64.29  
   0.48  0.80  -0.36  
   -0.86  0.50  -0.05  
   0.14  0.34  0.93  

7  1090.76  -196.45  -83.49  
   0.86  0.18  0.48  
   -0.41  0.80  0.43  
   -0.31  -0.57  0.76  

8  1297.04  -288.88  20.98  
   -0.98  -0.21  -0.02  
   0.02  -0.19  0.98  
   -0.21  0.96  0.19  

9  1399.28  -43.76  2.68  
   -0.01  -0.90  -0.44  
   1.00  -0.05  0.07  
   -0.09  -0.44  0.89  

2  857.25  -44.65  575.07  
   0.92  0.38  -0.03  
   -0.38  0.92  -0.03  
   0.02  0.03  1.00  

5  1275.16  287.09  60.72  
   -0.91  0.25  0.32  
   -0.30  0.11  -0.95  
   -0.28  -0.96  -0.03  

3  1222.03  -29.02  4.91  
   -0.44  -0.03  -0.90  
   -0.03  -1.00  0.05  
   -0.90  0.05  0.44  

4  1105.94  142.43  -86.62  
   0.89  -0.17  0.42  
   0.34  0.85  -0.41  
   -0.28  0.51  0.81  

6  1450.63  88.85  54.47  
   0.50  0.79  -0.36  
   -0.86  0.49  -0.11  
   0.08  0.36  0.93  

7  1091.21  -196.90  -82.15  
   0.86  0.18  0.48  
   -0.41  0.80  0.44  
   -0.31  -0.57  0.76  

8  1297.93  -288.43  24.56  
   -0.98  -0.20  -0.02  
   0.01  -0.15  0.99  
   -0.20  0.97  0.15  

9  1400.62  -45.54  -5.36  
   -0.01  -0.90  -0.44  
   0.99  -0.07  0.11  
   -0.13  -0.44  0.89  

2  857.25  -44.65  575.07  
   0.92  0.38  -0.03  
   -0.38  0.92  -0.03  
   0.02  0.03  1.00  

3  1221.58  -28.57  4.91  
   -0.44  -0.03  -0.90  
   -0.03  -1.00  0.05  
   -0.90  0.05  0.44  

4  1105.50  143.32  -85.72  
   0.89  -0.17  0.42  
   0.35  0.84  -0.41  
   -0.28  0.51  0.81  

5  1272.03  287.98  66.97  
   -0.91  0.24  0.34  
   -0.31  0.16  -0.94  
   -0.28  -0.96  -0.07  

6  1451.07  93.32  47.77  
   0.51  0.79  -0.35  
   -0.86  0.48  -0.18  
   0.03  0.39  0.92  

8  1297.48  -288.43  30.36  
   -0.98  -0.19  -0.01  
   0.01  -0.10  0.99  
   -0.19  0.98  0.10  

7  1092.10  -197.79  -80.81  
   0.86  0.18  0.48  
   -0.41  0.80  0.44  
   -0.30  -0.58  0.76  

9  1400.62  -46.43  -16.07  
   -0.02  -0.90  -0.44  
   0.98  -0.10  0.16  
   -0.19  -0.43  0.88  

5  1268.46  287.98  75.01  
   -0.91  0.21  0.36  
   -0.32  0.22  -0.92  
   -0.28  -0.95  -0.13  

2  857.25  -44.65  575.07  
   0.92  0.38  -0.03  
   -0.38  0.92  -0.03  
   0.02  0.03  1.00  

3  1221.58  -28.13  4.46  
   -0.44  -0.03  -0.90  
   -0.04  -1.00  0.05  
   -0.90  0.05  0.44  

4  1105.05  143.77  -84.83  
   0.89  -0.18  0.42  
   0.36  0.84  -0.41  
   -0.28  0.52  0.81  

9  1401.07  -52.24  -28.13  
   -0.01  -0.89  -0.45  
   0.96  -0.13  0.23  
   -0.27  -0.43  0.86  

6  1451.52  99.57  32.59  
   0.52  0.79  -0.33  
   -0.85  0.46  -0.26  
   -0.05  0.41  0.91  

8  1298.38  -288.43  36.17  
   -0.98  -0.17  0.00  
   0.01  -0.03  1.00  
   -0.17  0.98  0.03  

7  1092.99  -198.69  -79.03  
   0.86  0.19  0.47  
   -0.42  0.79  0.45  
   -0.29  -0.58  0.76  

3  1221.58  -28.13  4.91  
   -0.44  -0.03  -0.90  
   -0.04  -1.00  0.05  
   -0.90  0.05  0.44  

2  857.25  -44.65  575.07  
   0.92  0.38  -0.03  
   -0.38  0.92  -0.03  
   0.02  0.03  1.00  

5  1266.23  286.64  79.47  
   -0.91  0.18  0.38  
   -0.33  0.28  -0.90  
   -0.27  -0.94  -0.19  

4  1104.16  144.66  -83.94  
   0.89  -0.19  0.42  
   0.37  0.83  -0.41  
   -0.28  0.52  0.81  

6  1450.18  108.05  19.20  
   0.54  0.79  -0.30  
   -0.83  0.45  -0.33  
   -0.13  0.43  0.90  

9  1402.41  -55.81  -48.22  
   -0.02  -0.90  -0.43  
   0.93  -0.17  0.32  
   -0.36  -0.39  0.85  

8  1299.72  -284.86  43.31  
   -0.99  -0.15  0.01  
   0.00  0.05  1.00  
   -0.15  0.99  -0.05  

7  1092.99  -199.13  -77.69  
   0.86  0.19  0.47  
   -0.42  0.79  0.45  
   -0.29  -0.59  0.76  

2  856.80  -44.65  575.52  
   0.92  0.38  -0.03  
   -0.38  0.92  -0.03  
   0.02  0.03  1.00  

4  1103.71  145.11  -83.49  
   0.88  -0.19  0.43  
   0.38  0.83  -0.41  
   -0.28  0.52  0.81  

3  1221.13  -27.68  4.91  
   -0.44  -0.03  -0.90  
   -0.04  -1.00  0.05  
   -0.90  0.06  0.44  

5  1266.68  285.75  83.49  
   -0.91  0.14  0.40  
   -0.34  0.33  -0.88  
   -0.26  -0.93  -0.25  

6  1450.18  115.19  4.02  
   0.55  0.79  -0.27  
   -0.81  0.43  -0.40  
   -0.20  0.44  0.88  

7  1092.99  -200.03  -76.80  
   0.86  0.19  0.47  
   -0.42  0.78  0.45  
   -0.28  -0.59  0.76  

8  1300.61  -282.62  45.54  
   -0.99  -0.13  0.01  
   0.00  0.10  1.00  
   -0.13  0.99  -0.09  

9  1402.85  -58.04  -62.06  
   -0.03  -0.91  -0.41  
   0.90  -0.20  0.38  
   -0.42  -0.36  0.83  

2  857.25  -44.65  575.07  
   0.92  0.38  -0.03  
   -0.38  0.92  -0.03  
   0.02  0.03  1.00  

3  1221.13  -27.68  4.91  
   -0.44  -0.03  -0.90  
   -0.04  -1.00  0.05  
   -0.90  0.06  0.44  

4  1103.26  145.11  -83.49  
   0.88  -0.19  0.43  
   0.38  0.83  -0.41  
   -0.28  0.52  0.81  

6  1448.84  123.68  -9.38  
   0.55  0.80  -0.24  
   -0.79  0.40  -0.47  
   -0.28  0.45  0.85  

5  1263.10  283.52  87.51  
   -0.91  0.10  0.41  
   -0.35  0.38  -0.86  
   -0.25  -0.92  -0.31  

7  1093.44  -200.47  -76.35  
   0.86  0.19  0.47  
   -0.42  0.78  0.46  
   -0.28  -0.59  0.75  

8  1300.61  -277.71  50.01  
   -0.99  -0.11  0.01  
   -0.00  0.16  0.99  
   -0.11  0.98  -0.16  

9  1402.41  -63.85  -75.90  
   -0.04  -0.91  -0.40  
   0.87  -0.22  0.43  
   -0.48  -0.34  0.81  

3  1221.13  -27.68  4.91  
   -0.44  -0.03  -0.90  
   -0.04  -1.00  0.05  
   -0.90  0.06  0.44  

4  1102.82  146.00  -82.60  
   0.88  -0.20  0.43  
   0.39  0.83  -0.41  
   -0.27  0.53  0.81  

2  856.80  -44.65  575.07  
   0.92  0.38  -0.03  
   -0.38  0.92  -0.03  
   0.02  0.03  1.00  

5  1264.44  276.37  94.21  
   -0.91  0.06  0.41  
   -0.34  0.45  -0.82  
   -0.24  -0.89  -0.39  

7  1094.33  -200.92  -75.01  
   0.86  0.19  0.47  
   -0.42  0.78  0.46  
   -0.27  -0.60  0.75  

8  1303.29  -273.69  54.92  
   -1.00  -0.09  0.01  
   -0.01  0.22  0.97  
   -0.09  0.97  -0.22  

9  1400.62  -71.88  -93.76  
   -0.05  -0.92  -0.39  
   0.83  -0.25  0.49  
   -0.55  -0.30  0.78  

6  1445.72  130.37  -24.11  
   0.55  0.81  -0.20  
   -0.75  0.37  -0.55  
   -0.37  0.45  0.81  

2  856.80  -44.65  575.52  
   0.92  0.38  -0.03  
   -0.38  0.92  -0.03  
   0.02  0.03  1.00  

6  1441.25  139.75  -38.84  
   0.54  0.83  -0.17  
   -0.71  0.34  -0.62  
   -0.46  0.45  0.77  

3  1221.13  -27.24  4.91  
   -0.44  -0.03  -0.90  
   -0.04  -1.00  0.05  
   -0.90  0.06  0.44  

5  1262.66  274.14  101.35  
   -0.91  0.02  0.42  
   -0.35  0.51  -0.78  
   -0.23  -0.86  -0.46  

4  1102.37  146.45  -82.15  
   0.88  -0.20  0.43  
   0.39  0.82  -0.41  
   -0.27  0.53  0.80  

7  1095.23  -201.36  -74.12  
   0.86  0.19  0.46  
   -0.42  0.77  0.47  
   -0.27  -0.60  0.75  

9  1398.84  -78.58  -102.24  
   -0.05  -0.92  -0.38  
   0.79  -0.27  0.55  
   -0.61  -0.27  0.74  

8  1305.52  -268.34  59.38  
   -1.00  -0.08  0.01  
   -0.01  0.28  0.96  
   -0.08  0.96  -0.28  

2  856.80  -44.65  575.07  
   0.92  0.38  -0.03  
   -0.38  0.92  -0.03  
   0.02  0.03  1.00  

4  1101.03  147.34  -81.71  
   0.88  -0.21  0.44  
   0.40  0.82  -0.41  
   -0.27  0.54  0.80  

3  1220.69  -26.79  4.91  
   -0.44  -0.03  -0.90  
   -0.04  -1.00  0.05  
   -0.90  0.05  0.44  

5  1260.87  271.46  104.03  
   -0.91  -0.02  0.42  
   -0.36  0.55  -0.75  
   -0.22  -0.83  -0.51  

6  1436.34  150.47  -48.67  
   0.53  0.84  -0.13  
   -0.67  0.32  -0.67  
   -0.52  0.44  0.73  

7  1095.67  -201.36  -73.67  
   0.87  0.19  0.46  
   -0.42  0.77  0.47  
   -0.27  -0.61  0.75  

8  1303.73  -264.32  62.95  
   -1.00  -0.06  0.02  
   -0.00  0.33  0.94  
   -0.06  0.94  -0.33  

9  1399.73  -88.40  -113.85  
   -0.06  -0.93  -0.37  
   0.75  -0.28  0.60  
   -0.66  -0.24  0.71  

2  856.80  -44.65  575.07  
   0.92  0.38  -0.03  
   -0.38  0.92  -0.03  
   0.02  0.03  1.00  

5  1259.98  266.10  110.28  
   -0.90  -0.06  0.43  
   -0.37  0.60  -0.70  
   -0.21  -0.80  -0.57  

3  1220.69  -26.34  4.91  
   -0.44  -0.03  -0.90  
   -0.04  -1.00  0.05  
   -0.90  0.05  0.44  

4  1100.58  147.34  -81.26  
   0.87  -0.21  0.44  
   0.41  0.81  -0.41  
   -0.27  0.54  0.80  

6  1433.66  163.86  -60.72  
   0.52  0.85  -0.09  
   -0.61  0.30  -0.73  
   -0.59  0.44  0.68  

7  1096.12  -201.81  -72.78  
   0.87  0.19  0.46  
   -0.42  0.77  0.48  
   -0.26  -0.61  0.75  

8  1305.52  -263.87  66.08  
   -1.00  -0.04  0.03  
   0.01  0.38  0.92  
   -0.05  0.92  -0.38  

9  1399.73  -100.01  -123.68  
   -0.05  -0.93  -0.35  
   0.70  -0.29  0.65  
   -0.71  -0.21  0.67  

2  857.25  -44.65  575.07  
   0.92  0.38  -0.03  
   -0.38  0.92  -0.03  
   0.02  0.03  1.00  

3  1220.24  -25.90  4.91  
   -0.44  -0.03  -0.90  
   -0.04  -1.00  0.05  
   -0.90  0.05  0.44  

4  1100.14  148.23  -80.81  
   0.87  -0.22  0.44  
   0.41  0.81  -0.41  
   -0.27  0.54  0.79  

6  1426.96  179.93  -69.65  
   0.51  0.86  -0.05  
   -0.56  0.29  -0.78  
   -0.66  0.42  0.63  

5  1259.09  266.55  114.75  
   -0.89  -0.11  0.43  
   -0.40  0.64  -0.65  
   -0.20  -0.76  -0.62  

7  1095.67  -202.26  -72.78  
   0.87  0.19  0.46  
   -0.43  0.76  0.49  
   -0.25  -0.62  0.74  

8  1302.84  -261.64  68.76  
   -1.00  -0.02  0.04  
   0.03  0.43  0.90  
   -0.04  0.90  -0.42  

9  1399.28  -110.73  -130.82  
   -0.04  -0.94  -0.34  
   0.66  -0.28  0.70  
   -0.75  -0.19  0.63  

2  856.80  -44.65  575.52  
   0.92  0.38  -0.03  
   -0.38  0.92  -0.03  
   0.02  0.03  1.00  

4  1099.24  148.68  -79.92  
   0.87  -0.22  0.45  
   0.42  0.81  -0.42  
   -0.27  0.55  0.79  

3  1220.24  -25.45  4.91  
   -0.44  -0.03  -0.90  
   -0.04  -1.00  0.05  
   -0.90  0.06  0.44  

5  1256.85  263.87  117.87  
   -0.89  -0.17  0.43  
   -0.42  0.68  -0.60  
   -0.19  -0.71  -0.67  

6  1421.16  197.79  -81.71  
   0.49  0.87  0.00  
   -0.49  0.28  -0.82  
   -0.72  0.40  0.57  

7  1094.78  -202.70  -71.88  
   0.87  0.20  0.46  
   -0.43  0.76  0.49  
   -0.25  -0.62  0.74  

8  1301.50  -261.64  74.12  
   -1.00  0.00  0.06  
   0.06  0.48  0.88  
   -0.03  0.88  -0.48  

9  1399.73  -129.48  -138.41  
   -0.03  -0.95  -0.31  
   0.60  -0.27  0.75  
   -0.80  -0.16  0.58  

2  857.25  -44.65  575.07  
   0.92  0.38  -0.03  
   -0.38  0.92  -0.03  
   0.02  0.03  1.00  

4  1098.35  149.13  -79.47  
   0.86  -0.23  0.45  
   0.43  0.80  -0.42  
   -0.27  0.55  0.79  

3  1219.80  -25.00  4.91  
   -0.44  -0.03  -0.90  
   -0.04  -1.00  0.05  
   -0.90  0.06  0.44  

5  1257.30  264.77  120.10  
   -0.87  -0.23  0.43  
   -0.45  0.70  -0.55  
   -0.17  -0.67  -0.72  

6  1412.68  216.99  -92.87  
   0.47  0.88  0.06  
   -0.42  0.29  -0.86  
   -0.77  0.38  0.51  

8  1299.72  -263.87  76.35  
   -1.00  0.03  0.08  
   0.09  0.53  0.84  
   -0.02  0.85  -0.53  

9  1397.94  -149.57  -146.00  
   -0.03  -0.96  -0.29  
   0.54  -0.26  0.80  
   -0.84  -0.13  0.52  

7  1094.78  -202.26  -70.10  
   0.87  0.21  0.45  
   -0.44  0.75  0.50  
   -0.24  -0.63  0.74  

2  857.25  -44.65  575.07  
   0.92  0.38  -0.03  
   -0.38  0.92  -0.03  
   0.02  0.03  1.00  

4  1097.91  149.57  -79.47  
   0.86  -0.23  0.45  
   0.43  0.80  -0.41  
   -0.27  0.55  0.79  

3  1219.35  -25.45  5.36  
   -0.44  -0.03  -0.90  
   -0.04  -1.00  0.06  
   -0.90  0.06  0.44  

5  1257.30  260.30  119.66  
   -0.86  -0.29  0.41  
   -0.48  0.73  -0.49  
   -0.15  -0.62  -0.77  

6  1401.51  234.40  -102.69  
   0.44  0.89  0.12  
   -0.36  0.29  -0.89  
   -0.82  0.35  0.45  

7  1094.33  -202.70  -70.10  
   0.87  0.21  0.45  
   -0.44  0.74  0.50  
   -0.23  -0.63  0.74  

8  1298.38  -262.98  80.81  
   -0.99  0.06  0.10  
   0.12  0.57  0.81  
   -0.01  0.82  -0.57  

9  1396.16  -171.00  -152.70  
   -0.02  -0.97  -0.26  
   0.48  -0.23  0.85  
   -0.88  -0.10  0.47  

2  856.80  -44.65  575.07  
   0.92  0.38  -0.03  
   -0.38  0.92  -0.03  
   0.02  0.03  1.00  

3  1219.35  -25.90  4.91  
   -0.44  -0.04  -0.90  
   -0.04  -1.00  0.06  
   -0.90  0.06  0.44  

4  1097.01  149.57  -79.03  
   0.86  -0.23  0.46  
   0.44  0.80  -0.41  
   -0.27  0.56  0.79  

5  1257.30  260.30  123.68  
   -0.85  -0.35  0.40  
   -0.51  0.74  -0.44  
   -0.14  -0.57  -0.81  

6  1390.80  253.60  -112.07  
   0.40  0.90  0.17  
   -0.29  0.30  -0.91  
   -0.87  0.32  0.38  

9  1393.03  -186.63  -154.93  
   -0.02  -0.97  -0.23  
   0.41  -0.21  0.88  
   -0.91  -0.08  0.41  

8  1295.70  -264.32  83.49  
   -0.99  0.09  0.12  
   0.16  0.62  0.77  
   -0.00  0.78  -0.62  

7  1093.89  -203.15  -69.65  
   0.86  0.21  0.46  
   -0.45  0.74  0.51  
   -0.23  -0.64  0.73  

2  856.80  -44.65  575.52  
   0.92  0.38  -0.03  
   -0.38  0.92  -0.03  
   0.02  0.03  1.00  

3  1219.35  -25.45  4.91  
   -0.44  -0.04  -0.89  
   -0.04  -1.00  0.06  
   -0.89  0.06  0.44  

4  1095.67  150.02  -78.13  
   0.85  -0.24  0.46  
   0.45  0.79  -0.41  
   -0.27  0.56  0.78  

6  1378.74  272.80  -116.09  
   0.37  0.90  0.22  
   -0.22  0.31  -0.92  
   -0.90  0.30  0.31  

5  1256.41  259.41  124.12  
   -0.83  -0.41  0.37  
   -0.54  0.75  -0.37  
   -0.13  -0.51  -0.85  

7  1093.44  -203.60  -68.31  
   0.86  0.22  0.46  
   -0.46  0.73  0.51  
   -0.22  -0.65  0.73  

8  1294.36  -262.53  87.96  
   -0.98  0.12  0.14  
   0.18  0.65  0.74  
   -0.00  0.75  -0.66  

9  1390.35  -204.94  -158.50  
   -0.02  -0.98  -0.20  
   0.35  -0.19  0.92  
   -0.94  -0.05  0.35  

2  856.80  -44.65  575.52  
   0.92  0.38  -0.03  
   -0.38  0.92  -0.03  
   0.02  0.03  1.00  

3  1218.90  -25.45  4.46  
   -0.45  -0.04  -0.89  
   -0.04  -1.00  0.07  
   -0.89  0.07  0.44  

4  1094.78  151.36  -76.80  
   0.85  -0.25  0.47  
   0.46  0.79  -0.41  
   -0.27  0.56  0.78  

6  1364.90  293.34  -121.44  
   0.33  0.91  0.27  
   -0.14  0.33  -0.93  
   -0.93  0.27  0.24  

5  1254.17  258.07  125.91  
   -0.81  -0.47  0.35  
   -0.57  0.76  -0.31  
   -0.12  -0.45  -0.88  

7  1092.10  -204.49  -67.42  
   0.86  0.23  0.46  
   -0.47  0.72  0.51  
   -0.21  -0.66  0.72  

8  1291.23  -265.66  91.53  
   -0.97  0.16  0.16  
   0.23  0.68  0.70  
   0.00  0.71  -0.70  

9  1384.99  -227.26  -158.06  
   -0.02  -0.99  -0.16  
   0.29  -0.16  0.94  
   -0.96  -0.03  0.29  

2  857.25  -44.65  575.07  
   0.92  0.38  -0.03  
   -0.38  0.92  -0.03  
   0.02  0.03  1.00  

5  1252.84  258.96  128.14  
   -0.78  -0.53  0.33  
   -0.61  0.75  -0.24  
   -0.12  -0.39  -0.91  

3  1219.35  -25.90  4.46  
   -0.45  -0.04  -0.89  
   -0.04  -1.00  0.07  
   -0.89  0.07  0.44  

4  1093.44  151.80  -76.35  
   0.84  -0.25  0.47  
   0.47  0.78  -0.41  
   -0.27  0.57  0.78  

6  1350.17  316.11  -122.34  
   0.28  0.91  0.32  
   -0.07  0.35  -0.93  
   -0.96  0.24  0.16  

7  1091.21  -205.38  -66.97  
   0.85  0.23  0.47  
   -0.48  0.71  0.52  
   -0.21  -0.66  0.72  

8  1291.23  -264.77  95.10  
   -0.97  0.20  0.17  
   0.26  0.71  0.65  
   0.01  0.67  -0.74  

9  1380.53  -250.03  -158.50  
   -0.02  -0.99  -0.13  
   0.22  -0.13  0.97  
   -0.98  -0.01  0.22  

2  856.80  -44.65  575.52  
   0.92  0.38  -0.03  
   -0.38  0.92  -0.03  
   0.02  0.03  1.00  

3  1218.90  -25.90  4.46  
   -0.45  -0.04  -0.89  
   -0.05  -1.00  0.07  
   -0.89  0.08  0.44  

5  1251.50  256.28  129.48  
   -0.76  -0.58  0.30  
   -0.64  0.75  -0.19  
   -0.12  -0.33  -0.94  

6  1334.99  334.42  -123.68  
   0.24  0.90  0.36  
   0.00  0.37  -0.93  
   -0.97  0.22  0.08  

7  1090.31  -205.83  -65.63  
   0.85  0.24  0.47  
   -0.48  0.70  0.52  
   -0.20  -0.67  0.71  

8  1287.21  -265.21  98.67  
   -0.96  0.23  0.18  
   0.29  0.74  0.60  
   0.00  0.63  -0.78  

4  1091.65  151.80  -75.90  
   0.84  -0.26  0.48  
   0.48  0.78  -0.41  
   -0.27  0.57  0.78  

9  1376.06  -271.02  -155.38  
   -0.03  -0.99  -0.10  
   0.14  -0.10  0.98  
   -0.99  0.01  0.14  

3  1218.90  -25.90  4.02  
   -0.45  -0.04  -0.89  
   -0.05  -1.00  0.07  
   -0.89  0.08  0.45  

2  857.25  -44.65  575.07  
   0.92  0.38  -0.03  
   -0.38  0.92  -0.03  
   0.02  0.03  1.00  

4  1089.87  152.25  -75.01  
   0.83  -0.27  0.49  
   0.49  0.77  -0.40  
   -0.27  0.57  0.77  

5  1250.16  258.07  129.03  
   -0.74  -0.62  0.27  
   -0.67  0.73  -0.14  
   -0.12  -0.28  -0.95  

7  1090.31  -205.83  -63.85  
   0.85  0.24  0.47  
   -0.49  0.69  0.53  
   -0.20  -0.68  0.71  

8  1287.21  -258.07  104.03  
   -0.95  0.26  0.19  
   0.32  0.78  0.54  
   -0.01  0.57  -0.82  

9  1371.15  -292.89  -150.02  
   -0.04  -1.00  -0.07  
   0.04  -0.07  1.00  
   -1.00  0.03  0.04  

6  1322.93  354.06  -118.32  
   0.20  0.90  0.39  
   0.07  0.38  -0.92  
   -0.98  0.21  0.01  

2  857.25  -44.65  575.07  
   0.92  0.38  -0.03  
   -0.38  0.92  -0.03  
   0.02  0.03  1.00  

3  1219.35  -25.45  3.57  
   -0.45  -0.04  -0.89  
   -0.05  -1.00  0.07  
   -0.89  0.08  0.45  

5  1248.37  257.18  132.61  
   -0.72  -0.64  0.26  
   -0.68  0.73  -0.09  
   -0.13  -0.25  -0.96  

6  1314.00  366.56  -113.41  
   0.18  0.90  0.40  
   0.12  0.39  -0.91  
   -0.98  0.21  -0.04  

4  1088.08  153.59  -74.56  
   0.82  -0.28  0.50  
   0.50  0.77  -0.40  
   -0.27  0.58  0.77  

8  1288.11  -253.60  106.71  
   -0.94  0.29  0.18  
   0.34  0.82  0.46  
   -0.01  0.49  -0.87  

9  1366.24  -311.65  -142.88  
   -0.06  -1.00  -0.05  
   -0.07  -0.04  1.00  
   -1.00  0.06  -0.07  

7  1090.31  -205.83  -63.85  
   0.85  0.24  0.47  
   -0.49  0.69  0.54  
   -0.19  -0.69  0.70  

2  857.25  -44.65  575.07  
   0.92  0.38  -0.03  
   -0.38  0.92  -0.03  
   0.02  0.03  1.00  

3  1219.35  -25.45  3.57  
   -0.45  -0.04  -0.89  
   -0.05  -1.00  0.07  
   -0.89  0.08  0.45  

4  1087.19  154.04  -73.22  
   0.81  -0.29  0.50  
   0.51  0.76  -0.39  
   -0.27  0.58  0.77  

5  1246.58  258.51  136.18  
   -0.71  -0.66  0.25  
   -0.69  0.72  -0.06  
   -0.14  -0.22  -0.97  

6  1308.20  378.17  -106.71  
   0.16  0.90  0.40  
   0.16  0.38  -0.91  
   -0.97  0.21  -0.09  

8  1289.00  -250.92  106.71  
   -0.93  0.32  0.17  
   0.36  0.83  0.41  
   -0.01  0.45  -0.89  

9  1361.78  -326.38  -136.18  
   -0.08  -1.00  -0.02  
   -0.14  -0.01  0.99  
   -0.99  0.08  -0.14  

7  1090.31  -206.72  -63.40  
   0.85  0.24  0.48  
   -0.50  0.68  0.54  
   -0.19  -0.69  0.69  

2  857.25  -44.65  575.07  
   0.92  0.38  -0.03  
   -0.38  0.92  -0.03  
   0.02  0.03  1.00  

3  1219.35  -25.00  3.13  
   -0.45  -0.04  -0.89  
   -0.05  -1.00  0.07  
   -0.89  0.08  0.45  

4  1086.74  155.38  -72.78  
   0.81  -0.30  0.51  
   0.52  0.76  -0.39  
   -0.27  0.58  0.77  

5  1245.24  259.41  138.41  
   -0.70  -0.67  0.25  
   -0.70  0.71  -0.05  
   -0.14  -0.21  -0.97  

6  1305.97  382.19  -104.48  
   0.16  0.91  0.39  
   0.18  0.36  -0.91  
   -0.97  0.21  -0.11  

7  1089.87  -206.28  -62.95  
   0.84  0.24  0.48  
   -0.50  0.67  0.54  
   -0.19  -0.70  0.69  

8  1289.00  -250.03  108.05  
   -0.93  0.33  0.17  
   0.37  0.84  0.40  
   -0.01  0.43  -0.90  

9  1359.10  -335.31  -135.28  
   -0.08  -1.00  -0.02  
   -0.17  -0.00  0.99  
   -0.98  0.08  -0.17  

3  1219.80  -24.56  3.13  
   -0.45  -0.04  -0.89  
   -0.05  -1.00  0.07  
   -0.89  0.08  0.45  

4  1085.85  154.93  -72.78  
   0.81  -0.30  0.51  
   0.53  0.76  -0.39  
   -0.27  0.58  0.77  

2  857.25  -44.65  575.07  
   0.92  0.38  -0.03  
   -0.38  0.92  -0.03  
   0.02  0.03  1.00  

5  1244.35  260.30  137.96  
   -0.70  -0.67  0.25  
   -0.70  0.71  -0.05  
   -0.14  -0.21  -0.97  

6  1305.97  383.08  -104.03  
   0.16  0.91  0.39  
   0.18  0.36  -0.91  
   -0.97  0.22  -0.11  

7  1089.87  -206.28  -62.95  
   0.84  0.24  0.48  
   -0.50  0.67  0.54  
   -0.19  -0.70  0.69  

9  1358.65  -337.10  -134.84  
   -0.08  -1.00  -0.01  
   -0.17  0.00  0.98  
   -0.98  0.08  -0.17  

8  1288.55  -250.48  108.50  
   -0.93  0.34  0.17  
   0.38  0.84  0.40  
   -0.01  0.43  -0.90  

2  857.25  -44.65  575.07  
   0.92  0.38  -0.03  
   -0.38  0.92  -0.03  
   0.02  0.03  1.00  

6  1316.24  373.26  -106.71  
   0.21  0.90  0.37  
   0.14  0.35  -0.93  
   -0.97  0.24  -0.06  

3  1219.80  -25.00  3.13  
   -0.46  -0.04  -0.89  
   -0.06  -1.00  0.07  
   -0.89  0.08  0.45  

5  1243.01  260.30  135.28  
   -0.71  -0.65  0.28  
   -0.69  0.72  -0.09  
   -0.14  -0.26  -0.96  

4  1085.85  154.93  -72.78  
   0.81  -0.30  0.51  
   0.53  0.76  -0.39  
   -0.27  0.58  0.77  

7  1088.98  -206.28  -62.95  
   0.84  0.24  0.48  
   -0.51  0.67  0.54  
   -0.19  -0.70  0.69  

8  1285.88  -258.51  107.16  
   -0.93  0.31  0.18  
   0.36  0.81  0.47  
   -0.00  0.50  -0.86  

9  1363.56  -322.81  -142.43  
   -0.05  -1.00  -0.02  
   -0.08  -0.01  1.00  
   -1.00  0.05  -0.08  

2  857.25  -44.65  575.07  
   0.92  0.38  -0.03  
   -0.38  0.92  -0.03  
   0.02  0.03  1.00  

3  1220.24  -25.00  3.13  
   -0.46  -0.04  -0.89  
   -0.06  -1.00  0.07  
   -0.89  0.08  0.45  

4  1088.08  154.48  -73.22  
   0.82  -0.29  0.49  
   0.51  0.76  -0.40  
   -0.26  0.58  0.77  

6  1331.42  359.42  -108.94  
   0.25  0.91  0.34  
   0.09  0.33  -0.94  
   -0.96  0.27  -0.00  

5  1244.80  259.85  134.39  
   -0.74  -0.60  0.31  
   -0.66  0.74  -0.14  
   -0.14  -0.31  -0.94  

8  1288.11  -257.62  104.92  
   -0.95  0.27  0.17  
   0.33  0.79  0.52  
   0.00  0.55  -0.84  

7  1089.87  -206.28  -62.95  
   0.84  0.24  0.48  
   -0.50  0.68  0.54  
   -0.19  -0.69  0.69  

9  1370.71  -305.40  -146.45  
   -0.03  -1.00  -0.04  
   -0.02  -0.04  1.00  
   -1.00  0.03  -0.02  

3  1220.24  -25.00  3.13  
   -0.45  -0.04  -0.89  
   -0.06  -1.00  0.07  
   -0.89  0.08  0.45  

2  857.25  -44.65  575.07  
   0.92  0.38  -0.03  
   -0.38  0.92  -0.03  
   0.02  0.03  1.00  

4  1089.42  154.04  -73.67  
   0.83  -0.28  0.49  
   0.50  0.76  -0.41  
   -0.26  0.58  0.77  

5  1248.82  259.85  131.71  
   -0.77  -0.54  0.33  
   -0.62  0.75  -0.21  
   -0.14  -0.37  -0.92  

6  1351.06  337.54  -114.30  
   0.30  0.91  0.29  
   0.03  0.29  -0.96  
   -0.95  0.29  0.06  

7  1090.76  -205.83  -63.40  
   0.85  0.24  0.47  
   -0.49  0.69  0.53  
   -0.20  -0.68  0.70  

8  1291.23  -258.07  97.78  
   -0.96  0.24  0.16  
   0.29  0.77  0.57  
   0.02  0.59  -0.81  

9  1377.40  -286.20  -152.25  
   -0.02  -1.00  -0.07  
   0.05  -0.07  1.00  
   -1.00  0.01  0.05  

2  857.25  -44.65  575.07  
   0.92  0.38  -0.03  
   -0.38  0.92  -0.03  
   0.02  0.03  1.00  

4  1090.76  154.48  -74.56  
   0.83  -0.28  0.48  
   0.49  0.77  -0.41  
   -0.26  0.58  0.77  

5  1251.50  260.30  126.36  
   -0.80  -0.49  0.36  
   -0.59  0.75  -0.29  
   -0.13  -0.44  -0.89  

3  1220.24  -25.00  2.68  
   -0.45  -0.04  -0.89  
   -0.05  -1.00  0.07  
   -0.89  0.08  0.45  

6  1367.14  317.90  -117.43  
   0.35  0.90  0.24  
   -0.05  0.28  -0.96  
   -0.93  0.32  0.15  

8  1293.02  -258.51  94.21  
   -0.97  0.20  0.14  
   0.25  0.74  0.63  
   0.02  0.65  -0.76  

9  1382.76  -257.62  -156.27  
   -0.01  -0.99  -0.12  
   0.14  -0.12  0.98  
   -0.99  -0.01  0.14  

7  1091.21  -205.38  -65.19  
   0.85  0.23  0.47  
   -0.48  0.70  0.53  
   -0.20  -0.68  0.71  

2  857.25  -44.65  575.07  
   0.92  0.38  -0.03  
   -0.38  0.92  -0.03  
   0.02  0.03  1.00  

3  1220.24  -24.56  3.13  
   -0.45  -0.04  -0.89  
   -0.05  -1.00  0.07  
   -0.89  0.07  0.45  

4  1091.21  154.04  -75.01  
   0.84  -0.27  0.48  
   0.48  0.77  -0.41  
   -0.26  0.58  0.78  

6  1383.66  296.91  -119.21  
   0.40  0.90  0.19  
   -0.13  0.26  -0.96  
   -0.91  0.35  0.23  

5  1255.07  261.19  121.89  
   -0.82  -0.42  0.37  
   -0.55  0.75  -0.37  
   -0.13  -0.51  -0.85  

8  1295.25  -258.51  89.30  
   -0.98  0.17  0.13  
   0.21  0.70  0.68  
   0.03  0.69  -0.72  

7  1091.65  -204.94  -65.63  
   0.86  0.23  0.46  
   -0.47  0.71  0.53  
   -0.21  -0.67  0.71  

9  1386.33  -240.21  -162.97  
   -0.01  -0.99  -0.14  
   0.22  -0.14  0.97  
   -0.98  -0.02  0.22  

2  857.25  -44.65  575.07  
   0.92  0.38  -0.03  
   -0.38  0.92  -0.03  
   0.02  0.03  1.00  

4  1092.55  153.59  -75.46  
   0.84  -0.26  0.47  
   0.47  0.78  -0.41  
   -0.26  0.57  0.78  

3  1220.24  -24.56  2.68  
   -0.45  -0.04  -0.89  
   -0.05  -1.00  0.06  
   -0.89  0.07  0.45  

5  1258.64  262.98  116.53  
   -0.85  -0.37  0.38  
   -0.52  0.73  -0.44  
   -0.12  -0.57  -0.81  

9  1390.80  -215.21  -166.54  
   -0.01  -0.99  -0.17  
   0.31  -0.16  0.94  
   -0.95  -0.04  0.31  

6  1398.39  273.69  -117.87  
   0.44  0.89  0.14  
   -0.22  0.25  -0.94  
   -0.87  0.38  0.30  

8  1295.25  -260.75  86.62  
   -0.98  0.14  0.11  
   0.18  0.66  0.73  
   0.03  0.74  -0.67  

7  1092.10  -204.94  -66.08  
   0.86  0.22  0.46  
   -0.47  0.71  0.52  
   -0.21  -0.67  0.72  

2  857.25  -44.65  575.07  
   0.92  0.38  -0.03  
   -0.38  0.92  -0.03  
   0.02  0.03  1.00  

4  1094.78  153.14  -76.35  
   0.85  -0.25  0.46  
   0.45  0.79  -0.42  
   -0.26  0.57  0.78  

3  1220.69  -24.11  3.13  
   -0.45  -0.04  -0.89  
   -0.05  -1.00  0.06  
   -0.89  0.07  0.45  

5  1261.32  262.53  111.62  
   -0.87  -0.32  0.39  
   -0.48  0.72  -0.50  
   -0.12  -0.62  -0.78  

6  1409.10  255.39  -116.09  
   0.46  0.88  0.09  
   -0.28  0.24  -0.93  
   -0.84  0.40  0.36  

8  1296.14  -262.53  82.15  
   -0.99  0.13  0.10  
   0.16  0.62  0.77  
   0.03  0.77  -0.63  

7  1092.10  -204.04  -66.08  
   0.86  0.22  0.46  
   -0.46  0.72  0.52  
   -0.21  -0.66  0.72  

9  1390.80  -197.79  -162.52  
   -0.01  -0.98  -0.19  
   0.38  -0.17  0.91  
   -0.93  -0.06  0.37  

2  857.25  -44.65  575.07  
   0.92  0.38  -0.03  
   -0.38  0.92  -0.03  
   0.02  0.03  1.00  

3  1220.69  -24.56  3.13  
   -0.45  -0.04  -0.89  
   -0.05  -1.00  0.06  
   -0.89  0.07  0.45  

4  1095.67  151.80  -76.80  
   0.86  -0.24  0.46  
   0.44  0.79  -0.42  
   -0.26  0.56  0.78  

5  1268.02  260.75  107.60  
   -0.89  -0.26  0.38  
   -0.45  0.70  -0.56  
   -0.12  -0.67  -0.74  

6  1421.61  231.28  -114.75  
   0.49  0.87  0.04  
   -0.36  0.25  -0.90  
   -0.79  0.42  0.44  

8  1299.72  -266.10  75.01  
   -0.99  0.11  0.09  
   0.14  0.57  0.81  
   0.04  0.81  -0.58  

7  1092.10  -204.04  -66.08  
   0.86  0.22  0.46  
   -0.46  0.72  0.52  
   -0.22  -0.66  0.72  

9  1389.46  -185.29  -166.99  
   -0.02  -0.98  -0.20  
   0.45  -0.18  0.87  
   -0.89  -0.07  0.45  

2  857.25  -44.65  575.07  
   0.92  0.38  -0.03  
   -0.38  0.92  -0.03  
   0.02  0.03  1.00  

3  1220.69  -25.00  3.57  
   -0.45  -0.04  -0.89  
   -0.05  -1.00  0.06  
   -0.89  0.07  0.45  

4  1097.01  150.47  -78.13  
   0.86  -0.22  0.45  
   0.43  0.80  -0.42  
   -0.27  0.56  0.79  

5  1269.36  263.87  99.57  
   -0.90  -0.22  0.38  
   -0.42  0.66  -0.62  
   -0.12  -0.72  -0.69  

6  1431.43  210.74  -111.62  
   0.51  0.86  0.00  
   -0.44  0.26  -0.86  
   -0.74  0.44  0.51  

7  1092.10  -203.60  -66.08  
   0.86  0.22  0.45  
   -0.45  0.73  0.52  
   -0.22  -0.65  0.73  

8  1299.72  -269.23  68.31  
   -0.99  0.10  0.08  
   0.12  0.52  0.84  
   0.04  0.85  -0.53  

9  1389.91  -164.31  -160.73  
   -0.02  -0.98  -0.22  
   0.53  -0.20  0.83  
   -0.85  -0.09  0.52  

2  857.25  -44.65  575.07  
   0.92  0.38  -0.03  
   -0.38  0.92  -0.03  
   0.02  0.03  1.00  

5  1273.37  264.77  92.87  
   -0.91  -0.17  0.37  
   -0.40  0.62  -0.68  
   -0.11  -0.77  -0.63  

4  1097.46  150.02  -78.58  
   0.87  -0.22  0.45  
   0.42  0.80  -0.42  
   -0.27  0.55  0.79  

3  1220.24  -25.45  3.13  
   -0.45  -0.03  -0.89  
   -0.04  -1.00  0.06  
   -0.89  0.07  0.45  

6  1440.81  191.10  -104.92  
   0.53  0.85  -0.03  
   -0.51  0.29  -0.81  
   -0.68  0.45  0.58  

7  1092.55  -203.60  -65.63  
   0.87  0.22  0.45  
   -0.45  0.73  0.51  
   -0.22  -0.65  0.73  

9  1392.14  -146.89  -157.16  
   -0.03  -0.97  -0.23  
   0.59  -0.20  0.78  
   -0.81  -0.11  0.58  

8  1301.06  -271.02  63.85  
   -0.99  0.08  0.06  
   0.09  0.47  0.88  
   0.04  0.88  -0.48  

2  857.25  -44.65  575.07  
   0.92  0.38  -0.03  
   -0.38  0.92  -0.03  
   0.02  0.03  1.00  

3  1220.24  -25.45  3.57  
   -0.45  -0.03  -0.89  
   -0.04  -1.00  0.06  
   -0.89  0.06  0.44  

4  1097.91  149.13  -79.03  
   0.87  -0.21  0.44  
   0.40  0.81  -0.42  
   -0.27  0.54  0.79  

6  1446.16  175.47  -98.67  
   0.54  0.84  -0.06  
   -0.56  0.31  -0.76  
   -0.62  0.45  0.64  

5  1275.16  267.00  85.72  
   -0.92  -0.14  0.37  
   -0.38  0.58  -0.72  
   -0.11  -0.81  -0.58  

7  1093.44  -203.15  -65.63  
   0.87  0.21  0.45  
   -0.44  0.74  0.51  
   -0.22  -0.64  0.74  

8  1303.29  -269.23  59.38  
   -1.00  0.06  0.05  
   0.07  0.43  0.90  
   0.03  0.90  -0.43  

9  1393.03  -131.27  -149.13  
   -0.04  -0.97  -0.24  
   0.65  -0.21  0.73  
   -0.76  -0.13  0.64  

2  857.25  -44.65  575.07  
   0.92  0.38  -0.03  
   -0.38  0.92  -0.03  
   0.02  0.03  1.00  

3  1220.24  -25.45  4.02  
   -0.45  -0.03  -0.89  
   -0.04  -1.00  0.06  
   -0.89  0.06  0.44  

4  1098.80  149.13  -79.47  
   0.87  -0.20  0.44  
   0.40  0.82  -0.42  
   -0.28  0.54  0.79  

5  1277.84  267.00  81.26  
   -0.93  -0.10  0.36  
   -0.35  0.53  -0.77  
   -0.11  -0.84  -0.53  

6  1452.41  157.61  -91.53  
   0.55  0.83  -0.10  
   -0.62  0.33  -0.71  
   -0.56  0.45  0.70  

7  1093.44  -202.70  -66.08  
   0.87  0.21  0.45  
   -0.44  0.74  0.50  
   -0.23  -0.63  0.74  

8  1304.18  -271.46  52.69  
   -1.00  0.05  0.03  
   0.05  0.36  0.93  
   0.03  0.93  -0.36  

9  1393.03  -112.96  -144.21  
   -0.05  -0.97  -0.26  
   0.72  -0.21  0.66  
   -0.69  -0.15  0.71  

2  857.25  -44.65  575.07  
   0.92  0.38  -0.03  
   -0.38  0.92  -0.03  
   0.02  0.03  1.00  

6  1457.77  141.09  -81.71  
   0.55  0.83  -0.13  
   -0.67  0.34  -0.65  
   -0.49  0.45  0.75  

5  1280.96  268.78  77.24  
   -0.93  -0.07  0.35  
   -0.34  0.49  -0.81  
   -0.12  -0.87  -0.48  

4  1100.14  148.23  -80.37  
   0.88  -0.19  0.44  
   0.39  0.82  -0.42  
   -0.28  0.53  0.80  

3  1220.24  -25.45  4.02  
   -0.44  -0.03  -0.90  
   -0.04  -1.00  0.05  
   -0.89  0.06  0.44  

7  1093.44  -202.70  -66.53  
   0.87  0.21  0.45  
   -0.43  0.75  0.50  
   -0.23  -0.63  0.74  

8  1305.07  -275.03  43.76  
   -1.00  0.04  0.02  
   0.03  0.30  0.95  
   0.03  0.95  -0.31  

9  1392.14  -98.23  -136.18  
   -0.06  -0.96  -0.27  
   0.77  -0.22  0.60  
   -0.64  -0.17  0.75  

2  857.25  -44.65  575.07  
   0.92  0.38  -0.03  
   -0.38  0.92  -0.03  
   0.02  0.03  1.00  

4  1100.58  147.34  -80.37  
   0.88  -0.19  0.43  
   0.38  0.83  -0.42  
   -0.28  0.53  0.80  

3  1220.24  -25.00  4.02  
   -0.44  -0.03  -0.90  
   -0.04  -1.00  0.05  
   -0.90  0.06  0.44  

7  1093.89  -201.81  -66.97  
   0.87  0.21  0.44  
   -0.43  0.76  0.49  
   -0.23  -0.62  0.75  

6  1459.11  129.48  -71.88  
   0.55  0.82  -0.16  
   -0.72  0.37  -0.58  
   -0.42  0.43  0.80  

5  1283.20  272.36  70.10  
   -0.94  -0.03  0.34  
   -0.32  0.43  -0.85  
   -0.12  -0.90  -0.41  

8  1305.97  -271.46  42.86  
   -1.00  0.01  0.00  
   0.01  0.24  0.97  
   0.01  0.97  -0.24  

9  1392.14  -81.71  -121.89  
   -0.07  -0.95  -0.29  
   0.82  -0.22  0.53  
   -0.57  -0.20  0.80  

2  857.25  -44.65  575.07  
   0.92  0.38  -0.03  
   -0.38  0.92  -0.03  
   0.02  0.03  1.00  

3  1220.24  -25.45  4.02  
   -0.44  -0.03  -0.90  
   -0.04  -1.00  0.05  
   -0.90  0.06  0.44  

4  1100.58  147.34  -80.81  
   0.88  -0.18  0.43  
   0.37  0.83  -0.41  
   -0.29  0.53  0.80  

5  1283.64  273.69  63.40  
   -0.94  -0.01  0.33  
   -0.31  0.38  -0.87  
   -0.12  -0.93  -0.36  

7  1093.89  -201.36  -66.97  
   0.87  0.20  0.44  
   -0.42  0.76  0.49  
   -0.24  -0.61  0.75  

6  1462.68  116.53  -62.95  
   0.54  0.82  -0.19  
   -0.76  0.39  -0.52  
   -0.35  0.42  0.83  

9  1391.69  -70.10  -112.51  
   -0.08  -0.95  -0.30  
   0.86  -0.22  0.46  
   -0.51  -0.22  0.83  

8  1306.86  -275.48  36.17  
   -1.00  0.01  -0.00  
   -0.00  0.18  0.98  
   0.01  0.98  -0.18  

2  857.25  -44.65  575.07  
   0.92  0.38  -0.03  
   -0.38  0.92  -0.03  
   0.02  0.03  1.00  

6  1462.24  109.39  -53.13  
   0.54  0.82  -0.21  
   -0.79  0.40  -0.46  
   -0.29  0.41  0.86  

5  1284.09  276.37  58.94  
   -0.95  0.02  0.32  
   -0.30  0.32  -0.90  
   -0.12  -0.95  -0.30  

3  1220.24  -25.00  4.02  
   -0.44  -0.03  -0.90  
   -0.04  -1.00  0.05  
   -0.90  0.06  0.44  

4  1101.03  146.89  -81.71  
   0.88  -0.18  0.43  
   0.37  0.83  -0.41  
   -0.29  0.52  0.80  

7  1093.89  -200.92  -67.42  
   0.88  0.20  0.44  
   -0.42  0.77  0.48  
   -0.24  -0.60  0.76  

9  1389.91  -59.38  -102.69  
   -0.09  -0.95  -0.30  
   0.90  -0.21  0.38  
   -0.43  -0.24  0.87  

8  1309.09  -272.80  29.02  
   -1.00  -0.00  -0.02  
   -0.02  0.11  0.99  
   -0.00  0.99  -0.11  

2  856.80  -44.65  575.52  
   0.92  0.38  -0.03  
   -0.38  0.92  -0.03  
   0.02  0.03  1.00  

4  1101.48  146.45  -82.15  
   0.89  -0.17  0.43  
   0.36  0.84  -0.41  
   -0.29  0.52  0.80  

3  1220.24  -25.00  4.02  
   -0.44  -0.03  -0.90  
   -0.04  -1.00  0.05  
   -0.90  0.06  0.44  

6  1463.58  99.57  -41.97  
   0.53  0.82  -0.24  
   -0.82  0.41  -0.41  
   -0.24  0.41  0.88  

5  1286.77  276.37  56.70  
   -0.95  0.04  0.31  
   -0.29  0.29  -0.91  
   -0.13  -0.96  -0.26  

8  1310.43  -273.25  25.45  
   -1.00  -0.01  -0.03  
   -0.03  0.06  1.00  
   -0.01  1.00  -0.06  

7  1093.89  -200.47  -67.87  
   0.88  0.20  0.44  
   -0.41  0.78  0.47  
   -0.25  -0.59  0.77  

9  1389.91  -48.22  -91.08  
   -0.11  -0.94  -0.32  
   0.92  -0.21  0.32  
   -0.37  -0.26  0.89  

2  857.25  -44.65  575.07  
   0.92  0.38  -0.03  
   -0.38  0.92  -0.03  
   0.02  0.03  1.00  

3  1219.80  -25.45  4.02  
   -0.44  -0.03  -0.90  
   -0.04  -1.00  0.05  
   -0.90  0.06  0.44  

4  1101.92  145.55  -82.15  
   0.89  -0.17  0.43  
   0.35  0.84  -0.41  
   -0.29  0.51  0.81  

5  1289.00  277.27  49.11  
   -0.95  0.06  0.30  
   -0.28  0.23  -0.93  
   -0.12  -0.97  -0.20  

6  1462.68  91.53  -31.70  
   0.51  0.82  -0.26  
   -0.84  0.42  -0.34  
   -0.17  0.39  0.90  

8  1310.88  -273.25  18.31  
   -1.00  -0.01  -0.05  
   -0.05  0.00  1.00  
   -0.01  1.00  -0.00  

9  1388.57  -37.95  -79.03  
   -0.12  -0.94  -0.32  
   0.94  -0.21  0.25  
   -0.30  -0.28  0.91  

7  1093.89  -200.03  -68.31  
   0.88  0.20  0.43  
   -0.41  0.79  0.46  
   -0.25  -0.58  0.77  

2  857.25  -44.65  575.07  
   0.92  0.38  -0.03  
   -0.38  0.92  -0.03  
   0.02  0.03  1.00  

3  1219.80  -25.00  4.02  
   -0.44  -0.02  -0.90  
   -0.04  -1.00  0.05  
   -0.90  0.06  0.44  

5  1288.55  278.16  40.63  
   -0.96  0.08  0.28  
   -0.27  0.17  -0.95  
   -0.12  -0.98  -0.14  

4  1101.92  145.55  -82.60  
   0.89  -0.16  0.43  
   0.35  0.84  -0.41  
   -0.29  0.51  0.81  

6  1460.90  81.71  -20.54  
   0.50  0.82  -0.28  
   -0.86  0.43  -0.26  
   -0.09  0.37  0.92  

8  1311.32  -269.23  12.06  
   -1.00  -0.01  -0.07  
   -0.07  -0.06  1.00  
   -0.02  1.00  0.06  

7  1093.44  -199.58  -68.76  
   0.88  0.20  0.43  
   -0.40  0.79  0.46  
   -0.25  -0.58  0.78  

9  1384.99  -30.36  -69.65  
   -0.14  -0.93  -0.33  
   0.96  -0.20  0.17  
   -0.23  -0.29  0.93  

2  857.25  -44.65  575.07  
   0.92  0.38  -0.03  
   -0.38  0.92  -0.03  
   0.02  0.03  1.00  

4  1102.82  144.66  -83.49  
   0.89  -0.16  0.42  
   0.34  0.85  -0.41  
   -0.30  0.51  0.81  

3  1219.35  -25.45  4.02  
   -0.44  -0.02  -0.90  
   -0.04  -1.00  0.05  
   -0.90  0.05  0.44  

5  1290.34  278.16  35.72  
   -0.96  0.11  0.27  
   -0.26  0.10  -0.96  
   -0.13  -0.99  -0.07  

6  1461.79  75.46  -8.48  
   0.48  0.82  -0.30  
   -0.88  0.44  -0.19  
   -0.02  0.36  0.93  

7  1093.44  -199.58  -69.21  
   0.88  0.19  0.43  
   -0.40  0.80  0.45  
   -0.26  -0.57  0.78  

8  1314.45  -271.91  3.57  
   -1.00  -0.01  -0.08  
   -0.08  -0.12  0.99  
   -0.02  0.99  0.12  

9  1383.21  -22.32  -55.81  
   -0.16  -0.93  -0.34  
   0.97  -0.20  0.10  
   -0.16  -0.31  0.94  

2  857.25  -44.65  575.07  
   0.92  0.38  -0.03  
   -0.38  0.92  -0.03  
   0.02  0.03  1.00  

4  1102.37  144.21  -83.49  
   0.89  -0.15  0.42  
   0.34  0.85  -0.41  
   -0.30  0.51  0.81  

3  1219.80  -25.45  4.02  
   -0.44  -0.02  -0.90  
   -0.04  -1.00  0.04  
   -0.90  0.05  0.44  

5  1290.79  279.05  35.27  
   -0.96  0.13  0.26  
   -0.25  0.08  -0.96  
   -0.14  -0.99  -0.05  

6  1460.00  73.22  1.34  
   0.47  0.83  -0.31  
   -0.88  0.44  -0.15  
   0.02  0.35  0.94  

7  1093.44  -198.69  -69.65  
   0.88  0.19  0.43  
   -0.39  0.81  0.44  
   -0.26  -0.56  0.79  

8  1313.56  -269.68  -0.89  
   -1.00  -0.01  -0.09  
   -0.09  -0.17  0.98  
   -0.03  0.99  0.17  

9  1380.53  -16.52  -45.99  
   -0.17  -0.93  -0.33  
   0.98  -0.19  0.04  
   -0.10  -0.32  0.94  

2  857.25  -44.65  575.07  
   0.92  0.38  -0.03  
   -0.38  0.92  -0.03  
   0.02  0.03  1.00  

6  1457.33  69.21  15.18  
   0.45  0.83  -0.32  
   -0.89  0.45  -0.07  
   0.09  0.32  0.94  

3  1219.35  -25.00  4.46  
   -0.44  -0.02  -0.90  
   -0.04  -1.00  0.04  
   -0.90  0.05  0.44  

5  1294.80  279.50  29.02  
   -0.96  0.14  0.24  
   -0.24  0.02  -0.97  
   -0.15  -0.99  0.01  

4  1103.26  144.21  -83.49  
   0.89  -0.15  0.42  
   0.34  0.85  -0.41  
   -0.30  0.50  0.81  

8  1314.45  -267.44  -6.70  
   -0.99  -0.01  -0.10  
   -0.10  -0.22  0.97  
   -0.03  0.97  0.22  

9  1380.08  -11.16  -37.50  
   -0.18  -0.93  -0.32  
   0.98  -0.19  -0.02  
   -0.05  -0.32  0.95  

7  1093.89  -198.24  -71.44  
   0.88  0.19  0.43  
   -0.38  0.81  0.44  
   -0.27  -0.55  0.79  

2  857.25  -44.65  575.07  
   0.92  0.38  -0.03  
   -0.38  0.92  -0.03  
   0.02  0.03  1.00  

3  1219.35  -24.56  4.46  
   -0.44  -0.01  -0.90  
   -0.04  -1.00  0.03  
   -0.90  0.05  0.44  

4  1103.71  143.32  -84.39  
   0.89  -0.15  0.42  
   0.33  0.85  -0.40  
   -0.30  0.50  0.81  

5  1294.36  279.50  29.91  
   -0.96  0.16  0.24  
   -0.24  0.00  -0.97  
   -0.15  -0.99  0.03  

6  1455.09  66.08  21.88  
   0.44  0.84  -0.32  
   -0.89  0.45  -0.04  
   0.11  0.30  0.95  

7  1093.89  -197.35  -71.44  
   0.88  0.19  0.43  
   -0.38  0.82  0.43  
   -0.27  -0.55  0.79  

8  1314.45  -266.55  -7.14  
   -0.99  -0.01  -0.11  
   -0.10  -0.24  0.97  
   -0.04  0.97  0.23  

9  1378.74  -8.04  -33.04  
   -0.19  -0.93  -0.33  
   0.98  -0.19  -0.04  
   -0.03  -0.33  0.94  

2  857.25  -44.65  575.07  
   0.92  0.38  -0.03  
   -0.38  0.92  -0.03  
   0.02  0.03  1.00  

3  1219.35  -24.56  4.46  
   -0.44  -0.01  -0.90  
   -0.04  -1.00  0.03  
   -0.90  0.05  0.44  

4  1103.71  143.32  -83.94  
   0.90  -0.15  0.42  
   0.33  0.85  -0.40  
   -0.30  0.50  0.81  

6  1454.65  65.19  23.22  
   0.43  0.84  -0.32  
   -0.89  0.45  -0.03  
   0.11  0.30  0.95  

7  1093.89  -197.35  -71.44  
   0.88  0.19  0.43  
   -0.38  0.82  0.43  
   -0.27  -0.55  0.79  

8  1314.45  -265.66  -7.59  
   -0.99  -0.01  -0.11  
   -0.10  -0.24  0.97  
   -0.04  0.97  0.24  

5  1294.80  278.61  30.36  
   -0.96  0.16  0.23  
   -0.24  0.00  -0.97  
   -0.16  -0.99  0.04  

9  1378.74  -6.70  -31.70  
   -0.19  -0.93  -0.33  
   0.98  -0.19  -0.04  
   -0.02  -0.33  0.94  

2  857.25  -44.65  575.07  
   0.92  0.38  -0.03  
   -0.38  0.92  -0.03  
   0.02  0.03  1.00  

3  1219.80  -25.00  4.02  
   -0.44  -0.01  -0.90  
   -0.04  -1.00  0.03  
   -0.90  0.04  0.44  

4  1104.16  143.32  -83.94  
   0.90  -0.15  0.42  
   0.33  0.85  -0.40  
   -0.30  0.50  0.81  

5  1294.80  278.61  30.81  
   -0.96  0.17  0.23  
   -0.23  -0.00  -0.97  
   -0.16  -0.99  0.04  

6  1454.65  64.29  23.22  
   0.43  0.84  -0.32  
   -0.90  0.44  -0.03  
   0.11  0.30  0.95  

7  1093.89  -197.35  -71.44  
   0.88  0.19  0.43  
   -0.38  0.82  0.43  
   -0.27  -0.55  0.79  

8  1314.00  -266.10  -8.48  
   -0.99  -0.01  -0.11  
   -0.10  -0.24  0.96  
   -0.04  0.97  0.24  

9  1379.19  -7.59  -31.25  
   -0.19  -0.93  -0.33  
   0.98  -0.19  -0.04  
   -0.02  -0.33  0.94  

3  1219.35  -25.00  4.46  
   -0.44  -0.01  -0.90  
   -0.04  -1.00  0.03  
   -0.90  0.05  0.44  

2  857.25  -44.20  575.07  
   0.92  0.38  -0.03  
   -0.38  0.92  -0.03  
   0.02  0.03  1.00  

4  1104.16  142.88  -84.39  
   0.90  -0.14  0.42  
   0.32  0.85  -0.40  
   -0.30  0.50  0.81  

5  1294.80  278.16  30.36  
   -0.96  0.17  0.23  
   -0.23  -0.00  -0.97  
   -0.16  -0.99  0.04  

8  1314.00  -267.00  -7.59  
   -0.99  -0.01  -0.11  
   -0.10  -0.24  0.97  
   -0.04  0.97  0.24  

9  1379.19  -8.04  -31.25  
   -0.19  -0.93  -0.33  
   0.98  -0.18  -0.04  
   -0.03  -0.33  0.94  

6  1454.20  62.95  24.11  
   0.43  0.85  -0.32  
   -0.90  0.44  -0.03  
   0.11  0.30  0.95  

7  1093.89  -197.79  -71.44  
   0.88  0.19  0.43  
   -0.39  0.82  0.43  
   -0.27  -0.55  0.79  

2  857.70  -44.65  575.07  
   0.92  0.38  -0.03  
   -0.38  0.92  -0.03  
   0.02  0.03  1.00  

4  1104.60  142.88  -84.83  
   0.90  -0.14  0.42  
   0.32  0.86  -0.40  
   -0.30  0.50  0.81  

5  1295.25  277.27  30.36  
   -0.96  0.17  0.23  
   -0.23  -0.00  -0.97  
   -0.16  -0.99  0.04  

6  1454.20  61.61  25.00  
   0.42  0.85  -0.32  
   -0.90  0.44  -0.03  
   0.12  0.30  0.95  

3  1219.80  -25.45  4.02  
   -0.44  -0.01  -0.90  
   -0.04  -1.00  0.03  
   -0.90  0.05  0.44  

7  1092.99  -198.69  -71.88  
   0.88  0.19  0.43  
   -0.39  0.81  0.43  
   -0.27  -0.55  0.79  

8  1314.45  -268.34  -7.14  
   -0.99  -0.02  -0.11  
   -0.10  -0.24  0.97  
   -0.04  0.97  0.23  

9  1379.64  -8.93  -31.25  
   -0.19  -0.93  -0.33  
   0.98  -0.18  -0.04  
   -0.03  -0.33  0.94  

2  857.70  -44.20  575.07  
   0.92  0.38  -0.03  
   -0.38  0.92  -0.03  
   0.02  0.03  1.00  

3  1220.24  -25.90  4.46  
   -0.44  -0.01  -0.90  
   -0.04  -1.00  0.03  
   -0.90  0.05  0.44  

4  1105.05  142.43  -84.83  
   0.90  -0.14  0.42  
   0.32  0.86  -0.41  
   -0.30  0.50  0.81  

5  1295.25  276.82  31.25  
   -0.96  0.17  0.23  
   -0.23  0.00  -0.97  
   -0.17  -0.99  0.04  

6  1453.75  60.72  25.00  
   0.42  0.85  -0.32  
   -0.90  0.43  -0.03  
   0.11  0.30  0.95  

7  1093.44  -198.69  -71.44  
   0.88  0.19  0.43  
   -0.39  0.81  0.43  
   -0.27  -0.55  0.79  

8  1314.00  -268.34  -6.25  
   -0.99  -0.02  -0.11  
   -0.10  -0.23  0.97  
   -0.04  0.97  0.23  

9  1379.64  -9.38  -31.25  
   -0.18  -0.93  -0.33  
   0.98  -0.18  -0.03  
   -0.03  -0.33  0.94  

2  857.70  -44.20  575.07  
   0.92  0.38  -0.03  
   -0.38  0.92  -0.03  
   0.02  0.03  1.00  

4  1105.05  142.43  -84.83  
   0.90  -0.14  0.42  
   0.32  0.85  -0.41  
   -0.30  0.50  0.81  

3  1221.13  -26.34  4.02  
   -0.44  -0.01  -0.90  
   -0.04  -1.00  0.03  
   -0.90  0.05  0.44  

5  1295.25  276.82  31.70  
   -0.96  0.17  0.23  
   -0.23  0.00  -0.97  
   -0.17  -0.99  0.04  

6  1453.75  59.83  24.11  
   0.42  0.85  -0.32  
   -0.90  0.43  -0.03  
   0.11  0.30  0.95  

7  1092.55  -199.13  -71.44  
   0.88  0.20  0.43  
   -0.40  0.81  0.43  
   -0.27  -0.55  0.79  

8  1313.56  -269.23  -5.36  
   -0.99  -0.02  -0.10  
   -0.09  -0.23  0.97  
   -0.04  0.97  0.23  

9  1379.64  -10.72  -30.81  
   -0.18  -0.93  -0.33  
   0.98  -0.18  -0.03  
   -0.03  -0.33  0.94  

2  857.70  -44.20  575.07  
   0.92  0.38  -0.03  
   -0.38  0.92  -0.02  
   0.02  0.03  1.00  

3  1220.69  -26.79  4.02  
   -0.44  -0.01  -0.90  
   -0.04  -1.00  0.04  
   -0.90  0.05  0.44  

4  1105.50  141.98  -84.83  
   0.90  -0.14  0.42  
   0.32  0.85  -0.41  
   -0.30  0.50  0.81  

5  1295.25  276.82  31.70  
   -0.96  0.17  0.23  
   -0.23  0.01  -0.97  
   -0.17  -0.99  0.03  

6  1453.75  59.83  23.66  
   0.42  0.85  -0.32  
   -0.90  0.43  -0.03  
   0.11  0.30  0.95  

7  1092.55  -199.13  -71.44  
   0.88  0.20  0.44  
   -0.40  0.81  0.43  
   -0.27  -0.55  0.79  

8  1313.11  -271.46  -4.91  
   -0.99  -0.02  -0.10  
   -0.09  -0.23  0.97  
   -0.05  0.97  0.22  

9  1380.08  -12.95  -31.25  
   -0.18  -0.92  -0.34  
   0.98  -0.18  -0.03  
   -0.04  -0.34  0.94  

2  857.70  -44.20  575.07  
   0.92  0.38  -0.03  
   -0.38  0.92  -0.02  
   0.02  0.03  1.00  

3  1221.13  -27.24  4.02  
   -0.44  -0.01  -0.90  
   -0.04  -1.00  0.04  
   -0.90  0.05  0.44  

6  1454.20  60.28  23.66  
   0.42  0.85  -0.32  
   -0.90  0.43  -0.03  
   0.11  0.30  0.95  

4  1105.50  141.98  -85.28  
   0.90  -0.14  0.42  
   0.32  0.85  -0.41  
   -0.30  0.50  0.81  

5  1295.25  276.82  32.15  
   -0.96  0.17  0.23  
   -0.23  0.01  -0.97  
   -0.17  -0.99  0.03  

7  1092.55  -199.13  -71.44  
   0.88  0.20  0.44  
   -0.40  0.81  0.43  
   -0.27  -0.55  0.79  

9  1380.53  -15.18  -30.36  
   -0.17  -0.92  -0.34  
   0.98  -0.18  -0.02  
   -0.04  -0.34  0.94  

8  1313.11  -271.91  -4.46  
   -0.99  -0.03  -0.10  
   -0.09  -0.22  0.97  
   -0.05  0.97  0.22  

