2 	  32.57	  -8.35	  22.92
	  0.185	  0.964	 -0.192
	 -0.980	  0.194	  0.033
	  0.069	  0.182	  0.981

3 	  45.44	  -0.79	   2.60
	  0.346	  0.149	  0.926
	  0.142	  0.968	 -0.208
	 -0.927	  0.203	  0.313

4 	  39.59	   6.06	  -2.92
	  0.536	  0.826	  0.175
	 -0.825	  0.469	  0.314
	  0.177	 -0.313	  0.933

5 	  38.43	   8.30	   9.07
	  0.198	  0.178	  0.964
	 -0.200	 -0.955	  0.217
	  0.959	 -0.235	 -0.154

6 	  44.07	  10.41	  18.70
	  0.302	 -0.050	  0.952
	 -0.702	  0.664	  0.258
	 -0.645	 -0.746	  0.165

7 	  41.06	  -9.60	  -2.85
	  0.658	 -0.703	  0.271
	  0.751	  0.587	 -0.302
	  0.053	  0.402	  0.914

8 	  38.65	 -11.69	   8.53
	  0.225	 -0.068	  0.972
	  0.554	 -0.811	 -0.186
	  0.801	  0.581	 -0.145

9 	  44.09	 -12.53	  18.74
	  0.298	  0.075	  0.951
	  0.798	  0.526	 -0.292
	 -0.523	  0.847	  0.097

2 	  32.57	  -8.35	  22.92
	  0.185	  0.964	 -0.192
	 -0.980	  0.194	  0.033
	  0.069	  0.182	  0.981

3 	  45.44	  -0.81	   2.64
	  0.343	  0.149	  0.927
	  0.146	  0.967	 -0.209
	 -0.928	  0.207	  0.310

4 	  39.59	   6.06	  -2.90
	  0.537	  0.825	  0.176
	 -0.825	  0.469	  0.314
	  0.177	 -0.314	  0.932

5 	  38.60	   8.37	   9.11
	  0.208	  0.187	  0.960
	 -0.216	 -0.948	  0.231
	  0.954	 -0.256	 -0.157

6 	  44.38	  10.46	  18.70
	  0.291	 -0.044	  0.955
	 -0.627	  0.745	  0.225
	 -0.722	 -0.665	  0.189

7 	  41.06	  -9.62	  -2.85
	  0.659	 -0.702	  0.270
	  0.750	  0.588	 -0.303
	  0.054	  0.402	  0.914

8 	  38.78	 -11.74	   8.51
	  0.229	 -0.070	  0.971
	  0.573	 -0.797	 -0.193
	  0.787	  0.600	 -0.143

9 	  44.46	 -12.53	  18.54
	  0.302	  0.072	  0.950
	  0.752	  0.594	 -0.284
	 -0.585	  0.801	  0.125

2 	  32.57	  -8.35	  22.92
	  0.185	  0.964	 -0.193
	 -0.980	  0.194	  0.033
	  0.069	  0.182	  0.981

3 	  45.40	  -0.83	   2.67
	  0.340	  0.148	  0.928
	  0.156	  0.965	 -0.211
	 -0.927	  0.217	  0.305

4 	  39.59	   6.05	  -2.87
	  0.545	  0.819	  0.178
	 -0.820	  0.476	  0.318
	  0.175	 -0.320	  0.931

5 	  38.85	   8.46	   9.16
	  0.232	  0.195	  0.953
	 -0.235	 -0.939	  0.249
	  0.944	 -0.281	 -0.172

6 	  44.86	  10.23	  18.58
	  0.285	 -0.039	  0.958
	 -0.509	  0.840	  0.186
	 -0.812	 -0.541	  0.219

7 	  41.06	  -9.60	  -2.85
	  0.674	 -0.693	  0.255
	  0.736	  0.604	 -0.306
	  0.058	  0.394	  0.917

8 	  39.13	 -11.83	   8.53
	  0.252	 -0.074	  0.965
	  0.601	 -0.770	 -0.215
	  0.758	  0.634	 -0.150

9 	  45.07	 -12.43	  18.40
	  0.311	  0.067	  0.948
	  0.667	  0.694	 -0.268
	 -0.677	  0.716	  0.171

2 	  32.57	  -8.35	  22.92
	  0.185	  0.964	 -0.193
	 -0.980	  0.194	  0.033
	  0.069	  0.182	  0.981

3 	  45.40	  -0.86	   2.69
	  0.340	  0.144	  0.929
	  0.173	  0.961	 -0.213
	 -0.924	  0.233	  0.302

4 	  39.59	   6.05	  -2.78
	  0.558	  0.810	  0.179
	 -0.812	  0.488	  0.321
	  0.173	 -0.325	  0.929

5 	  39.39	   8.63	   9.25
	  0.283	  0.210	  0.935
	 -0.237	 -0.930	  0.281
	  0.929	 -0.302	 -0.214

6 	  45.76	  10.51	  18.37
	  0.314	 -0.018	  0.949
	 -0.448	  0.879	  0.165
	 -0.837	 -0.477	  0.268

7 	  41.08	  -9.54	  -2.90
	  0.693	 -0.680	  0.240
	  0.718	  0.621	 -0.313
	  0.064	  0.389	  0.919

8 	  39.85	 -11.88	   8.54
	  0.313	 -0.088	  0.945
	  0.610	 -0.744	 -0.271
	  0.727	  0.662	 -0.180

9 	  46.25	 -12.36	  18.02
	  0.364	  0.052	  0.930
	  0.595	  0.755	 -0.275
	 -0.717	  0.653	  0.244

2 	  32.57	  -8.35	  22.92
	  0.185	  0.964	 -0.192
	 -0.980	  0.194	  0.033
	  0.069	  0.182	  0.981

3 	  45.37	  -0.77	   2.74
	  0.342	  0.143	  0.929
	  0.191	  0.957	 -0.218
	 -0.920	  0.251	  0.300

4 	  39.57	   6.10	  -2.71
	  0.577	  0.798	  0.174
	 -0.798	  0.504	  0.330
	  0.176	 -0.330	  0.927

5 	  40.17	   8.72	   9.23
	  0.359	  0.225	  0.906
	 -0.217	 -0.924	  0.315
	  0.907	 -0.310	 -0.283

6 	  47.07	  10.79	  17.77
	  0.385	  0.001	  0.922
	 -0.415	  0.893	  0.172
	 -0.824	 -0.449	  0.345

7 	  41.06	  -9.46	  -2.88
	  0.720	 -0.659	  0.215
	  0.689	  0.645	 -0.329
	  0.077	  0.385	  0.919

8 	  40.48	 -11.95	   8.53
	  0.387	 -0.106	  0.916
	  0.598	 -0.727	 -0.337
	  0.701	  0.679	 -0.218

9 	  47.43	 -12.57	  17.49
	  0.425	  0.036	  0.904
	  0.564	  0.770	 -0.296
	 -0.708	  0.636	  0.307

2 	  32.57	  -8.37	  22.90
	  0.185	  0.964	 -0.192
	 -0.980	  0.194	  0.033
	  0.069	  0.182	  0.981

3 	  45.37	  -0.77	   2.69
	  0.347	  0.141	  0.927
	  0.206	  0.953	 -0.223
	 -0.915	  0.268	  0.302

4 	  39.55	   6.10	  -2.74
	  0.597	  0.786	  0.156
	 -0.781	  0.525	  0.339
	  0.185	 -0.325	  0.927

5 	  40.89	   8.89	   9.18
	  0.432	  0.233	  0.871
	 -0.184	 -0.923	  0.338
	  0.882	 -0.307	 -0.356

6 	  48.29	  11.09	  17.16
	  0.453	  0.011	  0.891
	 -0.395	  0.899	  0.189
	 -0.799	 -0.438	  0.411

7 	  41.08	  -9.39	  -2.94
	  0.736	 -0.647	  0.198
	  0.671	  0.660	 -0.337
	  0.087	  0.381	  0.920

8 	  41.12	 -12.02	   8.42
	  0.455	 -0.121	  0.882
	  0.582	 -0.709	 -0.398
	  0.673	  0.695	 -0.253

9 	  48.66	 -12.59	  16.82
	  0.484	  0.021	  0.875
	  0.504	  0.810	 -0.298
	 -0.715	  0.585	  0.381

2 	  32.57	  -8.35	  22.92
	  0.185	  0.964	 -0.193
	 -0.980	  0.194	  0.033
	  0.069	  0.182	  0.981

3 	  45.33	  -0.76	   2.71
	  0.348	  0.141	  0.927
	  0.218	  0.949	 -0.227
	 -0.912	  0.281	  0.300

4 	  39.53	   6.08	  -2.74
	  0.619	  0.773	  0.140
	 -0.762	  0.547	  0.347
	  0.191	 -0.321	  0.927

5 	  41.61	   8.95	   9.00
	  0.501	  0.233	  0.833
	 -0.184	 -0.912	  0.366
	  0.846	 -0.336	 -0.414

6 	  49.59	  10.86	  16.17
	  0.519	  0.008	  0.855
	 -0.342	  0.918	  0.198
	 -0.784	 -0.395	  0.479

7 	  41.04	  -9.32	  -2.97
	  0.750	 -0.635	  0.182
	  0.654	  0.675	 -0.342
	  0.094	  0.376	  0.922

8 	  41.66	 -12.09	   8.31
	  0.519	 -0.136	  0.844
	  0.554	 -0.698	 -0.453
	  0.650	  0.703	 -0.287

9 	  49.66	 -12.76	  16.12
	  0.538	  0.003	  0.843
	  0.464	  0.833	 -0.300
	 -0.704	  0.552	  0.446

2 	  32.57	  -8.35	  22.92
	  0.185	  0.964	 -0.193
	 -0.980	  0.194	  0.033
	  0.069	  0.182	  0.981

3 	  45.28	  -0.79	   2.72
	  0.351	  0.141	  0.925
	  0.233	  0.944	 -0.233
	 -0.906	  0.298	  0.299

4 	  39.52	   6.03	  -2.81
	  0.640	  0.759	  0.115
	 -0.741	  0.570	  0.355
	  0.204	 -0.313	  0.927

5 	  42.36	   9.04	   8.74
	  0.573	  0.238	  0.784
	 -0.166	 -0.903	  0.395
	  0.802	 -0.357	 -0.479

6 	  50.80	  10.99	  15.17
	  0.586	  0.012	  0.810
	 -0.306	  0.929	  0.207
	 -0.750	 -0.369	  0.548

7 	  40.97	  -9.30	  -3.01
	  0.765	 -0.622	  0.167
	  0.637	  0.690	 -0.344
	  0.099	  0.369	  0.924

8 	  42.24	 -12.25	   8.12
	  0.584	 -0.154	  0.797
	  0.510	 -0.694	 -0.508
	  0.631	  0.703	 -0.327

9 	  50.41	 -13.01	  15.50
	  0.594	 -0.015	  0.804
	  0.434	  0.847	 -0.305
	 -0.677	  0.530	  0.510

2 	  32.55	  -8.35	  22.92
	  0.185	  0.964	 -0.193
	 -0.980	  0.194	  0.033
	  0.069	  0.182	  0.981

3 	  45.26	  -0.81	   2.71
	  0.355	  0.146	  0.923
	  0.240	  0.940	 -0.242
	 -0.903	  0.308	  0.299

4 	  39.46	   5.94	  -2.88
	  0.661	  0.745	  0.084
	 -0.717	  0.596	  0.361
	  0.219	 -0.300	  0.928

5 	  43.05	   9.12	   8.38
	  0.638	  0.242	  0.731
	 -0.153	 -0.891	  0.428
	  0.755	 -0.385	 -0.531

6 	  51.93	  10.92	  13.89
	  0.651	  0.013	  0.759
	 -0.262	  0.942	  0.208
	 -0.713	 -0.334	  0.616

7 	  40.90	  -9.28	  -3.01
	  0.780	 -0.608	  0.149
	  0.617	  0.706	 -0.348
	  0.106	  0.363	  0.925

8 	  42.79	 -12.34	   7.86
	  0.650	 -0.165	  0.742
	  0.461	 -0.690	 -0.558
	  0.604	  0.705	 -0.372

9 	  51.61	 -13.13	  14.38
	  0.652	 -0.026	  0.757
	  0.401	  0.860	 -0.316
	 -0.643	  0.509	  0.572

2 	  32.57	  -8.35	  22.92
	  0.185	  0.964	 -0.193
	 -0.980	  0.194	  0.033
	  0.069	  0.183	  0.981

3 	  45.23	  -0.84	   2.71
	  0.359	  0.151	  0.921
	  0.249	  0.935	 -0.251
	 -0.900	  0.319	  0.298

4 	  39.38	   5.85	  -2.97
	  0.681	  0.730	  0.051
	 -0.693	  0.620	  0.367
	  0.237	 -0.285	  0.928

5 	  43.75	   9.11	   7.89
	  0.704	  0.242	  0.667
	 -0.133	 -0.879	  0.458
	  0.697	 -0.411	 -0.587

6 	  52.93	  10.88	  12.69
	  0.708	  0.011	  0.706
	 -0.220	  0.953	  0.206
	 -0.671	 -0.302	  0.677

7 	  40.85	  -9.26	  -3.11
	  0.802	 -0.587	  0.110
	  0.583	  0.730	 -0.356
	  0.128	  0.350	  0.928

8 	  43.51	 -12.41	   7.52
	  0.715	 -0.175	  0.677
	  0.409	 -0.680	 -0.609
	  0.566	  0.712	 -0.414

9 	  52.82	 -13.20	  13.04
	  0.717	 -0.042	  0.695
	  0.359	  0.878	 -0.318
	 -0.597	  0.477	  0.644

2 	  32.57	  -8.35	  22.92
	  0.185	  0.964	 -0.193
	 -0.980	  0.194	  0.033
	  0.069	  0.182	  0.981

3 	  45.19	  -0.90	   2.67
	  0.364	  0.156	  0.918
	  0.253	  0.932	 -0.259
	 -0.896	  0.327	  0.299

4 	  39.27	   5.75	  -3.02
	  0.698	  0.716	  0.017
	 -0.668	  0.642	  0.375
	  0.258	 -0.274	  0.926

5 	  44.26	   9.09	   7.51
	  0.755	  0.237	  0.611
	 -0.114	 -0.871	  0.478
	  0.646	 -0.430	 -0.630

6 	  53.75	  10.65	  11.43
	  0.761	  0.003	  0.648
	 -0.180	  0.961	  0.207
	 -0.622	 -0.274	  0.733

7 	  40.75	  -9.19	  -3.22
	  0.816	 -0.572	  0.080
	  0.559	  0.748	 -0.356
	  0.144	  0.335	  0.931

8 	  44.10	 -12.45	   7.03
	  0.777	 -0.180	  0.602
	  0.347	 -0.675	 -0.651
	  0.524	  0.715	 -0.463

9 	  53.68	 -13.32	  11.83
	  0.777	 -0.053	  0.627
	  0.330	  0.882	 -0.336
	 -0.535	  0.468	  0.703

2 	  32.55	  -8.35	  22.92
	  0.185	  0.964	 -0.193
	 -0.980	  0.194	  0.033
	  0.069	  0.182	  0.980

3 	  45.16	  -0.95	   2.64
	  0.370	  0.161	  0.915
	  0.260	  0.927	 -0.268
	 -0.892	  0.337	  0.302

4 	  39.16	   5.66	  -3.09
	  0.713	  0.701	 -0.021
	 -0.642	  0.665	  0.382
	  0.281	 -0.259	  0.924

5 	  44.77	   9.00	   7.01
	  0.800	  0.231	  0.554
	 -0.094	 -0.863	  0.496
	  0.593	 -0.449	 -0.669

6 	  54.44	  10.46	  10.30
	  0.801	 -0.007	  0.599
	 -0.143	  0.969	  0.202
	 -0.582	 -0.247	  0.775

7 	  40.68	  -9.14	  -3.34
	  0.831	 -0.555	  0.045
	  0.531	  0.767	 -0.359
	  0.165	  0.322	  0.932

8 	  44.68	 -12.38	   6.57
	  0.823	 -0.179	  0.538
	  0.302	 -0.665	 -0.683
	  0.480	  0.725	 -0.494

9 	  54.63	 -13.11	  10.48
	  0.826	 -0.051	  0.561
	  0.289	  0.893	 -0.344
	 -0.484	  0.446	  0.752

2 	  32.57	  -8.35	  22.92
	  0.185	  0.964	 -0.193
	 -0.980	  0.194	  0.033
	  0.069	  0.182	  0.980

3 	  45.14	  -0.97	   2.64
	  0.375	  0.165	  0.912
	  0.262	  0.925	 -0.275
	 -0.889	  0.342	  0.303

4 	  39.09	   5.57	  -3.16
	  0.723	  0.688	 -0.050
	 -0.622	  0.681	  0.385
	  0.299	 -0.248	  0.921

5 	  45.18	   8.98	   6.64
	  0.833	  0.225	  0.505
	 -0.080	 -0.855	  0.512
	  0.547	 -0.467	 -0.695

6 	  54.97	  10.32	   9.32
	  0.834	 -0.016	  0.552
	 -0.112	  0.974	  0.196
	 -0.541	 -0.225	  0.810

7 	  40.62	  -9.04	  -3.50
	  0.841	 -0.540	  0.009
	  0.506	  0.783	 -0.361
	  0.188	  0.308	  0.932

8 	  45.07	 -12.34	   6.12
	  0.856	 -0.178	  0.485
	  0.264	 -0.657	 -0.707
	  0.444	  0.733	 -0.515

9 	  55.18	 -12.97	   9.35
	  0.859	 -0.049	  0.509
	  0.256	  0.903	 -0.346
	 -0.443	  0.427	  0.788

2 	  32.55	  -8.35	  22.92
	  0.185	  0.964	 -0.193
	 -0.980	  0.195	  0.032
	  0.069	  0.182	  0.981

3 	  45.12	  -0.97	   2.58
	  0.380	  0.169	  0.909
	  0.264	  0.922	 -0.282
	 -0.886	  0.347	  0.306

4 	  39.04	   5.50	  -3.22
	  0.732	  0.676	 -0.081
	 -0.603	  0.698	  0.386
	  0.318	 -0.234	  0.919

5 	  45.58	   8.95	   6.15
	  0.866	  0.221	  0.447
	 -0.053	 -0.850	  0.524
	  0.496	 -0.478	 -0.725

6 	  55.46	  10.07	   8.09
	  0.867	 -0.026	  0.497
	 -0.081	  0.978	  0.191
	 -0.491	 -0.206	  0.846

7 	  40.55	  -8.91	  -3.67
	  0.851	 -0.524	 -0.027
	  0.480	  0.798	 -0.364
	  0.212	  0.296	  0.931

8 	  45.47	 -12.29	   5.70
	  0.883	 -0.173	  0.436
	  0.233	 -0.646	 -0.727
	  0.407	  0.744	 -0.530

9 	  55.78	 -12.76	   8.26
	  0.886	 -0.046	  0.461
	  0.223	  0.914	 -0.339
	 -0.406	  0.403	  0.820

2 	  32.55	  -8.35	  22.92
	  0.185	  0.964	 -0.193
	 -0.980	  0.195	  0.032
	  0.069	  0.182	  0.981

3 	  45.11	  -0.97	   2.58
	  0.384	  0.173	  0.907
	  0.264	  0.920	 -0.288
	 -0.884	  0.350	  0.308

4 	  38.94	   5.47	  -3.27
	  0.738	  0.665	 -0.115
	 -0.584	  0.715	  0.385
	  0.337	 -0.217	  0.916

5 	  45.95	   8.96	   5.66
	  0.896	  0.218	  0.385
	 -0.030	 -0.839	  0.543
	  0.442	 -0.499	 -0.745

6 	  55.95	  10.00	   6.75
	  0.899	 -0.029	  0.436
	 -0.053	  0.983	  0.174
	 -0.434	 -0.180	  0.882

7 	  40.48	  -8.79	  -3.76
	  0.861	 -0.504	 -0.062
	  0.449	  0.814	 -0.366
	  0.235	  0.287	  0.928

8 	  45.86	 -12.22	   5.12
	  0.910	 -0.172	  0.376
	  0.191	 -0.631	 -0.752
	  0.366	  0.756	 -0.542

9 	  55.95	 -12.87	   7.08
	  0.914	 -0.054	  0.401
	  0.196	  0.925	 -0.324
	 -0.354	  0.375	  0.857

2 	  32.55	  -8.35	  22.92
	  0.185	  0.964	 -0.193
	 -0.980	  0.195	  0.032
	  0.069	  0.182	  0.981

3 	  45.07	  -0.95	   2.51
	  0.393	  0.178	  0.902
	  0.261	  0.919	 -0.295
	 -0.882	  0.352	  0.314

4 	  38.87	   5.36	  -3.36
	  0.745	  0.648	 -0.156
	 -0.559	  0.735	  0.383
	  0.362	 -0.199	  0.910

5 	  46.32	   8.95	   5.01
	  0.923	  0.213	  0.321
	 -0.003	 -0.830	  0.558
	  0.385	 -0.516	 -0.765

6 	  56.34	   9.90	   5.33
	  0.927	 -0.034	  0.372
	 -0.028	  0.987	  0.159
	 -0.373	 -0.159	  0.914

7 	  40.41	  -8.65	  -3.92
	  0.867	 -0.486	 -0.107
	  0.420	  0.830	 -0.366
	  0.266	  0.273	  0.924

8 	  46.23	 -12.25	   4.43
	  0.934	 -0.180	  0.308
	  0.136	 -0.618	 -0.774
	  0.329	  0.765	 -0.553

9 	  56.62	 -12.67	   5.43
	  0.944	 -0.056	  0.326
	  0.162	  0.936	 -0.311
	 -0.288	  0.346	  0.893

2 	  32.57	  -8.35	  22.92
	  0.185	  0.964	 -0.193
	 -0.980	  0.195	  0.033
	  0.069	  0.182	  0.980

3 	  45.05	  -0.97	   2.50
	  0.402	  0.182	  0.897
	  0.257	  0.918	 -0.302
	 -0.879	  0.352	  0.322

4 	  38.76	   5.26	  -3.45
	  0.750	  0.632	 -0.197
	 -0.537	  0.754	  0.378
	  0.387	 -0.178	  0.905

5 	  46.60	   8.95	   4.46
	  0.943	  0.208	  0.260
	  0.022	 -0.819	  0.573
	  0.332	 -0.535	 -0.777

6 	  56.60	   9.86	   3.99
	  0.950	 -0.036	  0.310
	 -0.007	  0.990	  0.139
	 -0.312	 -0.134	  0.940

7 	  40.29	  -8.56	  -4.08
	  0.868	 -0.474	 -0.148
	  0.396	  0.841	 -0.367
	  0.298	  0.260	  0.918

8 	  46.48	 -12.32	   3.76
	  0.952	 -0.191	  0.238
	  0.076	 -0.607	 -0.791
	  0.296	  0.771	 -0.563

9 	  56.90	 -12.67	   3.92
	  0.966	 -0.063	  0.251
	  0.139	  0.943	 -0.302
	 -0.218	  0.327	  0.919

2 	  32.57	  -8.35	  22.92
	  0.185	  0.964	 -0.193
	 -0.980	  0.194	  0.033
	  0.069	  0.182	  0.981

3 	  45.00	  -0.97	   2.43
	  0.413	  0.190	  0.890
	  0.251	  0.916	 -0.312
	 -0.875	  0.353	  0.331

4 	  38.62	   5.17	  -3.53
	  0.751	  0.617	 -0.233
	 -0.516	  0.769	  0.375
	  0.411	 -0.162	  0.897

5 	  46.85	   8.91	   3.69
	  0.961	  0.204	  0.188
	  0.056	 -0.807	  0.588
	  0.272	 -0.555	 -0.786

6 	  56.81	   9.56	   2.44
	  0.969	 -0.048	  0.241
	  0.021	  0.993	  0.115
	 -0.245	 -0.106	  0.964

7 	  40.06	  -8.49	  -4.22
	  0.862	 -0.465	 -0.202
	  0.373	  0.852	 -0.368
	  0.343	  0.241	  0.908

8 	  46.67	 -12.39	   3.08
	  0.964	 -0.202	  0.169
	  0.014	 -0.600	 -0.800
	  0.263	  0.774	 -0.576

9 	  57.11	 -12.94	   2.29
	  0.982	 -0.078	  0.170
	  0.125	  0.948	 -0.293
	 -0.139	  0.309	  0.941

2 	  32.57	  -8.35	  22.92
	  0.185	  0.964	 -0.193
	 -0.980	  0.195	  0.033
	  0.069	  0.182	  0.981

3 	  44.96	  -1.02	   2.37
	  0.424	  0.194	  0.884
	  0.247	  0.915	 -0.319
	 -0.871	  0.353	  0.340

4 	  38.51	   5.08	  -3.53
	  0.753	  0.602	 -0.266
	 -0.495	  0.784	  0.375
	  0.434	 -0.151	  0.888

5 	  47.06	   8.96	   3.20
	  0.969	  0.206	  0.130
	  0.089	 -0.797	  0.598
	  0.227	 -0.568	 -0.791

6 	  56.87	   9.63	   1.28
	  0.981	 -0.045	  0.185
	  0.028	  0.995	  0.096
	 -0.188	 -0.089	  0.978

7 	  39.87	  -8.40	  -4.32
	  0.854	 -0.458	 -0.247
	  0.355	  0.860	 -0.366
	  0.380	  0.225	  0.897

8 	  46.79	 -12.41	   2.53
	  0.971	 -0.207	  0.117
	 -0.027	 -0.588	 -0.808
	  0.236	  0.782	 -0.577

9 	  57.11	 -12.90	   1.02
	  0.990	 -0.081	  0.109
	  0.108	  0.956	 -0.273
	 -0.083	  0.282	  0.955

2 	  32.55	  -8.37	  22.92
	  0.185	  0.964	 -0.192
	 -0.980	  0.195	  0.033
	  0.069	  0.182	  0.981

3 	  44.88	  -1.07	   2.29
	  0.435	  0.199	  0.878
	  0.241	  0.914	 -0.327
	 -0.867	  0.354	  0.349

4 	  38.37	   4.96	  -3.62
	  0.751	  0.585	 -0.306
	 -0.472	  0.800	  0.371
	  0.462	 -0.135	  0.876

5 	  47.21	   8.95	   2.41
	  0.976	  0.206	  0.061
	  0.127	 -0.783	  0.608
	  0.173	 -0.586	 -0.791

6 	  56.88	   9.49	  -0.42
	  0.993	 -0.049	  0.108
	  0.042	  0.996	  0.069
	 -0.111	 -0.064	  0.991

7 	  39.74	  -8.37	  -4.45
	  0.846	 -0.450	 -0.284
	  0.338	  0.868	 -0.364
	  0.410	  0.212	  0.887

8 	  46.90	 -12.50	   1.93
	  0.976	 -0.210	  0.061
	 -0.073	 -0.572	 -0.817
	  0.206	  0.792	 -0.574

9 	  57.15	 -12.97	  -0.19
	  0.995	 -0.083	  0.048
	  0.093	  0.962	 -0.256
	 -0.026	  0.259	  0.965

2 	  32.57	  -8.35	  22.92
	  0.185	  0.964	 -0.193
	 -0.980	  0.195	  0.032
	  0.069	  0.182	  0.981

3 	  44.82	  -1.04	   2.29
	  0.439	  0.206	  0.874
	  0.230	  0.915	 -0.331
	 -0.868	  0.347	  0.354

4 	  38.25	   4.85	  -3.69
	  0.745	  0.571	 -0.344
	 -0.453	  0.812	  0.367
	  0.488	 -0.118	  0.864

5 	  47.30	   8.95	   1.76
	  0.978	  0.206	  0.002
	  0.161	 -0.771	  0.617
	  0.128	 -0.603	 -0.787

6 	  56.81	   9.47	  -1.63
	  0.997	 -0.050	  0.049
	  0.048	  0.998	  0.045
	 -0.051	 -0.043	  0.998

7 	  39.62	  -8.33	  -4.50
	  0.840	 -0.432	 -0.327
	  0.310	  0.879	 -0.362
	  0.444	  0.202	  0.873

8 	  47.07	 -12.48	   1.27
	  0.978	 -0.206	 -0.004
	 -0.121	 -0.563	 -0.818
	  0.167	  0.800	 -0.576

9 	  57.18	 -12.78	  -1.58
	  0.997	 -0.076	 -0.025
	  0.067	  0.968	 -0.243
	  0.042	  0.240	  0.970

2 	  32.55	  -8.35	  22.92
	  0.185	  0.964	 -0.192
	 -0.980	  0.195	  0.032
	  0.069	  0.182	  0.981

3 	  44.79	  -1.07	   2.21
	  0.446	  0.210	  0.870
	  0.223	  0.915	 -0.336
	 -0.866	  0.344	  0.361

4 	  38.14	   4.75	  -3.74
	  0.742	  0.555	 -0.375
	 -0.434	  0.825	  0.362
	  0.510	 -0.106	  0.853

5 	  47.36	   8.93	   1.18
	  0.978	  0.201	 -0.046
	  0.186	 -0.760	  0.623
	  0.090	 -0.618	 -0.781

6 	  56.72	   9.23	  -2.92
	  0.998	 -0.062	 -0.007
	  0.062	  0.998	  0.021
	  0.006	 -0.021	  1.000

7 	  39.53	  -8.26	  -4.57
	  0.834	 -0.414	 -0.365
	  0.284	  0.889	 -0.358
	  0.472	  0.195	  0.859

8 	  47.21	 -12.48	   0.63
	  0.978	 -0.200	 -0.063
	 -0.166	 -0.553	 -0.817
	  0.128	  0.809	 -0.573

9 	  57.04	 -12.76	  -2.85
	  0.993	 -0.070	 -0.091
	  0.047	  0.972	 -0.230
	  0.104	  0.224	  0.969

2 	  32.57	  -8.35	  22.92
	  0.185	  0.964	 -0.193
	 -0.980	  0.195	  0.032
	  0.069	  0.182	  0.981

3 	  44.75	  -1.05	   2.20
	  0.451	  0.214	  0.866
	  0.217	  0.915	 -0.339
	 -0.866	  0.341	  0.366

4 	  38.07	   4.71	  -3.78
	  0.739	  0.539	 -0.404
	 -0.414	  0.836	  0.360
	  0.531	 -0.099	  0.841

5 	  47.48	   8.93	   0.58
	  0.976	  0.193	 -0.104
	  0.215	 -0.749	  0.626
	  0.043	 -0.634	 -0.772

6 	  56.62	   9.12	  -4.08
	  0.995	 -0.071	 -0.066
	  0.071	  0.997	 -0.002
	  0.066	 -0.003	  0.998

7 	  39.45	  -8.14	  -4.62
	  0.826	 -0.400	 -0.397
	  0.265	  0.898	 -0.351
	  0.496	  0.185	  0.848

8 	  47.32	 -12.39	   0.14
	  0.975	 -0.194	 -0.109
	 -0.199	 -0.543	 -0.816
	  0.099	  0.817	 -0.568

9 	  57.04	 -12.39	  -4.27
	  0.986	 -0.056	 -0.158
	  0.021	  0.977	 -0.212
	  0.166	  0.205	  0.964

2 	  32.57	  -8.35	  22.92
	  0.185	  0.964	 -0.193
	 -0.980	  0.195	  0.032
	  0.069	  0.182	  0.981

3 	  44.72	  -1.07	   2.16
	  0.457	  0.216	  0.863
	  0.212	  0.915	 -0.342
	 -0.864	  0.339	  0.372

4 	  38.00	   4.69	  -3.80
	  0.734	  0.521	 -0.434
	 -0.389	  0.848	  0.360
	  0.556	 -0.096	  0.826

5 	  47.50	   8.88	  -0.07
	  0.969	  0.188	 -0.159
	  0.246	 -0.740	  0.626
	  0.000	 -0.646	 -0.763

6 	  56.32	   8.93	  -5.47
	  0.988	 -0.081	 -0.131
	  0.078	  0.996	 -0.027
	  0.133	  0.017	  0.991

7 	  39.30	  -8.02	  -4.75
	  0.810	 -0.391	 -0.437
	  0.252	  0.905	 -0.342
	  0.529	  0.167	  0.832

8 	  47.25	 -12.45	  -0.42
	  0.968	 -0.198	 -0.154
	 -0.238	 -0.531	 -0.813
	  0.079	  0.824	 -0.561

9 	  56.83	 -12.38	  -5.34
	  0.974	 -0.051	 -0.221
	  0.006	  0.980	 -0.196
	  0.227	  0.189	  0.955

2 	  32.57	  -8.35	  22.92
	  0.185	  0.964	 -0.192
	 -0.980	  0.195	  0.032
	  0.068	  0.182	  0.981

3 	  44.68	  -1.00	   2.09
	  0.460	  0.222	  0.859
	  0.200	  0.917	 -0.344
	 -0.865	  0.331	  0.378

4 	  37.90	   4.66	  -3.90
	  0.723	  0.507	 -0.469
	 -0.367	  0.857	  0.361
	  0.585	 -0.089	  0.806

5 	  47.46	   8.96	  -0.69
	  0.959	  0.187	 -0.212
	  0.280	 -0.728	  0.625
	 -0.037	 -0.659	 -0.751

6 	  55.97	   8.91	  -6.77
	  0.976	 -0.089	 -0.198
	  0.080	  0.995	 -0.051
	  0.201	  0.033	  0.979

7 	  39.18	  -7.91	  -4.83
	  0.795	 -0.381	 -0.471
	  0.238	  0.912	 -0.334
	  0.557	  0.153	  0.816

8 	  47.21	 -12.46	  -0.93
	  0.959	 -0.203	 -0.197
	 -0.276	 -0.520	 -0.808
	  0.062	  0.829	 -0.555

9 	  56.57	 -12.34	  -6.36
	  0.961	 -0.051	 -0.271
	 -0.000	  0.983	 -0.185
	  0.276	  0.177	  0.945

2 	  32.55	  -8.35	  22.92
	  0.185	  0.963	 -0.193
	 -0.980	  0.195	  0.032
	  0.068	  0.182	  0.981

3 	  44.61	  -0.98	   2.06
	  0.463	  0.226	  0.857
	  0.191	  0.918	 -0.346
	 -0.865	  0.323	  0.382

4 	  37.78	   4.61	  -3.90
	  0.716	  0.495	 -0.492
	 -0.350	  0.864	  0.361
	  0.603	 -0.087	  0.792

5 	  47.37	   8.96	  -1.21
	  0.949	  0.185	 -0.253
	  0.306	 -0.718	  0.625
	 -0.066	 -0.671	 -0.738

6 	  55.60	   8.75	  -7.80
	  0.964	 -0.097	 -0.245
	  0.082	  0.994	 -0.072
	  0.250	  0.049	  0.967

7 	  39.01	  -7.80	  -4.92
	  0.783	 -0.370	 -0.500
	  0.226	  0.918	 -0.324
	  0.579	  0.141	  0.803

8 	  47.14	 -12.46	  -1.42
	  0.950	 -0.205	 -0.236
	 -0.309	 -0.508	 -0.804
	  0.045	  0.836	 -0.546

9 	  56.25	 -12.32	  -7.35
	  0.945	 -0.050	 -0.323
	 -0.007	  0.985	 -0.173
	  0.326	  0.166	  0.931

2 	  32.55	  -8.35	  22.92
	  0.185	  0.964	 -0.192
	 -0.980	  0.195	  0.032
	  0.069	  0.182	  0.981

3 	  44.58	  -0.98	   2.00
	  0.466	  0.229	  0.854
	  0.187	  0.918	 -0.348
	 -0.865	  0.322	  0.385

4 	  37.71	   4.55	  -3.94
	  0.712	  0.483	 -0.510
	 -0.333	  0.871	  0.361
	  0.618	 -0.087	  0.781

5 	  47.32	   8.96	  -1.71
	  0.938	  0.183	 -0.292
	  0.333	 -0.706	  0.625
	 -0.092	 -0.684	 -0.724

6 	  55.32	   8.61	  -8.67
	  0.953	 -0.104	 -0.285
	  0.081	  0.992	 -0.092
	  0.292	  0.064	  0.954

7 	  38.90	  -7.77	  -4.94
	  0.771	 -0.352	 -0.530
	  0.204	  0.926	 -0.317
	  0.602	  0.136	  0.786

8 	  47.07	 -12.38	  -2.02
	  0.936	 -0.199	 -0.289
	 -0.350	 -0.502	 -0.791
	  0.012	  0.841	 -0.540

9 	  55.85	 -12.13	  -8.51
	  0.920	 -0.044	 -0.388
	 -0.021	  0.987	 -0.160
	  0.390	  0.155	  0.907

2 	  32.55	  -8.35	  22.92
	  0.185	  0.964	 -0.192
	 -0.980	  0.195	  0.032
	  0.069	  0.182	  0.981

3 	  44.54	  -1.00	   1.97
	  0.468	  0.232	  0.852
	  0.183	  0.918	 -0.351
	 -0.865	  0.320	  0.387

4 	  37.65	   4.48	  -3.99
	  0.707	  0.472	 -0.527
	 -0.319	  0.877	  0.358
	  0.631	 -0.086	  0.770

5 	  47.23	   8.95	  -2.14
	  0.928	  0.184	 -0.324
	  0.356	 -0.694	  0.625
	 -0.110	 -0.696	 -0.710

6 	  55.00	   8.54	  -9.49
	  0.940	 -0.108	 -0.323
	  0.076	  0.991	 -0.109
	  0.332	  0.078	  0.940

7 	  38.78	  -7.68	  -4.96
	  0.759	 -0.330	 -0.561
	  0.178	  0.934	 -0.307
	  0.625	  0.133	  0.768

8 	  47.04	 -12.38	  -2.76
	  0.917	 -0.196	 -0.348
	 -0.399	 -0.487	 -0.777
	 -0.018	  0.851	 -0.525

9 	  55.35	 -11.94	 -10.04
	  0.884	 -0.035	 -0.465
	 -0.035	  0.989	 -0.140
	  0.465	  0.139	  0.874

2 	  32.55	  -8.35	  22.92
	  0.186	  0.963	 -0.192
	 -0.980	  0.195	  0.032
	  0.068	  0.182	  0.981

3 	  44.53	  -1.02	   1.93
	  0.469	  0.234	  0.852
	  0.182	  0.918	 -0.352
	 -0.864	  0.320	  0.388

4 	  37.62	   4.45	  -4.03
	  0.702	  0.462	 -0.542
	 -0.305	  0.882	  0.358
	  0.644	 -0.086	  0.760

5 	  47.18	   8.93	  -2.53
	  0.916	  0.184	 -0.356
	  0.379	 -0.683	  0.624
	 -0.128	 -0.707	 -0.696

6 	  54.74	   8.51	 -10.23
	  0.927	 -0.111	 -0.358
	  0.071	  0.990	 -0.122
	  0.368	  0.088	  0.926

7 	  38.71	  -7.56	  -4.99
	  0.745	 -0.308	 -0.591
	  0.157	  0.943	 -0.293
	  0.648	  0.125	  0.751

8 	  46.92	 -12.29	  -3.39
	  0.897	 -0.192	 -0.398
	 -0.440	 -0.462	 -0.770
	 -0.037	  0.866	 -0.499

9 	  54.91	 -11.64	 -11.07
	  0.854	 -0.024	 -0.518
	 -0.040	  0.993	 -0.112
	  0.517	  0.116	  0.848

2 	  32.55	  -8.35	  22.92
	  0.186	  0.963	 -0.192
	 -0.980	  0.195	  0.032
	  0.069	  0.182	  0.981

3 	  44.49	  -1.02	   1.90
	  0.470	  0.235	  0.850
	  0.178	  0.918	 -0.353
	 -0.864	  0.318	  0.390

4 	  37.53	   4.38	  -4.04
	  0.694	  0.451	 -0.560
	 -0.289	  0.888	  0.357
	  0.659	 -0.087	  0.747

5 	  47.04	   8.96	  -3.04
	  0.900	  0.186	 -0.395
	  0.410	 -0.670	  0.619
	 -0.149	 -0.719	 -0.679

6 	  54.26	   8.51	 -11.07
	  0.910	 -0.114	 -0.398
	  0.065	  0.989	 -0.134
	  0.408	  0.096	  0.907

7 	  38.57	  -7.44	  -5.01
	  0.730	 -0.294	 -0.617
	  0.145	  0.949	 -0.280
	  0.667	  0.114	  0.736

8 	  46.74	 -12.30	  -3.96
	  0.877	 -0.191	 -0.441
	 -0.478	 -0.437	 -0.762
	 -0.047	  0.879	 -0.475

9 	  54.26	 -11.64	 -12.25
	  0.820	 -0.018	 -0.571
	 -0.038	  0.995	 -0.086
	  0.570	  0.092	  0.816

2 	  32.57	  -8.35	  22.92
	  0.185	  0.964	 -0.192
	 -0.980	  0.195	  0.032
	  0.069	  0.182	  0.981

3 	  44.47	  -0.98	   1.85
	  0.473	  0.238	  0.848
	  0.173	  0.919	 -0.354
	 -0.864	  0.314	  0.393

4 	  37.42	   4.34	  -4.10
	  0.684	  0.440	 -0.582
	 -0.272	  0.894	  0.357
	  0.677	 -0.086	  0.731

5 	  46.85	   9.05	  -3.66
	  0.877	  0.188	 -0.441
	  0.448	 -0.649	  0.615
	 -0.171	 -0.737	 -0.654

6 	  53.63	   8.44	 -12.13
	  0.885	 -0.120	 -0.451
	  0.053	  0.986	 -0.158
	  0.463	  0.115	  0.879

7 	  38.46	  -7.33	  -5.04
	  0.714	 -0.282	 -0.641
	  0.135	  0.953	 -0.269
	  0.687	  0.106	  0.719

8 	  46.58	 -12.27	  -4.43
	  0.857	 -0.190	 -0.479
	 -0.512	 -0.418	 -0.750
	 -0.058	  0.888	 -0.456

9 	  53.68	 -11.57	 -13.15
	  0.786	 -0.010	 -0.618
	 -0.041	  0.997	 -0.067
	  0.616	  0.078	  0.783

2 	  32.57	  -8.35	  22.92
	  0.186	  0.964	 -0.192
	 -0.980	  0.195	  0.032
	  0.069	  0.182	  0.981

3 	  44.42	  -0.97	   1.79
	  0.476	  0.242	  0.846
	  0.166	  0.919	 -0.357
	 -0.864	  0.310	  0.397

4 	  37.28	   4.25	  -4.11
	  0.671	  0.431	 -0.603
	 -0.257	  0.898	  0.356
	  0.695	 -0.085	  0.714

5 	  46.56	   9.05	  -4.22
	  0.853	  0.190	 -0.485
	  0.486	 -0.625	  0.611
	 -0.187	 -0.758	 -0.625

6 	  52.91	   8.30	 -13.18
	  0.856	 -0.132	 -0.500
	  0.041	  0.981	 -0.189
	  0.515	  0.141	  0.845

7 	  38.29	  -7.28	  -5.06
	  0.695	 -0.272	 -0.666
	  0.123	  0.957	 -0.262
	  0.708	  0.101	  0.698

8 	  46.34	 -12.29	  -4.92
	  0.835	 -0.190	 -0.516
	 -0.546	 -0.398	 -0.737
	 -0.066	  0.897	 -0.436

9 	  53.05	 -11.43	 -14.04
	  0.751	 -0.002	 -0.660
	 -0.040	  0.998	 -0.049
	  0.658	  0.063	  0.750

2 	  32.57	  -8.35	  22.92
	  0.185	  0.963	 -0.192
	 -0.980	  0.195	  0.032
	  0.069	  0.182	  0.981

3 	  44.37	  -0.98	   1.71
	  0.487	  0.243	  0.839
	  0.166	  0.917	 -0.362
	 -0.857	  0.316	  0.406

4 	  37.21	   4.24	  -4.13
	  0.657	  0.424	 -0.623
	 -0.241	  0.901	  0.360
	  0.714	 -0.087	  0.694

5 	  46.32	   9.23	  -4.73
	  0.829	  0.199	 -0.522
	  0.526	 -0.594	  0.609
	 -0.189	 -0.780	 -0.597

6 	  52.40	   8.30	 -14.06
	  0.830	 -0.139	 -0.540
	  0.031	  0.978	 -0.205
	  0.556	  0.153	  0.816

7 	  38.07	  -7.21	  -5.08
	  0.674	 -0.268	 -0.688
	  0.122	  0.959	 -0.254
	  0.728	  0.087	  0.680

8 	  45.98	 -12.36	  -5.43
	  0.809	 -0.194	 -0.554
	 -0.583	 -0.370	 -0.723
	 -0.065	  0.908	 -0.413

9 	  52.35	 -11.30	 -14.94
	  0.714	  0.010	 -0.700
	 -0.038	  0.999	 -0.024
	  0.699	  0.043	  0.713

2 	  32.57	  -8.35	  22.92
	  0.185	  0.964	 -0.192
	 -0.980	  0.195	  0.032
	  0.069	  0.182	  0.981

3 	  44.30	  -1.00	   1.67
	  0.494	  0.245	  0.834
	  0.165	  0.915	 -0.367
	 -0.854	  0.319	  0.412

4 	  37.11	   4.20	  -4.13
	  0.645	  0.419	 -0.639
	 -0.229	  0.904	  0.362
	  0.729	 -0.087	  0.678

5 	  46.18	   9.23	  -5.03
	  0.814	  0.201	 -0.545
	  0.545	 -0.589	  0.597
	 -0.201	 -0.783	 -0.589

6 	  51.87	   8.35	 -14.70
	  0.809	 -0.136	 -0.571
	  0.018	  0.978	 -0.208
	  0.587	  0.157	  0.794

7 	  37.92	  -7.12	  -5.12
	  0.653	 -0.266	 -0.709
	  0.120	  0.961	 -0.249
	  0.747	  0.077	  0.660

8 	  45.62	 -12.45	  -5.92
	  0.781	 -0.204	 -0.590
	 -0.622	 -0.337	 -0.707
	 -0.055	  0.919	 -0.390

9 	  51.57	 -11.43	 -15.70
	  0.677	  0.006	 -0.736
	 -0.017	  1.000	 -0.006
	  0.736	  0.016	  0.677

2 	  32.57	  -8.35	  22.92
	  0.185	  0.964	 -0.192
	 -0.980	  0.195	  0.033
	  0.069	  0.182	  0.981

3 	  44.30	  -0.98	   1.62
	  0.498	  0.246	  0.831
	  0.161	  0.915	 -0.368
	 -0.852	  0.317	  0.416

4 	  37.04	   4.20	  -4.15
	  0.635	  0.417	 -0.650
	 -0.222	  0.905	  0.364
	  0.740	 -0.087	  0.667

5 	  46.00	   9.28	  -5.34
	  0.795	  0.202	 -0.572
	  0.567	 -0.582	  0.582
	 -0.215	 -0.787	 -0.578

6 	  51.45	   8.38	 -15.12
	  0.791	 -0.136	 -0.597
	  0.011	  0.978	 -0.209
	  0.612	  0.159	  0.775

7 	  37.83	  -7.03	  -5.12
	  0.639	 -0.264	 -0.722
	  0.118	  0.962	 -0.247
	  0.760	  0.072	  0.646

8 	  45.37	 -12.50	  -6.24
	  0.759	 -0.211	 -0.616
	 -0.649	 -0.314	 -0.692
	 -0.047	  0.925	 -0.376

9 	  51.05	 -11.36	 -16.24
	  0.647	  0.016	 -0.763
	 -0.013	  1.000	  0.009
	  0.762	  0.004	  0.647

2 	  32.57	  -8.35	  22.92
	  0.185	  0.964	 -0.192
	 -0.980	  0.195	  0.032
	  0.069	  0.182	  0.981

3 	  44.28	  -0.93	   1.58
	  0.499	  0.249	  0.830
	  0.155	  0.916	 -0.369
	 -0.852	  0.313	  0.419

4 	  36.95	   4.18	  -4.13
	  0.629	  0.415	 -0.658
	 -0.216	  0.906	  0.365
	  0.747	 -0.088	  0.659

5 	  45.79	   9.26	  -5.59
	  0.779	  0.201	 -0.594
	  0.584	 -0.577	  0.571
	 -0.228	 -0.792	 -0.567

6 	  50.91	   8.35	 -15.59
	  0.768	 -0.141	 -0.624
	  0.002	  0.976	 -0.218
	  0.640	  0.166	  0.750

7 	  37.76	  -7.00	  -5.13
	  0.623	 -0.263	 -0.736
	  0.114	  0.962	 -0.246
	  0.773	  0.069	  0.630

8 	  45.12	 -12.53	  -6.57
	  0.736	 -0.218	 -0.641
	 -0.676	 -0.293	 -0.676
	 -0.041	  0.931	 -0.364

9 	  50.54	 -11.23	 -16.72
	  0.618	  0.018	 -0.786
	 -0.005	  1.000	  0.020
	  0.786	 -0.008	  0.618

2 	  32.55	  -8.35	  22.92
	  0.185	  0.964	 -0.192
	 -0.980	  0.195	  0.032
	  0.069	  0.182	  0.981

3 	  44.26	  -0.91	   1.53
	  0.500	  0.253	  0.828
	  0.150	  0.916	 -0.371
	 -0.853	  0.310	  0.420

4 	  36.86	   4.13	  -4.17
	  0.617	  0.411	 -0.671
	 -0.210	  0.907	  0.363
	  0.758	 -0.083	  0.646

5 	  45.58	   9.30	  -5.94
	  0.756	  0.203	 -0.622
	  0.612	 -0.556	  0.562
	 -0.232	 -0.806	 -0.545

6 	  50.41	   8.21	 -16.19
	  0.745	 -0.148	 -0.650
	 -0.013	  0.971	 -0.236
	  0.666	  0.184	  0.723

7 	  37.71	  -6.96	  -5.15
	  0.617	 -0.263	 -0.742
	  0.112	  0.962	 -0.247
	  0.779	  0.069	  0.623

8 	  44.89	 -12.60	  -6.89
	  0.715	 -0.223	 -0.663
	 -0.699	 -0.267	 -0.664
	 -0.030	  0.937	 -0.346

9 	  49.99	 -11.43	 -17.31
	  0.588	  0.015	 -0.809
	  0.020	  0.999	  0.033
	  0.809	 -0.036	  0.587

2 	  32.57	  -8.35	  22.92
	  0.185	  0.964	 -0.192
	 -0.980	  0.195	  0.032
	  0.069	  0.182	  0.981

3 	  44.24	  -0.90	   1.49
	  0.499	  0.260	  0.826
	  0.145	  0.915	 -0.376
	 -0.854	  0.308	  0.419

4 	  36.77	   4.01	  -4.18
	  0.604	  0.407	 -0.685
	 -0.204	  0.910	  0.360
	  0.770	 -0.079	  0.633

5 	  45.30	   9.32	  -6.28
	  0.734	  0.206	 -0.647
	  0.637	 -0.539	  0.551
	 -0.235	 -0.817	 -0.527

6 	  49.85	   8.23	 -16.68
	  0.722	 -0.151	 -0.675
	 -0.025	  0.970	 -0.243
	  0.691	  0.192	  0.696

7 	  37.63	  -6.91	  -5.15
	  0.603	 -0.264	 -0.753
	  0.109	  0.962	 -0.250
	  0.790	  0.068	  0.609

8 	  44.58	 -12.66	  -7.21
	  0.691	 -0.227	 -0.685
	 -0.722	 -0.238	 -0.649
	 -0.016	  0.944	 -0.329

9 	  49.41	 -11.39	 -17.79
	  0.557	  0.021	 -0.830
	  0.038	  0.998	  0.051
	  0.829	 -0.060	  0.556

2 	  32.55	  -8.35	  22.92
	  0.186	  0.964	 -0.192
	 -0.980	  0.195	  0.032
	  0.069	  0.182	  0.981

3 	  44.24	  -0.90	   1.46
	  0.499	  0.264	  0.825
	  0.144	  0.914	 -0.380
	 -0.854	  0.308	  0.418

4 	  36.70	   3.99	  -4.20
	  0.595	  0.404	 -0.694
	 -0.199	  0.911	  0.361
	  0.778	 -0.077	  0.623

5 	  45.12	   9.30	  -6.61
	  0.713	  0.205	 -0.670
	  0.657	 -0.527	  0.538
	 -0.243	 -0.825	 -0.511

6 	  49.27	   8.12	 -17.30
	  0.692	 -0.160	 -0.704
	 -0.031	  0.968	 -0.250
	  0.721	  0.195	  0.664

7 	  37.55	  -6.86	  -5.15
	  0.591	 -0.267	 -0.761
	  0.111	  0.961	 -0.251
	  0.799	  0.063	  0.598

8 	  44.37	 -12.67	  -7.45
	  0.672	 -0.231	 -0.704
	 -0.741	 -0.220	 -0.635
	 -0.009	  0.948	 -0.319

9 	  48.92	 -11.34	 -18.14
	  0.532	  0.026	 -0.846
	  0.041	  0.997	  0.057
	  0.845	 -0.066	  0.530

2 	  32.55	  -8.35	  22.92
	  0.185	  0.964	 -0.192
	 -0.980	  0.195	  0.032
	  0.069	  0.182	  0.981

3 	  44.21	  -0.86	   1.44
	  0.500	  0.268	  0.823
	  0.140	  0.913	 -0.383
	 -0.855	  0.306	  0.419

4 	  36.58	   3.97	  -4.22
	  0.583	  0.405	 -0.704
	 -0.194	  0.911	  0.363
	  0.788	 -0.076	  0.610

5 	  44.86	   9.28	  -6.87
	  0.695	  0.205	 -0.689
	  0.675	 -0.515	  0.528
	 -0.246	 -0.832	 -0.497

6 	  48.80	   8.09	 -17.56
	  0.676	 -0.161	 -0.719
	 -0.044	  0.965	 -0.257
	  0.735	  0.205	  0.646

7 	  37.39	  -6.82	  -5.13
	  0.577	 -0.270	 -0.771
	  0.111	  0.961	 -0.253
	  0.809	  0.060	  0.584

8 	  44.00	 -12.67	  -7.66
	  0.650	 -0.235	 -0.723
	 -0.760	 -0.206	 -0.616
	 -0.004	  0.950	 -0.312

9 	  48.32	 -11.32	 -18.49
	  0.502	  0.026	 -0.864
	  0.047	  0.997	  0.058
	  0.863	 -0.070	  0.500

2 	  32.57	  -8.35	  22.92
	  0.185	  0.964	 -0.192
	 -0.980	  0.195	  0.032
	  0.069	  0.182	  0.981

3 	  44.16	  -0.86	   1.37
	  0.504	  0.271	  0.820
	  0.134	  0.913	 -0.385
	 -0.853	  0.304	  0.423

4 	  36.51	   3.96	  -4.18
	  0.574	  0.406	 -0.711
	 -0.192	  0.911	  0.366
	  0.796	 -0.074	  0.601

5 	  44.58	   9.39	  -7.10
	  0.674	  0.212	 -0.707
	  0.697	 -0.497	  0.516
	 -0.242	 -0.841	 -0.484

6 	  48.34	   8.17	 -17.88
	  0.660	 -0.155	 -0.735
	 -0.063	  0.963	 -0.260
	  0.748	  0.218	  0.626

7 	  37.30	  -6.79	  -5.13
	  0.562	 -0.271	 -0.781
	  0.110	  0.961	 -0.254
	  0.820	  0.056	  0.570

8 	  43.79	 -12.71	  -7.96
	  0.624	 -0.237	 -0.745
	 -0.781	 -0.189	 -0.594
	 -0.000	  0.953	 -0.303

9 	  47.74	 -11.32	 -18.93
	  0.470	  0.029	 -0.882
	  0.054	  0.996	  0.062
	  0.880	 -0.077	  0.467

2 	  32.57	  -8.35	  22.92
	  0.185	  0.964	 -0.192
	 -0.980	  0.195	  0.032
	  0.069	  0.182	  0.981

3 	  44.14	  -0.84	   1.35
	  0.505	  0.274	  0.818
	  0.131	  0.913	 -0.387
	 -0.853	  0.302	  0.425

4 	  36.44	   3.92	  -4.20
	  0.555	  0.429	 -0.713
	 -0.197	  0.900	  0.389
	  0.808	 -0.076	  0.584

5 	  44.37	   9.47	  -7.31
	  0.654	  0.218	 -0.724
	  0.717	 -0.480	  0.504
	 -0.238	 -0.849	 -0.471

6 	  47.85	   8.17	 -18.25
	  0.641	 -0.151	 -0.752
	 -0.083	  0.961	 -0.264
	  0.763	  0.232	  0.603

7 	  37.25	  -6.73	  -5.15
	  0.548	 -0.271	 -0.791
	  0.111	  0.961	 -0.253
	  0.829	  0.051	  0.557

8 	  43.56	 -12.62	  -8.14
	  0.604	 -0.237	 -0.760
	 -0.796	 -0.172	 -0.580
	  0.006	  0.956	 -0.292

9 	  47.34	 -11.48	 -19.11
	  0.453	  0.025	 -0.891
	  0.071	  0.995	  0.064
	  0.888	 -0.093	  0.449

2 	  32.55	  -8.35	  22.92
	  0.185	  0.964	 -0.192
	 -0.980	  0.195	  0.033
	  0.069	  0.182	  0.981

3 	  44.12	  -0.81	   1.30
	  0.506	  0.279	  0.816
	  0.126	  0.912	 -0.390
	 -0.853	  0.300	  0.426

4 	  36.35	   3.88	  -4.18
	  0.544	  0.435	 -0.718
	 -0.198	  0.897	  0.393
	  0.815	 -0.072	  0.574

5 	  44.17	   9.47	  -7.56
	  0.635	  0.216	 -0.741
	  0.734	 -0.468	  0.492
	 -0.240	 -0.857	 -0.456

6 	  47.44	   8.12	 -18.56
	  0.622	 -0.157	 -0.767
	 -0.093	  0.958	 -0.272
	  0.777	  0.240	  0.582

7 	  37.18	  -6.66	  -5.15
	  0.537	 -0.270	 -0.799
	  0.109	  0.962	 -0.251
	  0.836	  0.047	  0.546

8 	  43.37	 -12.64	  -8.37
	  0.585	 -0.238	 -0.775
	 -0.810	 -0.157	 -0.564
	  0.013	  0.958	 -0.285

9 	  46.90	 -11.25	 -19.42
	  0.429	  0.034	 -0.902
	  0.072	  0.995	  0.072
	  0.900	 -0.096	  0.425

2 	  32.57	  -8.35	  22.92
	  0.185	  0.964	 -0.192
	 -0.980	  0.194	  0.033
	  0.069	  0.182	  0.981

3 	  44.12	  -0.79	   1.27
	  0.508	  0.284	  0.813
	  0.122	  0.910	 -0.395
	 -0.852	  0.300	  0.428

4 	  36.30	   3.85	  -4.20
	  0.533	  0.438	 -0.724
	 -0.200	  0.896	  0.395
	  0.822	 -0.066	  0.565

5 	  43.98	   9.44	  -7.77
	  0.619	  0.216	 -0.755
	  0.747	 -0.459	  0.481
	 -0.243	 -0.862	 -0.445

6 	  47.02	   8.02	 -18.79
	  0.604	 -0.163	 -0.780
	 -0.102	  0.955	 -0.279
	  0.790	  0.248	  0.561

7 	  37.09	  -6.68	  -5.13
	  0.526	 -0.272	 -0.806
	  0.110	  0.961	 -0.252
	  0.843	  0.043	  0.536

8 	  43.12	 -12.66	  -8.49
	  0.568	 -0.240	 -0.787
	 -0.822	 -0.141	 -0.551
	  0.021	  0.960	 -0.278

9 	  46.41	 -11.14	 -19.74
	  0.405	  0.037	 -0.913
	  0.082	  0.993	  0.077
	  0.910	 -0.107	  0.400

2 	  32.55	  -8.35	  22.92
	  0.185	  0.964	 -0.192
	 -0.980	  0.195	  0.032
	  0.069	  0.182	  0.981

3 	  44.07	  -0.81	   1.21
	  0.512	  0.287	  0.809
	  0.120	  0.909	 -0.399
	 -0.850	  0.301	  0.431

4 	  36.19	   3.78	  -4.22
	  0.521	  0.440	 -0.731
	 -0.202	  0.896	  0.395
	  0.829	 -0.059	  0.556

5 	  43.79	   9.42	  -7.91
	  0.606	  0.216	 -0.765
	  0.757	 -0.449	  0.474
	 -0.242	 -0.867	 -0.436

6 	  46.76	   7.96	 -19.02
	  0.593	 -0.164	 -0.789
	 -0.115	  0.952	 -0.284
	  0.797	  0.258	  0.545

7 	  36.97	  -6.68	  -5.12
	  0.510	 -0.274	 -0.815
	  0.111	  0.961	 -0.254
	  0.853	  0.039	  0.520

8 	  42.87	 -12.67	  -8.65
	  0.544	 -0.241	 -0.803
	 -0.838	 -0.128	 -0.530
	  0.024	  0.962	 -0.272

9 	  45.84	 -11.13	 -19.99
	  0.374	  0.039	 -0.927
	  0.088	  0.993	  0.078
	  0.923	 -0.111	  0.368

2 	  32.55	  -8.35	  22.92
	  0.185	  0.964	 -0.192
	 -0.980	  0.195	  0.032
	  0.069	  0.182	  0.981

3 	  44.05	  -0.83	   1.18
	  0.515	  0.291	  0.806
	  0.116	  0.908	 -0.403
	 -0.849	  0.301	  0.434

4 	  36.14	   3.76	  -4.20
	  0.513	  0.443	 -0.735
	 -0.203	  0.895	  0.398
	  0.834	 -0.056	  0.549

5 	  43.61	   9.44	  -8.03
	  0.592	  0.219	 -0.775
	  0.768	 -0.441	  0.463
	 -0.241	 -0.870	 -0.430

6 	  46.39	   7.98	 -19.16
	  0.578	 -0.161	 -0.800
	 -0.124	  0.952	 -0.281
	  0.806	  0.262	  0.531

7 	  36.84	  -6.66	  -5.10
	  0.495	 -0.278	 -0.823
	  0.114	  0.960	 -0.255
	  0.861	  0.032	  0.508

8 	  42.59	 -12.74	  -8.77
	  0.525	 -0.246	 -0.815
	 -0.850	 -0.117	 -0.512
	  0.030	  0.962	 -0.271

9 	  45.33	 -11.18	 -20.18
	  0.350	  0.037	 -0.936
	  0.093	  0.993	  0.075
	  0.932	 -0.114	  0.344

2 	  32.57	  -8.35	  22.92
	  0.185	  0.964	 -0.192
	 -0.980	  0.195	  0.032
	  0.069	  0.182	  0.981

3 	  44.00	  -0.84	   1.14
	  0.519	  0.295	  0.802
	  0.112	  0.907	 -0.406
	 -0.847	  0.301	  0.438

4 	  36.04	   3.73	  -4.18
	  0.501	  0.445	 -0.742
	 -0.196	  0.894	  0.403
	  0.843	 -0.057	  0.535

5 	  43.35	   9.40	  -8.17
	  0.573	  0.219	 -0.790
	  0.781	 -0.438	  0.445
	 -0.249	 -0.871	 -0.423

6 	  45.84	   7.96	 -19.53
	  0.553	 -0.159	 -0.818
	 -0.134	  0.952	 -0.276
	  0.822	  0.262	  0.505

7 	  36.76	  -6.64	  -5.10
	  0.484	 -0.279	 -0.829
	  0.115	  0.960	 -0.256
	  0.867	  0.028	  0.497

8 	  42.40	 -12.76	  -8.88
	  0.509	 -0.249	 -0.824
	 -0.860	 -0.107	 -0.499
	  0.036	  0.962	 -0.269

9 	  44.98	 -11.21	 -20.30
	  0.334	  0.033	 -0.942
	  0.099	  0.992	  0.070
	  0.937	 -0.117	  0.328

2 	  32.55	  -8.35	  22.92
	  0.185	  0.963	 -0.192
	 -0.980	  0.195	  0.032
	  0.069	  0.182	  0.981

3 	  43.93	  -0.81	   1.11
	  0.522	  0.301	  0.798
	  0.105	  0.906	 -0.411
	 -0.846	  0.298	  0.441

4 	  35.86	   3.69	  -4.20
	  0.486	  0.448	 -0.750
	 -0.195	  0.892	  0.407
	  0.852	 -0.052	  0.521

5 	  43.05	   9.44	  -8.38
	  0.553	  0.219	 -0.804
	  0.796	 -0.425	  0.431
	 -0.247	 -0.878	 -0.409

6 	  45.32	   7.80	 -19.79
	  0.531	 -0.167	 -0.830
	 -0.145	  0.948	 -0.283
	  0.834	  0.271	  0.480

7 	  36.65	  -6.64	  -5.06
	  0.475	 -0.278	 -0.835
	  0.112	  0.960	 -0.255
	  0.872	  0.028	  0.488

8 	  42.19	 -12.74	  -8.95
	  0.498	 -0.249	 -0.831
	 -0.866	 -0.098	 -0.490
	  0.040	  0.963	 -0.264

9 	  44.68	 -11.23	 -20.43
	  0.323	  0.035	 -0.946
	  0.104	  0.992	  0.072
	  0.940	 -0.122	  0.317

2 	  32.55	  -8.35	  22.92
	  0.185	  0.964	 -0.192
	 -0.980	  0.195	  0.032
	  0.069	  0.182	  0.981

3 	  43.88	  -0.77	   1.05
	  0.526	  0.306	  0.793
	  0.097	  0.905	 -0.414
	 -0.845	  0.294	  0.446

4 	  35.75	   3.64	  -4.20
	  0.475	  0.450	 -0.756
	 -0.195	  0.892	  0.408
	  0.858	 -0.047	  0.511

5 	  42.86	   9.35	  -8.54
	  0.538	  0.215	 -0.815
	  0.805	 -0.417	  0.422
	 -0.249	 -0.883	 -0.397

6 	  44.96	   7.68	 -19.95
	  0.517	 -0.174	 -0.838
	 -0.148	  0.946	 -0.288
	  0.842	  0.273	  0.464

7 	  36.60	  -6.63	  -5.04
	  0.465	 -0.276	 -0.841
	  0.109	  0.961	 -0.255
	  0.878	  0.027	  0.477

8 	  42.08	 -12.74	  -9.07
	  0.485	 -0.247	 -0.839
	 -0.873	 -0.091	 -0.478
	  0.041	  0.964	 -0.260

9 	  44.77	 -11.71	 -19.51
	  0.326	  0.029	 -0.945
	  0.118	  0.990	  0.071
	  0.938	 -0.135	  0.320

2 	  32.55	  -8.35	  22.92
	  0.185	  0.963	 -0.192
	 -0.980	  0.195	  0.032
	  0.069	  0.182	  0.981

3 	  43.88	  -0.79	   1.04
	  0.527	  0.309	  0.791
	  0.095	  0.904	 -0.416
	 -0.844	  0.295	  0.448

4 	  35.75	   3.60	  -4.20
	  0.465	  0.451	 -0.762
	 -0.193	  0.891	  0.410
	  0.864	 -0.044	  0.501

5 	  42.71	   9.37	  -8.67
	  0.523	  0.215	 -0.825
	  0.814	 -0.413	  0.408
	 -0.253	 -0.885	 -0.391

6 	  44.54	   7.61	 -20.16
	  0.494	 -0.178	 -0.851
	 -0.151	  0.946	 -0.285
	  0.856	  0.269	  0.440

7 	  36.54	  -6.61	  -5.04
	  0.457	 -0.278	 -0.845
	  0.111	  0.960	 -0.255
	  0.882	  0.022	  0.470

8 	  41.89	 -12.74	  -9.16
	  0.469	 -0.250	 -0.847
	 -0.882	 -0.082	 -0.464
	  0.046	  0.965	 -0.258

9 	  44.09	 -11.32	 -20.58
	  0.286	  0.036	 -0.957
	  0.111	  0.991	  0.070
	  0.951	 -0.127	  0.280

2 	  32.55	  -8.35	  22.92
	  0.185	  0.964	 -0.192
	 -0.980	  0.195	  0.032
	  0.069	  0.182	  0.981

3 	  43.86	  -0.79	   1.00
	  0.529	  0.314	  0.788
	  0.091	  0.902	 -0.421
	 -0.844	  0.294	  0.448

4 	  35.70	   3.57	  -4.20
	  0.454	  0.454	 -0.767
	 -0.193	  0.890	  0.413
	  0.870	 -0.040	  0.492

5 	  42.61	   9.35	  -8.75
	  0.509	  0.217	 -0.833
	  0.821	 -0.413	  0.394
	 -0.259	 -0.884	 -0.389

6 	  44.21	   7.66	 -20.27
	  0.475	 -0.179	 -0.861
	 -0.153	  0.947	 -0.281
	  0.866	  0.266	  0.422

7 	  36.51	  -6.64	  -5.03
	  0.449	 -0.284	 -0.847
	  0.116	  0.959	 -0.259
	  0.886	  0.018	  0.463

8 	  41.78	 -12.85	  -9.18
	  0.458	 -0.256	 -0.851
	 -0.887	 -0.076	 -0.454
	  0.051	  0.964	 -0.262

9 	  43.77	 -11.32	 -20.72
	  0.268	  0.036	 -0.963
	  0.110	  0.991	  0.068
	  0.957	 -0.125	  0.262

2 	  32.57	  -8.35	  22.92
	  0.186	  0.964	 -0.192
	 -0.980	  0.195	  0.032
	  0.069	  0.182	  0.981

3 	  43.86	  -0.81	   0.98
	  0.530	  0.317	  0.786
	  0.089	  0.901	 -0.423
	 -0.843	  0.294	  0.449

4 	  35.67	   3.57	  -4.20
	  0.449	  0.456	 -0.769
	 -0.192	  0.889	  0.415
	  0.872	 -0.039	  0.487

5 	  42.52	   9.37	  -8.82
	  0.499	  0.219	 -0.838
	  0.826	 -0.411	  0.384
	 -0.261	 -0.884	 -0.387

6 	  44.05	   7.68	 -20.34
	  0.468	 -0.177	 -0.865
	 -0.159	  0.947	 -0.279
	  0.869	  0.268	  0.416

7 	  36.46	  -6.66	  -5.03
	  0.444	 -0.288	 -0.848
	  0.119	  0.958	 -0.262
	  0.888	  0.015	  0.460

8 	  41.66	 -12.90	  -9.16
	  0.452	 -0.260	 -0.853
	 -0.890	 -0.073	 -0.449
	  0.055	  0.963	 -0.265

9 	  43.58	 -11.43	 -20.78
	  0.260	  0.032	 -0.965
	  0.111	  0.992	  0.063
	  0.959	 -0.124	  0.254

2 	  32.55	  -8.35	  22.92
	  0.185	  0.964	 -0.192
	 -0.980	  0.195	  0.032
	  0.069	  0.182	  0.981

3 	  43.80	  -0.83	   0.95
	  0.533	  0.319	  0.783
	  0.086	  0.901	 -0.425
	 -0.842	  0.294	  0.453

4 	  35.60	   3.55	  -4.18
	  0.444	  0.457	 -0.770
	 -0.191	  0.888	  0.418
	  0.875	 -0.039	  0.482

5 	  42.40	   9.39	  -8.86
	  0.491	  0.223	 -0.842
	  0.831	 -0.410	  0.376
	 -0.261	 -0.885	 -0.386

6 	  43.82	   7.73	 -20.41
	  0.455	 -0.175	 -0.873
	 -0.165	  0.947	 -0.276
	  0.875	  0.269	  0.402

7 	  36.40	  -6.66	  -5.01
	  0.438	 -0.292	 -0.850
	  0.123	  0.956	 -0.265
	  0.890	  0.011	  0.455

8 	  41.57	 -12.97	  -9.18
	  0.443	 -0.266	 -0.856
	 -0.894	 -0.071	 -0.441
	  0.057	  0.961	 -0.269

9 	  43.37	 -11.50	 -20.81
	  0.248	  0.030	 -0.968
	  0.109	  0.992	  0.059
	  0.962	 -0.121	  0.243

2 	  32.55	  -8.37	  22.92
	  0.186	  0.963	 -0.192
	 -0.980	  0.195	  0.032
	  0.069	  0.182	  0.981

3 	  43.80	  -0.83	   0.91
	  0.536	  0.321	  0.781
	  0.083	  0.900	 -0.428
	 -0.840	  0.293	  0.455

4 	  35.60	   3.53	  -4.18
	  0.436	  0.459	 -0.774
	 -0.190	  0.888	  0.419
	  0.880	 -0.036	  0.474

5 	  42.29	   9.40	  -8.89
	  0.480	  0.226	 -0.848
	  0.837	 -0.406	  0.366
	 -0.262	 -0.885	 -0.384

6 	  43.56	   7.73	 -20.46
	  0.440	 -0.177	 -0.880
	 -0.168	  0.947	 -0.275
	  0.882	  0.268	  0.387

7 	  36.39	  -6.68	  -4.97
	  0.436	 -0.294	 -0.850
	  0.124	  0.956	 -0.266
	  0.891	  0.010	  0.453

8 	  41.52	 -12.99	  -9.19
	  0.439	 -0.268	 -0.857
	 -0.896	 -0.070	 -0.437
	  0.057	  0.961	 -0.271

9 	  43.22	 -11.55	 -20.83
	  0.239	  0.032	 -0.971
	  0.106	  0.992	  0.059
	  0.965	 -0.117	  0.234

2 	  32.55	  -8.37	  22.92
	  0.186	  0.964	 -0.192
	 -0.980	  0.195	  0.033
	  0.069	  0.182	  0.981

3 	  43.80	  -0.84	   0.90
	  0.537	  0.323	  0.779
	  0.081	  0.899	 -0.429
	 -0.839	  0.293	  0.457

4 	  35.56	   3.52	  -4.17
	  0.431	  0.463	 -0.775
	 -0.194	  0.886	  0.421
	  0.881	 -0.031	  0.472

5 	  42.22	   9.44	  -8.91
	  0.476	  0.229	 -0.849
	  0.840	 -0.405	  0.361
	 -0.261	 -0.885	 -0.385

6 	  43.49	   7.73	 -20.46
	  0.436	 -0.180	 -0.882
	 -0.168	  0.946	 -0.276
	  0.884	  0.269	  0.382

7 	  36.39	  -6.70	  -4.99
	  0.436	 -0.296	 -0.850
	  0.125	  0.955	 -0.268
	  0.891	  0.010	  0.453

8 	  41.52	 -13.03	  -9.18
	  0.440	 -0.270	 -0.856
	 -0.896	 -0.070	 -0.439
	  0.059	  0.960	 -0.273

9 	  43.31	 -11.62	 -20.76
	  0.247	  0.027	 -0.969
	  0.109	  0.992	  0.055
	  0.963	 -0.120	  0.242

2 	  32.55	  -8.37	  22.92
	  0.186	  0.964	 -0.192
	 -0.980	  0.195	  0.032
	  0.069	  0.182	  0.981

3 	  43.80	  -0.84	   0.90
	  0.538	  0.323	  0.778
	  0.080	  0.900	 -0.429
	 -0.839	  0.293	  0.458

4 	  35.53	   3.53	  -4.15
	  0.432	  0.467	 -0.771
	 -0.199	  0.883	  0.424
	  0.879	 -0.030	  0.475

5 	  42.24	   9.46	  -8.88
	  0.479	  0.230	 -0.847
	  0.839	 -0.403	  0.365
	 -0.257	 -0.885	 -0.387

6 	  43.86	   7.75	 -20.27
	  0.459	 -0.180	 -0.870
	 -0.167	  0.944	 -0.283
	  0.872	  0.275	  0.404

7 	  36.33	  -6.75	  -4.96
	  0.452	 -0.304	 -0.838
	  0.131	  0.952	 -0.274
	  0.882	  0.014	  0.471

8 	  41.68	 -13.08	  -8.91
	  0.475	 -0.277	 -0.835
	 -0.877	 -0.072	 -0.475
	  0.072	  0.958	 -0.277

9 	  44.75	 -11.65	 -19.39
	  0.344	  0.012	 -0.939
	  0.118	  0.991	  0.056
	  0.931	 -0.130	  0.340

2 	  32.55	  -8.37	  22.92
	  0.186	  0.964	 -0.192
	 -0.980	  0.195	  0.032
	  0.069	  0.182	  0.981

3 	  43.77	  -0.84	   0.91
	  0.541	  0.318	  0.779
	  0.083	  0.901	 -0.426
	 -0.837	  0.294	  0.461

4 	  35.54	   3.57	  -4.13
	  0.448	  0.472	 -0.760
	 -0.208	  0.881	  0.425
	  0.869	 -0.033	  0.493

5 	  42.49	   9.47	  -8.51
	  0.519	  0.234	 -0.822
	  0.820	 -0.406	  0.402
	 -0.240	 -0.883	 -0.403

6 	  44.54	   7.82	 -19.88
	  0.499	 -0.178	 -0.848
	 -0.156	  0.944	 -0.290
	  0.852	  0.277	  0.444

7 	  36.42	  -6.80	  -4.96
	  0.470	 -0.306	 -0.827
	  0.135	  0.952	 -0.275
	  0.872	  0.017	  0.489

8 	  41.99	 -13.08	  -8.70
	  0.509	 -0.277	 -0.815
	 -0.857	 -0.084	 -0.507
	  0.072	  0.957	 -0.280

9 	  44.91	 -11.97	 -20.06
	  0.356	 -0.001	 -0.934
	  0.128	  0.990	  0.048
	  0.925	 -0.137	  0.353

2 	  32.55	  -8.37	  22.92
	  0.186	  0.964	 -0.192
	 -0.980	  0.195	  0.032
	  0.069	  0.182	  0.981

3 	  43.80	  -0.86	   0.95
	  0.541	  0.313	  0.781
	  0.088	  0.902	 -0.423
	 -0.837	  0.297	  0.460

4 	  35.65	   3.60	  -4.15
	  0.464	  0.473	 -0.749
	 -0.215	  0.880	  0.422
	  0.859	 -0.035	  0.510

5 	  42.86	   9.49	  -8.21
	  0.553	  0.236	 -0.799
	  0.799	 -0.419	  0.430
	 -0.233	 -0.877	 -0.421

6 	  45.35	   7.86	 -19.48
	  0.535	 -0.178	 -0.826
	 -0.134	  0.947	 -0.291
	  0.834	  0.266	  0.483

7 	  36.54	  -6.84	  -4.96
	  0.490	 -0.308	 -0.815
	  0.143	  0.951	 -0.274
	  0.859	  0.017	  0.510

8 	  42.33	 -13.10	  -8.40
	  0.547	 -0.274	 -0.791
	 -0.833	 -0.090	 -0.546
	  0.078	  0.957	 -0.278

9 	  45.77	 -11.94	 -19.60
	  0.408	  0.000	 -0.913
	  0.123	  0.991	  0.055
	  0.904	 -0.135	  0.404

2 	  32.55	  -8.35	  22.92
	  0.185	  0.964	 -0.192
	 -0.980	  0.195	  0.033
	  0.069	  0.182	  0.981

3 	  43.82	  -0.90	   1.00
	  0.540	  0.304	  0.784
	  0.102	  0.901	 -0.420
	 -0.835	  0.307	  0.456

4 	  35.75	   3.66	  -4.15
	  0.482	  0.473	 -0.737
	 -0.221	  0.880	  0.420
	  0.847	 -0.040	  0.529

5 	  43.28	   9.44	  -7.88
	  0.590	  0.234	 -0.772
	  0.772	 -0.440	  0.458
	 -0.233	 -0.867	 -0.440

6 	  46.21	   7.89	 -18.95
	  0.573	 -0.182	 -0.799
	 -0.100	  0.952	 -0.289
	  0.813	  0.245	  0.527

7 	  36.60	  -6.87	  -4.94
	  0.507	 -0.311	 -0.803
	  0.152	  0.950	 -0.272
	  0.848	  0.016	  0.530

8 	  42.71	 -13.17	  -8.05
	  0.588	 -0.277	 -0.759
	 -0.805	 -0.109	 -0.584
	  0.079	  0.954	 -0.288

9 	  46.71	 -12.06	 -19.05
	  0.461	 -0.007	 -0.887
	  0.113	  0.992	  0.051
	  0.880	 -0.124	  0.458

2 	  32.55	  -8.35	  22.92
	  0.185	  0.964	 -0.193
	 -0.980	  0.195	  0.032
	  0.069	  0.182	  0.981

3 	  43.88	  -0.93	   1.05
	  0.540	  0.296	  0.787
	  0.112	  0.902	 -0.417
	 -0.834	  0.313	  0.454

4 	  35.84	   3.71	  -4.13
	  0.499	  0.476	 -0.724
	 -0.233	  0.878	  0.417
	  0.834	 -0.039	  0.549

5 	  43.59	   9.49	  -7.42
	  0.630	  0.235	 -0.740
	  0.744	 -0.455	  0.489
	 -0.222	 -0.859	 -0.462

6 	  47.07	   7.93	 -18.35
	  0.612	 -0.185	 -0.769
	 -0.066	  0.957	 -0.283
	  0.788	  0.224	  0.574

7 	  36.74	  -6.96	  -4.92
	  0.529	 -0.316	 -0.787
	  0.162	  0.948	 -0.271
	  0.833	  0.016	  0.553

8 	  43.15	 -13.15	  -7.61
	  0.632	 -0.279	 -0.723
	 -0.771	 -0.135	 -0.622
	  0.076	  0.951	 -0.301

9 	  47.69	 -12.25	 -18.30
	  0.518	 -0.021	 -0.855
	  0.104	  0.994	  0.038
	  0.849	 -0.108	  0.517

2 	  32.55	  -8.35	  22.92
	  0.185	  0.964	 -0.193
	 -0.980	  0.195	  0.033
	  0.069	  0.182	  0.981

3 	  43.93	  -0.97	   1.12
	  0.537	  0.289	  0.792
	  0.121	  0.903	 -0.412
	 -0.835	  0.317	  0.450

4 	  35.98	   3.74	  -4.15
	  0.515	  0.478	 -0.711
	 -0.243	  0.877	  0.415
	  0.822	 -0.041	  0.568

5 	  43.98	   9.49	  -7.05
	  0.664	  0.238	 -0.709
	  0.716	 -0.476	  0.510
	 -0.217	 -0.846	 -0.487

6 	  47.85	   8.07	 -17.81
	  0.649	 -0.177	 -0.740
	 -0.048	  0.961	 -0.272
	  0.759	  0.211	  0.615

7 	  36.91	  -7.00	  -4.92
	  0.550	 -0.318	 -0.772
	  0.167	  0.948	 -0.271
	  0.818	  0.020	  0.574

8 	  43.52	 -13.18	  -7.21
	  0.664	 -0.283	 -0.692
	 -0.744	 -0.162	 -0.648
	  0.071	  0.945	 -0.319

9 	  48.41	 -12.46	 -17.82
	  0.554	 -0.033	 -0.832
	  0.098	  0.995	  0.025
	  0.826	 -0.096	  0.555

2 	  32.55	  -8.35	  22.92
	  0.185	  0.964	 -0.192
	 -0.980	  0.195	  0.033
	  0.069	  0.182	  0.981

3 	  44.03	  -0.97	   1.21
	  0.530	  0.283	  0.799
	  0.130	  0.904	 -0.407
	 -0.838	  0.319	  0.442

4 	  36.16	   3.78	  -4.15
	  0.529	  0.480	 -0.700
	 -0.252	  0.876	  0.411
	  0.810	 -0.041	  0.584

5 	  44.33	   9.51	  -6.68
	  0.690	  0.240	 -0.683
	  0.694	 -0.488	  0.530
	 -0.206	 -0.839	 -0.503

6 	  48.45	   8.17	 -17.31
	  0.674	 -0.175	 -0.717
	 -0.030	  0.964	 -0.263
	  0.738	  0.199	  0.645

7 	  37.11	  -7.05	  -4.90
	  0.566	 -0.320	 -0.759
	  0.172	  0.947	 -0.271
	  0.806	  0.023	  0.592

8 	  43.88	 -13.20	  -6.93
	  0.686	 -0.284	 -0.670
	 -0.724	 -0.183	 -0.665
	  0.066	  0.941	 -0.331

9 	  49.03	 -12.53	 -17.33
	  0.582	 -0.039	 -0.812
	  0.090	  0.996	  0.017
	  0.807	 -0.083	  0.584

2 	  32.57	  -8.35	  22.92
	  0.185	  0.964	 -0.193
	 -0.980	  0.194	  0.033
	  0.069	  0.182	  0.981

3 	  44.07	  -1.00	   1.28
	  0.525	  0.280	  0.804
	  0.137	  0.904	 -0.405
	 -0.840	  0.323	  0.436

4 	  36.26	   3.81	  -4.17
	  0.540	  0.480	 -0.691
	 -0.256	  0.876	  0.409
	  0.802	 -0.044	  0.596

5 	  44.58	   9.46	  -6.43
	  0.712	  0.236	 -0.661
	  0.671	 -0.505	  0.543
	 -0.205	 -0.830	 -0.518

6 	  49.03	   8.21	 -16.96
	  0.692	 -0.178	 -0.699
	 -0.006	  0.968	 -0.252
	  0.722	  0.178	  0.669

7 	  37.20	  -7.08	  -4.92
	  0.575	 -0.322	 -0.752
	  0.177	  0.946	 -0.270
	  0.798	  0.022	  0.602

8 	  44.10	 -13.17	  -6.66
	  0.707	 -0.283	 -0.648
	 -0.704	 -0.197	 -0.682
	  0.065	  0.938	 -0.339

9 	  49.57	 -12.46	 -16.82
	  0.611	 -0.042	 -0.790
	  0.083	  0.996	  0.012
	  0.787	 -0.073	  0.612

2 	  32.55	  -8.35	  22.92
	  0.185	  0.964	 -0.193
	 -0.980	  0.194	  0.033
	  0.069	  0.182	  0.981

3 	  44.10	  -0.98	   1.32
	  0.523	  0.277	  0.806
	  0.141	  0.904	 -0.403
	 -0.840	  0.324	  0.434

4 	  36.30	   3.85	  -4.17
	  0.549	  0.481	 -0.683
	 -0.259	  0.875	  0.408
	  0.795	 -0.047	  0.605

5 	  44.79	   9.47	  -6.10
	  0.733	  0.236	 -0.638
	  0.650	 -0.518	  0.556
	 -0.199	 -0.823	 -0.533

6 	  49.48	   8.26	 -16.44
	  0.715	 -0.178	 -0.676
	  0.011	  0.970	 -0.244
	  0.699	  0.167	  0.695

7 	  37.25	  -7.08	  -4.89
	  0.587	 -0.323	 -0.742
	  0.182	  0.946	 -0.268
	  0.789	  0.023	  0.614

8 	  44.26	 -13.17	  -6.38
	  0.728	 -0.281	 -0.625
	 -0.682	 -0.210	 -0.700
	  0.066	  0.936	 -0.344

9 	  49.99	 -12.59	 -16.44
	  0.637	 -0.044	 -0.769
	  0.080	  0.996	  0.010
	  0.766	 -0.069	  0.639

2 	  32.55	  -8.35	  22.92
	  0.185	  0.964	 -0.193
	 -0.980	  0.194	  0.033
	  0.069	  0.182	  0.981

3 	  44.12	  -0.98	   1.34
	  0.522	  0.275	  0.807
	  0.143	  0.904	 -0.401
	 -0.841	  0.325	  0.433

4 	  36.33	   3.85	  -4.15
	  0.555	  0.482	 -0.678
	 -0.263	  0.875	  0.406
	  0.789	 -0.048	  0.613

5 	  44.86	   9.44	  -5.96
	  0.743	  0.235	 -0.626
	  0.640	 -0.523	  0.563
	 -0.195	 -0.819	 -0.539

6 	  49.68	   8.24	 -16.21
	  0.726	 -0.177	 -0.664
	  0.015	  0.970	 -0.243
	  0.687	  0.166	  0.708

7 	  37.32	  -7.12	  -4.89
	  0.596	 -0.324	 -0.735
	  0.183	  0.946	 -0.268
	  0.781	  0.025	  0.623

8 	  44.46	 -13.22	  -6.19
	  0.743	 -0.281	 -0.607
	 -0.666	 -0.226	 -0.711
	  0.062	  0.933	 -0.354

9 	  50.38	 -12.59	 -16.08
	  0.657	 -0.044	 -0.752
	  0.072	  0.997	  0.005
	  0.750	 -0.058	  0.659

2 	  32.55	  -8.35	  22.92
	  0.184	  0.964	 -0.192
	 -0.980	  0.194	  0.033
	  0.069	  0.182	  0.981

3 	  44.14	  -1.00	   1.37
	  0.520	  0.274	  0.809
	  0.146	  0.905	 -0.400
	 -0.842	  0.326	  0.431

4 	  36.35	   3.85	  -4.15
	  0.557	  0.484	 -0.675
	 -0.268	  0.874	  0.405
	  0.786	 -0.045	  0.617

5 	  44.91	   9.49	  -5.89
	  0.749	  0.238	 -0.618
	  0.635	 -0.520	  0.571
	 -0.186	 -0.821	 -0.541

6 	  49.85	   8.23	 -16.05
	  0.736	 -0.179	 -0.653
	  0.018	  0.969	 -0.245
	  0.676	  0.169	  0.717

7 	  37.37	  -7.17	  -4.89
	  0.605	 -0.325	 -0.727
	  0.186	  0.945	 -0.267
	  0.774	  0.026	  0.633

8 	  44.75	 -13.13	  -5.78
	  0.767	 -0.277	 -0.578
	 -0.639	 -0.251	 -0.727
	  0.057	  0.927	 -0.369

9 	  50.91	 -12.64	 -15.47
	  0.687	 -0.047	 -0.725
	  0.059	  0.998	 -0.009
	  0.724	 -0.036	  0.689

2 	  32.55	  -8.35	  22.92
	  0.184	  0.964	 -0.193
	 -0.980	  0.194	  0.033
	  0.069	  0.182	  0.981

3 	  44.12	  -0.98	   1.41
	  0.519	  0.274	  0.810
	  0.146	  0.905	 -0.400
	 -0.842	  0.325	  0.430

4 	  36.35	   3.87	  -4.15
	  0.563	  0.490	 -0.665
	 -0.280	  0.871	  0.404
	  0.777	 -0.042	  0.628

5 	  45.02	   9.49	  -5.59
	  0.769	  0.239	 -0.593
	  0.616	 -0.526	  0.587
	 -0.171	 -0.816	 -0.552

6 	  50.33	   8.26	 -15.43
	  0.762	 -0.178	 -0.622
	  0.029	  0.970	 -0.243
	  0.646	  0.167	  0.744

7 	  37.44	  -7.19	  -4.89
	  0.620	 -0.329	 -0.712
	  0.190	  0.944	 -0.270
	  0.761	  0.031	  0.648

8 	  44.98	 -13.10	  -5.36
	  0.792	 -0.280	 -0.542
	 -0.608	 -0.287	 -0.740
	  0.052	  0.916	 -0.398

9 	  51.57	 -12.71	 -14.75
	  0.718	 -0.057	 -0.693
	  0.043	  0.998	 -0.037
	  0.694	 -0.004	  0.720

2 	  32.55	  -8.35	  22.92
	  0.184	  0.964	 -0.193
	 -0.980	  0.194	  0.033
	  0.069	  0.182	  0.981

3 	  44.14	  -0.95	   1.44
	  0.518	  0.269	  0.812
	  0.147	  0.906	 -0.395
	 -0.842	  0.324	  0.430

4 	  36.42	   3.94	  -4.13
	  0.573	  0.496	 -0.652
	 -0.290	  0.867	  0.405
	  0.767	 -0.043	  0.640

5 	  45.21	   9.56	  -5.17
	  0.789	  0.245	 -0.563
	  0.592	 -0.544	  0.594
	 -0.161	 -0.803	 -0.574

6 	  50.84	   8.44	 -14.94
	  0.782	 -0.171	 -0.599
	  0.040	  0.973	 -0.225
	  0.621	  0.152	  0.769

7 	  37.58	  -7.21	  -4.89
	  0.636	 -0.335	 -0.694
	  0.195	  0.941	 -0.275
	  0.746	  0.040	  0.665

8 	  45.30	 -13.01	  -4.76
	  0.815	 -0.287	 -0.503
	 -0.578	 -0.341	 -0.742
	  0.041	  0.895	 -0.443

9 	  52.14	 -13.13	 -13.97
	  0.747	 -0.082	 -0.659
	  0.035	  0.996	 -0.084
	  0.663	  0.040	  0.747

2 	  32.55	  -8.35	  22.92
	  0.185	  0.964	 -0.193
	 -0.980	  0.194	  0.033
	  0.069	  0.182	  0.981

3 	  44.21	  -0.95	   1.48
	  0.516	  0.264	  0.815
	  0.152	  0.908	 -0.391
	 -0.843	  0.326	  0.428

4 	  36.54	   3.97	  -4.17
	  0.583	  0.500	 -0.640
	 -0.299	  0.865	  0.403
	  0.755	 -0.044	  0.654

5 	  45.40	   9.56	  -4.85
	  0.806	  0.246	 -0.539
	  0.572	 -0.556	  0.603
	 -0.151	 -0.794	 -0.589

6 	  51.22	   8.58	 -14.40
	  0.801	 -0.166	 -0.575
	  0.048	  0.976	 -0.214
	  0.596	  0.144	  0.790

7 	  37.72	  -7.24	  -4.90
	  0.649	 -0.339	 -0.681
	  0.198	  0.940	 -0.278
	  0.734	  0.045	  0.677

8 	  45.42	 -13.01	  -4.54
	  0.825	 -0.291	 -0.484
	 -0.563	 -0.352	 -0.747
	  0.047	  0.889	 -0.454

9 	  52.44	 -13.18	 -13.52
	  0.764	 -0.091	 -0.639
	  0.047	  0.995	 -0.086
	  0.643	  0.035	  0.765

2 	  32.57	  -8.35	  22.92
	  0.184	  0.964	 -0.193
	 -0.980	  0.194	  0.033
	  0.069	  0.182	  0.981

3 	  44.31	  -0.91	   1.53
	  0.510	  0.261	  0.819
	  0.157	  0.908	 -0.388
	 -0.846	  0.327	  0.422

4 	  36.67	   4.03	  -4.17
	  0.591	  0.503	 -0.630
	 -0.305	  0.863	  0.403
	  0.746	 -0.046	  0.664

5 	  45.56	   9.60	  -4.64
	  0.815	  0.250	 -0.522
	  0.560	 -0.566	  0.605
	 -0.145	 -0.786	 -0.602

6 	  51.57	   8.70	 -14.01
	  0.813	 -0.160	 -0.559
	  0.053	  0.978	 -0.203
	  0.579	  0.135	  0.804

7 	  37.81	  -7.24	  -4.92
	  0.654	 -0.340	 -0.675
	  0.202	  0.939	 -0.277
	  0.729	  0.044	  0.683

8 	  45.51	 -13.01	  -4.43
	  0.831	 -0.292	 -0.474
	 -0.554	 -0.354	 -0.753
	  0.052	  0.888	 -0.456

9 	  52.65	 -13.04	 -13.50
	  0.770	 -0.089	 -0.632
	  0.049	  0.995	 -0.081
	  0.636	  0.031	  0.771

2 	  32.57	  -8.35	  22.92
	  0.184	  0.964	 -0.193
	 -0.980	  0.194	  0.033
	  0.069	  0.182	  0.981

3 	  44.35	  -0.93	   1.56
	  0.508	  0.257	  0.822
	  0.166	  0.907	 -0.386
	 -0.845	  0.333	  0.418

4 	  36.70	   4.06	  -4.15
	  0.599	  0.506	 -0.621
	 -0.310	  0.861	  0.403
	  0.738	 -0.049	  0.672

5 	  45.69	   9.58	  -4.36
	  0.830	  0.247	 -0.500
	  0.541	 -0.571	  0.617
	 -0.133	 -0.783	 -0.608

6 	  51.94	   8.63	 -13.50
	  0.831	 -0.165	 -0.532
	  0.064	  0.977	 -0.202
	  0.552	  0.133	  0.823

7 	  37.81	  -7.26	  -4.94
	  0.662	 -0.343	 -0.666
	  0.208	  0.938	 -0.276
	  0.719	  0.044	  0.693

8 	  45.58	 -12.97	  -4.20
	  0.845	 -0.288	 -0.450
	 -0.531	 -0.364	 -0.765
	  0.056	  0.885	 -0.461

9 	  52.93	 -13.13	 -12.94
	  0.789	 -0.091	 -0.608
	  0.053	  0.995	 -0.080
	  0.612	  0.031	  0.790

2 	  32.55	  -8.35	  22.92
	  0.185	  0.964	 -0.193
	 -0.980	  0.194	  0.033
	  0.069	  0.182	  0.981

3 	  44.33	  -0.97	   1.58
	  0.510	  0.251	  0.823
	  0.173	  0.907	 -0.384
	 -0.843	  0.338	  0.419

4 	  36.70	   4.11	  -4.11
	  0.611	  0.511	 -0.604
	 -0.320	  0.857	  0.403
	  0.724	 -0.053	  0.688

5 	  45.79	   9.60	  -3.88
	  0.852	  0.246	 -0.462
	  0.510	 -0.583	  0.632
	 -0.114	 -0.774	 -0.623

6 	  52.37	   8.61	 -12.80
	  0.854	 -0.164	 -0.494
	  0.076	  0.978	 -0.193
	  0.515	  0.126	  0.848

7 	  37.83	  -7.29	  -4.90
	  0.679	 -0.350	 -0.645
	  0.211	  0.935	 -0.285
	  0.703	  0.057	  0.709

8 	  45.70	 -12.96	  -3.76
	  0.864	 -0.285	 -0.414
	 -0.499	 -0.386	 -0.776
	  0.061	  0.877	 -0.476

9 	  53.37	 -13.17	 -12.11
	  0.819	 -0.092	 -0.566
	  0.050	  0.995	 -0.089
	  0.571	  0.045	  0.819

2 	  32.57	  -8.35	  22.92
	  0.185	  0.964	 -0.193
	 -0.980	  0.194	  0.033
	  0.069	  0.182	  0.981

3 	  44.30	  -0.97	   1.58
	  0.512	  0.247	  0.823
	  0.175	  0.907	 -0.382
	 -0.841	  0.339	  0.421

4 	  36.70	   4.13	  -4.10
	  0.615	  0.517	 -0.595
	 -0.326	  0.854	  0.404
	  0.718	 -0.055	  0.694

5 	  45.86	   9.56	  -3.50
	  0.867	  0.249	 -0.432
	  0.488	 -0.599	  0.635
	 -0.101	 -0.761	 -0.641

6 	  52.73	   8.75	 -12.09
	  0.871	 -0.160	 -0.465
	  0.085	  0.980	 -0.178
	  0.484	  0.115	  0.867

7 	  37.95	  -7.40	  -4.85
	  0.698	 -0.362	 -0.617
	  0.219	  0.929	 -0.296
	  0.681	  0.071	  0.729

8 	  45.88	 -12.88	  -3.16
	  0.885	 -0.282	 -0.369
	 -0.460	 -0.417	 -0.784
	  0.067	  0.864	 -0.499

9 	  53.91	 -13.22	 -11.02
	  0.850	 -0.097	 -0.518
	  0.046	  0.993	 -0.111
	  0.525	  0.070	  0.848

2 	  32.55	  -8.35	  22.92
	  0.185	  0.964	 -0.193
	 -0.980	  0.194	  0.033
	  0.069	  0.182	  0.981

3 	  44.30	  -0.97	   1.60
	  0.512	  0.246	  0.823
	  0.176	  0.907	 -0.381
	 -0.841	  0.340	  0.421

4 	  36.76	   4.17	  -4.08
	  0.623	  0.528	 -0.577
	 -0.344	  0.847	  0.404
	  0.702	 -0.054	  0.710

5 	  45.97	   9.62	  -2.99
	  0.883	  0.255	 -0.393
	  0.462	 -0.614	  0.640
	 -0.078	 -0.747	 -0.661

6 	  53.24	   8.95	 -11.13
	  0.894	 -0.148	 -0.422
	  0.090	  0.984	 -0.153
	  0.438	  0.098	  0.894

7 	  38.07	  -7.51	  -4.82
	  0.715	 -0.372	 -0.592
	  0.225	  0.924	 -0.308
	  0.661	  0.087	  0.745

8 	  46.09	 -12.81	  -2.53
	  0.903	 -0.280	 -0.324
	 -0.422	 -0.450	 -0.787
	  0.074	  0.848	 -0.525

9 	  54.44	 -13.34	  -9.97
	  0.878	 -0.106	 -0.466
	  0.048	  0.990	 -0.133
	  0.475	  0.094	  0.875

2 	  32.57	  -8.35	  22.90
	  0.185	  0.964	 -0.193
	 -0.980	  0.194	  0.033
	  0.069	  0.182	  0.981

3 	  44.33	  -0.97	   1.63
	  0.510	  0.245	  0.825
	  0.179	  0.907	 -0.380
	 -0.842	  0.341	  0.419

4 	  36.88	   4.17	  -4.08
	  0.632	  0.534	 -0.562
	 -0.354	  0.844	  0.403
	  0.689	 -0.056	  0.722

5 	  46.11	   9.56	  -2.55
	  0.897	  0.258	 -0.357
	  0.436	 -0.631	  0.641
	 -0.060	 -0.732	 -0.679

6 	  53.65	   9.16	 -10.34
	  0.913	 -0.135	 -0.385
	  0.090	  0.987	 -0.133
	  0.398	  0.086	  0.913

7 	  38.20	  -7.63	  -4.80
	  0.729	 -0.386	 -0.565
	  0.238	  0.917	 -0.319
	  0.641	  0.098	  0.761

8 	  46.16	 -12.90	  -2.18
	  0.913	 -0.282	 -0.294
	 -0.398	 -0.467	 -0.790
	  0.085	  0.838	 -0.539

9 	  54.79	 -13.38	  -9.09
	  0.898	 -0.111	 -0.425
	  0.052	  0.988	 -0.146
	  0.436	  0.108	  0.893

2 	  32.57	  -8.35	  22.92
	  0.185	  0.964	 -0.193
	 -0.980	  0.194	  0.033
	  0.069	  0.182	  0.981

3 	  44.42	  -1.02	   1.71
	  0.505	  0.240	  0.829
	  0.189	  0.906	 -0.377
	 -0.842	  0.347	  0.412

4 	  37.00	   4.22	  -4.08
	  0.640	  0.537	 -0.549
	 -0.362	  0.841	  0.401
	  0.677	 -0.058	  0.733

5 	  46.23	   9.60	  -2.18
	  0.909	  0.260	 -0.327
	  0.415	 -0.642	  0.644
	 -0.042	 -0.721	 -0.691

6 	  54.00	   9.14	  -9.74
	  0.924	 -0.135	 -0.356
	  0.099	  0.988	 -0.118
	  0.368	  0.074	  0.927

7 	  38.30	  -7.66	  -4.78
	  0.738	 -0.392	 -0.549
	  0.244	  0.914	 -0.325
	  0.629	  0.106	  0.770

8 	  46.23	 -12.85	  -1.95
	  0.920	 -0.280	 -0.275
	 -0.381	 -0.477	 -0.792
	  0.090	  0.833	 -0.546

9 	  54.97	 -13.43	  -8.63
	  0.908	 -0.112	 -0.403
	  0.055	  0.987	 -0.151
	  0.414	  0.114	  0.903

2 	  32.57	  -8.35	  22.92
	  0.185	  0.964	 -0.193
	 -0.980	  0.194	  0.033
	  0.069	  0.182	  0.981

3 	  44.46	  -1.04	   1.76
	  0.502	  0.238	  0.831
	  0.195	  0.905	 -0.378
	 -0.842	  0.352	  0.408

4 	  37.05	   4.24	  -4.06
	  0.649	  0.543	 -0.533
	 -0.371	  0.837	  0.402
	  0.664	 -0.063	  0.745

5 	  46.34	   9.53	  -1.78
	  0.920	  0.256	 -0.294
	  0.389	 -0.655	  0.647
	 -0.027	 -0.711	 -0.703

6 	  54.28	   9.05	  -9.00
	  0.936	 -0.140	 -0.323
	  0.111	  0.988	 -0.103
	  0.333	  0.060	  0.941

7 	  38.36	  -7.70	  -4.76
	  0.745	 -0.397	 -0.535
	  0.249	  0.911	 -0.329
	  0.618	  0.112	  0.778

8 	  46.25	 -12.85	  -1.65
	  0.928	 -0.277	 -0.251
	 -0.360	 -0.489	 -0.794
	  0.097	  0.827	 -0.553

9 	  54.98	 -13.89	  -8.35
	  0.917	 -0.127	 -0.379
	  0.068	  0.984	 -0.165
	  0.393	  0.125	  0.911

2 	  32.57	  -8.37	  22.92
	  0.185	  0.964	 -0.193
	 -0.980	  0.194	  0.033
	  0.069	  0.182	  0.981

3 	  44.46	  -1.05	   1.76
	  0.502	  0.236	  0.832
	  0.198	  0.905	 -0.377
	 -0.842	  0.354	  0.407

4 	  37.09	   4.31	  -4.03
	  0.655	  0.552	 -0.517
	 -0.381	  0.831	  0.405
	  0.653	 -0.068	  0.754

5 	  46.39	   9.49	  -1.35
	  0.930	  0.255	 -0.264
	  0.367	 -0.671	  0.644
	 -0.013	 -0.696	 -0.718

6 	  54.56	   9.12	  -8.28
	  0.946	 -0.137	 -0.292
	  0.117	  0.990	 -0.083
	  0.300	  0.044	  0.953

7 	  38.41	  -7.75	  -4.75
	  0.753	 -0.405	 -0.518
	  0.257	  0.907	 -0.334
	  0.605	  0.118	  0.787

8 	  46.32	 -12.80	  -1.27
	  0.937	 -0.274	 -0.218
	 -0.332	 -0.500	 -0.800
	  0.110	  0.821	 -0.559

9 	  55.28	 -13.64	  -7.66
	  0.930	 -0.118	 -0.346
	  0.063	  0.984	 -0.165
	  0.360	  0.132	  0.923

2 	  32.57	  -8.35	  22.92
	  0.185	  0.964	 -0.193
	 -0.980	  0.194	  0.033
	  0.069	  0.182	  0.981

3 	  44.46	  -1.02	   1.79
	  0.499	  0.234	  0.834
	  0.201	  0.905	 -0.375
	 -0.843	  0.355	  0.404

4 	  37.14	   4.39	  -3.99
	  0.661	  0.562	 -0.497
	 -0.395	  0.824	  0.406
	  0.638	 -0.072	  0.766

5 	  46.39	   9.54	  -0.91
	  0.938	  0.259	 -0.231
	  0.347	 -0.683	  0.642
	  0.008	 -0.683	 -0.731

6 	  54.81	   9.40	  -7.49
	  0.958	 -0.125	 -0.257
	  0.113	  0.992	 -0.061
	  0.263	  0.029	  0.964

7 	  38.50	  -7.79	  -4.75
	  0.765	 -0.414	 -0.493
	  0.269	  0.901	 -0.340
	  0.585	  0.127	  0.801

8 	  46.34	 -12.74	  -0.83
	  0.946	 -0.273	 -0.176
	 -0.298	 -0.515	 -0.804
	  0.128	  0.812	 -0.568

9 	  55.65	 -13.38	  -6.50
	  0.950	 -0.113	 -0.290
	  0.064	  0.983	 -0.173
	  0.305	  0.146	  0.941

2 	  32.55	  -8.37	  22.92
	  0.185	  0.964	 -0.192
	 -0.980	  0.194	  0.033
	  0.069	  0.182	  0.981

3 	  44.47	  -1.02	   1.81
	  0.496	  0.230	  0.837
	  0.206	  0.905	 -0.371
	 -0.844	  0.357	  0.401

4 	  37.18	   4.46	  -3.96
	  0.666	  0.575	 -0.475
	 -0.411	  0.814	  0.410
	  0.623	 -0.078	  0.778

5 	  46.35	   9.62	  -0.39
	  0.945	  0.264	 -0.190
	  0.323	 -0.697	  0.640
	  0.036	 -0.667	 -0.744

6 	  55.05	   9.60	  -6.43
	  0.971	 -0.115	 -0.210
	  0.111	  0.993	 -0.033
	  0.212	  0.008	  0.977

7 	  38.60	  -7.80	  -4.71
	  0.779	 -0.422	 -0.463
	  0.279	  0.896	 -0.346
	  0.560	  0.140	  0.816

8 	  46.39	 -12.62	  -0.26
	  0.956	 -0.264	 -0.126
	 -0.254	 -0.534	 -0.807
	  0.146	  0.803	 -0.577

9 	  55.92	 -13.27	  -5.47
	  0.966	 -0.109	 -0.234
	  0.066	  0.981	 -0.184
	  0.249	  0.162	  0.955

2 	  32.55	  -8.37	  22.92
	  0.185	  0.964	 -0.193
	 -0.980	  0.195	  0.033
	  0.069	  0.182	  0.981

3 	  44.46	  -0.98	   1.88
	  0.492	  0.227	  0.840
	  0.209	  0.906	 -0.368
	 -0.845	  0.357	  0.398

4 	  37.23	   4.59	  -3.88
	  0.676	  0.588	 -0.445
	 -0.427	  0.804	  0.414
	  0.601	 -0.090	  0.794

5 	  46.32	   9.58	   0.30
	  0.955	  0.264	 -0.135
	  0.287	 -0.716	  0.636
	  0.071	 -0.646	 -0.760

6 	  55.32	   9.77	  -5.08
	  0.984	 -0.100	 -0.145
	  0.101	  0.995	  0.000
	  0.144	 -0.015	  0.989

7 	  38.78	  -7.89	  -4.66
	  0.798	 -0.431	 -0.421
	  0.294	  0.888	 -0.352
	  0.526	  0.157	  0.836

8 	  46.39	 -12.46	   0.39
	  0.965	 -0.254	 -0.065
	 -0.201	 -0.554	 -0.808
	  0.168	  0.792	 -0.586

9 	  56.25	 -13.06	  -3.96
	  0.982	 -0.104	 -0.157
	  0.072	  0.978	 -0.197
	  0.174	  0.182	  0.968

2 	  32.57	  -8.35	  22.90
	  0.185	  0.964	 -0.193
	 -0.980	  0.194	  0.033
	  0.069	  0.182	  0.981

3 	  44.47	  -0.97	   1.92
	  0.490	  0.223	  0.842
	  0.213	  0.906	 -0.365
	 -0.845	  0.358	  0.396

4 	  37.35	   4.64	  -3.87
	  0.685	  0.600	 -0.412
	 -0.445	  0.793	  0.416
	  0.576	 -0.102	  0.811

5 	  46.27	   9.58	   1.00
	  0.961	  0.266	 -0.076
	  0.253	 -0.734	  0.630
	  0.111	 -0.624	 -0.773

6 	  55.58	   9.91	  -3.80
	  0.992	 -0.088	 -0.086
	  0.090	  0.995	  0.030
	  0.083	 -0.038	  0.996

7 	  38.92	  -7.96	  -4.59
	  0.812	 -0.441	 -0.381
	  0.310	  0.880	 -0.359
	  0.494	  0.173	  0.852

8 	  46.39	 -12.41	   1.04
	  0.969	 -0.245	 -0.004
	 -0.149	 -0.576	 -0.804
	  0.195	  0.780	 -0.595

9 	  56.46	 -13.11	  -2.53
	  0.990	 -0.105	 -0.089
	  0.084	  0.973	 -0.213
	  0.109	  0.203	  0.973

2 	  32.55	  -8.35	  22.92
	  0.185	  0.964	 -0.193
	 -0.980	  0.194	  0.033
	  0.069	  0.182	  0.981

3 	  44.51	  -0.93	   1.99
	  0.486	  0.221	  0.845
	  0.218	  0.906	 -0.363
	 -0.847	  0.360	  0.392

4 	  37.44	   4.71	  -3.76
	  0.694	  0.617	 -0.370
	 -0.470	  0.778	  0.416
	  0.545	 -0.115	  0.830

5 	  46.14	   9.49	   1.74
	  0.963	  0.269	 -0.014
	  0.219	 -0.752	  0.622
	  0.157	 -0.602	 -0.783

6 	  55.67	  10.14	  -2.14
	  0.998	 -0.064	 -0.006
	  0.064	  0.996	  0.063
	  0.002	 -0.063	  0.998

7 	  39.06	  -8.09	  -4.50
	  0.821	 -0.452	 -0.348
	  0.325	  0.872	 -0.366
	  0.469	  0.187	  0.863

8 	  46.23	 -12.36	   1.71
	  0.969	 -0.241	  0.057
	 -0.101	 -0.597	 -0.796
	  0.226	  0.765	 -0.603

9 	  56.50	 -13.15	  -1.16
	  0.994	 -0.108	 -0.017
	  0.101	  0.968	 -0.228
	  0.041	  0.225	  0.973

2 	  32.55	  -8.35	  22.92
	  0.185	  0.964	 -0.193
	 -0.980	  0.194	  0.033
	  0.069	  0.182	  0.981

3 	  44.54	  -0.95	   2.02
	  0.483	  0.219	  0.848
	  0.224	  0.905	 -0.361
	 -0.847	  0.364	  0.388

4 	  37.56	   4.78	  -3.73
	  0.701	  0.631	 -0.332
	 -0.489	  0.764	  0.420
	  0.519	 -0.132	  0.844

5 	  46.02	   9.44	   2.41
	  0.961	  0.273	  0.048
	  0.188	 -0.770	  0.610
	  0.203	 -0.577	 -0.791

6 	  55.71	  10.28	  -0.81
	  0.997	 -0.049	  0.058
	  0.043	  0.995	  0.089
	 -0.062	 -0.086	  0.994

7 	  39.16	  -8.21	  -4.41
	  0.828	 -0.467	 -0.310
	  0.346	  0.861	 -0.373
	  0.441	  0.201	  0.874

8 	  46.14	 -12.27	   2.29
	  0.965	 -0.237	  0.105
	 -0.064	 -0.612	 -0.788
	  0.251	  0.754	 -0.606

9 	  56.18	 -13.62	   0.04
	  0.991	 -0.127	  0.047
	  0.134	  0.960	 -0.244
	 -0.014	  0.248	  0.968

2 	  32.57	  -8.35	  22.90
	  0.185	  0.964	 -0.193
	 -0.980	  0.194	  0.033
	  0.069	  0.182	  0.981

3 	  44.58	  -0.97	   2.07
	  0.479	  0.214	  0.851
	  0.232	  0.904	 -0.359
	 -0.847	  0.369	  0.384

4 	  37.69	   4.85	  -3.64
	  0.709	  0.644	 -0.287
	 -0.510	  0.750	  0.421
	  0.486	 -0.153	  0.860

5 	  45.79	   9.39	   3.20
	  0.953	  0.277	  0.121
	  0.153	 -0.787	  0.598
	  0.261	 -0.551	 -0.792

6 	  55.71	  10.46	   1.00
	  0.989	 -0.032	  0.143
	  0.015	  0.993	  0.117
	 -0.146	 -0.113	  0.983

7 	  39.23	  -8.28	  -4.36
	  0.830	 -0.480	 -0.282
	  0.364	  0.851	 -0.377
	  0.421	  0.210	  0.882

8 	  45.93	 -12.32	   2.83
	  0.958	 -0.239	  0.158
	 -0.027	 -0.625	 -0.780
	  0.284	  0.743	 -0.605

9 	  56.25	 -13.39	   1.00
	  0.988	 -0.119	  0.094
	  0.139	  0.959	 -0.247
	 -0.061	  0.257	  0.964

2 	  32.55	  -8.35	  22.92
	  0.185	  0.964	 -0.193
	 -0.980	  0.195	  0.033
	  0.069	  0.182	  0.981

3 	  44.58	  -0.98	   2.13
	  0.474	  0.211	  0.854
	  0.238	  0.904	 -0.355
	 -0.847	  0.372	  0.379

4 	  37.78	   4.94	  -3.59
	  0.711	  0.660	 -0.243
	 -0.534	  0.731	  0.424
	  0.457	 -0.172	  0.872

5 	  45.51	   9.30	   3.92
	  0.941	  0.279	  0.189
	  0.120	 -0.801	  0.586
	  0.314	 -0.530	 -0.788

6 	  55.56	  10.60	   2.36
	  0.977	 -0.021	  0.210
	 -0.008	  0.990	  0.136
	 -0.211	 -0.135	  0.968

7 	  39.38	  -8.38	  -4.27
	  0.837	 -0.490	 -0.241
	  0.382	  0.842	 -0.381
	  0.390	  0.226	  0.892

8 	  45.77	 -12.29	   3.38
	  0.948	 -0.234	  0.215
	  0.019	 -0.635	 -0.772
	  0.317	  0.736	 -0.598

9 	  56.29	 -13.17	   2.41
	  0.980	 -0.113	  0.160
	  0.151	  0.957	 -0.247
	 -0.126	  0.266	  0.955

2 	  32.57	  -8.35	  22.92
	  0.185	  0.964	 -0.193
	 -0.980	  0.194	  0.033
	  0.069	  0.182	  0.981

3 	  44.65	  -0.98	   2.18
	  0.470	  0.208	  0.858
	  0.241	  0.904	 -0.352
	 -0.849	  0.372	  0.374

4 	  37.88	   5.01	  -3.53
	  0.711	  0.675	 -0.196
	 -0.559	  0.712	  0.425
	  0.426	 -0.193	  0.884

5 	  45.18	   9.25	   4.66
	  0.923	  0.280	  0.263
	  0.085	 -0.817	  0.570
	  0.375	 -0.504	 -0.778

6 	  55.28	  10.58	   4.24
	  0.954	 -0.013	  0.298
	 -0.037	  0.986	  0.162
	 -0.296	 -0.166	  0.940

7 	  39.45	  -8.47	  -4.20
	  0.840	 -0.499	 -0.212
	  0.397	  0.833	 -0.385
	  0.369	  0.239	  0.898

8 	  45.51	 -12.23	   3.87
	  0.935	 -0.224	  0.273
	  0.066	 -0.648	 -0.758
	  0.347	  0.727	 -0.592

9 	  56.07	 -13.08	   3.83
	  0.966	 -0.104	  0.234
	  0.163	  0.954	 -0.249
	 -0.198	  0.279	  0.940

2 	  32.57	  -8.35	  22.92
	  0.185	  0.964	 -0.193
	 -0.980	  0.194	  0.033
	  0.069	  0.182	  0.981

3 	  44.67	  -1.00	   2.21
	  0.465	  0.204	  0.861
	  0.244	  0.906	 -0.347
	 -0.851	  0.371	  0.371

4 	  37.97	   5.08	  -3.45
	  0.709	  0.689	 -0.149
	 -0.583	  0.692	  0.425
	  0.396	 -0.215	  0.893

5 	  44.84	   9.09	   5.29
	  0.902	  0.279	  0.329
	  0.056	 -0.833	  0.551
	  0.428	 -0.479	 -0.767

6 	  54.90	  10.65	   5.61
	  0.932	 -0.006	  0.363
	 -0.064	  0.981	  0.182
	 -0.357	 -0.193	  0.914

7 	  39.60	  -8.54	  -4.13
	  0.846	 -0.505	 -0.170
	  0.414	  0.824	 -0.385
	  0.335	  0.256	  0.907

8 	  45.28	 -12.15	   4.45
	  0.916	 -0.211	  0.340
	  0.127	 -0.653	 -0.746
	  0.380	  0.727	 -0.572

9 	  55.83	 -12.92	   5.22
	  0.947	 -0.095	  0.306
	  0.174	  0.954	 -0.244
	 -0.269	  0.284	  0.920

2 	  32.55	  -8.35	  22.92
	  0.185	  0.964	 -0.193
	 -0.980	  0.194	  0.033
	  0.069	  0.182	  0.981

3 	  44.74	  -0.95	   2.30
	  0.456	  0.201	  0.867
	  0.243	  0.909	 -0.339
	 -0.856	  0.365	  0.366

4 	  38.07	   5.20	  -3.39
	  0.705	  0.699	 -0.117
	 -0.600	  0.676	  0.427
	  0.377	 -0.231	  0.896

5 	  44.49	   9.05	   5.89
	  0.877	  0.276	  0.392
	  0.027	 -0.844	  0.535
	  0.479	 -0.459	 -0.748

6 	  54.46	  10.67	   7.12
	  0.902	 -0.005	  0.431
	 -0.090	  0.976	  0.199
	 -0.422	 -0.218	  0.880

7 	  39.73	  -8.60	  -4.03
	  0.845	 -0.515	 -0.141
	  0.431	  0.814	 -0.389
	  0.315	  0.268	  0.910

8 	  44.93	 -12.01	   5.04
	  0.889	 -0.199	  0.412
	  0.187	 -0.663	 -0.725
	  0.417	  0.722	 -0.552

9 	  55.35	 -12.76	   6.75
	  0.917	 -0.086	  0.388
	  0.190	  0.953	 -0.238
	 -0.350	  0.291	  0.890

2 	  32.55	  -8.35	  22.92
	  0.185	  0.964	 -0.192
	 -0.980	  0.195	  0.033
	  0.069	  0.182	  0.981

3 	  44.75	  -0.91	   2.34
	  0.451	  0.199	  0.870
	  0.241	  0.911	 -0.334
	 -0.859	  0.360	  0.363

4 	  38.14	   5.31	  -3.34
	  0.700	  0.710	 -0.076
	 -0.620	  0.657	  0.429
	  0.355	 -0.254	  0.900

5 	  44.03	   8.93	   6.50
	  0.846	  0.266	  0.461
	 -0.007	 -0.860	  0.510
	  0.532	 -0.435	 -0.726

6 	  53.88	  10.53	   8.60
	  0.865	 -0.014	  0.500
	 -0.113	  0.969	  0.221
	 -0.488	 -0.248	  0.837

7 	  39.87	  -8.68	  -3.94
	  0.843	 -0.528	 -0.100
	  0.453	  0.798	 -0.397
	  0.289	  0.289	  0.912

8 	  44.42	 -11.97	   5.73
	  0.845	 -0.189	  0.500
	  0.263	 -0.667	 -0.697
	  0.465	  0.720	 -0.514

9 	  54.67	 -12.64	   8.54
	  0.873	 -0.078	  0.482
	  0.208	  0.952	 -0.225
	 -0.442	  0.296	  0.847

2 	  32.57	  -8.35	  22.90
	  0.185	  0.964	 -0.193
	 -0.980	  0.194	  0.033
	  0.069	  0.182	  0.980

3 	  44.79	  -0.86	   2.39
	  0.444	  0.196	  0.874
	  0.237	  0.915	 -0.326
	 -0.864	  0.352	  0.360

4 	  38.29	   5.45	  -3.22
	  0.688	  0.725	 -0.022
	 -0.650	  0.629	  0.427
	  0.323	 -0.280	  0.904

5 	  43.40	   8.72	   7.29
	  0.797	  0.252	  0.548
	 -0.046	 -0.881	  0.470
	  0.602	 -0.400	 -0.691

6 	  52.93	  10.51	  10.65
	  0.806	 -0.014	  0.592
	 -0.158	  0.958	  0.237
	 -0.571	 -0.285	  0.770

7 	  39.96	  -8.77	  -3.85
	  0.835	 -0.546	 -0.068
	  0.477	  0.781	 -0.404
	  0.273	  0.305	  0.912

8 	  43.70	 -11.99	   6.26
	  0.789	 -0.183	  0.586
	  0.334	 -0.673	 -0.659
	  0.516	  0.716	 -0.470

9 	  53.61	 -12.78	  10.32
	  0.814	 -0.077	  0.575
	  0.239	  0.947	 -0.212
	 -0.528	  0.310	  0.790

2 	  32.57	  -8.35	  22.92
	  0.185	  0.964	 -0.193
	 -0.980	  0.195	  0.033
	  0.069	  0.182	  0.981

3 	  44.84	  -0.84	   2.44
	  0.437	  0.192	  0.879
	  0.231	  0.920	 -0.316
	 -0.869	  0.341	  0.358

4 	  38.41	   5.55	  -3.18
	  0.672	  0.740	  0.021
	 -0.675	  0.601	  0.428
	  0.304	 -0.302	  0.903

5 	  42.68	   8.60	   7.93
	  0.738	  0.241	  0.630
	 -0.060	 -0.907	  0.417
	  0.672	 -0.345	 -0.655

6 	  51.87	  10.49	  12.43
	  0.741	 -0.012	  0.671
	 -0.217	  0.942	  0.256
	 -0.635	 -0.336	  0.695

7 	  40.10	  -8.86	  -3.73
	  0.824	 -0.565	 -0.023
	  0.507	  0.756	 -0.413
	  0.251	  0.329	  0.910

8 	  43.03	 -12.02	   6.77
	  0.715	 -0.173	  0.677
	  0.415	 -0.676	 -0.609
	  0.563	  0.717	 -0.411

9 	  52.38	 -12.60	  12.23
	  0.732	 -0.061	  0.678
	  0.247	  0.952	 -0.182
	 -0.634	  0.301	  0.712

2 	  32.57	  -8.35	  22.92
	  0.185	  0.964	 -0.193
	 -0.980	  0.194	  0.033
	  0.069	  0.182	  0.981

3 	  44.89	  -0.79	   2.51
	  0.425	  0.186	  0.886
	  0.216	  0.929	 -0.299
	 -0.879	  0.318	  0.354

4 	  38.48	   5.66	  -3.02
	  0.641	  0.765	  0.058
	 -0.714	  0.567	  0.412
	  0.282	 -0.306	  0.909

5 	  41.85	   8.54	   8.49
	  0.668	  0.242	  0.703
	 -0.058	 -0.926	  0.374
	  0.741	 -0.291	 -0.605

6 	  50.48	  10.81	  14.04
	  0.672	  0.003	  0.740
	 -0.295	  0.918	  0.263
	 -0.679	 -0.395	  0.618

7 	  40.27	  -8.98	  -3.64
	  0.809	 -0.588	  0.011
	  0.538	  0.732	 -0.419
	  0.238	  0.344	  0.908

8 	  42.01	 -12.02	   7.24
	  0.617	 -0.163	  0.769
	  0.490	 -0.686	 -0.538
	  0.615	  0.709	 -0.344

9 	  50.68	 -12.52	  14.06
	  0.631	 -0.051	  0.774
	  0.268	  0.950	 -0.157
	 -0.728	  0.307	  0.613

2 	  32.57	  -8.35	  22.92
	  0.185	  0.964	 -0.193
	 -0.980	  0.194	  0.033
	  0.069	  0.182	  0.981

3 	  44.93	  -0.76	   2.50
	  0.417	  0.180	  0.891
	  0.189	  0.941	 -0.279
	 -0.889	  0.285	  0.359

4 	  38.55	   5.77	  -2.90
	  0.611	  0.786	  0.090
	 -0.745	  0.534	  0.399
	  0.265	 -0.312	  0.912

5 	  40.92	   8.60	   8.91
	  0.584	  0.255	  0.771
	 -0.042	 -0.938	  0.343
	  0.810	 -0.233	 -0.537

6 	  49.11	  11.11	  15.35
	  0.597	  0.013	  0.802
	 -0.360	  0.898	  0.253
	 -0.717	 -0.440	  0.541

7 	  40.41	  -9.00	  -3.60
	  0.785	 -0.617	  0.053
	  0.580	  0.702	 -0.414
	  0.218	  0.356	  0.909

8 	  40.96	 -11.97	   7.56
	  0.506	 -0.155	  0.848
	  0.541	 -0.709	 -0.452
	  0.671	  0.688	 -0.275

9 	  48.73	 -12.52	  15.64
	  0.518	 -0.048	  0.854
	  0.314	  0.939	 -0.138
	 -0.795	  0.340	  0.502

2 	  32.55	  -8.35	  22.92
	  0.185	  0.964	 -0.193
	 -0.980	  0.194	  0.033
	  0.069	  0.182	  0.981

3 	  45.02	  -0.70	   2.55
	  0.405	  0.166	  0.899
	  0.168	  0.953	 -0.252
	 -0.899	  0.253	  0.358

4 	  38.67	   5.89	  -2.81
	  0.586	  0.801	  0.120
	 -0.772	  0.507	  0.383
	  0.246	 -0.318	  0.915

5 	  40.04	   8.63	   9.12
	  0.489	  0.260	  0.833
	 -0.052	 -0.944	  0.325
	  0.871	 -0.202	 -0.448

6 	  47.53	  11.34	  16.63
	  0.507	  0.022	  0.861
	 -0.417	  0.881	  0.222
	 -0.755	 -0.472	  0.456

7 	  40.48	  -9.11	  -3.50
	  0.743	 -0.663	  0.091
	  0.638	  0.661	 -0.395
	  0.201	  0.352	  0.914

8 	  39.90	 -11.90	   7.77
	  0.399	 -0.155	  0.904
	  0.547	 -0.751	 -0.370
	  0.736	  0.642	 -0.215

9 	  46.78	 -12.83	  16.65
	  0.425	 -0.052	  0.903
	  0.376	  0.918	 -0.124
	 -0.823	  0.393	  0.410

2 	  32.57	  -8.35	  22.92
	  0.185	  0.964	 -0.192
	 -0.980	  0.194	  0.033
	  0.069	  0.182	  0.981

3 	  45.07	  -0.72	   2.58
	  0.391	  0.158	  0.906
	  0.145	  0.962	 -0.231
	 -0.909	  0.221	  0.353

4 	  38.76	   5.99	  -2.76
	  0.556	  0.820	  0.132
	 -0.795	  0.478	  0.372
	  0.242	 -0.313	  0.918

5 	  39.36	   8.56	   9.18
	  0.404	  0.259	  0.877
	 -0.052	 -0.951	  0.304
	  0.913	 -0.169	 -0.371

6 	  46.32	  11.41	  17.40
	  0.436	  0.019	  0.900
	 -0.462	  0.862	  0.206
	 -0.772	 -0.506	  0.385

7 	  40.71	  -9.19	  -3.50
	  0.719	 -0.682	  0.130
	  0.672	  0.636	 -0.379
	  0.176	  0.360	  0.916

8 	  39.18	 -11.87	   7.84
	  0.299	 -0.154	  0.941
	  0.551	 -0.777	 -0.303
	  0.778	  0.610	 -0.148

9 	  45.33	 -12.97	  17.35
	  0.331	 -0.041	  0.943
	  0.473	  0.872	 -0.128
	 -0.817	  0.488	  0.307

2 	  32.55	  -8.35	  22.92
	  0.185	  0.964	 -0.193
	 -0.980	  0.194	  0.033
	  0.069	  0.182	  0.980

3 	  45.18	  -0.62	   2.64
	  0.375	  0.157	  0.913
	  0.130	  0.967	 -0.220
	 -0.918	  0.201	  0.342

4 	  38.95	   6.06	  -2.74
	  0.544	  0.827	  0.142
	 -0.805	  0.467	  0.365
	  0.235	 -0.314	  0.920

5 	  38.87	   8.49	   9.19
	  0.321	  0.240	  0.916
	 -0.092	 -0.955	  0.282
	  0.942	 -0.175	 -0.284

6 	  45.33	  11.00	  17.98
	  0.375	 -0.006	  0.927
	 -0.490	  0.847	  0.204
	 -0.786	 -0.531	  0.315

7 	  40.94	  -9.26	  -3.39
	  0.690	 -0.700	  0.186
	  0.711	  0.608	 -0.353
	  0.134	  0.375	  0.917

8 	  38.79	 -11.83	   7.89
	  0.240	 -0.151	  0.959
	  0.543	 -0.798	 -0.261
	  0.804	  0.583	 -0.110

9 	  44.38	 -13.01	  17.86
	  0.279	 -0.021	  0.960
	  0.562	  0.813	 -0.146
	 -0.778	  0.581	  0.239

2 	  32.55	  -8.35	  22.92
	  0.185	  0.964	 -0.193
	 -0.980	  0.194	  0.033
	  0.069	  0.182	  0.981

3 	  45.28	  -0.67	   2.69
	  0.361	  0.154	  0.920
	  0.133	  0.967	 -0.215
	 -0.923	  0.200	  0.328

4 	  39.25	   6.08	  -2.74
	  0.542	  0.825	  0.158
	 -0.812	  0.465	  0.354
	  0.218	 -0.321	  0.922

5 	  38.64	   8.37	   9.18
	  0.264	  0.222	  0.938
	 -0.120	 -0.958	  0.260
	  0.957	 -0.181	 -0.227

6 	  44.61	  10.74	  18.44
	  0.318	 -0.026	  0.947
	 -0.522	  0.829	  0.198
	 -0.791	 -0.558	  0.251

7 	  41.08	  -9.39	  -3.25
	  0.666	 -0.711	  0.227
	  0.739	  0.589	 -0.325
	  0.097	  0.384	  0.918

8 	  38.58	 -11.69	   8.09
	  0.215	 -0.146	  0.965
	  0.497	 -0.834	 -0.237
	  0.840	  0.531	 -0.107

9 	  44.10	 -13.25	  18.12
	  0.290	 -0.016	  0.957
	  0.720	  0.661	 -0.208
	 -0.630	  0.750	  0.203

2 	  32.57	  -8.35	  22.92
	  0.185	  0.964	 -0.193
	 -0.980	  0.194	  0.033
	  0.069	  0.182	  0.980

3 	  45.39	  -0.69	   2.71
	  0.352	  0.155	  0.923
	  0.137	  0.967	 -0.215
	 -0.926	  0.202	  0.319

4 	  39.48	   6.12	  -2.71
	  0.544	  0.821	  0.172
	 -0.814	  0.467	  0.344
	  0.203	 -0.328	  0.923

5 	  38.48	   8.37	   9.21
	  0.224	  0.206	  0.952
	 -0.140	 -0.960	  0.241
	  0.964	 -0.187	 -0.187

6 	  44.05	  10.51	  18.88
	  0.301	 -0.052	  0.952
	 -0.644	  0.725	  0.243
	 -0.703	 -0.687	  0.185

7 	  41.15	  -9.49	  -3.04
	  0.651	 -0.713	  0.259
	  0.755	  0.578	 -0.309
	  0.071	  0.397	  0.915

8 	  38.53	 -11.65	   8.23
	  0.211	 -0.141	  0.967
	  0.468	 -0.854	 -0.227
	  0.858	  0.501	 -0.114

9 	  44.00	 -13.32	  18.28
	  0.302	 -0.007	  0.953
	  0.796	  0.552	 -0.248
	 -0.525	  0.834	  0.172

2 	  32.55	  -8.35	  22.92
	  0.185	  0.964	 -0.193
	 -0.980	  0.194	  0.033
	  0.069	  0.182	  0.980

3 	  45.44	  -0.72	   2.74
	  0.343	  0.158	  0.926
	  0.140	  0.966	 -0.217
	 -0.929	  0.204	  0.309

4 	  39.66	   6.12	  -2.69
	  0.544	  0.819	  0.182
	 -0.817	  0.467	  0.336
	  0.190	 -0.332	  0.924

5 	  38.41	   8.31	   9.26
	  0.201	  0.185	  0.962
	 -0.154	 -0.964	  0.217
	  0.967	 -0.192	 -0.165

6 	  43.72	  10.62	  18.98
	  0.343	 -0.049	  0.938
	 -0.833	  0.447	  0.328
	 -0.435	 -0.893	  0.112

7 	  41.26	  -9.54	  -2.97
	  0.648	 -0.709	  0.276
	  0.759	  0.578	 -0.299
	  0.052	  0.404	  0.913

8 	  38.55	 -11.64	   8.33
	  0.203	 -0.113	  0.972
	  0.480	 -0.854	 -0.200
	  0.853	  0.507	 -0.119

9 	  43.79	 -13.17	  18.49
	  0.304	  0.021	  0.952
	  0.869	  0.404	 -0.286
	 -0.391	  0.914	  0.105

