2  853.23  -38.40  578.64  
   0.17  -0.99  0.01  
   0.99  0.17  0.03  
   -0.03  0.00  1.00  

4  1121.57  146.00  -120.10  
   0.62  -0.68  0.38  
   0.78  0.60  -0.18  
   -0.10  0.41  0.91  

5  1116.66  414.78  -37.06  
   -0.25  -0.05  0.97  
   -0.97  0.05  -0.25  
   -0.04  -1.00  -0.06  

3  1233.64  -25.45  -41.97  
   -0.27  0.03  -0.96  
   -0.19  -0.98  0.02  
   -0.95  0.19  0.27  

6  1378.30  466.13  -76.35  
   1.00  0.04  0.01  
   -0.04  0.99  -0.10  
   -0.01  0.10  1.00  

7  1104.16  -190.65  -113.85  
   0.50  0.80  0.34  
   -0.87  0.46  0.19  
   -0.00  -0.39  0.92  

8  1055.94  -435.32  16.97  
   -0.11  0.04  0.99  
   0.98  0.17  0.10  
   -0.17  0.98  -0.06  

9  1319.36  -531.32  -52.24  
   0.98  0.00  0.22  
   -0.08  0.94  0.34  
   -0.20  -0.35  0.92  

5  1116.21  415.23  -37.50  
   -0.25  -0.05  0.97  
   -0.97  0.05  -0.25  
   -0.04  -1.00  -0.06  

4  1121.12  146.00  -120.10  
   0.62  -0.68  0.38  
   0.78  0.60  -0.18  
   -0.10  0.41  0.91  

2  853.23  -38.84  578.64  
   0.17  -0.99  0.01  
   0.98  0.17  0.03  
   -0.03  0.00  1.00  

3  1234.08  -25.45  -41.97  
   -0.27  0.03  -0.96  
   -0.19  -0.98  0.02  
   -0.95  0.19  0.27  

6  1378.30  466.58  -76.80  
   1.00  0.04  0.01  
   -0.04  0.99  -0.10  
   -0.01  0.10  1.00  

7  1104.16  -190.65  -114.30  
   0.50  0.80  0.34  
   -0.87  0.46  0.19  
   -0.01  -0.39  0.92  

9  1319.36  -530.87  -52.69  
   0.98  -0.00  0.22  
   -0.07  0.94  0.34  
   -0.20  -0.35  0.92  

8  1055.94  -435.32  16.97  
   -0.11  0.04  0.99  
   0.98  0.17  0.10  
   -0.17  0.98  -0.06  

2  853.23  -38.40  578.64  
   0.17  -0.99  0.01  
   0.98  0.17  0.03  
   -0.03  0.00  1.00  

3  1234.08  -25.45  -42.42  
   -0.27  0.03  -0.96  
   -0.19  -0.98  0.02  
   -0.94  0.19  0.27  

4  1121.12  146.00  -120.55  
   0.62  -0.68  0.38  
   0.78  0.60  -0.18  
   -0.11  0.41  0.91  

6  1377.85  467.02  -77.24  
   1.00  0.04  0.01  
   -0.04  0.99  -0.10  
   -0.02  0.10  0.99  

5  1116.21  415.68  -36.61  
   -0.25  -0.05  0.97  
   -0.97  0.05  -0.25  
   -0.04  -1.00  -0.06  

7  1104.16  -190.20  -113.85  
   0.50  0.80  0.34  
   -0.87  0.46  0.19  
   -0.01  -0.39  0.92  

9  1319.81  -531.76  -54.02  
   0.98  -0.00  0.22  
   -0.08  0.94  0.34  
   -0.21  -0.35  0.92  

8  1055.94  -435.32  16.52  
   -0.11  0.04  0.99  
   0.98  0.17  0.10  
   -0.17  0.98  -0.06  

2  853.23  -38.84  578.64  
   0.17  -0.99  0.01  
   0.98  0.17  0.03  
   -0.03  0.00  1.00  

4  1121.12  146.45  -120.55  
   0.62  -0.68  0.38  
   0.78  0.60  -0.18  
   -0.11  0.41  0.91  

3  1234.08  -25.45  -43.31  
   -0.27  0.03  -0.96  
   -0.19  -0.98  0.02  
   -0.94  0.19  0.27  

5  1116.66  415.68  -35.27  
   -0.26  -0.06  0.96  
   -0.97  0.05  -0.25  
   -0.04  -1.00  -0.07  

6  1378.30  467.02  -77.69  
   1.00  0.04  0.02  
   -0.04  0.99  -0.10  
   -0.02  0.10  0.99  

8  1056.38  -435.32  16.52  
   -0.11  0.04  0.99  
   0.98  0.17  0.10  
   -0.16  0.98  -0.06  

7  1104.16  -190.20  -114.30  
   0.50  0.80  0.34  
   -0.87  0.46  0.19  
   -0.01  -0.39  0.92  

9  1319.81  -531.32  -55.81  
   0.97  -0.00  0.22  
   -0.07  0.94  0.34  
   -0.21  -0.34  0.92  

2  853.23  -38.40  578.64  
   0.17  -0.99  0.01  
   0.99  0.17  0.03  
   -0.03  0.00  1.00  

3  1234.53  -25.45  -43.31  
   -0.27  0.03  -0.96  
   -0.19  -0.98  0.02  
   -0.94  0.19  0.27  

5  1117.55  416.57  -36.17  
   -0.26  -0.06  0.96  
   -0.97  0.05  -0.25  
   -0.03  -1.00  -0.08  

6  1378.74  466.13  -80.37  
   1.00  0.05  0.02  
   -0.04  0.99  -0.10  
   -0.03  0.09  0.99  

4  1121.12  146.00  -120.10  
   0.62  -0.68  0.38  
   0.77  0.61  -0.18  
   -0.11  0.41  0.91  

8  1056.38  -435.32  15.63  
   -0.11  0.05  0.99  
   0.98  0.17  0.10  
   -0.16  0.98  -0.06  

7  1103.71  -190.65  -114.30  
   0.50  0.80  0.34  
   -0.87  0.46  0.19  
   -0.01  -0.39  0.92  

9  1319.81  -531.32  -56.26  
   0.97  -0.00  0.22  
   -0.07  0.94  0.33  
   -0.21  -0.34  0.92  

2  853.23  -38.84  578.64  
   0.17  -0.99  0.01  
   0.98  0.17  0.03  
   -0.03  0.00  1.00  

4  1121.12  146.00  -120.10  
   0.62  -0.68  0.38  
   0.77  0.61  -0.18  
   -0.11  0.41  0.91  

3  1234.53  -25.90  -43.31  
   -0.27  0.03  -0.96  
   -0.19  -0.98  0.02  
   -0.94  0.19  0.27  

5  1118.44  415.68  -37.06  
   -0.26  -0.07  0.96  
   -0.97  0.05  -0.26  
   -0.03  -1.00  -0.08  

6  1379.19  465.24  -82.15  
   1.00  0.05  0.03  
   -0.04  0.99  -0.10  
   -0.03  0.09  0.99  

7  1103.71  -190.65  -114.30  
   0.50  0.80  0.34  
   -0.87  0.46  0.19  
   -0.01  -0.39  0.92  

8  1056.38  -435.32  15.18  
   -0.11  0.05  0.99  
   0.98  0.17  0.10  
   -0.16  0.98  -0.07  

9  1319.81  -531.76  -57.15  
   0.97  -0.00  0.22  
   -0.08  0.94  0.33  
   -0.21  -0.34  0.92  

2  853.23  -38.84  578.64  
   0.17  -0.99  0.01  
   0.98  0.17  0.03  
   -0.03  0.00  1.00  

3  1234.08  -25.90  -43.31  
   -0.27  0.03  -0.96  
   -0.19  -0.98  0.02  
   -0.94  0.19  0.27  

4  1121.12  145.55  -120.55  
   0.62  -0.68  0.38  
   0.77  0.61  -0.18  
   -0.11  0.41  0.91  

5  1118.89  416.12  -36.61  
   -0.26  -0.07  0.96  
   -0.96  0.05  -0.26  
   -0.03  -1.00  -0.09  

6  1379.64  465.24  -83.49  
   1.00  0.05  0.04  
   -0.04  0.99  -0.10  
   -0.04  0.10  0.99  

7  1103.71  -190.65  -114.75  
   0.50  0.80  0.34  
   -0.87  0.46  0.19  
   -0.01  -0.39  0.92  

8  1055.94  -435.77  14.73  
   -0.11  0.05  0.99  
   0.98  0.16  0.10  
   -0.16  0.98  -0.07  

9  1319.36  -532.21  -58.94  
   0.97  -0.00  0.23  
   -0.08  0.94  0.33  
   -0.21  -0.34  0.92  

3  1234.08  -25.45  -42.86  
   -0.27  0.03  -0.96  
   -0.19  -0.98  0.02  
   -0.94  0.19  0.27  

2  853.23  -38.84  578.64  
   0.17  -0.99  0.01  
   0.98  0.17  0.03  
   -0.03  0.00  1.00  

4  1121.12  146.00  -120.55  
   0.62  -0.68  0.38  
   0.77  0.61  -0.18  
   -0.11  0.41  0.91  

5  1118.89  416.12  -36.17  
   -0.26  -0.07  0.96  
   -0.96  0.05  -0.26  
   -0.03  -1.00  -0.08  

6  1379.19  465.68  -83.05  
   1.00  0.05  0.04  
   -0.04  0.99  -0.10  
   -0.04  0.10  0.99  

7  1103.71  -190.65  -114.75  
   0.50  0.80  0.34  
   -0.87  0.46  0.19  
   -0.01  -0.39  0.92  

9  1318.91  -531.76  -58.49  
   0.97  -0.00  0.23  
   -0.08  0.94  0.33  
   -0.21  -0.34  0.92  

8  1055.49  -435.77  14.29  
   -0.11  0.05  0.99  
   0.98  0.16  0.10  
   -0.16  0.99  -0.07  

2  853.23  -38.84  578.64  
   0.17  -0.99  0.01  
   0.98  0.17  0.03  
   -0.03  0.00  1.00  

4  1121.57  146.00  -120.10  
   0.62  -0.68  0.38  
   0.77  0.61  -0.18  
   -0.11  0.41  0.91  

5  1120.23  416.12  -36.17  
   -0.27  -0.05  0.96  
   -0.96  0.05  -0.26  
   -0.04  -1.00  -0.06  

3  1234.08  -25.90  -42.86  
   -0.27  0.03  -0.96  
   -0.19  -0.98  0.02  
   -0.94  0.19  0.27  

6  1380.53  464.34  -80.81  
   1.00  0.05  0.03  
   -0.05  0.99  -0.10  
   -0.03  0.10  0.99  

7  1103.71  -190.20  -114.30  
   0.50  0.80  0.34  
   -0.87  0.46  0.18  
   -0.01  -0.38  0.92  

9  1318.47  -531.76  -56.26  
   0.98  0.00  0.21  
   -0.07  0.94  0.33  
   -0.20  -0.34  0.92  

8  1052.81  -434.88  12.95  
   -0.10  0.02  0.99  
   0.98  0.17  0.10  
   -0.16  0.99  -0.04  

2  853.23  -38.84  578.64  
   0.17  -0.99  0.01  
   0.99  0.17  0.03  
   -0.03  0.00  1.00  

6  1384.99  464.79  -74.12  
   1.00  0.05  0.00  
   -0.05  0.99  -0.10  
   -0.01  0.10  0.99  

5  1120.23  416.12  -35.72  
   -0.27  -0.02  0.96  
   -0.96  0.05  -0.27  
   -0.05  -1.00  -0.04  

4  1121.12  146.45  -120.10  
   0.62  -0.68  0.38  
   0.77  0.61  -0.18  
   -0.11  0.41  0.91  

3  1234.08  -25.45  -42.86  
   -0.27  0.03  -0.96  
   -0.19  -0.98  0.02  
   -0.94  0.19  0.27  

7  1103.26  -190.20  -114.30  
   0.49  0.80  0.33  
   -0.87  0.46  0.18  
   -0.01  -0.38  0.92  

8  1051.47  -435.77  10.27  
   -0.10  -0.01  0.99  
   0.98  0.17  0.10  
   -0.17  0.99  -0.01  

9  1317.58  -530.42  -47.77  
   0.98  0.01  0.17  
   -0.07  0.94  0.33  
   -0.16  -0.34  0.93  

2  853.23  -38.84  578.64  
   0.17  -0.99  0.01  
   0.98  0.17  0.03  
   -0.03  0.00  1.00  

3  1234.08  -25.90  -42.86  
   -0.27  0.03  -0.96  
   -0.19  -0.98  0.02  
   -0.94  0.19  0.27  

4  1122.02  146.45  -120.10  
   0.63  -0.68  0.38  
   0.77  0.61  -0.18  
   -0.11  0.41  0.91  

5  1120.23  417.02  -38.84  
   -0.27  0.03  0.96  
   -0.96  0.05  -0.27  
   -0.06  -1.00  0.01  

6  1389.01  463.90  -61.61  
   1.00  0.05  -0.05  
   -0.05  0.99  -0.09  
   0.05  0.09  0.99  

7  1103.71  -189.76  -114.75  
   0.49  0.80  0.33  
   -0.87  0.46  0.18  
   -0.01  -0.38  0.93  

9  1321.15  -531.32  -33.49  
   0.99  0.02  0.12  
   -0.06  0.94  0.34  
   -0.10  -0.34  0.93  

8  1050.13  -438.00  6.25  
   -0.10  -0.06  0.99  
   0.98  0.17  0.11  
   -0.18  0.98  0.04  

2  853.23  -38.84  578.64  
   0.17  -0.99  0.01  
   0.98  0.17  0.03  
   -0.03  0.00  1.00  

5  1121.57  417.46  -42.42  
   -0.26  0.09  0.96  
   -0.96  0.05  -0.27  
   -0.07  -0.99  0.07  

3  1234.08  -25.90  -42.42  
   -0.27  0.03  -0.96  
   -0.19  -0.98  0.02  
   -0.95  0.19  0.27  

4  1124.25  147.34  -120.55  
   0.63  -0.68  0.37  
   0.77  0.61  -0.18  
   -0.10  0.40  0.91  

6  1388.57  464.34  -44.20  
   0.99  0.04  -0.12  
   -0.05  0.99  -0.09  
   0.11  0.09  0.99  

7  1104.16  -190.65  -114.75  
   0.49  0.81  0.33  
   -0.87  0.46  0.18  
   -0.01  -0.37  0.93  

9  1322.04  -525.51  -18.75  
   1.00  0.03  0.06  
   -0.04  0.94  0.35  
   -0.04  -0.35  0.94  

8  1048.79  -437.55  3.57  
   -0.10  -0.11  0.99  
   0.98  0.18  0.12  
   -0.19  0.98  0.09  

2  853.23  -38.84  578.64  
   0.17  -0.99  0.01  
   0.98  0.17  0.03  
   -0.03  0.00  1.00  

3  1234.53  -25.90  -41.52  
   -0.26  0.03  -0.96  
   -0.18  -0.98  0.02  
   -0.95  0.18  0.26  

5  1120.68  417.91  -44.20  
   -0.26  0.15  0.95  
   -0.96  0.05  -0.27  
   -0.09  -0.99  0.14  

4  1127.37  148.23  -121.00  
   0.63  -0.69  0.36  
   0.77  0.61  -0.18  
   -0.10  0.39  0.92  

6  1389.01  464.34  -19.65  
   0.98  0.03  -0.21  
   -0.05  1.00  -0.08  
   0.20  0.09  0.97  

8  1045.22  -438.00  0.00  
   -0.09  -0.18  0.98  
   0.98  0.18  0.12  
   -0.20  0.97  0.16  

9  1320.70  -526.85  -1.79  
   1.00  0.04  -0.01  
   -0.03  0.94  0.35  
   0.03  -0.35  0.94  

7  1105.50  -190.65  -114.75  
   0.49  0.81  0.32  
   -0.87  0.46  0.17  
   -0.00  -0.36  0.93  

2  853.23  -38.84  578.64  
   0.17  -0.99  0.01  
   0.98  0.17  0.03  
   -0.03  0.00  1.00  

3  1234.08  -26.34  -41.08  
   -0.26  0.02  -0.96  
   -0.18  -0.98  0.03  
   -0.95  0.18  0.26  

5  1119.34  418.36  -41.52  
   -0.24  0.20  0.95  
   -0.96  0.06  -0.26  
   -0.11  -0.98  0.18  

4  1129.16  149.13  -120.10  
   0.63  -0.69  0.35  
   0.77  0.61  -0.18  
   -0.09  0.38  0.92  

6  1388.57  465.68  -5.36  
   0.97  0.02  -0.25  
   -0.04  0.99  -0.09  
   0.24  0.10  0.96  

8  1044.77  -438.00  -1.79  
   -0.08  -0.23  0.97  
   0.97  0.19  0.13  
   -0.21  0.95  0.21  

7  1105.94  -191.10  -115.64  
   0.49  0.82  0.31  
   -0.87  0.46  0.17  
   -0.00  -0.35  0.94  

9  1319.36  -526.41  13.84  
   1.00  0.05  -0.08  
   -0.02  0.93  0.36  
   0.09  -0.36  0.93  

2  853.23  -38.84  578.64  
   0.17  -0.99  0.01  
   0.98  0.17  0.03  
   -0.03  0.00  1.00  

3  1234.08  -26.34  -39.74  
   -0.26  0.02  -0.97  
   -0.18  -0.98  0.03  
   -0.95  0.18  0.26  

4  1130.94  150.02  -119.21  
   0.63  -0.70  0.34  
   0.77  0.61  -0.18  
   -0.08  0.38  0.92  

5  1117.55  418.36  -37.95  
   -0.23  0.24  0.94  
   -0.96  0.08  -0.26  
   -0.13  -0.97  0.21  

9  1318.02  -521.94  33.49  
   0.99  0.06  -0.14  
   -0.01  0.93  0.37  
   0.15  -0.36  0.92  

8  1042.99  -438.45  -1.79  
   -0.08  -0.28  0.96  
   0.97  0.20  0.14  
   -0.23  0.94  0.26  

7  1106.39  -191.10  -115.64  
   0.49  0.82  0.30  
   -0.87  0.46  0.17  
   0.00  -0.35  0.94  

6  1384.99  467.92  15.18  
   0.95  0.00  -0.30  
   -0.04  0.99  -0.11  
   0.30  0.11  0.95  

2  853.23  -38.84  578.64  
   0.17  -0.99  0.01  
   0.98  0.17  0.03  
   -0.03  0.00  1.00  

5  1112.19  417.91  -36.17  
   -0.21  0.29  0.93  
   -0.96  0.10  -0.25  
   -0.16  -0.95  0.26  

3  1233.64  -26.34  -38.84  
   -0.26  0.02  -0.97  
   -0.18  -0.98  0.03  
   -0.95  0.18  0.26  

4  1131.84  150.91  -119.21  
   0.63  -0.70  0.34  
   0.78  0.60  -0.18  
   -0.07  0.38  0.92  

6  1377.40  470.15  37.95  
   0.94  -0.02  -0.35  
   -0.03  0.99  -0.13  
   0.35  0.13  0.93  

8  1040.31  -439.34  -7.14  
   -0.07  -0.34  0.94  
   0.97  0.20  0.15  
   -0.24  0.92  0.31  

7  1105.94  -191.54  -114.30  
   0.48  0.82  0.30  
   -0.87  0.45  0.17  
   0.01  -0.34  0.94  

9  1313.56  -518.81  49.56  
   0.98  0.07  -0.20  
   0.01  0.93  0.37  
   0.21  -0.36  0.91  

2  853.23  -38.84  578.64  
   0.17  -0.99  0.01  
   0.98  0.17  0.03  
   -0.03  0.00  1.00  

5  1109.51  419.25  -33.93  
   -0.19  0.35  0.92  
   -0.96  0.11  -0.24  
   -0.18  -0.93  0.32  

6  1368.47  471.93  61.17  
   0.91  -0.04  -0.42  
   -0.03  0.99  -0.14  
   0.42  0.14  0.90  

3  1233.64  -26.79  -38.40  
   -0.26  0.02  -0.97  
   -0.18  -0.98  0.03  
   -0.95  0.18  0.26  

4  1133.18  152.25  -117.87  
   0.62  -0.71  0.33  
   0.78  0.60  -0.18  
   -0.06  0.37  0.93  

7  1106.39  -191.54  -114.75  
   0.48  0.83  0.29  
   -0.88  0.45  0.17  
   0.01  -0.34  0.94  

8  1039.86  -439.79  -8.93  
   -0.07  -0.39  0.92  
   0.97  0.20  0.16  
   -0.25  0.90  0.36  

9  1310.88  -514.80  67.42  
   0.96  0.08  -0.27  
   0.03  0.93  0.36  
   0.28  -0.36  0.89  

2  853.23  -38.84  578.64  
   0.17  -0.99  0.01  
   0.98  0.17  0.03  
   -0.03  0.00  1.00  

3  1233.64  -26.34  -38.84  
   -0.26  0.02  -0.97  
   -0.17  -0.98  0.03  
   -0.95  0.17  0.26  

5  1106.83  418.36  -31.25  
   -0.17  0.39  0.90  
   -0.96  0.12  -0.24  
   -0.21  -0.91  0.35  

6  1360.88  476.40  83.05  
   0.88  -0.06  -0.47  
   -0.02  0.99  -0.16  
   0.47  0.15  0.87  

4  1134.52  152.70  -117.87  
   0.62  -0.72  0.32  
   0.78  0.59  -0.18  
   -0.06  0.36  0.93  

7  1106.83  -191.10  -114.30  
   0.48  0.83  0.28  
   -0.88  0.45  0.17  
   0.02  -0.33  0.94  

8  1040.31  -438.89  -10.27  
   -0.06  -0.43  0.90  
   0.96  0.21  0.17  
   -0.26  0.88  0.40  

9  1307.75  -513.46  78.13  
   0.95  0.08  -0.31  
   0.04  0.93  0.36  
   0.32  -0.35  0.88  

2  853.23  -38.84  578.64  
   0.17  -0.99  0.01  
   0.99  0.17  0.03  
   -0.03  0.00  1.00  

3  1233.64  -25.45  -38.84  
   -0.26  0.02  -0.97  
   -0.17  -0.98  0.03  
   -0.95  0.17  0.26  

4  1134.96  154.48  -117.43  
   0.61  -0.73  0.32  
   0.79  0.59  -0.18  
   -0.05  0.36  0.93  

5  1101.48  418.36  -25.00  
   -0.15  0.42  0.89  
   -0.96  0.15  -0.23  
   -0.24  -0.89  0.38  

6  1355.08  475.51  95.10  
   0.87  -0.08  -0.49  
   -0.02  0.98  -0.18  
   0.50  0.17  0.85  

7  1106.83  -191.54  -114.30  
   0.48  0.83  0.28  
   -0.88  0.45  0.17  
   0.02  -0.33  0.95  

9  1303.73  -508.99  92.87  
   0.93  0.09  -0.34  
   0.05  0.93  0.37  
   0.35  -0.36  0.86  

8  1038.97  -438.00  -8.93  
   -0.06  -0.46  0.89  
   0.96  0.22  0.18  
   -0.28  0.86  0.43  

2  853.23  -38.84  578.64  
   0.17  -0.99  0.01  
   0.99  0.17  0.03  
   -0.03  0.00  1.00  

3  1232.74  -25.00  -38.84  
   -0.26  0.02  -0.96  
   -0.17  -0.99  0.03  
   -0.95  0.17  0.26  

6  1342.13  478.18  117.87  
   0.84  -0.10  -0.53  
   -0.01  0.98  -0.21  
   0.54  0.19  0.82  

4  1134.52  155.38  -116.09  
   0.61  -0.73  0.31  
   0.79  0.58  -0.19  
   -0.05  0.36  0.93  

5  1094.78  417.91  -20.54  
   -0.13  0.45  0.88  
   -0.96  0.18  -0.23  
   -0.26  -0.87  0.41  

8  1034.50  -438.89  -8.93  
   -0.05  -0.48  0.88  
   0.96  0.23  0.18  
   -0.29  0.85  0.45  

7  1106.39  -191.54  -114.30  
   0.48  0.83  0.28  
   -0.88  0.45  0.17  
   0.02  -0.33  0.95  

9  1298.38  -508.10  104.03  
   0.92  0.10  -0.38  
   0.05  0.93  0.37  
   0.38  -0.36  0.85  

2  853.23  -38.84  578.64  
   0.17  -0.99  0.01  
   0.98  0.17  0.03  
   -0.03  0.00  1.00  

3  1232.30  -25.00  -38.84  
   -0.26  0.02  -0.96  
   -0.17  -0.99  0.03  
   -0.95  0.17  0.26  

4  1134.52  157.16  -115.64  
   0.60  -0.73  0.31  
   0.80  0.57  -0.19  
   -0.04  0.36  0.93  

5  1091.65  417.02  -18.31  
   -0.11  0.48  0.87  
   -0.95  0.19  -0.23  
   -0.28  -0.86  0.43  

7  1105.50  -191.54  -113.85  
   0.48  0.83  0.28  
   -0.88  0.45  0.18  
   0.02  -0.33  0.94  

9  1292.13  -503.63  117.43  
   0.91  0.11  -0.41  
   0.06  0.92  0.39  
   0.42  -0.37  0.83  

6  1333.65  479.52  132.61  
   0.82  -0.12  -0.56  
   -0.01  0.97  -0.23  
   0.57  0.19  0.80  

8  1030.04  -437.11  -7.14  
   -0.03  -0.51  0.86  
   0.95  0.25  0.18  
   -0.31  0.82  0.48  

2  853.23  -38.84  578.64  
   0.17  -0.99  0.01  
   0.98  0.17  0.03  
   -0.03  0.00  1.00  

5  1088.53  415.23  -16.52  
   -0.09  0.49  0.86  
   -0.95  0.21  -0.22  
   -0.29  -0.84  0.45  

3  1231.85  -24.56  -38.84  
   -0.26  0.02  -0.96  
   -0.17  -0.99  0.03  
   -0.95  0.17  0.26  

4  1134.52  157.16  -116.09  
   0.60  -0.74  0.31  
   0.80  0.57  -0.19  
   -0.04  0.36  0.93  

6  1325.17  479.52  143.77  
   0.80  -0.14  -0.58  
   -0.01  0.97  -0.25  
   0.59  0.20  0.78  

7  1104.60  -192.43  -113.41  
   0.47  0.84  0.27  
   -0.88  0.44  0.18  
   0.03  -0.33  0.94  

9  1280.96  -504.08  133.50  
   0.89  0.13  -0.44  
   0.06  0.92  0.40  
   0.46  -0.38  0.80  

8  1026.91  -437.11  -4.46  
   -0.01  -0.54  0.84  
   0.94  0.27  0.19  
   -0.33  0.80  0.51  

2  853.23  -38.84  578.64  
   0.17  -0.99  0.01  
   0.99  0.17  0.03  
   -0.03  0.00  1.00  

4  1134.52  157.16  -116.09  
   0.60  -0.74  0.31  
   0.80  0.57  -0.19  
   -0.04  0.36  0.93  

3  1231.85  -25.00  -39.74  
   -0.27  0.02  -0.96  
   -0.17  -0.99  0.03  
   -0.95  0.17  0.26  

5  1084.51  413.44  -15.63  
   -0.07  0.52  0.85  
   -0.95  0.23  -0.22  
   -0.31  -0.82  0.48  

6  1318.02  478.18  156.27  
   0.78  -0.16  -0.61  
   -0.01  0.96  -0.26  
   0.63  0.21  0.75  

7  1103.26  -192.88  -112.96  
   0.47  0.84  0.27  
   -0.88  0.43  0.18  
   0.03  -0.32  0.95  

8  1022.90  -435.32  -3.57  
   0.01  -0.58  0.82  
   0.94  0.29  0.20  
   -0.35  0.76  0.54  

9  1271.59  -500.96  148.23  
   0.86  0.15  -0.49  
   0.07  0.91  0.40  
   0.51  -0.38  0.77  

2  853.23  -38.84  578.64  
   0.17  -0.99  0.01  
   0.98  0.17  0.03  
   -0.03  0.00  1.00  

5  1084.51  411.66  -16.97  
   -0.06  0.56  0.82  
   -0.94  0.23  -0.23  
   -0.32  -0.79  0.52  

4  1134.96  157.16  -116.98  
   0.60  -0.74  0.31  
   0.80  0.57  -0.18  
   -0.04  0.36  0.93  

3  1231.85  -25.90  -40.18  
   -0.27  0.01  -0.96  
   -0.17  -0.98  0.03  
   -0.95  0.17  0.27  

6  1308.65  475.51  168.32  
   0.75  -0.17  -0.64  
   -0.02  0.96  -0.27  
   0.66  0.21  0.72  

8  1019.77  -437.11  -7.14  
   0.03  -0.62  0.79  
   0.93  0.30  0.20  
   -0.36  0.73  0.58  

7  1103.71  -193.77  -112.07  
   0.47  0.84  0.27  
   -0.88  0.43  0.18  
   0.04  -0.32  0.95  

9  1259.98  -498.28  166.54  
   0.82  0.16  -0.54  
   0.08  0.91  0.40  
   0.56  -0.38  0.74  

2  853.23  -38.84  578.64  
   0.17  -0.99  0.01  
   0.98  0.17  0.03  
   -0.03  0.00  1.00  

3  1231.40  -26.34  -40.18  
   -0.27  0.01  -0.96  
   -0.17  -0.98  0.04  
   -0.95  0.18  0.27  

4  1137.20  156.72  -117.87  
   0.59  -0.74  0.30  
   0.80  0.57  -0.18  
   -0.04  0.35  0.94  

6  1301.06  472.38  178.59  
   0.71  -0.18  -0.68  
   -0.02  0.96  -0.27  
   0.70  0.21  0.68  

5  1083.62  411.21  -20.98  
   -0.04  0.60  0.80  
   -0.94  0.24  -0.23  
   -0.33  -0.76  0.55  

7  1103.26  -195.11  -112.07  
   0.46  0.85  0.27  
   -0.89  0.43  0.18  
   0.04  -0.32  0.95  

8  1019.32  -437.11  -9.38  
   0.04  -0.66  0.75  
   0.93  0.31  0.22  
   -0.38  0.68  0.62  

9  1247.92  -496.49  178.59  
   0.79  0.17  -0.59  
   0.10  0.91  0.39  
   0.60  -0.37  0.71  

4  1139.43  155.82  -119.66  
   0.60  -0.75  0.30  
   0.80  0.57  -0.17  
   -0.04  0.34  0.94  

2  853.23  -38.84  578.64  
   0.17  -0.99  0.01  
   0.99  0.17  0.03  
   -0.03  0.00  1.00  

3  1231.85  -26.79  -40.18  
   -0.27  0.01  -0.96  
   -0.18  -0.98  0.04  
   -0.95  0.18  0.26  

5  1084.06  410.77  -23.22  
   -0.02  0.64  0.77  
   -0.94  0.25  -0.24  
   -0.34  -0.73  0.60  

6  1292.13  469.26  188.42  
   0.67  -0.18  -0.72  
   -0.03  0.96  -0.27  
   0.74  0.21  0.64  

8  1019.77  -438.89  -12.95  
   0.06  -0.70  0.71  
   0.92  0.31  0.24  
   -0.39  0.64  0.67  

7  1103.71  -196.01  -112.07  
   0.46  0.85  0.26  
   -0.89  0.43  0.18  
   0.04  -0.32  0.95  

9  1238.10  -487.11  195.56  
   0.74  0.17  -0.65  
   0.13  0.91  0.38  
   0.65  -0.37  0.66  

2  853.23  -38.84  578.64  
   0.17  -0.99  0.01  
   0.99  0.17  0.03  
   -0.03  0.00  1.00  

3  1231.85  -27.68  -39.74  
   -0.27  0.01  -0.96  
   -0.18  -0.98  0.04  
   -0.95  0.18  0.26  

6  1281.41  467.47  202.70  
   0.63  -0.19  -0.75  
   -0.04  0.96  -0.28  
   0.77  0.21  0.60  

4  1142.11  156.27  -120.10  
   0.59  -0.75  0.29  
   0.80  0.57  -0.17  
   -0.04  0.33  0.94  

5  1082.72  410.32  -22.32  
   0.00  0.67  0.75  
   -0.93  0.27  -0.24  
   -0.36  -0.70  0.62  

7  1105.05  -196.90  -112.51  
   0.46  0.85  0.26  
   -0.89  0.43  0.17  
   0.04  -0.31  0.95  

8  1017.54  -438.45  -16.52  
   0.08  -0.75  0.66  
   0.91  0.32  0.26  
   -0.40  0.58  0.71  

9  1224.26  -481.76  206.72  
   0.70  0.16  -0.70  
   0.15  0.92  0.37  
   0.70  -0.36  0.61  

2  853.23  -38.84  578.64  
   0.17  -0.99  0.01  
   0.98  0.17  0.03  
   -0.03  0.00  1.00  

4  1143.89  156.72  -120.10  
   0.59  -0.75  0.29  
   0.80  0.57  -0.17  
   -0.04  0.33  0.94  

3  1232.74  -27.68  -39.74  
   -0.27  0.01  -0.96  
   -0.18  -0.98  0.04  
   -0.95  0.18  0.26  

6  1272.03  466.58  209.40  
   0.61  -0.21  -0.76  
   -0.04  0.95  -0.30  
   0.79  0.21  0.57  

7  1105.94  -196.45  -112.96  
   0.46  0.85  0.26  
   -0.89  0.43  0.17  
   0.04  -0.31  0.95  

5  1077.37  408.98  -17.86  
   0.03  0.68  0.73  
   -0.93  0.29  -0.23  
   -0.37  -0.67  0.64  

8  1013.97  -434.88  -18.75  
   0.11  -0.78  0.61  
   0.90  0.34  0.27  
   -0.42  0.52  0.74  

9  1206.85  -469.26  222.35  
   0.64  0.16  -0.75  
   0.19  0.91  0.36  
   0.74  -0.37  0.56  

5  1074.24  406.75  -19.20  
   0.06  0.70  0.71  
   -0.92  0.32  -0.23  
   -0.39  -0.64  0.66  

2  853.23  -38.84  578.64  
   0.17  -0.99  0.01  
   0.98  0.17  0.03  
   -0.03  0.00  1.00  

3  1233.64  -27.24  -39.74  
   -0.26  0.00  -0.96  
   -0.18  -0.98  0.05  
   -0.95  0.18  0.26  

4  1145.68  157.61  -120.10  
   0.59  -0.76  0.28  
   0.81  0.57  -0.17  
   -0.03  0.33  0.94  

8  1008.61  -432.64  -19.65  
   0.15  -0.81  0.57  
   0.88  0.37  0.28  
   -0.44  0.46  0.77  

6  1258.64  462.56  218.78  
   0.58  -0.23  -0.78  
   -0.04  0.95  -0.31  
   0.81  0.21  0.54  

7  1107.28  -196.01  -113.85  
   0.45  0.85  0.26  
   -0.89  0.42  0.18  
   0.04  -0.31  0.95  

9  1185.42  -461.66  234.85  
   0.60  0.19  -0.78  
   0.20  0.90  0.37  
   0.78  -0.38  0.50  

2  853.23  -38.84  578.64  
   0.17  -0.99  0.01  
   0.98  0.17  0.03  
   -0.03  0.00  1.00  

3  1234.08  -27.68  -38.84  
   -0.26  -0.00  -0.96  
   -0.18  -0.98  0.05  
   -0.95  0.19  0.26  

4  1149.70  158.06  -121.00  
   0.59  -0.76  0.27  
   0.81  0.57  -0.16  
   -0.03  0.32  0.95  

5  1072.90  405.85  -24.56  
   0.09  0.74  0.67  
   -0.92  0.33  -0.23  
   -0.39  -0.59  0.71  

6  1239.89  463.00  230.39  
   0.51  -0.25  -0.83  
   -0.05  0.95  -0.31  
   0.86  0.20  0.47  

7  1108.17  -194.67  -114.30  
   0.45  0.86  0.25  
   -0.89  0.42  0.18  
   0.05  -0.30  0.95  

8  1004.59  -428.18  -21.43  
   0.19  -0.83  0.53  
   0.87  0.39  0.29  
   -0.45  0.40  0.80  

9  1165.77  -456.31  244.67  
   0.55  0.21  -0.81  
   0.22  0.90  0.38  
   0.81  -0.38  0.45  

2  853.23  -38.84  578.64  
   0.17  -0.99  0.01  
   0.98  0.17  0.03  
   -0.03  0.00  1.00  

3  1234.53  -27.24  -38.84  
   -0.26  -0.00  -0.97  
   -0.18  -0.98  0.05  
   -0.95  0.19  0.26  

4  1152.38  158.95  -121.89  
   0.59  -0.77  0.26  
   0.81  0.57  -0.16  
   -0.02  0.30  0.95  

6  1221.58  458.99  237.98  
   0.43  -0.23  -0.87  
   -0.07  0.95  -0.29  
   0.90  0.18  0.40  

5  1071.56  406.30  -31.70  
   0.13  0.78  0.61  
   -0.91  0.33  -0.24  
   -0.39  -0.52  0.76  

7  1109.07  -195.11  -114.75  
   0.45  0.86  0.25  
   -0.89  0.42  0.18  
   0.05  -0.30  0.95  

8  1003.25  -428.63  -23.66  
   0.21  -0.84  0.50  
   0.86  0.40  0.31  
   -0.46  0.36  0.81  

9  1152.82  -452.29  250.92  
   0.51  0.21  -0.83  
   0.23  0.90  0.37  
   0.83  -0.38  0.41  

4  1155.06  158.50  -124.57  
   0.58  -0.78  0.24  
   0.81  0.56  -0.15  
   -0.02  0.28  0.96  

3  1235.42  -27.68  -39.29  
   -0.26  -0.00  -0.97  
   -0.18  -0.98  0.05  
   -0.95  0.19  0.26  

2  853.23  -38.84  578.64  
   0.17  -0.99  0.01  
   0.99  0.17  0.03  
   -0.03  0.00  1.00  

5  1066.65  402.73  -35.72  
   0.17  0.81  0.57  
   -0.91  0.35  -0.23  
   -0.39  -0.47  0.79  

7  1112.64  -194.67  -116.98  
   0.46  0.86  0.25  
   -0.89  0.42  0.18  
   0.05  -0.30  0.95  

6  1200.60  458.54  246.01  
   0.37  -0.26  -0.89  
   -0.07  0.95  -0.30  
   0.93  0.17  0.33  

8  1002.80  -426.39  -25.90  
   0.24  -0.86  0.46  
   0.85  0.41  0.32  
   -0.46  0.31  0.83  

9  1138.98  -445.14  256.28  
   0.47  0.21  -0.86  
   0.25  0.90  0.36  
   0.85  -0.38  0.37  

2  853.23  -38.40  578.64  
   0.17  -0.99  0.01  
   0.99  0.17  0.03  
   -0.03  0.00  1.00  

3  1235.42  -27.24  -38.40  
   -0.26  -0.00  -0.97  
   -0.18  -0.98  0.05  
   -0.95  0.19  0.25  

7  1113.98  -196.01  -116.98  
   0.46  0.86  0.24  
   -0.89  0.42  0.18  
   0.05  -0.30  0.95  

4  1157.29  158.06  -125.46  
   0.57  -0.79  0.23  
   0.82  0.56  -0.14  
   -0.01  0.27  0.96  

5  1057.27  400.94  -37.06  
   0.22  0.81  0.54  
   -0.90  0.39  -0.22  
   -0.39  -0.44  0.81  

6  1181.40  457.20  248.69  
   0.33  -0.27  -0.90  
   -0.06  0.95  -0.30  
   0.94  0.16  0.30  

8  999.23  -425.05  -25.45  
   0.27  -0.86  0.43  
   0.84  0.43  0.34  
   -0.47  0.27  0.84  

9  1127.37  -438.00  263.43  
   0.43  0.21  -0.88  
   0.26  0.90  0.34  
   0.86  -0.38  0.33  

2  853.23  -38.84  578.64  
   0.17  -0.99  0.01  
   0.99  0.17  0.03  
   -0.03  0.00  1.00  

4  1158.63  157.61  -125.46  
   0.56  -0.80  0.21  
   0.83  0.55  -0.14  
   -0.00  0.25  0.97  

3  1236.32  -27.24  -38.40  
   -0.26  -0.00  -0.97  
   -0.18  -0.98  0.05  
   -0.95  0.19  0.25  

6  1163.98  456.31  249.14  
   0.29  -0.28  -0.91  
   -0.06  0.95  -0.31  
   0.95  0.14  0.26  

5  1051.02  398.26  -43.31  
   0.26  0.81  0.52  
   -0.89  0.42  -0.21  
   -0.38  -0.40  0.83  

7  1115.76  -196.45  -117.43  
   0.46  0.86  0.23  
   -0.89  0.42  0.19  
   0.06  -0.29  0.95  

8  996.55  -422.37  -25.90  
   0.30  -0.87  0.40  
   0.83  0.44  0.35  
   -0.48  0.23  0.85  

9  1115.32  -432.64  267.44  
   0.40  0.21  -0.89  
   0.27  0.90  0.34  
   0.88  -0.37  0.31  

2  853.23  -38.40  578.64  
   0.17  -0.99  0.01  
   0.98  0.17  0.03  
   -0.03  0.00  1.00  

6  1147.46  456.31  250.92  
   0.26  -0.28  -0.93  
   -0.05  0.95  -0.30  
   0.97  0.12  0.23  

5  1045.67  395.59  -45.54  
   0.30  0.82  0.49  
   -0.88  0.44  -0.20  
   -0.38  -0.37  0.85  

3  1236.32  -27.24  -38.84  
   -0.26  -0.00  -0.97  
   -0.18  -0.98  0.05  
   -0.95  0.19  0.25  

4  1160.86  158.50  -125.91  
   0.56  -0.81  0.20  
   0.83  0.54  -0.14  
   0.00  0.24  0.97  

7  1116.66  -196.45  -118.32  
   0.46  0.86  0.23  
   -0.89  0.42  0.19  
   0.07  -0.29  0.96  

8  992.53  -419.70  -26.79  
   0.32  -0.87  0.38  
   0.82  0.46  0.35  
   -0.48  0.20  0.85  

9  1104.16  -428.63  271.02  
   0.38  0.22  -0.90  
   0.27  0.90  0.34  
   0.88  -0.37  0.28  

2  853.23  -38.84  578.64  
   0.17  -0.99  0.01  
   0.98  0.17  0.03  
   -0.03  0.00  1.00  

5  1040.31  392.91  -51.35  
   0.34  0.82  0.47  
   -0.87  0.46  -0.18  
   -0.36  -0.34  0.87  

3  1236.76  -26.79  -38.40  
   -0.25  0.00  -0.97  
   -0.18  -0.98  0.05  
   -0.95  0.19  0.25  

4  1162.20  158.50  -126.80  
   0.55  -0.82  0.18  
   0.84  0.53  -0.13  
   0.01  0.22  0.97  

6  1131.39  455.41  248.69  
   0.21  -0.27  -0.94  
   -0.04  0.96  -0.29  
   0.98  0.10  0.19  

7  1118.00  -196.45  -119.66  
   0.46  0.86  0.22  
   -0.89  0.42  0.19  
   0.07  -0.28  0.96  

9  1092.55  -425.05  272.36  
   0.35  0.24  -0.90  
   0.27  0.90  0.34  
   0.90  -0.36  0.25  

8  990.30  -417.02  -29.02  
   0.35  -0.86  0.37  
   0.81  0.48  0.35  
   -0.48  0.17  0.86  

2  853.23  -38.84  578.64  
   0.17  -0.99  0.01  
   0.99  0.17  0.03  
   -0.03  0.00  1.00  

3  1236.76  -26.79  -37.95  
   -0.25  0.00  -0.97  
   -0.18  -0.98  0.05  
   -0.95  0.19  0.24  

5  1034.50  390.23  -56.70  
   0.37  0.82  0.44  
   -0.86  0.48  -0.17  
   -0.35  -0.32  0.88  

4  1163.54  159.84  -127.69  
   0.54  -0.83  0.17  
   0.84  0.52  -0.13  
   0.02  0.21  0.98  

6  1114.43  456.75  246.01  
   0.18  -0.27  -0.95  
   -0.03  0.96  -0.28  
   0.98  0.08  0.16  

8  988.07  -415.23  -28.57  
   0.37  -0.86  0.35  
   0.80  0.49  0.35  
   -0.48  0.15  0.87  

7  1119.78  -195.56  -119.21  
   0.46  0.86  0.21  
   -0.89  0.42  0.19  
   0.08  -0.27  0.96  

9  1084.96  -422.37  274.14  
   0.33  0.24  -0.91  
   0.27  0.90  0.34  
   0.90  -0.35  0.24  

2  852.79  -38.84  579.09  
   0.17  -0.99  0.01  
   0.99  0.17  0.03  
   -0.03  0.00  1.00  

5  1031.38  387.10  -61.17  
   0.39  0.82  0.41  
   -0.85  0.49  -0.16  
   -0.34  -0.29  0.90  

3  1236.76  -26.34  -37.95  
   -0.25  0.00  -0.97  
   -0.18  -0.98  0.04  
   -0.95  0.19  0.24  

4  1163.98  159.39  -126.80  
   0.53  -0.83  0.15  
   0.85  0.52  -0.12  
   0.02  0.19  0.98  

6  1100.58  458.09  243.78  
   0.14  -0.25  -0.96  
   -0.02  0.97  -0.26  
   0.99  0.05  0.13  

9  1078.71  -424.16  276.82  
   0.32  0.25  -0.91  
   0.26  0.90  0.34  
   0.91  -0.34  0.22  

8  986.73  -414.34  -28.57  
   0.38  -0.86  0.35  
   0.79  0.50  0.36  
   -0.48  0.14  0.87  

7  1120.23  -196.01  -119.66  
   0.46  0.87  0.20  
   -0.89  0.42  0.19  
   0.08  -0.27  0.96  

2  853.23  -38.40  578.64  
   0.17  -0.99  0.01  
   0.99  0.17  0.03  
   -0.03  0.00  1.00  

3  1237.21  -26.34  -37.50  
   -0.24  0.00  -0.97  
   -0.18  -0.98  0.04  
   -0.95  0.19  0.24  

4  1164.43  158.95  -127.69  
   0.52  -0.84  0.14  
   0.85  0.51  -0.12  
   0.03  0.19  0.98  

5  1026.47  385.32  -62.95  
   0.42  0.81  0.41  
   -0.85  0.51  -0.15  
   -0.33  -0.28  0.90  

6  1093.44  457.20  241.55  
   0.13  -0.25  -0.96  
   -0.00  0.97  -0.26  
   0.99  0.04  0.12  

9  1070.67  -422.82  277.71  
   0.30  0.26  -0.91  
   0.26  0.90  0.35  
   0.92  -0.34  0.21  

8  984.94  -413.00  -28.57  
   0.39  -0.86  0.34  
   0.78  0.50  0.36  
   -0.48  0.12  0.87  

7  1121.12  -196.90  -120.10  
   0.46  0.87  0.20  
   -0.89  0.42  0.19  
   0.08  -0.26  0.96  

2  852.79  -38.40  578.64  
   0.17  -0.99  0.01  
   0.99  0.17  0.03  
   -0.03  0.00  1.00  

3  1236.76  -26.79  -37.50  
   -0.24  0.01  -0.97  
   -0.18  -0.98  0.04  
   -0.95  0.19  0.24  

4  1163.54  158.06  -129.48  
   0.52  -0.85  0.14  
   0.86  0.50  -0.12  
   0.03  0.18  0.98  

5  1023.34  382.64  -65.19  
   0.43  0.81  0.40  
   -0.84  0.52  -0.15  
   -0.33  -0.28  0.90  

6  1087.19  455.86  238.87  
   0.12  -0.24  -0.96  
   0.00  0.97  -0.24  
   0.99  0.03  0.12  

7  1122.46  -197.35  -119.21  
   0.46  0.87  0.19  
   -0.88  0.42  0.19  
   0.09  -0.26  0.96  

9  1063.97  -421.48  278.61  
   0.29  0.28  -0.92  
   0.26  0.90  0.35  
   0.92  -0.34  0.19  

8  983.16  -412.55  -29.47  
   0.41  -0.85  0.32  
   0.78  0.51  0.37  
   -0.48  0.10  0.87  

2  853.23  -38.40  578.64  
   0.17  -0.99  0.01  
   0.98  0.17  0.03  
   -0.03  0.00  1.00  

3  1236.76  -26.34  -37.06  
   -0.24  0.01  -0.97  
   -0.18  -0.98  0.03  
   -0.95  0.19  0.23  

4  1163.54  157.61  -128.59  
   0.51  -0.85  0.13  
   0.86  0.50  -0.12  
   0.03  0.17  0.98  

5  1022.90  381.74  -65.19  
   0.43  0.81  0.40  
   -0.84  0.52  -0.14  
   -0.32  -0.27  0.91  

7  1122.91  -197.35  -118.76  
   0.46  0.87  0.18  
   -0.88  0.42  0.20  
   0.09  -0.25  0.96  

6  1084.51  459.88  238.87  
   0.11  -0.24  -0.96  
   0.02  0.97  -0.24  
   0.99  0.01  0.11  

8  983.16  -411.21  -28.57  
   0.42  -0.85  0.31  
   0.77  0.52  0.37  
   -0.48  0.09  0.87  

9  1060.40  -419.25  280.39  
   0.28  0.28  -0.92  
   0.26  0.90  0.36  
   0.92  -0.34  0.18  

2  853.23  -38.84  578.64  
   0.17  -0.99  0.01  
   0.99  0.17  0.03  
   -0.03  0.00  1.00  

5  1022.45  382.19  -62.95  
   0.43  0.81  0.40  
   -0.84  0.52  -0.14  
   -0.32  -0.28  0.90  

3  1236.76  -26.34  -37.06  
   -0.23  0.01  -0.97  
   -0.18  -0.98  0.03  
   -0.95  0.19  0.23  

4  1163.54  157.61  -128.14  
   0.51  -0.85  0.13  
   0.86  0.50  -0.12  
   0.03  0.17  0.98  

6  1085.85  463.45  241.10  
   0.12  -0.24  -0.96  
   0.03  0.97  -0.24  
   0.99  -0.00  0.12  

7  1122.91  -197.35  -118.76  
   0.46  0.87  0.18  
   -0.88  0.42  0.20  
   0.10  -0.25  0.96  

8  982.27  -410.77  -27.68  
   0.42  -0.85  0.32  
   0.77  0.52  0.37  
   -0.48  0.09  0.87  

9  1060.85  -417.91  280.84  
   0.28  0.29  -0.92  
   0.26  0.90  0.36  
   0.92  -0.34  0.18  

2  853.23  -38.40  578.64  
   0.17  -0.99  0.01  
   0.98  0.17  0.03  
   -0.03  0.00  1.00  

3  1236.76  -25.90  -37.06  
   -0.23  0.01  -0.97  
   -0.18  -0.98  0.03  
   -0.95  0.19  0.23  

4  1163.09  157.61  -127.69  
   0.51  -0.85  0.13  
   0.86  0.50  -0.12  
   0.04  0.18  0.98  

5  1022.00  383.53  -54.47  
   0.42  0.80  0.43  
   -0.84  0.52  -0.15  
   -0.34  -0.30  0.89  

6  1092.10  466.58  247.80  
   0.14  -0.25  -0.96  
   0.04  0.97  -0.25  
   0.99  -0.00  0.14  

7  1122.91  -197.35  -118.76  
   0.46  0.87  0.18  
   -0.88  0.42  0.20  
   0.10  -0.25  0.96  

8  982.71  -410.32  -25.90  
   0.41  -0.85  0.34  
   0.78  0.52  0.36  
   -0.48  0.12  0.87  

9  1070.67  -422.37  280.39  
   0.31  0.28  -0.91  
   0.25  0.90  0.36  
   0.92  -0.33  0.21  

2  852.79  -38.84  578.64  
   0.17  -0.99  0.01  
   0.98  0.17  0.03  
   -0.03  0.00  1.00  

4  1161.75  158.95  -125.91  
   0.51  -0.85  0.14  
   0.86  0.50  -0.14  
   0.04  0.19  0.98  

3  1236.32  -25.90  -36.61  
   -0.23  0.01  -0.97  
   -0.18  -0.98  0.03  
   -0.95  0.18  0.23  

5  1023.79  384.42  -46.43  
   0.39  0.79  0.47  
   -0.85  0.51  -0.16  
   -0.36  -0.34  0.87  

7  1122.46  -196.90  -118.76  
   0.46  0.87  0.19  
   -0.88  0.42  0.20  
   0.09  -0.26  0.96  

8  986.28  -411.66  -24.56  
   0.38  -0.85  0.36  
   0.79  0.50  0.35  
   -0.48  0.15  0.86  

9  1082.28  -427.73  277.27  
   0.33  0.27  -0.90  
   0.23  0.91  0.35  
   0.91  -0.33  0.24  

6  1106.39  464.79  251.82  
   0.19  -0.25  -0.95  
   0.03  0.97  -0.25  
   0.98  0.02  0.19  

3  1236.76  -25.45  -36.61  
   -0.24  0.02  -0.97  
   -0.18  -0.98  0.03  
   -0.96  0.18  0.23  

2  853.23  -38.84  578.64  
   0.17  -0.99  0.01  
   0.98  0.17  0.03  
   -0.03  0.00  1.00  

4  1159.97  160.29  -124.12  
   0.51  -0.85  0.15  
   0.86  0.49  -0.14  
   0.05  0.20  0.98  

5  1026.02  387.55  -37.50  
   0.36  0.77  0.52  
   -0.86  0.50  -0.15  
   -0.38  -0.39  0.84  

7  1122.91  -196.01  -119.66  
   0.46  0.86  0.19  
   -0.88  0.43  0.20  
   0.09  -0.26  0.96  

8  988.52  -413.00  -23.66  
   0.36  -0.84  0.40  
   0.80  0.50  0.33  
   -0.48  0.21  0.85  

9  1097.91  -436.22  273.25  
   0.38  0.26  -0.89  
   0.20  0.91  0.35  
   0.90  -0.31  0.29  

6  1126.93  468.81  253.16  
   0.25  -0.25  -0.93  
   0.04  0.97  -0.25  
   0.97  0.02  0.25  

2  853.23  -38.84  578.64  
   0.17  -0.99  0.01  
   0.99  0.17  0.03  
   -0.03  0.00  1.00  

3  1236.76  -25.00  -36.17  
   -0.23  0.02  -0.97  
   -0.18  -0.98  0.02  
   -0.96  0.18  0.23  

4  1159.07  161.18  -123.68  
   0.52  -0.84  0.16  
   0.86  0.50  -0.15  
   0.05  0.21  0.98  

5  1029.59  388.89  -25.90  
   0.32  0.75  0.58  
   -0.87  0.48  -0.15  
   -0.39  -0.46  0.80  

6  1150.59  475.51  251.37  
   0.33  -0.25  -0.91  
   0.06  0.97  -0.25  
   0.94  0.02  0.33  

7  1122.91  -196.01  -119.66  
   0.47  0.86  0.19  
   -0.88  0.43  0.20  
   0.08  -0.26  0.96  

9  1112.64  -446.93  270.12  
   0.42  0.26  -0.87  
   0.17  0.92  0.35  
   0.89  -0.30  0.34  

8  990.30  -413.00  -19.65  
   0.33  -0.83  0.45  
   0.81  0.49  0.31  
   -0.48  0.26  0.84  

2  853.23  -38.84  578.64  
   0.17  -0.99  0.01  
   0.99  0.17  0.03  
   -0.03  0.00  1.00  

3  1236.32  -25.00  -36.61  
   -0.24  0.02  -0.97  
   -0.18  -0.98  0.02  
   -0.96  0.18  0.24  

4  1156.84  161.63  -124.12  
   0.52  -0.84  0.17  
   0.85  0.50  -0.15  
   0.04  0.23  0.97  

6  1176.93  479.08  244.67  
   0.40  -0.24  -0.88  
   0.07  0.97  -0.23  
   0.91  0.03  0.41  

5  1037.18  392.91  -22.32  
   0.26  0.72  0.64  
   -0.88  0.45  -0.15  
   -0.39  -0.52  0.76  

7  1122.02  -195.56  -120.10  
   0.47  0.86  0.20  
   -0.88  0.44  0.19  
   0.08  -0.27  0.96  

8  991.64  -413.89  -16.52  
   0.30  -0.81  0.50  
   0.82  0.49  0.29  
   -0.48  0.32  0.82  

9  1131.39  -452.29  263.43  
   0.48  0.23  -0.85  
   0.15  0.93  0.34  
   0.87  -0.29  0.41  

2  853.23  -38.40  578.64  
   0.17  -0.99  0.01  
   0.99  0.17  0.03  
   -0.03  0.00  1.00  

3  1235.87  -24.56  -36.61  
   -0.24  0.02  -0.97  
   -0.18  -0.98  0.02  
   -0.96  0.18  0.24  

4  1157.29  161.18  -124.12  
   0.53  -0.83  0.18  
   0.85  0.51  -0.16  
   0.04  0.23  0.97  

6  1201.49  483.99  235.30  
   0.47  -0.21  -0.86  
   0.07  0.98  -0.20  
   0.88  0.03  0.47  

5  1043.88  395.14  -18.75  
   0.22  0.70  0.68  
   -0.90  0.42  -0.15  
   -0.39  -0.58  0.72  

7  1121.12  -196.01  -121.00  
   0.47  0.86  0.21  
   -0.88  0.44  0.19  
   0.07  -0.27  0.96  

8  992.53  -414.78  -16.07  
   0.28  -0.79  0.54  
   0.84  0.47  0.26  
   -0.47  0.38  0.80  

9  1144.79  -463.45  253.60  
   0.53  0.23  -0.82  
   0.12  0.93  0.33  
   0.84  -0.27  0.47  

4  1157.29  159.84  -124.57  
   0.54  -0.82  0.19  
   0.84  0.52  -0.15  
   0.03  0.24  0.97  

2  853.23  -38.84  578.64  
   0.17  -0.99  0.01  
   0.98  0.17  0.03  
   -0.03  0.00  1.00  

3  1235.87  -25.00  -37.06  
   -0.24  0.02  -0.97  
   -0.18  -0.98  0.02  
   -0.96  0.18  0.24  

6  1224.71  489.35  215.65  
   0.54  -0.21  -0.81  
   0.09  0.98  -0.19  
   0.83  0.03  0.55  

5  1049.24  397.37  -19.65  
   0.17  0.66  0.73  
   -0.91  0.38  -0.13  
   -0.37  -0.64  0.67  

7  1119.78  -195.56  -122.34  
   0.47  0.86  0.21  
   -0.88  0.44  0.18  
   0.06  -0.27  0.96  

8  994.32  -417.46  -19.65  
   0.25  -0.77  0.58  
   0.86  0.46  0.23  
   -0.44  0.44  0.78  

9  1160.86  -473.27  238.87  
   0.58  0.22  -0.79  
   0.09  0.94  0.32  
   0.81  -0.26  0.53  

3  1234.98  -25.00  -37.06  
   -0.24  0.02  -0.97  
   -0.18  -0.98  0.02  
   -0.96  0.18  0.24  

4  1155.50  159.39  -125.91  
   0.54  -0.82  0.20  
   0.84  0.52  -0.15  
   0.02  0.24  0.97  

2  853.23  -38.84  578.64  
   0.17  -0.99  0.01  
   0.98  0.17  0.03  
   -0.03  0.00  1.00  

5  1054.60  398.71  -20.98  
   0.12  0.60  0.79  
   -0.93  0.34  -0.12  
   -0.34  -0.72  0.60  

6  1249.71  496.49  190.65  
   0.63  -0.22  -0.74  
   0.11  0.98  -0.19  
   0.77  0.04  0.64  

7  1118.89  -195.11  -123.23  
   0.48  0.85  0.21  
   -0.88  0.45  0.16  
   0.05  -0.26  0.96  

9  1183.18  -485.33  217.88  
   0.64  0.20  -0.74  
   0.05  0.95  0.30  
   0.77  -0.23  0.60  

8  998.34  -420.14  -23.22  
   0.22  -0.74  0.63  
   0.89  0.42  0.19  
   -0.41  0.52  0.75  

2  853.23  -38.84  578.64  
   0.17  -0.99  0.01  
   0.98  0.17  0.03  
   -0.03  0.00  1.00  

3  1234.53  -25.45  -37.50  
   -0.24  0.02  -0.97  
   -0.18  -0.98  0.02  
   -0.95  0.18  0.24  

4  1152.82  156.72  -127.69  
   0.55  -0.81  0.21  
   0.83  0.53  -0.14  
   -0.00  0.25  0.97  

5  1059.51  401.84  -19.65  
   0.08  0.53  0.84  
   -0.94  0.31  -0.11  
   -0.32  -0.79  0.53  

6  1273.37  503.19  166.99  
   0.71  -0.23  -0.66  
   0.13  0.97  -0.20  
   0.69  0.06  0.72  

7  1117.55  -195.11  -124.12  
   0.48  0.85  0.22  
   -0.88  0.45  0.15  
   0.03  -0.26  0.96  

8  999.68  -422.82  -24.11  
   0.19  -0.70  0.69  
   0.90  0.40  0.16  
   -0.38  0.59  0.71  

9  1200.15  -498.72  192.88  
   0.70  0.19  -0.68  
   0.02  0.96  0.28  
   0.71  -0.21  0.67  

2  853.23  -38.40  578.64  
   0.17  -0.99  0.01  
   0.99  0.17  0.03  
   -0.03  0.00  1.00  

5  1065.76  402.28  -19.20  
   0.04  0.47  0.88  
   -0.95  0.28  -0.11  
   -0.30  -0.84  0.46  

3  1234.08  -25.90  -38.40  
   -0.24  0.02  -0.97  
   -0.18  -0.98  0.02  
   -0.95  0.18  0.24  

4  1152.82  156.27  -128.59  
   0.56  -0.80  0.22  
   0.83  0.54  -0.14  
   -0.01  0.26  0.97  

6  1292.13  506.76  142.88  
   0.78  -0.23  -0.59  
   0.14  0.97  -0.19  
   0.62  0.07  0.78  

7  1116.66  -194.67  -125.02  
   0.48  0.85  0.22  
   -0.88  0.45  0.15  
   0.03  -0.27  0.96  

9  1219.35  -508.10  171.00  
   0.77  0.18  -0.61  
   -0.01  0.96  0.26  
   0.63  -0.19  0.75  

8  1000.57  -422.82  -20.09  
   0.16  -0.64  0.75  
   0.92  0.38  0.12  
   -0.36  0.67  0.65  

2  853.23  -38.84  578.64  
   0.17  -0.99  0.01  
   0.99  0.17  0.03  
   -0.03  0.00  1.00  

3  1233.64  -26.34  -38.84  
   -0.24  0.02  -0.97  
   -0.18  -0.98  0.03  
   -0.95  0.18  0.24  

4  1152.82  154.48  -129.48  
   0.56  -0.79  0.23  
   0.83  0.55  -0.13  
   -0.02  0.27  0.96  

5  1073.35  403.18  -16.52  
   0.00  0.39  0.92  
   -0.96  0.26  -0.11  
   -0.28  -0.88  0.37  

7  1116.21  -195.11  -125.02  
   0.48  0.85  0.23  
   -0.88  0.46  0.15  
   0.02  -0.27  0.96  

9  1236.76  -516.58  146.89  
   0.83  0.17  -0.53  
   -0.04  0.97  0.25  
   0.55  -0.19  0.81  

6  1311.32  508.10  118.76  
   0.84  -0.22  -0.50  
   0.15  0.97  -0.17  
   0.53  0.07  0.85  

8  1004.59  -424.16  -16.52  
   0.13  -0.58  0.80  
   0.93  0.35  0.10  
   -0.34  0.73  0.59  

2  853.23  -38.84  578.64  
   0.17  -0.99  0.01  
   0.98  0.17  0.03  
   -0.03  0.00  1.00  

3  1233.64  -26.34  -38.84  
   -0.24  0.02  -0.97  
   -0.18  -0.98  0.03  
   -0.95  0.18  0.24  

4  1151.93  154.04  -129.93  
   0.57  -0.79  0.24  
   0.82  0.55  -0.13  
   -0.03  0.27  0.96  

5  1078.26  404.51  -9.38  
   -0.03  0.29  0.96  
   -0.96  0.25  -0.10  
   -0.27  -0.92  0.27  

6  1324.72  512.56  89.74  
   0.89  -0.22  -0.39  
   0.17  0.97  -0.16  
   0.42  0.08  0.91  

8  1008.61  -425.50  -11.61  
   0.11  -0.51  0.85  
   0.94  0.33  0.08  
   -0.32  0.79  0.52  

7  1116.66  -195.11  -125.46  
   0.48  0.84  0.23  
   -0.88  0.46  0.14  
   0.02  -0.27  0.96  

9  1253.73  -522.39  127.25  
   0.88  0.16  -0.45  
   -0.06  0.97  0.23  
   0.48  -0.18  0.86  

2  853.23  -38.84  578.64  
   0.17  -0.99  0.01  
   0.98  0.17  0.03  
   -0.03  0.00  1.00  

5  1083.17  403.18  -6.25  
   -0.05  0.22  0.97  
   -0.97  0.23  -0.11  
   -0.25  -0.95  0.20  

3  1233.64  -26.79  -39.74  
   -0.24  0.02  -0.97  
   -0.18  -0.98  0.03  
   -0.95  0.18  0.24  

4  1151.04  154.04  -129.93  
   0.57  -0.78  0.25  
   0.82  0.55  -0.14  
   -0.03  0.28  0.96  

6  1335.43  511.22  70.54  
   0.92  -0.21  -0.32  
   0.17  0.97  -0.15  
   0.34  0.08  0.94  

8  1010.39  -427.29  -7.14  
   0.09  -0.44  0.89  
   0.95  0.31  0.05  
   -0.30  0.84  0.45  

7  1116.21  -195.56  -125.02  
   0.48  0.84  0.24  
   -0.88  0.46  0.14  
   0.01  -0.28  0.96  

9  1263.10  -530.87  101.80  
   0.92  0.17  -0.36  
   -0.09  0.97  0.22  
   0.39  -0.17  0.91  

2  853.23  -38.84  578.64  
   0.17  -0.99  0.01  
   0.98  0.17  0.03  
   -0.03  0.00  1.00  

3  1233.19  -26.79  -40.18  
   -0.24  0.02  -0.97  
   -0.18  -0.98  0.03  
   -0.95  0.18  0.24  

5  1088.53  405.41  -3.57  
   -0.08  0.15  0.98  
   -0.97  0.22  -0.11  
   -0.23  -0.96  0.13  

4  1150.14  154.04  -129.93  
   0.57  -0.78  0.26  
   0.82  0.56  -0.14  
   -0.04  0.29  0.96  

6  1342.58  513.01  44.20  
   0.95  -0.20  -0.23  
   0.17  0.97  -0.14  
   0.25  0.09  0.96  

8  1013.07  -426.84  -5.80  
   0.07  -0.39  0.92  
   0.96  0.28  0.04  
   -0.27  0.88  0.39  

9  1270.69  -537.12  78.58  
   0.94  0.17  -0.29  
   -0.11  0.97  0.20  
   0.32  -0.16  0.94  

7  1116.21  -195.56  -125.02  
   0.48  0.84  0.24  
   -0.87  0.46  0.14  
   0.01  -0.28  0.96  

2  853.23  -38.84  578.64  
   0.17  -0.99  0.01  
   0.98  0.17  0.03  
   -0.03  0.00  1.00  

5  1096.57  407.64  -3.57  
   -0.10  0.08  0.99  
   -0.97  0.20  -0.12  
   -0.21  -0.98  0.06  

3  1232.74  -26.79  -40.63  
   -0.25  0.02  -0.97  
   -0.18  -0.98  0.03  
   -0.95  0.18  0.25  

4  1148.36  153.14  -130.82  
   0.58  -0.77  0.27  
   0.81  0.57  -0.13  
   -0.05  0.29  0.95  

6  1351.51  514.80  17.41  
   0.97  -0.19  -0.15  
   0.18  0.98  -0.13  
   0.17  0.10  0.98  

9  1277.39  -543.37  52.69  
   0.97  0.17  -0.19  
   -0.14  0.97  0.19  
   0.22  -0.16  0.96  

7  1115.76  -195.11  -125.02  
   0.49  0.84  0.25  
   -0.87  0.47  0.14  
   0.00  -0.29  0.96  

8  1016.64  -428.18  -2.23  
   0.06  -0.30  0.95  
   0.97  0.25  0.02  
   -0.25  0.92  0.31  

3  1232.74  -27.24  -41.08  
   -0.25  0.02  -0.97  
   -0.19  -0.98  0.03  
   -0.95  0.19  0.25  

2  853.23  -38.84  578.64  
   0.17  -0.99  0.01  
   0.98  0.17  0.03  
   -0.03  0.00  1.00  

4  1147.46  152.70  -132.16  
   0.58  -0.76  0.28  
   0.81  0.57  -0.13  
   -0.06  0.30  0.95  

5  1102.37  409.87  -10.27  
   -0.13  0.02  0.99  
   -0.98  0.16  -0.14  
   -0.17  -0.99  -0.00  

8  1021.56  -429.07  -1.34  
   0.04  -0.23  0.97  
   0.97  0.22  0.01  
   -0.22  0.95  0.23  

9  1283.20  -550.07  20.09  
   0.98  0.18  -0.09  
   -0.16  0.97  0.18  
   0.12  -0.16  0.98  

6  1358.21  515.24  -10.72  
   0.98  -0.18  -0.07  
   0.17  0.98  -0.11  
   0.09  0.09  0.99  

7  1115.32  -195.11  -124.57  
   0.49  0.83  0.25  
   -0.87  0.47  0.14  
   -0.00  -0.29  0.96  

2  853.23  -38.84  578.64  
   0.17  -0.99  0.01  
   0.98  0.17  0.03  
   -0.03  0.00  1.00  

3  1233.19  -27.24  -42.42  
   -0.25  0.02  -0.97  
   -0.19  -0.98  0.03  
   -0.95  0.19  0.25  

4  1146.57  150.91  -133.95  
   0.59  -0.75  0.29  
   0.80  0.58  -0.12  
   -0.07  0.30  0.95  

6  1365.35  514.35  -43.76  
   0.99  -0.16  0.01  
   0.16  0.98  -0.08  
   0.00  0.08  1.00  

5  1112.64  411.66  -17.41  
   -0.17  -0.04  0.99  
   -0.98  0.13  -0.16  
   -0.12  -0.99  -0.06  

7  1114.43  -194.67  -124.57  
   0.49  0.83  0.26  
   -0.87  0.47  0.13  
   -0.01  -0.30  0.95  

8  1026.02  -431.30  -0.89  
   0.03  -0.15  0.99  
   0.98  0.19  -0.00  
   -0.19  0.97  0.15  

9  1287.21  -555.43  -8.48  
   0.98  0.18  0.00  
   -0.18  0.97  0.16  
   0.02  -0.16  0.99  

2  853.23  -38.84  578.64  
   0.17  -0.99  0.01  
   0.98  0.17  0.03  
   -0.03  0.00  1.00  

4  1145.68  149.13  -135.28  
   0.60  -0.74  0.30  
   0.79  0.59  -0.12  
   -0.09  0.31  0.95  

5  1123.80  412.55  -22.77  
   -0.20  -0.12  0.97  
   -0.98  0.11  -0.18  
   -0.08  -0.99  -0.14  

3  1232.74  -27.68  -42.86  
   -0.25  0.02  -0.97  
   -0.19  -0.98  0.03  
   -0.95  0.19  0.25  

6  1369.81  512.12  -83.94  
   0.98  -0.15  0.12  
   0.16  0.99  -0.07  
   -0.11  0.09  0.99  

7  1114.43  -195.11  -125.46  
   0.50  0.82  0.28  
   -0.87  0.48  0.13  
   -0.03  -0.30  0.95  

9  1290.34  -562.12  -37.95  
   0.98  0.18  0.10  
   -0.19  0.97  0.15  
   -0.07  -0.17  0.98  

8  1031.38  -434.43  -1.79  
   0.01  -0.07  1.00  
   0.99  0.16  -0.00  
   -0.16  0.98  0.07  

2  853.23  -38.84  578.64  
   0.17  -0.99  0.01  
   0.99  0.17  0.03  
   -0.03  0.00  1.00  

4  1145.23  146.45  -136.62  
   0.61  -0.72  0.32  
   0.78  0.61  -0.12  
   -0.11  0.32  0.94  

5  1135.41  413.44  -24.56  
   -0.23  -0.22  0.95  
   -0.97  0.10  -0.21  
   -0.04  -0.97  -0.24  

3  1233.19  -28.13  -44.20  
   -0.25  0.02  -0.97  
   -0.20  -0.98  0.03  
   -0.95  0.20  0.25  

6  1371.15  512.56  -121.44  
   0.96  -0.14  0.25  
   0.16  0.98  -0.08  
   -0.23  0.11  0.97  

7  1113.09  -196.01  -125.02  
   0.50  0.82  0.29  
   -0.87  0.48  0.13  
   -0.04  -0.32  0.95  

8  1040.31  -436.66  0.89  
   -0.00  0.02  1.00  
   0.99  0.13  0.00  
   -0.13  0.99  -0.02  

9  1294.36  -563.02  -68.31  
   0.96  0.18  0.22  
   -0.21  0.97  0.15  
   -0.18  -0.19  0.96  

3  1233.64  -29.02  -44.65  
   -0.25  0.02  -0.97  
   -0.20  -0.98  0.03  
   -0.95  0.21  0.25  

2  853.23  -38.84  578.64  
   0.17  -0.99  0.01  
   0.98  0.17  0.03  
   -0.03  0.00  1.00  

4  1143.89  144.21  -138.41  
   0.62  -0.71  0.33  
   0.77  0.62  -0.11  
   -0.13  0.33  0.94  

5  1146.57  411.66  -27.24  
   -0.25  -0.32  0.92  
   -0.97  0.09  -0.23  
   -0.01  -0.94  -0.33  

6  1369.81  510.33  -163.41  
   0.92  -0.12  0.37  
   0.16  0.98  -0.08  
   -0.36  0.13  0.92  

7  1112.19  -196.01  -125.02  
   0.50  0.81  0.31  
   -0.87  0.48  0.13  
   -0.04  -0.33  0.94  

9  1286.32  -572.39  -97.33  
   0.92  0.18  0.33  
   -0.24  0.96  0.13  
   -0.30  -0.20  0.93  

8  1046.11  -438.45  4.02  
   -0.01  0.12  0.99  
   0.99  0.11  -0.00  
   -0.11  0.99  -0.13  

2  853.23  -38.84  578.64  
   0.17  -0.99  0.01  
   0.98  0.17  0.03  
   -0.03  0.00  1.00  

3  1233.64  -30.36  -45.09  
   -0.25  0.02  -0.97  
   -0.21  -0.98  0.03  
   -0.94  0.21  0.25  

5  1152.38  413.89  -29.47  
   -0.25  -0.39  0.88  
   -0.97  0.08  -0.24  
   0.02  -0.92  -0.40  

4  1143.00  143.32  -139.30  
   0.63  -0.70  0.35  
   0.77  0.63  -0.12  
   -0.14  0.34  0.93  

6  1360.88  510.78  -191.99  
   0.88  -0.10  0.47  
   0.16  0.98  -0.08  
   -0.46  0.15  0.88  

7  1110.41  -195.56  -124.57  
   0.50  0.80  0.33  
   -0.87  0.48  0.13  
   -0.05  -0.35  0.94  

8  1050.58  -439.34  2.23  
   -0.02  0.21  0.98  
   1.00  0.08  0.00  
   -0.08  0.97  -0.21  

9  1280.07  -574.18  -132.61  
   0.88  0.18  0.44  
   -0.25  0.96  0.11  
   -0.41  -0.20  0.89  

2  853.23  -38.84  578.64  
   0.17  -0.99  0.01  
   0.98  0.17  0.03  
   -0.03  0.00  1.00  

4  1140.32  141.54  -138.41  
   0.63  -0.68  0.37  
   0.76  0.64  -0.12  
   -0.16  0.35  0.92  

3  1234.08  -30.81  -45.54  
   -0.26  0.02  -0.97  
   -0.21  -0.98  0.03  
   -0.94  0.21  0.25  

5  1158.63  410.77  -33.93  
   -0.26  -0.47  0.84  
   -0.96  0.07  -0.26  
   0.06  -0.88  -0.47  

7  1109.51  -194.67  -125.46  
   0.49  0.80  0.35  
   -0.87  0.48  0.12  
   -0.07  -0.36  0.93  

8  1056.83  -441.13  -4.46  
   -0.02  0.30  0.95  
   1.00  0.04  0.01  
   -0.03  0.95  -0.30  

6  1346.15  508.99  -226.37  
   0.81  -0.08  0.58  
   0.16  0.98  -0.09  
   -0.56  0.17  0.81  

9  1264.44  -576.86  -173.68  
   0.81  0.17  0.56  
   -0.25  0.96  0.08  
   -0.52  -0.20  0.83  

2  853.23  -38.84  578.64  
   0.17  -0.99  0.01  
   0.98  0.17  0.03  
   -0.03  0.00  1.00  

3  1233.64  -31.25  -46.88  
   -0.26  0.02  -0.97  
   -0.21  -0.98  0.03  
   -0.94  0.21  0.26  

5  1159.07  411.66  -40.18  
   -0.26  -0.53  0.81  
   -0.96  0.06  -0.27  
   0.09  -0.84  -0.53  

4  1136.30  140.20  -139.75  
   0.64  -0.67  0.39  
   0.75  0.65  -0.12  
   -0.17  0.37  0.91  

6  1327.84  507.21  -248.69  
   0.76  -0.06  0.65  
   0.16  0.98  -0.10  
   -0.63  0.18  0.75  

8  1060.40  -442.47  -11.16  
   -0.01  0.37  0.93  
   1.00  0.00  0.01  
   0.00  0.93  -0.37  

7  1107.73  -192.43  -126.80  
   0.49  0.79  0.36  
   -0.87  0.49  0.12  
   -0.09  -0.37  0.92  

9  1252.84  -572.84  -203.60  
   0.76  0.16  0.63  
   -0.25  0.97  0.06  
   -0.60  -0.20  0.77  

2  853.23  -38.84  578.64  
   0.17  -0.99  0.01  
   0.98  0.17  0.03  
   -0.03  0.00  1.00  

3  1233.64  -30.81  -47.33  
   -0.26  0.02  -0.97  
   -0.21  -0.98  0.03  
   -0.94  0.21  0.26  

4  1133.62  139.75  -139.30  
   0.64  -0.66  0.40  
   0.75  0.65  -0.12  
   -0.18  0.38  0.91  

6  1313.56  512.56  -269.68  
   0.70  -0.04  0.72  
   0.16  0.98  -0.11  
   -0.70  0.19  0.69  

7  1106.83  -190.65  -127.69  
   0.50  0.78  0.38  
   -0.86  0.49  0.11  
   -0.10  -0.38  0.92  

5  1159.97  413.00  -45.54  
   -0.25  -0.58  0.77  
   -0.96  0.05  -0.27  
   0.12  -0.81  -0.57  

9  1240.33  -571.05  -229.49  
   0.70  0.14  0.70  
   -0.24  0.97  0.04  
   -0.67  -0.19  0.71  

8  1063.97  -441.57  -14.29  
   -0.01  0.43  0.90  
   1.00  -0.02  0.02  
   0.03  0.90  -0.42  

2  853.23  -38.84  578.64  
   0.17  -0.99  0.01  
   0.98  0.17  0.03  
   -0.03  0.00  1.00  

3  1233.19  -30.36  -47.77  
   -0.26  0.02  -0.97  
   -0.21  -0.98  0.03  
   -0.94  0.21  0.26  

4  1130.50  139.30  -140.20  
   0.64  -0.65  0.42  
   0.74  0.66  -0.12  
   -0.19  0.39  0.90  

6  1297.04  507.65  -289.32  
   0.64  -0.00  0.77  
   0.15  0.98  -0.12  
   -0.76  0.20  0.62  

5  1161.31  412.55  -49.56  
   -0.24  -0.63  0.74  
   -0.96  0.04  -0.28  
   0.15  -0.77  -0.61  

7  1106.39  -189.31  -128.59  
   0.50  0.78  0.39  
   -0.86  0.50  0.11  
   -0.11  -0.39  0.92  

8  1064.87  -442.47  -19.20  
   -0.01  0.46  0.89  
   1.00  -0.04  0.03  
   0.05  0.89  -0.46  

9  1231.85  -565.70  -244.67  
   0.66  0.13  0.74  
   -0.22  0.97  0.03  
   -0.72  -0.18  0.67  

2  853.23  -38.84  578.64  
   0.17  -0.99  0.01  
   0.98  0.17  0.03  
   -0.03  0.00  1.00  

3  1233.64  -29.47  -49.11  
   -0.26  0.02  -0.97  
   -0.21  -0.98  0.03  
   -0.94  0.21  0.25  

4  1128.71  137.52  -141.09  
   0.64  -0.63  0.43  
   0.74  0.66  -0.13  
   -0.21  0.40  0.89  

6  1277.84  502.74  -311.20  
   0.57  0.03  0.82  
   0.14  0.98  -0.14  
   -0.81  0.20  0.55  

5  1160.86  411.21  -56.70  
   -0.23  -0.68  0.70  
   -0.96  0.02  -0.29  
   0.18  -0.74  -0.65  

7  1105.50  -188.86  -129.03  
   0.50  0.77  0.40  
   -0.86  0.50  0.11  
   -0.12  -0.40  0.91  

9  1222.92  -560.34  -262.98  
   0.62  0.12  0.78  
   -0.20  0.98  0.02  
   -0.76  -0.17  0.63  

8  1068.44  -442.91  -24.11  
   -0.01  0.50  0.87  
   1.00  -0.06  0.04  
   0.07  0.86  -0.50  

2  853.23  -38.84  578.64  
   0.17  -0.99  0.01  
   0.98  0.17  0.03  
   -0.03  0.00  1.00  

3  1233.64  -29.91  -50.01  
   -0.26  0.02  -0.97  
   -0.22  -0.98  0.03  
   -0.94  0.22  0.25  

4  1124.25  135.73  -141.09  
   0.64  -0.62  0.45  
   0.73  0.67  -0.13  
   -0.22  0.41  0.88  

5  1159.07  408.98  -62.51  
   -0.22  -0.71  0.67  
   -0.95  0.01  -0.30  
   0.21  -0.70  -0.68  

6  1259.09  503.19  -328.17  
   0.50  0.07  0.86  
   0.14  0.98  -0.16  
   -0.85  0.21  0.48  

7  1105.05  -187.08  -129.03  
   0.50  0.76  0.41  
   -0.86  0.51  0.11  
   -0.13  -0.41  0.90  

8  1069.78  -443.36  -28.13  
   -0.01  0.53  0.84  
   0.99  -0.08  0.06  
   0.10  0.84  -0.53  

9  1212.65  -555.87  -279.95  
   0.57  0.09  0.81  
   -0.18  0.98  0.01  
   -0.80  -0.15  0.58  

2  853.23  -38.84  578.64  
   0.17  -0.99  0.01  
   0.98  0.17  0.03  
   -0.03  0.00  1.00  

5  1156.84  406.75  -67.42  
   -0.20  -0.75  0.62  
   -0.95  0.00  -0.30  
   0.23  -0.66  -0.72  

3  1233.64  -29.47  -50.90  
   -0.25  0.03  -0.97  
   -0.22  -0.98  0.03  
   -0.94  0.22  0.25  

4  1121.12  132.61  -142.43  
   0.65  -0.61  0.46  
   0.73  0.67  -0.14  
   -0.23  0.42  0.88  

6  1239.89  500.06  -340.67  
   0.44  0.11  0.89  
   0.15  0.97  -0.19  
   -0.89  0.22  0.41  

7  1103.26  -187.08  -129.03  
   0.50  0.75  0.43  
   -0.85  0.51  0.11  
   -0.14  -0.42  0.90  

9  1203.28  -553.19  -293.34  
   0.53  0.07  0.84  
   -0.16  0.99  0.02  
   -0.83  -0.15  0.53  

8  1072.01  -444.25  -32.59  
   -0.00  0.57  0.82  
   0.99  -0.09  0.07  
   0.12  0.82  -0.56  

2  853.23  -38.84  578.64  
   0.17  -0.99  0.01  
   0.99  0.17  0.03  
   -0.03  0.00  1.00  

6  1221.13  503.63  -347.81  
   0.37  0.15  0.92  
   0.16  0.96  -0.22  
   -0.91  0.23  0.33  

5  1155.95  405.85  -69.65  
   -0.18  -0.79  0.58  
   -0.95  -0.00  -0.30  
   0.24  -0.61  -0.75  

4  1117.10  130.82  -141.98  
   0.65  -0.60  0.47  
   0.72  0.67  -0.14  
   -0.23  0.43  0.87  

3  1233.64  -30.36  -52.69  
   -0.25  0.03  -0.97  
   -0.22  -0.97  0.03  
   -0.94  0.22  0.25  

7  1101.92  -186.63  -130.37  
   0.51  0.74  0.45  
   -0.85  0.52  0.11  
   -0.15  -0.43  0.89  

8  1072.90  -444.25  -36.61  
   0.01  0.60  0.80  
   0.99  -0.11  0.07  
   0.13  0.79  -0.60  

9  1189.43  -554.09  -308.97  
   0.47  0.05  0.88  
   -0.16  0.99  0.03  
   -0.87  -0.16  0.48  

2  853.23  -38.84  578.64  
   0.17  -0.99  0.01  
   0.99  0.17  0.03  
   -0.03  0.00  1.00  

3  1234.08  -29.91  -53.13  
   -0.25  0.03  -0.97  
   -0.22  -0.97  0.03  
   -0.94  0.22  0.25  

4  1112.19  128.59  -141.09  
   0.65  -0.59  0.48  
   0.72  0.68  -0.15  
   -0.24  0.44  0.87  

5  1152.82  404.07  -73.22  
   -0.17  -0.83  0.54  
   -0.95  -0.01  -0.31  
   0.26  -0.56  -0.78  

6  1196.58  504.08  -361.21  
   0.29  0.19  0.94  
   0.17  0.95  -0.25  
   -0.94  0.23  0.25  

8  1073.79  -443.36  -42.42  
   0.02  0.64  0.77  
   0.99  -0.13  0.08  
   0.15  0.76  -0.63  

7  1099.24  -184.40  -129.93  
   0.51  0.73  0.46  
   -0.85  0.52  0.11  
   -0.16  -0.45  0.88  

9  1175.59  -548.73  -323.25  
   0.41  0.01  0.91  
   -0.16  0.99  0.05  
   -0.90  -0.16  0.41  

2  853.23  -38.84  578.64  
   0.17  -0.99  0.01  
   0.98  0.17  0.03  
   -0.03  0.00  1.00  

3  1233.64  -29.47  -55.36  
   -0.25  0.02  -0.97  
   -0.23  -0.97  0.03  
   -0.94  0.23  0.25  

4  1107.28  127.25  -138.86  
   0.65  -0.58  0.49  
   0.72  0.68  -0.15  
   -0.24  0.45  0.86  

5  1147.91  403.62  -79.03  
   -0.14  -0.86  0.49  
   -0.95  -0.02  -0.32  
   0.28  -0.51  -0.81  

6  1174.25  504.08  -369.24  
   0.22  0.24  0.95  
   0.17  0.94  -0.28  
   -0.96  0.23  0.17  

8  1072.90  -442.47  -47.33  
   0.04  0.67  0.74  
   0.98  -0.15  0.09  
   0.17  0.72  -0.67  

7  1096.12  -181.27  -131.27  
   0.51  0.71  0.49  
   -0.84  0.53  0.11  
   -0.18  -0.47  0.87  

9  1158.18  -547.39  -335.31  
   0.35  0.00  0.93  
   -0.15  0.99  0.05  
   -0.92  -0.15  0.35  

2  853.23  -38.84  578.64  
   0.17  -0.99  0.01  
   0.98  0.17  0.03  
   -0.03  0.00  1.00  

4  1102.37  125.91  -138.41  
   0.65  -0.57  0.49  
   0.71  0.68  -0.16  
   -0.25  0.45  0.86  

3  1233.64  -29.47  -56.70  
   -0.26  0.02  -0.97  
   -0.23  -0.97  0.04  
   -0.94  0.23  0.25  

5  1141.66  404.07  -79.92  
   -0.12  -0.88  0.46  
   -0.95  -0.04  -0.32  
   0.29  -0.47  -0.83  

6  1154.16  505.87  -372.37  
   0.17  0.25  0.95  
   0.17  0.94  -0.28  
   -0.97  0.21  0.11  

7  1094.33  -179.93  -130.82  
   0.51  0.69  0.51  
   -0.84  0.53  0.12  
   -0.18  -0.49  0.85  

8  1073.79  -441.57  -47.33  
   0.05  0.70  0.71  
   0.98  -0.16  0.10  
   0.18  0.70  -0.70  

9  1145.23  -543.82  -342.90  
   0.30  -0.02  0.95  
   -0.13  0.99  0.06  
   -0.95  -0.15  0.29  

2  853.23  -38.84  578.64  
   0.17  -0.99  0.01  
   0.99  0.17  0.03  
   -0.03  0.00  1.00  

5  1135.41  404.07  -81.26  
   -0.10  -0.90  0.43  
   -0.95  -0.05  -0.31  
   0.30  -0.44  -0.85  

4  1099.69  125.02  -137.96  
   0.66  -0.57  0.49  
   0.71  0.68  -0.16  
   -0.25  0.45  0.86  

3  1233.64  -29.02  -57.15  
   -0.26  0.02  -0.97  
   -0.23  -0.97  0.04  
   -0.94  0.23  0.26  

6  1137.20  506.31  -372.37  
   0.12  0.27  0.96  
   0.18  0.94  -0.29  
   -0.98  0.20  0.06  

7  1092.99  -178.59  -131.27  
   0.52  0.68  0.52  
   -0.83  0.54  0.13  
   -0.19  -0.50  0.84  

9  1134.96  -541.59  -345.58  
   0.26  -0.04  0.96  
   -0.13  0.99  0.07  
   -0.96  -0.14  0.25  

8  1074.69  -440.23  -48.22  
   0.05  0.72  0.69  
   0.98  -0.17  0.10  
   0.19  0.67  -0.72  

2  853.23  -38.40  578.64  
   0.17  -0.99  0.01  
   0.98  0.17  0.03  
   -0.03  0.00  1.00  

4  1097.01  124.57  -138.41  
   0.66  -0.57  0.49  
   0.71  0.68  -0.16  
   -0.25  0.45  0.86  

3  1233.19  -27.68  -58.94  
   -0.26  0.03  -0.96  
   -0.23  -0.97  0.03  
   -0.94  0.23  0.26  

6  1114.87  505.87  -375.94  
   0.06  0.30  0.95  
   0.18  0.94  -0.30  
   -0.98  0.19  0.00  

5  1131.84  403.62  -82.60  
   -0.07  -0.92  0.39  
   -0.95  -0.06  -0.31  
   0.31  -0.40  -0.86  

7  1091.21  -176.81  -131.71  
   0.52  0.67  0.53  
   -0.83  0.54  0.14  
   -0.20  -0.51  0.84  

8  1074.24  -438.45  -49.56  
   0.06  0.75  0.66  
   0.98  -0.18  0.10  
   0.20  0.64  -0.74  

9  1121.57  -539.80  -350.04  
   0.21  -0.06  0.98  
   -0.12  0.99  0.08  
   -0.97  -0.14  0.20  

2  853.23  -38.84  578.64  
   0.17  -0.99  0.01  
   0.98  0.17  0.03  
   -0.03  0.00  1.00  

4  1092.99  123.68  -137.52  
   0.66  -0.56  0.50  
   0.71  0.69  -0.16  
   -0.25  0.46  0.85  

3  1231.85  -27.68  -61.61  
   -0.27  0.03  -0.96  
   -0.23  -0.97  0.04  
   -0.93  0.23  0.27  

6  1098.35  507.21  -377.28  
   0.01  0.32  0.95  
   0.18  0.93  -0.32  
   -0.98  0.18  -0.05  

5  1128.71  402.73  -83.05  
   -0.06  -0.93  0.36  
   -0.95  -0.06  -0.31  
   0.31  -0.36  -0.88  

8  1070.67  -439.79  -50.45  
   0.08  0.77  0.64  
   0.98  -0.19  0.11  
   0.20  0.61  -0.76  

7  1087.19  -175.47  -131.27  
   0.52  0.65  0.55  
   -0.83  0.54  0.15  
   -0.20  -0.53  0.82  

9  1104.60  -536.23  -354.96  
   0.16  -0.06  0.99  
   -0.11  0.99  0.08  
   -0.98  -0.12  0.15  

2  853.23  -38.84  578.64  
   0.17  -0.99  0.01  
   0.98  0.17  0.03  
   -0.03  0.00  1.00  

3  1230.06  -26.79  -62.95  
   -0.28  0.03  -0.96  
   -0.23  -0.97  0.03  
   -0.93  0.23  0.28  

5  1125.59  403.62  -83.49  
   -0.05  -0.94  0.34  
   -0.95  -0.06  -0.31  
   0.31  -0.34  -0.89  

4  1089.87  123.23  -137.07  
   0.66  -0.56  0.51  
   0.71  0.69  -0.16  
   -0.26  0.46  0.85  

6  1089.42  509.44  -376.39  
   -0.02  0.34  0.94  
   0.19  0.92  -0.33  
   -0.98  0.17  -0.09  

7  1084.51  -175.02  -130.82  
   0.52  0.64  0.56  
   -0.83  0.54  0.15  
   -0.21  -0.54  0.81  

9  1094.33  -534.00  -354.51  
   0.13  -0.06  0.99  
   -0.10  0.99  0.08  
   -0.99  -0.11  0.13  

8  1067.54  -438.00  -49.56  
   0.09  0.78  0.62  
   0.97  -0.20  0.10  
   0.20  0.59  -0.78  

2  853.23  -38.84  578.64  
   0.17  -0.99  0.01  
   0.98  0.17  0.03  
   -0.03  0.00  1.00  

5  1126.03  403.62  -80.81  
   -0.05  -0.95  0.32  
   -0.95  -0.05  -0.31  
   0.31  -0.32  -0.90  

6  1084.06  513.46  -372.37  
   -0.05  0.36  0.93  
   0.20  0.92  -0.34  
   -0.98  0.17  -0.12  

3  1229.17  -26.34  -63.85  
   -0.28  0.03  -0.96  
   -0.23  -0.97  0.03  
   -0.93  0.23  0.28  

4  1088.53  123.68  -136.62  
   0.66  -0.55  0.52  
   0.71  0.69  -0.17  
   -0.26  0.47  0.84  

8  1066.20  -436.22  -49.11  
   0.10  0.79  0.61  
   0.97  -0.20  0.10  
   0.20  0.58  -0.79  

7  1082.28  -173.68  -130.37  
   0.52  0.64  0.57  
   -0.83  0.54  0.15  
   -0.21  -0.55  0.81  

9  1085.40  -533.55  -355.40  
   0.11  -0.06  0.99  
   -0.10  0.99  0.07  
   -0.99  -0.11  0.10  

2  853.23  -38.84  578.64  
   0.17  -0.99  0.01  
   0.98  0.17  0.03  
   -0.03  0.00  1.00  

4  1088.08  123.68  -137.07  
   0.65  -0.55  0.52  
   0.71  0.69  -0.17  
   -0.27  0.48  0.84  

3  1229.17  -26.34  -64.74  
   -0.28  0.03  -0.96  
   -0.23  -0.97  0.04  
   -0.93  0.23  0.28  

6  1080.94  516.14  -369.69  
   -0.07  0.37  0.93  
   0.21  0.91  -0.35  
   -0.97  0.17  -0.14  

8  1064.42  -436.22  -49.56  
   0.11  0.80  0.60  
   0.97  -0.21  0.10  
   0.20  0.57  -0.80  

5  1127.37  404.51  -81.26  
   -0.05  -0.95  0.30  
   -0.95  -0.05  -0.31  
   0.31  -0.30  -0.90  

7  1081.83  -172.34  -130.82  
   0.52  0.63  0.58  
   -0.83  0.54  0.15  
   -0.21  -0.56  0.80  

9  1079.15  -534.44  -356.29  
   0.09  -0.06  0.99  
   -0.11  0.99  0.07  
   -0.99  -0.12  0.08  

4  1087.64  124.12  -136.62  
   0.65  -0.54  0.53  
   0.71  0.69  -0.17  
   -0.27  0.48  0.83  

2  853.23  -38.84  578.64  
   0.17  -0.99  0.01  
   0.99  0.17  0.03  
   -0.03  0.00  1.00  

3  1228.72  -26.34  -64.29  
   -0.29  0.03  -0.96  
   -0.23  -0.97  0.04  
   -0.93  0.23  0.28  

5  1127.82  404.51  -80.81  
   -0.04  -0.96  0.29  
   -0.95  -0.05  -0.30  
   0.30  -0.29  -0.91  

6  1079.15  516.58  -370.14  
   -0.08  0.37  0.92  
   0.21  0.91  -0.35  
   -0.97  0.17  -0.15  

7  1080.94  -171.00  -130.37  
   0.52  0.63  0.58  
   -0.83  0.54  0.15  
   -0.22  -0.56  0.80  

8  1065.31  -434.88  -49.56  
   0.11  0.80  0.59  
   0.97  -0.21  0.10  
   0.20  0.56  -0.80  

9  1076.03  -532.66  -356.74  
   0.08  -0.06  0.99  
   -0.11  0.99  0.07  
   -0.99  -0.11  0.07  

2  853.23  -38.84  578.64  
   0.17  -0.99  0.01  
   0.98  0.17  0.03  
   -0.03  0.00  1.00  

3  1228.72  -26.34  -64.74  
   -0.29  0.03  -0.96  
   -0.23  -0.97  0.04  
   -0.93  0.23  0.29  

4  1088.08  123.68  -136.62  
   0.65  -0.54  0.53  
   0.71  0.69  -0.17  
   -0.27  0.49  0.83  

5  1128.27  404.07  -80.81  
   -0.05  -0.96  0.29  
   -0.95  -0.05  -0.30  
   0.30  -0.29  -0.91  

8  1064.42  -435.32  -50.01  
   0.12  0.80  0.58  
   0.97  -0.21  0.10  
   0.20  0.56  -0.81  

7  1080.49  -171.45  -130.82  
   0.51  0.63  0.58  
   -0.83  0.54  0.15  
   -0.22  -0.56  0.80  

6  1079.60  516.14  -369.24  
   -0.08  0.38  0.92  
   0.21  0.91  -0.35  
   -0.97  0.17  -0.15  

9  1073.79  -533.55  -356.29  
   0.07  -0.06  1.00  
   -0.11  0.99  0.07  
   -0.99  -0.12  0.06  

2  853.23  -38.84  578.64  
   0.17  -0.99  0.01  
   0.98  0.17  0.03  
   -0.03  0.00  1.00  

3  1228.72  -25.90  -65.63  
   -0.29  0.03  -0.96  
   -0.23  -0.97  0.04  
   -0.93  0.23  0.29  

4  1088.53  123.68  -136.62  
   0.65  -0.54  0.53  
   0.70  0.69  -0.17  
   -0.27  0.49  0.83  

7  1080.05  -170.56  -130.82  
   0.51  0.63  0.59  
   -0.83  0.54  0.15  
   -0.22  -0.56  0.80  

5  1131.84  403.62  -79.92  
   -0.05  -0.96  0.29  
   -0.95  -0.04  -0.30  
   0.30  -0.29  -0.91  

6  1084.96  517.92  -367.46  
   -0.07  0.39  0.92  
   0.22  0.91  -0.36  
   -0.97  0.18  -0.15  

8  1064.42  -434.88  -50.45  
   0.12  0.80  0.58  
   0.97  -0.21  0.10  
   0.20  0.56  -0.81  

9  1072.01  -533.55  -356.29  
   0.07  -0.06  1.00  
   -0.11  0.99  0.07  
   -0.99  -0.12  0.06  

2  853.23  -38.84  578.64  
   0.17  -0.99  0.01  
   0.98  0.17  0.03  
   -0.03  0.00  1.00  

3  1229.17  -26.79  -65.19  
   -0.29  0.03  -0.96  
   -0.23  -0.97  0.04  
   -0.93  0.23  0.29  

4  1089.42  123.68  -136.18  
   0.65  -0.53  0.54  
   0.70  0.69  -0.18  
   -0.28  0.49  0.82  

5  1135.41  403.18  -79.92  
   -0.07  -0.95  0.30  
   -0.95  -0.03  -0.30  
   0.29  -0.31  -0.91  

6  1096.12  518.81  -366.56  
   -0.04  0.38  0.92  
   0.22  0.90  -0.37  
   -0.97  0.19  -0.12  

7  1079.60  -171.00  -130.82  
   0.51  0.63  0.59  
   -0.83  0.53  0.15  
   -0.22  -0.57  0.79  

8  1063.08  -434.88  -50.01  
   0.12  0.80  0.58  
   0.97  -0.21  0.10  
   0.20  0.56  -0.81  

9  1072.01  -534.44  -355.85  
   0.07  -0.06  1.00  
   -0.11  0.99  0.06  
   -0.99  -0.12  0.06  

2  853.23  -38.84  578.64  
   0.17  -0.99  0.01  
   0.98  0.17  0.03  
   -0.03  0.00  1.00  

4  1090.31  125.02  -135.73  
   0.65  -0.53  0.54  
   0.71  0.68  -0.17  
   -0.28  0.50  0.82  

3  1228.72  -27.24  -64.74  
   -0.29  0.02  -0.96  
   -0.23  -0.97  0.04  
   -0.93  0.23  0.28  

5  1134.96  404.96  -76.35  
   -0.09  -0.92  0.37  
   -0.96  -0.03  -0.29  
   0.28  -0.38  -0.88  

7  1079.15  -171.45  -130.37  
   0.51  0.63  0.59  
   -0.83  0.53  0.15  
   -0.22  -0.57  0.80  

6  1120.23  518.37  -366.12  
   0.04  0.36  0.93  
   0.23  0.91  -0.36  
   -0.97  0.23  -0.04  

8  1060.85  -435.77  -50.45  
   0.10  0.78  0.62  
   0.98  -0.20  0.09  
   0.19  0.60  -0.78  

9  1088.53  -538.91  -351.83  
   0.14  -0.04  0.99  
   -0.13  0.99  0.06  
   -0.98  -0.14  0.14  

2  853.23  -38.84  578.64  
   0.17  -0.99  0.01  
   0.98  0.17  0.03  
   -0.03  0.00  1.00  

3  1228.72  -27.68  -64.74  
   -0.29  0.02  -0.96  
   -0.23  -0.97  0.05  
   -0.93  0.23  0.28  

4  1091.21  125.91  -135.28  
   0.64  -0.54  0.54  
   0.71  0.68  -0.17  
   -0.28  0.50  0.82  

6  1148.36  519.26  -365.67  
   0.14  0.33  0.93  
   0.23  0.91  -0.35  
   -0.96  0.27  0.05  

7  1079.60  -172.34  -130.82  
   0.50  0.64  0.58  
   -0.84  0.53  0.15  
   -0.21  -0.56  0.80  

5  1139.87  402.73  -78.58  
   -0.12  -0.89  0.43  
   -0.96  -0.02  -0.29  
   0.27  -0.45  -0.85  

8  1062.19  -436.22  -48.22  
   0.08  0.74  0.67  
   0.98  -0.17  0.08  
   0.18  0.65  -0.74  

9  1113.53  -544.71  -346.92  
   0.23  -0.02  0.97  
   -0.16  0.99  0.06  
   -0.96  -0.16  0.23  

2  853.23  -38.84  578.64  
   0.17  -0.99  0.01  
   0.98  0.17  0.03  
   -0.03  0.00  1.00  

4  1094.78  126.80  -136.18  
   0.64  -0.54  0.54  
   0.71  0.68  -0.17  
   -0.28  0.49  0.82  

3  1229.62  -27.68  -64.29  
   -0.28  0.02  -0.96  
   -0.23  -0.97  0.05  
   -0.93  0.23  0.28  

5  1141.21  404.51  -78.13  
   -0.14  -0.85  0.51  
   -0.95  -0.02  -0.30  
   0.26  -0.53  -0.81  

6  1175.15  518.81  -362.99  
   0.24  0.29  0.93  
   0.23  0.91  -0.34  
   -0.94  0.30  0.15  

7  1081.83  -172.79  -130.37  
   0.50  0.65  0.57  
   -0.84  0.52  0.15  
   -0.21  -0.55  0.81  

8  1063.08  -435.77  -49.11  
   0.06  0.70  0.71  
   0.98  -0.15  0.07  
   0.16  0.69  -0.70  

9  1132.73  -547.84  -338.88  
   0.31  -0.01  0.95  
   -0.17  0.98  0.07  
   -0.93  -0.19  0.30  

2  853.23  -38.84  578.64  
   0.17  -0.99  0.01  
   0.98  0.17  0.03  
   -0.03  0.00  1.00  

5  1145.23  404.51  -75.90  
   -0.17  -0.82  0.55  
   -0.95  -0.01  -0.30  
   0.25  -0.58  -0.78  

4  1097.46  128.14  -135.28  
   0.64  -0.54  0.54  
   0.71  0.68  -0.17  
   -0.28  0.49  0.83  

3  1230.51  -28.13  -62.51  
   -0.28  0.02  -0.96  
   -0.23  -0.97  0.05  
   -0.93  0.23  0.27  

6  1199.70  515.24  -356.74  
   0.31  0.26  0.91  
   0.22  0.91  -0.34  
   -0.92  0.31  0.23  

8  1063.97  -436.66  -45.54  
   0.04  0.68  0.74  
   0.99  -0.14  0.07  
   0.15  0.72  -0.67  

7  1083.17  -174.58  -130.37  
   0.50  0.65  0.57  
   -0.84  0.52  0.15  
   -0.20  -0.55  0.81  

9  1150.59  -549.18  -331.29  
   0.37  -0.01  0.93  
   -0.18  0.98  0.08  
   -0.91  -0.20  0.36  

2  853.23  -38.84  578.64  
   0.17  -0.99  0.01  
   0.98  0.17  0.03  
   -0.03  0.00  1.00  

4  1099.24  128.14  -135.28  
   0.65  -0.54  0.53  
   0.71  0.68  -0.17  
   -0.27  0.49  0.83  

3  1230.96  -28.57  -62.06  
   -0.28  0.02  -0.96  
   -0.23  -0.97  0.05  
   -0.93  0.23  0.27  

5  1145.68  403.62  -79.03  
   -0.19  -0.78  0.60  
   -0.95  -0.01  -0.31  
   0.25  -0.63  -0.74  

6  1223.81  511.67  -352.72  
   0.39  0.22  0.89  
   0.21  0.92  -0.33  
   -0.89  0.32  0.32  

7  1083.62  -175.02  -130.37  
   0.50  0.66  0.56  
   -0.84  0.52  0.15  
   -0.20  -0.55  0.81  

8  1062.19  -437.55  -45.99  
   0.03  0.65  0.76  
   0.99  -0.13  0.07  
   0.14  0.75  -0.65  

9  1163.54  -552.30  -324.15  
   0.43  0.01  0.90  
   -0.19  0.98  0.08  
   -0.88  -0.21  0.42  

2  853.23  -38.84  578.64  
   0.17  -0.99  0.01  
   0.98  0.17  0.03  
   -0.03  0.00  1.00  

3  1230.96  -28.57  -61.61  
   -0.27  0.02  -0.96  
   -0.23  -0.97  0.05  
   -0.93  0.23  0.27  

4  1100.58  128.59  -135.28  
   0.65  -0.54  0.53  
   0.71  0.68  -0.17  
   -0.27  0.49  0.83  

5  1148.36  404.07  -77.24  
   -0.21  -0.74  0.64  
   -0.95  -0.00  -0.31  
   0.23  -0.67  -0.70  

6  1241.67  511.22  -343.35  
   0.46  0.20  0.87  
   0.21  0.92  -0.32  
   -0.87  0.33  0.38  

8  1059.95  -437.11  -43.31  
   0.02  0.61  0.79  
   0.99  -0.11  0.07  
   0.13  0.78  -0.61  

7  1083.62  -176.36  -129.93  
   0.50  0.66  0.56  
   -0.84  0.52  0.14  
   -0.19  -0.54  0.82  

9  1177.38  -552.75  -313.88  
   0.49  0.02  0.87  
   -0.19  0.98  0.08  
   -0.85  -0.20  0.48  

2  853.23  -38.84  578.64  
   0.17  -0.99  0.01  
   0.98  0.17  0.03  
   -0.03  0.00  1.00  

3  1231.40  -29.47  -60.72  
   -0.27  0.01  -0.96  
   -0.23  -0.97  0.05  
   -0.93  0.23  0.27  

4  1101.92  129.03  -135.28  
   0.65  -0.54  0.53  
   0.71  0.68  -0.17  
   -0.27  0.49  0.83  

5  1149.70  405.85  -78.13  
   -0.22  -0.70  0.67  
   -0.95  0.00  -0.32  
   0.22  -0.71  -0.67  

6  1259.09  504.08  -336.65  
   0.52  0.18  0.83  
   0.19  0.93  -0.32  
   -0.83  0.33  0.45  

9  1193.45  -547.84  -303.16  
   0.55  0.04  0.83  
   -0.17  0.98  0.07  
   -0.81  -0.18  0.55  

8  1056.83  -439.34  -44.65  
   0.00  0.57  0.82  
   0.99  -0.10  0.07  
   0.12  0.82  -0.56  

7  1082.72  -177.25  -129.03  
   0.50  0.67  0.55  
   -0.85  0.51  0.14  
   -0.19  -0.54  0.82  

3  1230.96  -29.91  -59.83  
   -0.28  0.01  -0.96  
   -0.22  -0.97  0.05  
   -0.93  0.23  0.27  

2  853.23  -38.84  578.64  
   0.17  -0.99  0.01  
   0.98  0.17  0.03  
   -0.03  0.00  1.00  

4  1102.82  129.03  -134.84  
   0.65  -0.55  0.53  
   0.71  0.68  -0.17  
   -0.27  0.48  0.83  

5  1148.80  406.30  -74.56  
   -0.24  -0.65  0.72  
   -0.95  0.00  -0.32  
   0.21  -0.76  -0.62  

6  1278.28  502.74  -324.15  
   0.59  0.15  0.79  
   0.18  0.93  -0.31  
   -0.78  0.33  0.53  

8  1056.38  -438.45  -41.08  
   -0.02  0.53  0.85  
   0.99  -0.08  0.07  
   0.11  0.84  -0.52  

9  1214.44  -540.25  -286.64  
   0.63  0.03  0.78  
   -0.15  0.98  0.09  
   -0.77  -0.17  0.62  

7  1082.72  -177.70  -128.59  
   0.50  0.67  0.55  
   -0.85  0.51  0.14  
   -0.19  -0.54  0.82  

3  1230.51  -30.36  -59.83  
   -0.28  0.01  -0.96  
   -0.22  -0.97  0.05  
   -0.93  0.23  0.27  

2  853.23  -38.84  578.64  
   0.17  -0.99  0.01  
   0.98  0.17  0.03  
   -0.03  0.00  1.00  

4  1103.26  130.37  -134.84  
   0.65  -0.55  0.52  
   0.71  0.68  -0.17  
   -0.26  0.49  0.83  

5  1148.36  406.75  -74.12  
   -0.26  -0.61  0.75  
   -0.95  0.01  -0.32  
   0.19  -0.79  -0.58  

6  1294.36  502.74  -306.73  
   0.66  0.12  0.74  
   0.17  0.94  -0.30  
   -0.73  0.32  0.60  

7  1083.62  -178.15  -128.14  
   0.50  0.67  0.54  
   -0.85  0.51  0.14  
   -0.18  -0.53  0.83  

9  1228.72  -538.91  -274.14  
   0.68  0.02  0.73  
   -0.13  0.99  0.09  
   -0.72  -0.16  0.67  

8  1057.72  -438.89  -37.50  
   -0.04  0.49  0.87  
   1.00  -0.06  0.07  
   0.09  0.87  -0.49  

2  853.23  -38.84  578.64  
   0.17  -0.99  0.01  
   0.99  0.17  0.03  
   -0.03  0.00  1.00  

3  1230.51  -29.02  -58.49  
   -0.28  0.02  -0.96  
   -0.22  -0.97  0.05  
   -0.93  0.23  0.28  

4  1105.05  132.61  -133.50  
   0.65  -0.55  0.52  
   0.72  0.68  -0.17  
   -0.26  0.49  0.84  

5  1148.36  408.09  -70.10  
   -0.27  -0.57  0.78  
   -0.95  0.02  -0.32  
   0.17  -0.82  -0.54  

7  1085.40  -178.59  -128.14  
   0.50  0.68  0.54  
   -0.85  0.51  0.14  
   -0.18  -0.53  0.83  

8  1060.40  -438.00  -33.49  
   -0.06  0.45  0.89  
   1.00  -0.03  0.08  
   0.07  0.89  -0.45  

6  1310.43  502.29  -291.55  
   0.71  0.10  0.70  
   0.16  0.94  -0.30  
   -0.68  0.33  0.65  

9  1247.92  -531.32  -255.84  
   0.73  -0.00  0.68  
   -0.10  0.99  0.11  
   -0.67  -0.15  0.72  

2  853.23  -38.84  578.64  
   0.17  -0.99  0.01  
   0.98  0.17  0.03  
   -0.03  0.00  1.00  

4  1105.94  133.95  -132.61  
   0.65  -0.56  0.52  
   0.72  0.67  -0.18  
   -0.25  0.48  0.84  

3  1230.96  -28.57  -57.15  
   -0.28  0.02  -0.96  
   -0.22  -0.97  0.05  
   -0.93  0.23  0.28  

5  1147.91  409.87  -66.53  
   -0.28  -0.52  0.81  
   -0.95  0.03  -0.31  
   0.14  -0.85  -0.50  

6  1325.61  500.06  -271.91  
   0.76  0.08  0.64  
   0.15  0.94  -0.30  
   -0.63  0.33  0.70  

7  1086.30  -179.04  -127.25  
   0.50  0.68  0.53  
   -0.85  0.51  0.14  
   -0.18  -0.52  0.83  

9  1262.21  -530.87  -239.32  
   0.78  -0.01  0.63  
   -0.09  0.99  0.12  
   -0.62  -0.15  0.77  

8  1061.29  -440.23  -32.59  
   -0.08  0.41  0.91  
   1.00  -0.01  0.09  
   0.05  0.91  -0.41  

2  853.23  -38.84  578.64  
   0.17  -0.99  0.01  
   0.98  0.17  0.03  
   -0.03  0.00  1.00  

3  1230.96  -28.57  -57.60  
   -0.29  0.02  -0.96  
   -0.22  -0.97  0.05  
   -0.93  0.22  0.28  

4  1106.83  135.73  -131.71  
   0.65  -0.56  0.51  
   0.72  0.67  -0.17  
   -0.25  0.48  0.84  

8  1064.87  -441.13  -29.47  
   -0.11  0.36  0.93  
   0.99  0.02  0.11  
   0.02  0.93  -0.36  

5  1147.91  411.66  -62.95  
   -0.29  -0.46  0.84  
   -0.95  0.04  -0.31  
   0.11  -0.89  -0.45  

6  1340.79  500.96  -253.60  
   0.81  0.05  0.58  
   0.15  0.94  -0.30  
   -0.56  0.33  0.76  

7  1087.19  -179.93  -126.80  
   0.51  0.68  0.53  
   -0.84  0.51  0.15  
   -0.17  -0.52  0.84  

9  1283.64  -524.17  -217.88  
   0.83  -0.03  0.56  
   -0.07  0.99  0.14  
   -0.56  -0.16  0.82  

2  853.23  -38.84  578.64  
   0.17  -0.99  0.01  
   0.98  0.17  0.03  
   -0.03  0.00  1.00  

3  1230.96  -28.13  -56.70  
   -0.29  0.02  -0.96  
   -0.22  -0.97  0.05  
   -0.93  0.22  0.28  

4  1108.62  137.52  -131.71  
   0.65  -0.57  0.51  
   0.72  0.67  -0.17  
   -0.24  0.48  0.84  

5  1148.80  411.21  -57.60  
   -0.31  -0.40  0.86  
   -0.95  0.05  -0.32  
   0.08  -0.91  -0.40  

6  1357.31  495.15  -229.05  
   0.86  0.03  0.50  
   0.14  0.94  -0.31  
   -0.48  0.33  0.81  

8  1069.78  -441.13  -25.00  
   -0.15  0.29  0.95  
   0.99  0.05  0.14  
   -0.01  0.96  -0.29  

7  1088.08  -181.27  -125.91  
   0.51  0.68  0.52  
   -0.84  0.52  0.15  
   -0.17  -0.51  0.84  

9  1302.39  -520.15  -190.20  
   0.88  -0.04  0.47  
   -0.04  0.99  0.16  
   -0.47  -0.17  0.87  

2  853.23  -38.84  578.64  
   0.17  -0.99  0.01  
   0.98  0.17  0.03  
   -0.03  0.00  1.00  

6  1372.49  497.38  -195.56  
   0.91  0.01  0.42  
   0.14  0.94  -0.31  
   -0.40  0.34  0.85  

3  1231.40  -28.13  -56.26  
   -0.29  0.02  -0.96  
   -0.22  -0.97  0.05  
   -0.93  0.22  0.29  

5  1149.25  413.00  -49.56  
   -0.32  -0.33  0.89  
   -0.95  0.08  -0.32  
   0.04  -0.94  -0.34  

4  1109.96  138.86  -130.37  
   0.65  -0.57  0.50  
   0.72  0.67  -0.17  
   -0.24  0.48  0.85  

8  1076.03  -440.23  -18.31  
   -0.18  0.22  0.96  
   0.98  0.09  0.16  
   -0.05  0.97  -0.24  

7  1089.42  -183.06  -124.57  
   0.52  0.69  0.51  
   -0.84  0.52  0.15  
   -0.17  -0.51  0.84  

9  1322.04  -513.46  -158.06  
   0.92  -0.04  0.39  
   -0.03  0.99  0.17  
   -0.40  -0.17  0.90  

2  853.23  -38.84  578.64  
   0.17  -0.99  0.01  
   0.99  0.17  0.03  
   -0.03  0.00  1.00  

4  1111.75  141.54  -129.03  
   0.65  -0.58  0.49  
   0.73  0.66  -0.18  
   -0.23  0.47  0.85  

3  1231.85  -28.13  -56.26  
   -0.29  0.02  -0.96  
   -0.22  -0.98  0.04  
   -0.93  0.22  0.29  

5  1151.93  411.21  -43.31  
   -0.34  -0.26  0.90  
   -0.94  0.09  -0.32  
   -0.00  -0.96  -0.28  

7  1091.21  -184.40  -123.68  
   0.52  0.69  0.51  
   -0.84  0.52  0.15  
   -0.16  -0.50  0.85  

8  1078.71  -441.13  -14.73  
   -0.20  0.16  0.97  
   0.98  0.12  0.18  
   -0.09  0.98  -0.18  

6  1386.78  493.81  -162.52  
   0.94  -0.02  0.33  
   0.13  0.94  -0.32  
   -0.30  0.34  0.89  

9  1336.33  -510.33  -129.93  
   0.95  -0.04  0.31  
   -0.02  0.99  0.17  
   -0.32  -0.17  0.93  

2  853.23  -38.84  578.64  
   0.17  -0.99  0.01  
   0.98  0.17  0.03  
   -0.03  0.00  1.00  

3  1231.85  -28.13  -55.36  
   -0.30  0.02  -0.95  
   -0.21  -0.98  0.04  
   -0.93  0.22  0.29  

6  1398.39  492.03  -137.07  
   0.97  -0.04  0.25  
   0.12  0.94  -0.31  
   -0.23  0.33  0.92  

5  1151.93  412.11  -38.84  
   -0.34  -0.20  0.92  
   -0.94  0.10  -0.33  
   -0.03  -0.97  -0.22  

4  1115.32  143.32  -127.69  
   0.65  -0.59  0.48  
   0.73  0.66  -0.18  
   -0.21  0.46  0.86  

8  1082.72  -442.91  -14.73  
   -0.21  0.09  0.97  
   0.97  0.13  0.20  
   -0.11  0.99  -0.11  

7  1093.44  -185.29  -124.12  
   0.52  0.69  0.50  
   -0.84  0.52  0.15  
   -0.16  -0.50  0.85  

9  1347.04  -508.99  -106.26  
   0.97  -0.04  0.22  
   -0.00  0.99  0.17  
   -0.23  -0.16  0.96  

2  853.23  -38.84  578.64  
   0.17  -0.99  0.01  
   0.98  0.17  0.03  
   -0.03  0.00  1.00  

4  1117.55  144.66  -126.80  
   0.65  -0.59  0.47  
   0.73  0.66  -0.18  
   -0.21  0.46  0.86  

3  1232.30  -28.13  -54.47  
   -0.30  0.02  -0.95  
   -0.21  -0.98  0.04  
   -0.93  0.21  0.29  

6  1404.19  492.47  -109.39  
   0.98  -0.06  0.17  
   0.11  0.95  -0.31  
   -0.15  0.32  0.94  

5  1153.27  411.66  -36.61  
   -0.35  -0.14  0.93  
   -0.94  0.11  -0.33  
   -0.05  -0.98  -0.17  

7  1094.78  -185.74  -123.23  
   0.52  0.70  0.49  
   -0.84  0.52  0.15  
   -0.15  -0.49  0.86  

8  1082.28  -442.91  -12.95  
   -0.22  0.02  0.98  
   0.97  0.14  0.21  
   -0.13  0.99  -0.05  

9  1355.97  -504.53  -82.60  
   0.99  -0.04  0.15  
   0.01  0.99  0.15  
   -0.16  -0.14  0.98  

2  853.23  -38.84  578.64  
   0.17  -0.99  0.01  
   0.98  0.17  0.03  
   -0.03  0.00  1.00  

3  1232.74  -27.68  -54.47  
   -0.30  0.02  -0.95  
   -0.21  -0.98  0.04  
   -0.93  0.21  0.30  

4  1118.00  146.00  -125.91  
   0.65  -0.60  0.47  
   0.73  0.66  -0.18  
   -0.20  0.46  0.87  

5  1151.04  415.23  -37.06  
   -0.34  -0.09  0.93  
   -0.94  0.10  -0.33  
   -0.07  -0.99  -0.12  

7  1095.67  -185.74  -122.34  
   0.53  0.70  0.48  
   -0.84  0.52  0.15  
   -0.15  -0.49  0.86  

8  1084.06  -442.91  -10.72  
   -0.23  -0.03  0.97  
   0.96  0.15  0.23  
   -0.15  0.99  -0.00  

6  1408.21  490.69  -94.21  
   0.99  -0.07  0.11  
   0.10  0.95  -0.30  
   -0.09  0.30  0.95  

9  1362.22  -497.38  -62.95  
   0.99  -0.05  0.09  
   0.04  0.99  0.14  
   -0.10  -0.13  0.99  

2  853.23  -38.84  578.64  
   0.17  -0.99  0.01  
   0.98  0.17  0.03  
   -0.03  0.00  1.00  

3  1233.19  -27.68  -53.58  
   -0.30  0.02  -0.95  
   -0.21  -0.98  0.04  
   -0.93  0.21  0.30  

5  1150.14  415.68  -34.83  
   -0.34  -0.04  0.94  
   -0.94  0.10  -0.34  
   -0.08  -0.99  -0.08  

6  1410.00  489.79  -71.88  
   0.99  -0.09  0.05  
   0.10  0.95  -0.28  
   -0.02  0.29  0.96  

7  1096.12  -187.08  -121.00  
   0.53  0.70  0.48  
   -0.84  0.52  0.16  
   -0.14  -0.48  0.86  

4  1118.44  146.45  -125.02  
   0.65  -0.60  0.46  
   0.73  0.66  -0.18  
   -0.20  0.45  0.87  

8  1083.62  -443.81  -5.36  
   -0.23  -0.06  0.97  
   0.96  0.16  0.24  
   -0.18  0.98  0.02  

9  1365.35  -493.37  -46.43  
   1.00  -0.06  0.06  
   0.05  0.99  0.14  
   -0.06  -0.14  0.99  

2  853.23  -38.84  578.64  
   0.17  -0.99  0.01  
   0.98  0.17  0.03  
   -0.03  0.00  1.00  

3  1232.74  -27.68  -53.13  
   -0.30  0.02  -0.95  
   -0.21  -0.98  0.04  
   -0.93  0.21  0.30  

4  1118.44  147.34  -124.57  
   0.65  -0.60  0.46  
   0.73  0.66  -0.18  
   -0.19  0.45  0.87  

5  1149.70  414.78  -29.91  
   -0.34  -0.01  0.94  
   -0.93  0.11  -0.34  
   -0.10  -0.99  -0.05  

6  1410.44  489.35  -59.38  
   1.00  -0.09  0.01  
   0.09  0.95  -0.28  
   0.01  0.28  0.96  

7  1096.12  -188.42  -120.55  
   0.53  0.70  0.47  
   -0.84  0.52  0.16  
   -0.13  -0.48  0.87  

8  1083.17  -443.36  -0.45  
   -0.23  -0.08  0.97  
   0.95  0.18  0.25  
   -0.20  0.98  0.04  

9  1365.35  -492.92  -33.04  
   1.00  -0.06  0.03  
   0.06  0.99  0.16  
   -0.04  -0.15  0.99  

2  853.23  -38.84  578.64  
   0.17  -0.99  0.01  
   0.98  0.17  0.03  
   -0.03  0.00  1.00  

4  1120.23  147.34  -123.23  
   0.65  -0.61  0.45  
   0.73  0.65  -0.18  
   -0.18  0.45  0.88  

3  1232.74  -27.24  -51.79  
   -0.30  0.02  -0.95  
   -0.20  -0.98  0.04  
   -0.93  0.21  0.30  

6  1410.44  490.69  -49.56  
   0.99  -0.10  -0.01  
   0.09  0.95  -0.28  
   0.03  0.28  0.96  

7  1097.46  -188.86  -119.66  
   0.53  0.71  0.47  
   -0.84  0.52  0.17  
   -0.12  -0.48  0.87  

8  1084.06  -441.13  4.46  
   -0.24  -0.09  0.97  
   0.95  0.20  0.25  
   -0.21  0.98  0.04  

5  1149.70  416.12  -26.79  
   -0.34  0.01  0.94  
   -0.93  0.12  -0.34  
   -0.12  -0.99  -0.03  

9  1366.24  -490.69  -24.11  
   1.00  -0.06  0.02  
   0.06  0.98  0.17  
   -0.03  -0.17  0.99  

2  853.23  -38.84  578.64  
   0.17  -0.99  0.01  
   0.98  0.17  0.03  
   -0.03  0.00  1.00  

4  1121.57  148.68  -122.34  
   0.65  -0.61  0.44  
   0.74  0.65  -0.18  
   -0.18  0.45  0.88  

3  1233.19  -27.24  -51.35  
   -0.30  0.03  -0.95  
   -0.20  -0.98  0.04  
   -0.93  0.21  0.30  

5  1150.59  416.12  -25.90  
   -0.34  0.01  0.94  
   -0.93  0.12  -0.34  
   -0.12  -0.99  -0.03  

7  1098.35  -189.31  -119.21  
   0.53  0.71  0.46  
   -0.84  0.52  0.17  
   -0.12  -0.48  0.87  

6  1412.23  489.79  -46.43  
   0.99  -0.10  -0.01  
   0.09  0.95  -0.29  
   0.04  0.28  0.96  

9  1365.80  -491.58  -18.75  
   1.00  -0.06  0.01  
   0.06  0.98  0.18  
   -0.02  -0.18  0.98  

8  1084.51  -440.68  8.04  
   -0.24  -0.10  0.97  
   0.95  0.20  0.25  
   -0.22  0.97  0.04  

2  853.23  -38.84  578.64  
   0.17  -0.99  0.01  
   0.98  0.17  0.03  
   -0.03  0.00  1.00  

3  1233.19  -26.79  -50.90  
   -0.30  0.03  -0.95  
   -0.20  -0.98  0.04  
   -0.93  0.20  0.30  

4  1121.57  149.57  -122.34  
   0.65  -0.61  0.44  
   0.74  0.65  -0.18  
   -0.18  0.45  0.88  

5  1152.82  415.68  -19.20  
   -0.35  0.01  0.94  
   -0.93  0.14  -0.34  
   -0.13  -0.99  -0.04  

6  1413.12  489.79  -41.97  
   0.99  -0.10  -0.01  
   0.09  0.95  -0.29  
   0.04  0.29  0.96  

8  1085.40  -438.89  12.06  
   -0.24  -0.09  0.97  
   0.94  0.22  0.25  
   -0.23  0.97  0.04  

7  1098.35  -188.86  -118.32  
   0.53  0.71  0.46  
   -0.84  0.52  0.17  
   -0.11  -0.48  0.87  

9  1367.14  -489.35  -11.16  
   1.00  -0.06  0.01  
   0.06  0.98  0.19  
   -0.02  -0.19  0.98  

3  1233.64  -26.79  -50.01  
   -0.30  0.03  -0.95  
   -0.20  -0.98  0.04  
   -0.93  0.20  0.30  

2  853.23  -38.84  578.64  
   0.17  -0.99  0.01  
   0.98  0.17  0.03  
   -0.03  0.00  1.00  

4  1122.02  149.57  -121.00  
   0.65  -0.62  0.44  
   0.74  0.65  -0.19  
   -0.17  0.44  0.88  

5  1155.50  413.89  -13.84  
   -0.35  0.00  0.93  
   -0.92  0.15  -0.35  
   -0.14  -0.99  -0.05  

6  1416.25  488.90  -37.06  
   1.00  -0.10  -0.01  
   0.09  0.95  -0.30  
   0.04  0.30  0.95  

8  1085.40  -438.45  15.63  
   -0.24  -0.09  0.97  
   0.94  0.22  0.25  
   -0.24  0.97  0.03  

7  1098.80  -189.31  -117.87  
   0.53  0.71  0.45  
   -0.84  0.51  0.18  
   -0.11  -0.48  0.87  

9  1367.58  -489.79  -7.59  
   1.00  -0.06  0.01  
   0.05  0.98  0.20  
   -0.02  -0.20  0.98  

2  853.23  -38.84  578.64  
   0.17  -0.99  0.01  
   0.98  0.17  0.03  
   -0.03  0.00  1.00  

3  1234.08  -26.79  -49.56  
   -0.30  0.02  -0.95  
   -0.20  -0.98  0.04  
   -0.93  0.20  0.30  

4  1123.35  150.47  -120.55  
   0.66  -0.62  0.44  
   0.74  0.65  -0.19  
   -0.17  0.44  0.88  

5  1156.39  413.89  -12.95  
   -0.36  0.00  0.93  
   -0.92  0.15  -0.35  
   -0.14  -0.99  -0.05  

8  1085.40  -438.89  16.52  
   -0.24  -0.09  0.97  
   0.94  0.23  0.25  
   -0.24  0.97  0.03  

6  1419.37  488.90  -33.49  
   1.00  -0.09  -0.01  
   0.09  0.95  -0.31  
   0.04  0.31  0.95  

7  1099.24  -189.76  -117.43  
   0.53  0.72  0.45  
   -0.84  0.51  0.18  
   -0.10  -0.47  0.87  

9  1366.69  -490.69  -5.80  
   1.00  -0.06  0.01  
   0.05  0.98  0.21  
   -0.02  -0.21  0.98  

2  853.23  -38.84  578.64  
   0.17  -0.99  0.01  
   0.99  0.17  0.03  
   -0.03  0.00  1.00  

3  1234.53  -27.24  -48.67  
   -0.30  0.02  -0.95  
   -0.20  -0.98  0.04  
   -0.93  0.20  0.30  

4  1123.80  150.47  -120.55  
   0.66  -0.62  0.43  
   0.73  0.65  -0.19  
   -0.17  0.44  0.88  

5  1159.07  413.44  -11.61  
   -0.37  -0.01  0.93  
   -0.92  0.16  -0.36  
   -0.14  -0.99  -0.06  

6  1420.71  487.56  -32.15  
   1.00  -0.09  -0.01  
   0.08  0.95  -0.31  
   0.03  0.31  0.95  

8  1085.40  -438.89  17.86  
   -0.24  -0.09  0.97  
   0.94  0.23  0.25  
   -0.24  0.97  0.03  

7  1099.24  -189.76  -116.98  
   0.53  0.72  0.45  
   -0.84  0.51  0.18  
   -0.10  -0.47  0.88  

9  1367.14  -490.69  -3.57  
   1.00  -0.06  0.01  
   0.05  0.98  0.21  
   -0.02  -0.21  0.98  

2  853.23  -38.84  578.64  
   0.17  -0.99  0.01  
   0.99  0.17  0.03  
   -0.03  0.00  1.00  

4  1123.80  150.47  -120.10  
   0.66  -0.62  0.43  
   0.73  0.65  -0.19  
   -0.16  0.44  0.88  

3  1234.53  -26.79  -48.22  
   -0.30  0.02  -0.95  
   -0.20  -0.98  0.04  
   -0.93  0.20  0.29  

5  1160.41  413.89  -10.72  
   -0.37  -0.01  0.93  
   -0.92  0.16  -0.36  
   -0.14  -0.99  -0.07  

6  1421.61  486.67  -30.81  
   1.00  -0.09  -0.00  
   0.08  0.95  -0.31  
   0.03  0.31  0.95  

9  1367.58  -490.24  -3.13  
   1.00  -0.06  0.01  
   0.05  0.98  0.21  
   -0.02  -0.21  0.98  

8  1085.85  -438.89  18.31  
   -0.24  -0.09  0.97  
   0.94  0.23  0.25  
   -0.25  0.97  0.03  

7  1099.24  -189.76  -116.53  
   0.53  0.72  0.45  
   -0.84  0.51  0.18  
   -0.10  -0.47  0.88  

3  1234.08  -27.24  -48.22  
   -0.30  0.02  -0.95  
   -0.19  -0.98  0.04  
   -0.93  0.20  0.29  

2  853.23  -38.84  578.64  
   0.17  -0.99  0.01  
   0.98  0.17  0.03  
   -0.03  0.00  1.00  

4  1124.25  150.91  -119.66  
   0.66  -0.62  0.43  
   0.73  0.65  -0.19  
   -0.16  0.44  0.88  

5  1160.86  413.89  -10.27  
   -0.37  -0.01  0.93  
   -0.92  0.16  -0.36  
   -0.15  -0.99  -0.07  

6  1422.95  486.22  -30.36  
   1.00  -0.09  -0.00  
   0.08  0.95  -0.31  
   0.03  0.31  0.95  

9  1367.58  -489.79  -2.68  
   1.00  -0.06  0.01  
   0.05  0.98  0.21  
   -0.02  -0.21  0.98  

7  1099.24  -190.20  -116.98  
   0.53  0.72  0.44  
   -0.84  0.51  0.18  
   -0.10  -0.47  0.88  

8  1085.85  -438.89  18.75  
   -0.24  -0.10  0.97  
   0.94  0.23  0.25  
   -0.25  0.97  0.03  

2  853.23  -38.84  578.64  
   0.17  -0.99  0.01  
   0.98  0.17  0.03  
   -0.03  0.00  1.00  

3  1234.53  -27.24  -47.33  
   -0.30  0.02  -0.95  
   -0.19  -0.98  0.04  
   -0.94  0.20  0.29  

4  1124.25  150.47  -119.21  
   0.66  -0.62  0.43  
   0.73  0.65  -0.19  
   -0.16  0.44  0.88  

5  1161.75  413.89  -10.27  
   -0.37  -0.01  0.93  
   -0.92  0.16  -0.36  
   -0.14  -0.99  -0.07  

6  1423.84  485.77  -31.70  
   1.00  -0.08  0.00  
   0.08  0.95  -0.31  
   0.03  0.31  0.95  

7  1099.24  -190.20  -116.53  
   0.53  0.72  0.44  
   -0.84  0.51  0.18  
   -0.09  -0.47  0.88  

8  1085.40  -438.89  18.75  
   -0.24  -0.09  0.97  
   0.94  0.23  0.25  
   -0.25  0.97  0.03  

9  1366.69  -489.79  -2.23  
   1.00  -0.06  0.01  
   0.05  0.98  0.21  
   -0.02  -0.21  0.98  

