2  1106.83  -1.79  108.94  
   -0.17  0.16  -0.97  
   -0.21  -0.97  -0.12  
   -0.96  0.19  0.20  

3  1041.65  -4.02  -23.66  
   -0.54  0.20  -0.82  
   -0.11  -0.98  -0.17  
   -0.84  -0.00  0.55  

2  1104.16  0.45  107.60  
   -0.28  0.23  -0.93  
   -0.19  -0.96  -0.18  
   -0.94  0.13  0.31  

3  1041.20  -4.46  -22.77  
   -0.54  0.20  -0.82  
   -0.11  -0.98  -0.17  
   -0.84  -0.00  0.55  

2  1102.82  -5.80  101.35  
   -0.35  0.09  -0.93  
   -0.25  -0.97  0.00  
   -0.90  0.24  0.36  

3  1041.20  -4.91  -22.77  
   -0.54  0.19  -0.82  
   -0.11  -0.98  -0.16  
   -0.83  -0.00  0.55  

2  1107.73  -12.06  112.07  
   -0.06  -0.14  -0.99  
   -0.38  -0.91  0.15  
   -0.92  0.39  0.00  

3  1040.76  -4.91  -22.32  
   -0.54  0.19  -0.82  
   -0.10  -0.98  -0.16  
   -0.83  -0.00  0.55  

2  1106.39  -0.45  114.30  
   -0.09  0.20  -0.98  
   -0.20  -0.96  -0.18  
   -0.97  0.18  0.13  

3  1040.76  -4.91  -22.77  
   -0.54  0.19  -0.82  
   -0.11  -0.98  -0.16  
   -0.83  -0.00  0.55  

2  1031.38  -8.93  -59.38  
   -0.66  0.11  -0.74  
   -0.17  -0.99  0.01  
   -0.73  0.13  0.67  

3  1042.09  -6.25  -2.68  
   -0.56  0.11  -0.82  
   -0.05  -0.99  -0.11  
   -0.83  -0.02  0.56  

2  1026.91  -4.91  -61.17  
   -0.72  0.25  -0.64  
   -0.28  -0.96  -0.05  
   -0.63  0.15  0.76  

3  1041.65  -6.25  -2.23  
   -0.56  0.11  -0.82  
   -0.04  -0.99  -0.10  
   -0.83  -0.02  0.56  

2  1022.45  -17.41  -62.51  
   -0.80  0.25  -0.55  
   -0.45  -0.86  0.25  
   -0.41  0.45  0.80  

3  1041.65  -5.80  -2.23  
   -0.56  0.11  -0.82  
   -0.04  -0.99  -0.10  
   -0.83  -0.02  0.56  

2  1038.52  -9.82  -54.92  
   -0.43  0.28  -0.86  
   -0.54  -0.84  -0.00  
   -0.72  0.46  0.52  

3  1041.65  -5.80  -1.79  
   -0.56  0.11  -0.82  
   -0.04  -0.99  -0.10  
   -0.83  -0.02  0.56  

2  1026.02  -2.23  -63.40  
   -0.72  0.32  -0.61  
   -0.34  -0.94  -0.09  
   -0.60  0.14  0.79  

3  1041.20  -5.36  -1.79  
   -0.56  0.11  -0.82  
   -0.04  -0.99  -0.10  
   -0.83  -0.03  0.56  

2  1058.17  -22.32  -174.13  
   0.22  0.79  0.57  
   -0.97  0.16  0.16  
   0.03  -0.59  0.80  

3  1176.49  -9.38  19.65  
   -0.21  0.08  -0.97  
   -0.06  -1.00  -0.07  
   -0.98  0.04  0.22  

2  1048.79  -25.90  -169.22  
   0.28  0.63  0.72  
   -0.96  0.23  0.17  
   -0.05  -0.74  0.67  

3  1175.59  -10.27  20.09  
   -0.21  0.07  -0.97  
   -0.06  -1.00  -0.06  
   -0.98  0.04  0.22  

2  1056.83  -31.25  -173.68  
   0.38  0.75  0.55  
   -0.92  0.23  0.32  
   0.11  -0.62  0.78  

3  1176.04  -9.82  19.65  
   -0.21  0.08  -0.97  
   -0.06  -1.00  -0.06  
   -0.98  0.04  0.22  

2  1049.24  -6.25  -168.77  
   0.15  0.71  0.68  
   -0.88  0.41  -0.24  
   -0.45  -0.57  0.69  

3  1176.49  -10.27  18.31  
   -0.21  0.08  -0.97  
   -0.06  -1.00  -0.06  
   -0.97  0.04  0.22  

2  1045.67  -25.90  -168.77  
   0.31  0.61  0.73  
   -0.94  0.33  0.11  
   -0.18  -0.72  0.67  

3  1175.59  -10.27  19.20  
   -0.21  0.08  -0.97  
   -0.06  -1.00  -0.06  
   -0.97  0.05  0.22  

2  947.89  -11.16  35.27  
   -0.17  0.17  0.97  
   -0.89  -0.44  -0.08  
   0.42  -0.88  0.22  

3  1177.83  -13.39  20.09  
   -0.20  0.05  -0.98  
   -0.06  -1.00  -0.04  
   -0.98  0.05  0.20  

2  949.23  -25.00  36.61  
   0.06  0.26  0.96  
   -0.87  -0.47  0.18  
   0.50  -0.84  0.20  

3  1178.27  -14.29  19.65  
   -0.20  0.05  -0.98  
   -0.06  -1.00  -0.03  
   -0.98  0.05  0.20  

2  952.35  -11.61  23.22  
   -0.01  0.50  0.87  
   -1.00  -0.07  0.03  
   0.07  -0.87  0.50  

3  1177.83  -13.84  20.09  
   -0.20  0.05  -0.98  
   -0.06  -1.00  -0.03  
   -0.98  0.05  0.20  

2  948.78  -19.65  38.40  
   0.03  0.11  0.99  
   -0.97  -0.24  0.05  
   0.24  -0.97  0.10  

3  1176.04  -14.29  21.43  
   -0.20  0.04  -0.98  
   -0.06  -1.00  -0.03  
   -0.98  0.06  0.20  

2  955.03  -28.13  22.77  
   0.25  0.47  0.85  
   -0.96  0.00  0.28  
   0.13  -0.89  0.45  

3  1175.59  -14.73  21.43  
   -0.20  0.04  -0.98  
   -0.06  -1.00  -0.03  
   -0.98  0.06  0.20  

2  1030.93  -0.89  -60.28  
   -0.62  -0.06  -0.78  
   -0.39  -0.84  0.38  
   -0.68  0.53  0.50  

3  1043.88  -4.02  4.91  
   -0.53  0.10  -0.84  
   -0.03  -0.99  -0.10  
   -0.85  -0.03  0.53  

2  1031.38  16.52  -64.29  
   -0.61  0.15  -0.78  
   -0.21  -0.98  -0.03  
   -0.76  0.14  0.63  

3  1042.99  -3.57  4.91  
   -0.53  0.10  -0.84  
   -0.03  -0.99  -0.10  
   -0.85  -0.03  0.53  

2  1017.09  5.36  -70.54  
   -0.85  0.08  -0.52  
   -0.26  -0.92  0.28  
   -0.46  0.38  0.80  

3  1042.54  -4.02  4.91  
   -0.53  0.10  -0.84  
   -0.02  -0.99  -0.10  
   -0.85  -0.03  0.53  

2  1027.81  -4.91  -63.40  
   -0.70  -0.01  -0.71  
   -0.44  -0.78  0.45  
   -0.56  0.63  0.54  

3  1042.54  -4.02  5.36  
   -0.53  0.10  -0.84  
   -0.03  -0.99  -0.10  
   -0.85  -0.03  0.53  

2  1032.27  18.75  -59.83  
   -0.57  0.12  -0.81  
   -0.09  -0.99  -0.08  
   -0.82  0.03  0.58  

3  1042.54  -4.46  5.36  
   -0.53  0.10  -0.84  
   -0.03  -0.99  -0.10  
   -0.85  -0.03  0.53  

2  1027.36  128.14  -25.00  
   -0.22  -0.29  -0.93  
   0.06  -0.96  0.28  
   -0.97  0.01  0.22  

4  933.15  150.02  -51.79  
   0.72  0.55  0.41  
   -0.41  0.82  -0.40  
   -0.56  0.12  0.82  

2  1021.11  129.93  -30.81  
   -0.47  -0.25  -0.85  
   0.14  -0.97  0.21  
   -0.87  -0.02  0.49  

4  933.60  150.02  -52.24  
   0.72  0.56  0.41  
   -0.41  0.82  -0.40  
   -0.56  0.11  0.82  

2  1016.20  114.75  -30.36  
   -0.53  -0.42  -0.74  
   -0.11  -0.83  0.55  
   -0.84  0.37  0.39  

4  934.49  149.13  -51.79  
   0.72  0.57  0.40  
   -0.42  0.82  -0.40  
   -0.55  0.12  0.83  

2  1031.38  134.39  -18.31  
   -0.18  -0.06  -0.98  
   -0.07  -0.99  0.07  
   -0.98  0.08  0.18  

4  934.94  149.13  -52.24  
   0.72  0.57  0.40  
   -0.42  0.81  -0.40  
   -0.55  0.12  0.83  

2  1017.98  131.27  -34.83  
   -0.63  -0.11  -0.77  
   -0.00  -0.99  0.14  
   -0.78  0.09  0.62  

4  934.49  150.02  -52.24  
   0.72  0.56  0.41  
   -0.42  0.82  -0.40  
   -0.56  0.12  0.82  

2  988.52  136.62  -75.01  
   -0.61  -0.49  -0.62  
   0.52  -0.84  0.16  
   -0.60  -0.22  0.77  

4  932.71  149.13  -51.35  
   0.68  0.55  0.48  
   -0.37  0.83  -0.42  
   -0.63  0.11  0.77  

2  979.59  138.86  -78.13  
   -0.79  -0.47  -0.39  
   0.49  -0.87  0.05  
   -0.37  -0.16  0.92  

4  934.94  149.13  -51.79  
   0.68  0.57  0.46  
   -0.40  0.81  -0.43  
   -0.62  0.11  0.78  

2  975.12  124.12  -80.81  
   -0.80  -0.54  -0.26  
   0.43  -0.82  0.39  
   -0.42  0.20  0.89  

4  935.83  148.68  -51.79  
   0.69  0.57  0.44  
   -0.40  0.81  -0.42  
   -0.60  0.11  0.79  

2  999.23  140.20  -66.97  
   -0.46  -0.40  -0.79  
   0.62  -0.79  0.04  
   -0.64  -0.47  0.61  

4  934.94  149.13  -50.90  
   0.69  0.57  0.45  
   -0.40  0.81  -0.43  
   -0.61  0.12  0.78  

2  974.68  146.89  -81.26  
   -0.76  -0.59  -0.27  
   0.63  -0.77  -0.13  
   -0.13  -0.27  0.95  

4  935.38  148.68  -51.79  
   0.69  0.57  0.45  
   -0.40  0.81  -0.43  
   -0.61  0.11  0.78  

2  931.81  194.67  -34.83  
   -0.37  0.70  0.60  
   -0.46  0.42  -0.78  
   -0.80  -0.57  0.17  

4  954.58  143.32  -54.47  
   0.67  0.64  0.38  
   -0.45  0.75  -0.48  
   -0.59  0.15  0.79  

2  948.78  193.33  -54.92  
   -0.03  0.96  0.28  
   -0.63  0.20  -0.75  
   -0.78  -0.20  0.60  

4  954.14  145.11  -54.92  
   0.67  0.64  0.38  
   -0.45  0.75  -0.48  
   -0.59  0.15  0.80  

2  936.72  200.47  -29.91  
   -0.22  0.85  0.47  
   -0.23  0.43  -0.88  
   -0.95  -0.30  0.10  

4  954.14  145.11  -54.92  
   0.67  0.64  0.37  
   -0.45  0.75  -0.48  
   -0.59  0.15  0.79  

2  928.24  193.77  -33.49  
   -0.38  0.64  0.66  
   -0.49  0.47  -0.74  
   -0.79  -0.60  0.13  

4  953.24  143.32  -54.92  
   0.68  0.61  0.40  
   -0.41  0.77  -0.48  
   -0.60  0.17  0.78  

2  939.40  192.88  -51.35  
   -0.09  0.88  0.46  
   -0.57  0.33  -0.75  
   -0.81  -0.33  0.48  

4  953.69  144.66  -54.47  
   0.68  0.63  0.38  
   -0.44  0.76  -0.48  
   -0.59  0.16  0.79  

2  845.19  92.42  -43.76  
   -0.25  0.58  0.78  
   -0.95  0.00  -0.31  
   -0.18  -0.81  0.55  

4  956.37  148.68  -55.36  
   0.69  0.62  0.37  
   -0.45  0.77  -0.45  
   -0.57  0.14  0.81  

2  840.28  90.19  -28.57  
   -0.26  0.24  0.94  
   -0.96  0.05  -0.28  
   -0.11  -0.97  0.21  

4  956.37  147.79  -54.92  
   0.69  0.62  0.37  
   -0.45  0.77  -0.45  
   -0.56  0.14  0.81  

2  848.32  74.56  -49.56  
   0.03  0.63  0.77  
   -1.00  0.01  0.03  
   0.01  -0.78  0.63  

4  956.37  147.79  -54.92  
   0.69  0.62  0.37  
   -0.45  0.77  -0.45  
   -0.57  0.15  0.81  

2  853.23  103.14  -44.65  
   -0.29  0.76  0.58  
   -0.85  0.08  -0.52  
   -0.44  -0.65  0.62  

4  956.37  148.23  -54.47  
   0.69  0.62  0.37  
   -0.45  0.77  -0.45  
   -0.57  0.15  0.81  

2  839.84  85.72  -22.32  
   -0.18  0.11  0.98  
   -0.98  -0.07  -0.17  
   0.05  -0.99  0.12  

4  956.37  148.68  -54.47  
   0.69  0.62  0.37  
   -0.45  0.77  -0.46  
   -0.57  0.15  0.81  

2  844.30  96.44  115.19  
   -0.00  -0.37  0.93  
   -0.81  -0.55  -0.22  
   0.59  -0.75  -0.30  

4  968.42  149.57  -56.70  
   0.69  0.65  0.31  
   -0.48  0.74  -0.47  
   -0.54  0.17  0.83  

2  844.30  87.51  108.50  
   0.08  -0.21  0.97  
   -0.88  -0.47  -0.03  
   0.47  -0.85  -0.23  

4  968.87  150.02  -56.70  
   0.69  0.65  0.31  
   -0.48  0.74  -0.47  
   -0.53  0.17  0.83  

2  844.75  106.71  107.16  
   -0.30  -0.33  0.90  
   -0.83  -0.37  -0.41  
   0.47  -0.87  -0.16  

4  968.87  149.57  -56.70  
   0.69  0.65  0.31  
   -0.48  0.74  -0.47  
   -0.53  0.17  0.83  

2  848.32  93.32  121.00  
   0.16  -0.44  0.88  
   -0.81  -0.56  -0.14  
   0.56  -0.70  -0.45  

4  969.76  149.57  -56.70  
   0.69  0.65  0.31  
   -0.48  0.74  -0.47  
   -0.53  0.17  0.83  

2  846.53  103.58  111.62  
   -0.15  -0.39  0.91  
   -0.84  -0.43  -0.33  
   0.52  -0.81  -0.26  

4  969.76  149.13  -56.70  
   0.69  0.65  0.31  
   -0.48  0.74  -0.47  
   -0.53  0.17  0.83  

2  1058.17  260.30  238.87  
   -0.27  0.80  -0.53  
   -0.52  -0.58  -0.62  
   -0.81  0.11  0.58  

5  992.98  247.35  246.91  
   -0.39  0.83  0.40  
   -0.12  0.39  -0.91  
   -0.91  -0.41  -0.06  

2  1045.67  266.55  235.74  
   -0.44  0.86  -0.26  
   -0.49  -0.48  -0.73  
   -0.75  -0.19  0.64  

5  992.98  247.80  246.46  
   -0.39  0.82  0.41  
   -0.12  0.39  -0.91  
   -0.91  -0.41  -0.06  

2  1057.72  253.60  231.73  
   -0.18  0.85  -0.49  
   -0.76  -0.44  -0.48  
   -0.62  0.29  0.73  

5  992.98  247.80  246.46  
   -0.39  0.82  0.41  
   -0.12  0.39  -0.91  
   -0.91  -0.41  -0.06  

2  1055.94  270.12  246.91  
   -0.13  0.89  -0.44  
   -0.40  -0.45  -0.80  
   -0.91  0.07  0.42  

5  993.43  247.80  246.91  
   -0.39  0.83  0.41  
   -0.11  0.40  -0.91  
   -0.91  -0.40  -0.06  

2  1039.42  272.36  237.53  
   -0.61  0.78  -0.12  
   -0.39  -0.43  -0.81  
   -0.69  -0.45  0.57  

5  992.53  248.25  246.46  
   -0.39  0.83  0.41  
   -0.11  0.40  -0.91  
   -0.91  -0.40  -0.06  

2  992.53  246.01  287.98  
   -0.44  0.24  0.87  
   0.75  0.64  0.20  
   -0.50  0.73  -0.46  

5  1032.27  281.73  214.76  
   -0.44  0.88  0.18  
   -0.21  0.09  -0.97  
   -0.87  -0.46  0.14  

2  992.98  253.16  289.77  
   -0.34  0.35  0.87  
   0.80  0.59  0.07  
   -0.49  0.73  -0.48  

5  1032.27  281.29  215.21  
   -0.44  0.88  0.16  
   -0.21  0.07  -0.97  
   -0.87  -0.46  0.15  

2  995.21  242.89  292.00  
   -0.57  0.22  0.79  
   0.65  0.71  0.27  
   -0.50  0.67  -0.55  

5  1032.27  280.84  216.10  
   -0.45  0.88  0.16  
   -0.21  0.07  -0.97  
   -0.87  -0.47  0.16  

2  991.64  254.05  283.52  
   -0.23  0.19  0.95  
   0.85  0.52  0.10  
   -0.47  0.83  -0.28  

5  1032.27  281.29  214.76  
   -0.44  0.88  0.16  
   -0.21  0.06  -0.97  
   -0.87  -0.47  0.16  

2  993.43  255.84  295.57  
   -0.29  0.47  0.83  
   0.84  0.54  -0.01  
   -0.45  0.70  -0.56  

5  1031.38  280.84  216.99  
   -0.45  0.88  0.16  
   -0.22  0.07  -0.97  
   -0.87  -0.47  0.16  

2  1222.47  151.36  191.99  
   -0.59  0.71  -0.39  
   -0.81  -0.48  0.35  
   0.06  0.52  0.85  

6  1190.33  199.13  219.22  
   0.97  0.23  -0.02  
   -0.21  0.84  -0.50  
   -0.10  0.49  0.87  

2  1217.12  159.39  187.97  
   -0.81  0.53  -0.24  
   -0.57  -0.81  0.15  
   -0.12  0.26  0.96  

6  1190.77  199.13  220.12  
   0.97  0.23  -0.03  
   -0.21  0.83  -0.51  
   -0.10  0.50  0.86  

2  1216.22  144.21  196.45  
   -0.79  0.56  -0.24  
   -0.59  -0.62  0.51  
   0.13  0.55  0.82  

6  1190.77  198.69  220.56  
   0.97  0.23  -0.03  
   -0.22  0.83  -0.52  
   -0.09  0.51  0.86  

2  1230.51  156.72  191.54  
   -0.68  0.50  -0.53  
   -0.68  -0.70  0.21  
   -0.27  0.51  0.82  

6  1191.22  197.79  221.46  
   0.97  0.23  -0.04  
   -0.22  0.83  -0.52  
   -0.09  0.51  0.85  

2  1215.78  159.39  187.08  
   -0.94  0.26  -0.21  
   -0.28  -0.95  0.10  
   -0.18  0.15  0.97  

6  1191.22  197.35  221.46  
   0.97  0.24  -0.04  
   -0.22  0.83  -0.52  
   -0.09  0.51  0.86  

2  1250.60  212.53  237.53  
   0.06  0.66  -0.74  
   -0.12  -0.74  -0.67  
   -0.99  0.13  0.04  

6  1189.43  188.42  213.42  
   0.95  0.31  0.00  
   -0.26  0.79  -0.56  
   -0.18  0.53  0.83  

2  1245.69  212.97  223.24  
   -0.27  0.64  -0.71  
   -0.17  -0.76  -0.62  
   -0.95  -0.05  0.32  

6  1188.54  188.42  213.42  
   0.95  0.30  0.01  
   -0.25  0.79  -0.56  
   -0.18  0.53  0.83  

2  1251.50  203.15  216.10  
   -0.00  0.55  -0.84  
   -0.48  -0.73  -0.48  
   -0.88  0.40  0.27  

6  1187.65  189.31  211.19  
   0.95  0.31  0.01  
   -0.25  0.79  -0.56  
   -0.19  0.53  0.83  

2  1245.24  215.21  243.33  
   -0.04  0.75  -0.67  
   0.04  -0.66  -0.75  
   -1.00  -0.06  0.00  

6  1187.20  188.42  211.19  
   0.95  0.31  0.01  
   -0.25  0.79  -0.56  
   -0.18  0.53  0.83  

2  1238.10  207.17  212.97  
   -0.50  0.59  -0.64  
   -0.27  -0.80  -0.54  
   -0.83  -0.10  0.56  

6  1186.76  187.08  211.63  
   0.95  0.31  0.01  
   -0.25  0.80  -0.55  
   -0.18  0.52  0.84  

2  1032.27  -34.38  -57.15  
   -0.11  -0.64  -0.76  
   0.94  -0.31  0.12  
   -0.32  -0.70  0.64  

3  1042.54  -7.14  7.14  
   -0.53  0.06  -0.85  
   -0.01  -1.00  -0.06  
   -0.85  -0.03  0.53  

2  1020.66  -40.18  -70.99  
   -0.27  -0.80  -0.54  
   0.82  -0.48  0.30  
   -0.50  -0.36  0.79  

3  1042.09  -6.70  6.70  
   -0.53  0.06  -0.85  
   -0.01  -1.00  -0.06  
   -0.85  -0.03  0.53  

2  1036.74  -33.04  -53.13  
   0.00  -0.57  -0.82  
   0.99  -0.13  0.10  
   -0.16  -0.81  0.56  

3  1042.54  -6.70  7.14  
   -0.53  0.06  -0.85  
   -0.01  -1.00  -0.06  
   -0.85  -0.03  0.53  

2  1017.54  -29.47  -67.42  
   -0.39  -0.80  -0.45  
   0.91  -0.41  -0.07  
   -0.13  -0.44  0.89  

3  1042.54  -6.70  7.14  
   -0.53  0.06  -0.85  
   -0.01  -1.00  -0.06  
   -0.85  -0.02  0.53  

2  1034.50  -39.74  -57.60  
   0.08  -0.63  -0.77  
   0.95  -0.19  0.25  
   -0.31  -0.75  0.58  

3  1042.54  -6.70  6.70  
   -0.53  0.06  -0.85  
   -0.01  -1.00  -0.06  
   -0.85  -0.02  0.53  

2  1014.86  -138.86  -10.72  
   -0.10  -0.27  -0.96  
   0.97  0.21  -0.16  
   0.24  -0.94  0.24  

7  915.29  -159.39  -56.70  
   0.64  -0.59  0.48  
   0.48  0.81  0.35  
   -0.60  0.00  0.80  

2  1006.82  -130.37  -22.32  
   -0.28  -0.50  -0.82  
   0.95  0.01  -0.32  
   0.17  -0.87  0.47  

7  915.29  -158.95  -56.70  
   0.64  -0.60  0.48  
   0.48  0.80  0.36  
   -0.60  0.00  0.80  

2  1016.64  -149.13  -8.48  
   0.10  -0.17  -0.98  
   0.99  0.12  0.08  
   0.11  -0.98  0.18  

7  915.29  -159.39  -56.70  
   0.65  -0.60  0.47  
   0.48  0.80  0.35  
   -0.59  -0.00  0.81  

2  1016.64  -149.57  -8.93  
   0.18  -0.15  -0.97  
   0.97  0.21  0.14  
   0.19  -0.96  0.19  

7  915.29  -159.39  -56.70  
   0.64  -0.60  0.48  
   0.48  0.80  0.36  
   -0.59  0.00  0.80  

2  1015.31  -137.07  -6.70  
   -0.10  -0.25  -0.96  
   0.86  0.46  -0.21  
   0.50  -0.85  0.17  

7  915.29  -158.95  -56.70  
   0.64  -0.60  0.48  
   0.48  0.80  0.35  
   -0.60  0.00  0.80  

2  971.10  -157.16  -79.47  
   -0.35  -0.75  -0.56  
   0.85  -0.50  0.14  
   -0.39  -0.43  0.82  

7  914.40  -157.61  -54.02  
   0.60  -0.59  0.54  
   0.46  0.81  0.37  
   -0.65  0.03  0.76  

2  963.07  -161.18  -90.19  
   -0.44  -0.82  -0.37  
   0.80  -0.55  0.26  
   -0.41  -0.18  0.89  

7  914.85  -158.50  -54.92  
   0.60  -0.59  0.54  
   0.46  0.81  0.37  
   -0.65  0.03  0.76  

2  976.91  -149.13  -74.56  
   -0.16  -0.76  -0.63  
   0.98  -0.18  -0.02  
   -0.10  -0.62  0.78  

7  917.08  -157.61  -54.47  
   0.59  -0.61  0.53  
   0.48  0.79  0.37  
   -0.65  0.04  0.76  

2  952.80  -144.66  -85.72  
   -0.57  -0.81  -0.12  
   0.82  -0.57  -0.07  
   -0.01  -0.14  0.99  

7  916.19  -156.72  -55.36  
   0.59  -0.61  0.53  
   0.48  0.79  0.37  
   -0.65  0.04  0.76  

2  976.01  -168.77  -76.80  
   0.08  -0.81  -0.58  
   0.87  -0.22  0.43  
   -0.48  -0.54  0.69  

7  914.85  -158.50  -54.02  
   0.60  -0.59  0.54  
   0.46  0.81  0.37  
   -0.66  0.02  0.75  

2  926.01  -216.10  -43.31  
   0.62  -0.70  0.37  
   0.05  0.50  0.86  
   -0.79  -0.51  0.34  

7  934.49  -158.95  -54.47  
   0.60  -0.63  0.48  
   0.45  0.77  0.44  
   -0.65  -0.05  0.76  

2  914.85  -207.62  -45.09  
   0.47  -0.63  0.62  
   0.09  0.73  0.67  
   -0.88  -0.26  0.40  

7  934.94  -158.95  -54.47  
   0.60  -0.64  0.48  
   0.46  0.77  0.45  
   -0.66  -0.05  0.75  

2  925.56  -218.78  -41.97  
   0.84  -0.39  0.37  
   -0.17  0.47  0.87  
   -0.51  -0.79  0.33  

7  933.60  -159.84  -54.02  
   0.60  -0.63  0.49  
   0.45  0.77  0.45  
   -0.66  -0.05  0.75  

2  914.40  -218.33  -40.63  
   0.58  -0.54  0.61  
   -0.28  0.57  0.77  
   -0.76  -0.62  0.18  

7  933.60  -159.39  -54.47  
   0.60  -0.63  0.49  
   0.44  0.77  0.45  
   -0.66  -0.06  0.74  

2  935.83  -207.17  -51.79  
   0.79  -0.59  0.13  
   0.36  0.63  0.68  
   -0.49  -0.50  0.72  

7  934.05  -160.73  -54.02  
   0.60  -0.63  0.49  
   0.45  0.77  0.44  
   -0.66  -0.05  0.75  

2  842.52  -103.58  -39.29  
   0.18  -0.22  0.96  
   0.12  0.97  0.20  
   -0.98  0.08  0.20  

7  948.78  -159.84  -56.70  
   0.58  -0.70  0.42  
   0.50  0.71  0.49  
   -0.64  -0.07  0.76  

2  852.34  -112.96  -54.02  
   0.63  -0.21  0.75  
   -0.18  0.90  0.41  
   -0.75  -0.39  0.53  

7  948.78  -159.84  -56.70  
   0.58  -0.70  0.42  
   0.50  0.71  0.49  
   -0.64  -0.07  0.76  

2  848.32  -85.72  -50.01  
   0.49  -0.03  0.87  
   0.34  0.93  -0.16  
   -0.80  0.37  0.46  

7  950.12  -159.84  -56.70  
   0.58  -0.70  0.42  
   0.50  0.71  0.50  
   -0.64  -0.08  0.76  

2  842.07  -107.60  -19.20  
   -0.15  -0.22  0.96  
   -0.04  0.98  0.22  
   -0.99  -0.01  -0.15  

7  950.12  -159.84  -57.15  
   0.57  -0.70  0.42  
   0.50  0.71  0.50  
   -0.65  -0.08  0.76  

2  853.23  -123.23  -47.77  
   0.62  -0.27  0.74  
   -0.29  0.80  0.53  
   -0.73  -0.54  0.41  

7  950.12  -160.29  -57.15  
   0.57  -0.70  0.42  
   0.50  0.71  0.50  
   -0.64  -0.07  0.76  

2  838.94  -102.69  109.84  
   -0.45  0.19  0.87  
   0.64  0.75  0.17  
   -0.63  0.63  -0.46  

7  968.87  -162.07  -58.04  
   0.58  -0.73  0.36  
   0.53  0.67  0.52  
   -0.62  -0.11  0.77  

2  838.50  -108.05  95.99  
   -0.34  -0.08  0.94  
   0.31  0.93  0.19  
   -0.89  0.36  -0.29  

7  969.76  -162.52  -58.04  
   0.58  -0.74  0.36  
   0.53  0.67  0.52  
   -0.62  -0.11  0.77  

2  838.94  -88.85  96.44  
   -0.09  0.15  0.98  
   0.46  0.88  -0.10  
   -0.88  0.45  -0.15  

7  968.87  -162.52  -58.49  
   0.57  -0.73  0.36  
   0.53  0.67  0.52  
   -0.63  -0.11  0.77  

2  836.71  -104.48  96.44  
   -0.28  0.03  0.96  
   0.71  0.68  0.18  
   -0.65  0.73  -0.22  

7  968.87  -162.52  -58.49  
   0.58  -0.73  0.36  
   0.53  0.67  0.52  
   -0.62  -0.11  0.77  

2  845.64  -90.19  117.43  
   0.19  0.58  0.79  
   0.98  -0.15  -0.12  
   0.05  0.80  -0.60  

7  971.10  -162.07  -58.49  
   0.58  -0.74  0.35  
   0.53  0.67  0.52  
   -0.62  -0.11  0.78  

2  1034.06  -283.96  230.39  
   -0.27  -0.89  -0.38  
   0.45  -0.46  0.76  
   -0.85  0.04  0.52  

8  978.25  -272.36  231.73  
   -0.44  -0.85  0.30  
   0.04  0.32  0.95  
   -0.90  0.43  -0.10  

2  1035.40  -281.73  227.26  
   -0.21  -0.91  -0.36  
   0.54  -0.42  0.73  
   -0.82  -0.04  0.58  

8  978.69  -271.91  231.28  
   -0.43  -0.85  0.30  
   0.04  0.31  0.95  
   -0.90  0.42  -0.10  

2  1032.27  -279.50  221.46  
   -0.19  -0.94  -0.27  
   0.67  -0.32  0.67  
   -0.72  -0.06  0.69  

8  979.14  -272.36  230.83  
   -0.43  -0.85  0.29  
   0.03  0.31  0.95  
   -0.90  0.42  -0.10  

2  1035.84  -288.43  233.51  
   -0.14  -0.92  -0.36  
   0.38  -0.39  0.84  
   -0.91  -0.02  0.41  

8  979.14  -272.80  230.39  
   -0.43  -0.85  0.30  
   0.03  0.31  0.95  
   -0.90  0.42  -0.11  

2  1036.74  -279.50  225.03  
   0.12  -0.93  -0.34  
   0.73  -0.15  0.66  
   -0.67  -0.33  0.66  

8  979.14  -272.80  230.83  
   -0.43  -0.85  0.29  
   0.03  0.31  0.95  
   -0.90  0.42  -0.11  

2  980.03  -250.48  273.69  
   -0.25  0.43  0.87  
   0.63  0.75  -0.20  
   -0.74  0.50  -0.46  

8  1022.00  -301.82  192.88  
   -0.36  -0.93  0.10  
   0.19  0.03  0.98  
   -0.91  0.37  0.16  

2  988.96  -239.32  269.23  
   -0.07  0.61  0.79  
   0.62  0.65  -0.44  
   -0.78  0.46  -0.43  

8  1024.24  -302.72  191.54  
   -0.36  -0.93  0.11  
   0.19  0.04  0.98  
   -0.91  0.37  0.16  

2  986.73  -256.73  278.61  
   -0.52  0.37  0.77  
   0.49  0.87  -0.09  
   -0.70  0.33  -0.63  

8  1023.34  -302.27  191.99  
   -0.37  -0.92  0.12  
   0.19  0.05  0.98  
   -0.91  0.39  0.16  

2  987.62  -239.32  268.78  
   -0.17  0.58  0.79  
   0.51  0.74  -0.44  
   -0.84  0.33  -0.42  

8  1023.34  -302.27  191.54  
   -0.37  -0.92  0.12  
   0.20  0.05  0.98  
   -0.91  0.39  0.16  

2  992.53  -244.67  283.96  
   -0.56  0.61  0.56  
   0.51  0.78  -0.35  
   -0.65  0.09  -0.75  

8  1024.24  -302.27  191.54  
   -0.38  -0.92  0.11  
   0.20  0.03  0.98  
   -0.90  0.39  0.18  

2  1211.76  -169.22  175.91  
   0.42  -0.90  0.06  
   0.75  0.31  -0.59  
   0.51  0.29  0.81  

9  1191.67  -235.30  196.90  
   0.97  -0.21  0.13  
   0.15  0.91  0.38  
   -0.20  -0.35  0.92  

2  1205.06  -158.50  191.54  
   0.40  -0.88  0.24  
   0.56  0.03  -0.83  
   0.72  0.47  0.50  

9  1192.11  -234.85  196.45  
   0.97  -0.21  0.13  
   0.15  0.91  0.38  
   -0.20  -0.34  0.92  

2  1218.46  -168.32  180.38  
   0.48  -0.86  -0.19  
   0.62  0.49  -0.61  
   0.61  0.18  0.77  

9  1192.11  -234.85  196.45  
   0.97  -0.22  0.13  
   0.15  0.91  0.38  
   -0.20  -0.35  0.92  

2  1201.94  -162.52  190.65  
   0.38  -0.89  0.24  
   0.57  0.02  -0.82  
   0.72  0.45  0.52  

9  1191.22  -236.64  195.56  
   0.97  -0.22  0.14  
   0.15  0.91  0.39  
   -0.21  -0.35  0.91  

2  1208.19  -174.58  165.65  
   0.45  -0.89  0.10  
   0.79  0.34  -0.51  
   0.42  0.31  0.85  

9  1190.77  -237.08  195.11  
   0.97  -0.22  0.14  
   0.15  0.91  0.39  
   -0.21  -0.36  0.91  

2  1207.29  -287.98  197.79  
   -0.25  -0.94  -0.21  
   0.31  -0.28  0.91  
   -0.92  0.16  0.36  

9  1178.27  -240.66  195.11  
   0.96  -0.21  0.17  
   0.15  0.94  0.31  
   -0.23  -0.27  0.94  

2  1207.29  -282.18  183.06  
   -0.07  -0.99  -0.12  
   0.65  -0.14  0.75  
   -0.76  -0.02  0.65  

9  1179.61  -242.44  193.77  
   0.96  -0.21  0.17  
   0.15  0.94  0.31  
   -0.23  -0.27  0.93  

2  1217.56  -291.11  194.67  
   0.11  -0.95  -0.30  
   0.26  -0.26  0.93  
   -0.96  -0.18  0.21  

9  1180.50  -242.89  191.54  
   0.96  -0.22  0.18  
   0.15  0.94  0.32  
   -0.23  -0.28  0.93  

2  1217.56  -283.52  185.74  
   0.27  -0.92  -0.28  
   0.59  -0.07  0.80  
   -0.76  -0.39  0.53  

9  1182.29  -241.99  190.20  
   0.96  -0.22  0.18  
   0.15  0.93  0.32  
   -0.24  -0.28  0.93  

2  1204.17  -299.59  192.88  
   -0.01  -1.00  0.01  
   0.26  0.00  0.97  
   -0.97  0.02  0.26  

9  1182.29  -243.33  188.86  
   0.96  -0.22  0.18  
   0.15  0.93  0.32  
   -0.24  -0.28  0.93  

