2  856.36  -40.63  573.73  
   0.56  -0.83  0.01  
   0.82  0.56  0.06  
   -0.06  -0.03  1.00  

5  1103.71  237.98  246.46  
   -0.02  0.64  0.77  
   -0.27  0.73  -0.62  
   -0.96  -0.22  0.16  

3  1265.34  -10.72  20.54  
   -0.50  0.04  -0.87  
   -0.02  -1.00  -0.03  
   -0.87  0.00  0.50  

4  1151.04  161.63  -12.95  
   0.79  -0.51  0.35  
   0.62  0.62  -0.49  
   0.03  0.60  0.80  

6  1210.87  279.95  479.08  
   0.45  -0.89  -0.06  
   0.04  0.09  -1.00  
   0.89  0.45  0.08  

8  1105.05  -229.94  245.57  
   -0.14  -0.05  0.99  
   0.31  0.95  0.09  
   -0.94  0.32  -0.11  

7  1137.64  -169.22  -34.83  
   0.59  0.68  0.43  
   -0.81  0.51  0.30  
   -0.01  -0.52  0.85  

9  1227.39  -296.47  471.04  
   0.53  0.82  0.22  
   -0.05  -0.23  0.97  
   0.85  -0.52  -0.08  

2  856.36  -40.63  573.73  
   0.56  -0.83  0.01  
   0.82  0.56  0.07  
   -0.06  -0.03  1.00  

6  1210.87  280.39  478.63  
   0.45  -0.89  -0.06  
   0.04  0.09  -1.00  
   0.89  0.45  0.08  

5  1104.16  237.98  246.46  
   -0.02  0.64  0.77  
   -0.27  0.73  -0.62  
   -0.96  -0.22  0.16  

3  1265.78  -10.72  20.54  
   -0.50  0.04  -0.87  
   -0.02  -1.00  -0.03  
   -0.87  0.00  0.50  

4  1151.04  162.07  -12.50  
   0.79  -0.51  0.35  
   0.62  0.62  -0.49  
   0.03  0.60  0.80  

7  1137.64  -169.66  -34.83  
   0.59  0.68  0.43  
   -0.81  0.51  0.30  
   -0.01  -0.53  0.85  

8  1105.05  -229.94  245.57  
   -0.14  -0.05  0.99  
   0.31  0.95  0.09  
   -0.94  0.32  -0.11  

9  1226.94  -296.47  471.04  
   0.53  0.82  0.22  
   -0.05  -0.23  0.97  
   0.85  -0.52  -0.08  

2  856.36  -40.63  573.73  
   0.56  -0.83  0.01  
   0.82  0.56  0.06  
   -0.06  -0.03  1.00  

4  1151.04  161.63  -12.95  
   0.79  -0.51  0.35  
   0.62  0.62  -0.49  
   0.03  0.60  0.80  

3  1265.78  -10.72  19.65  
   -0.50  0.04  -0.87  
   -0.02  -1.00  -0.03  
   -0.87  0.00  0.50  

6  1210.87  279.95  479.08  
   0.45  -0.89  -0.06  
   0.04  0.09  -1.00  
   0.89  0.45  0.08  

8  1105.05  -229.94  245.12  
   -0.14  -0.05  0.99  
   0.31  0.95  0.09  
   -0.94  0.32  -0.11  

5  1104.16  237.98  246.46  
   -0.02  0.64  0.77  
   -0.27  0.73  -0.62  
   -0.96  -0.22  0.16  

7  1138.09  -169.66  -34.83  
   0.59  0.68  0.43  
   -0.81  0.51  0.30  
   -0.01  -0.52  0.85  

9  1227.39  -296.47  471.04  
   0.53  0.82  0.22  
   -0.05  -0.23  0.97  
   0.85  -0.52  -0.08  

2  856.36  -40.63  573.73  
   0.56  -0.83  0.01  
   0.82  0.56  0.06  
   -0.06  -0.03  1.00  

4  1151.04  161.63  -12.95  
   0.79  -0.51  0.35  
   0.62  0.62  -0.49  
   0.03  0.60  0.80  

3  1265.78  -10.72  20.54  
   -0.50  0.04  -0.87  
   -0.02  -1.00  -0.03  
   -0.87  0.00  0.50  

5  1103.71  237.53  246.46  
   -0.02  0.64  0.76  
   -0.27  0.73  -0.62  
   -0.96  -0.22  0.16  

7  1137.64  -169.66  -34.83  
   0.59  0.68  0.43  
   -0.81  0.51  0.30  
   -0.01  -0.53  0.85  

6  1210.87  280.39  478.63  
   0.45  -0.89  -0.06  
   0.04  0.08  -1.00  
   0.89  0.45  0.07  

8  1105.50  -229.49  245.12  
   -0.14  -0.05  0.99  
   0.31  0.95  0.09  
   -0.94  0.32  -0.11  

9  1226.94  -296.02  471.49  
   0.53  0.82  0.22  
   -0.05  -0.23  0.97  
   0.85  -0.52  -0.08  

2  856.36  -40.63  573.73  
   0.56  -0.83  0.01  
   0.82  0.56  0.06  
   -0.06  -0.03  1.00  

4  1151.04  161.18  -12.95  
   0.79  -0.51  0.35  
   0.62  0.62  -0.49  
   0.03  0.60  0.80  

6  1210.42  280.39  479.08  
   0.45  -0.89  -0.06  
   0.04  0.08  -1.00  
   0.89  0.45  0.07  

5  1103.71  237.53  246.01  
   -0.02  0.64  0.76  
   -0.27  0.73  -0.62  
   -0.96  -0.22  0.16  

3  1265.78  -11.16  20.54  
   -0.50  0.04  -0.87  
   -0.02  -1.00  -0.03  
   -0.87  0.00  0.50  

7  1137.64  -170.11  -34.83  
   0.59  0.68  0.43  
   -0.81  0.51  0.30  
   -0.01  -0.53  0.85  

8  1105.50  -229.94  245.12  
   -0.14  -0.05  0.99  
   0.31  0.95  0.09  
   -0.94  0.32  -0.11  

9  1226.49  -296.47  471.49  
   0.53  0.82  0.23  
   -0.05  -0.24  0.97  
   0.85  -0.52  -0.08  

2  856.36  -40.63  573.73  
   0.56  -0.83  0.01  
   0.82  0.56  0.07  
   -0.06  -0.03  1.00  

3  1265.78  -11.16  20.54  
   -0.50  0.04  -0.87  
   -0.02  -1.00  -0.03  
   -0.87  0.00  0.50  

4  1151.48  161.63  -12.50  
   0.79  -0.51  0.35  
   0.62  0.62  -0.49  
   0.03  0.60  0.80  

6  1210.42  279.95  479.52  
   0.45  -0.89  -0.06  
   0.04  0.08  -1.00  
   0.89  0.45  0.07  

7  1137.64  -170.11  -34.83  
   0.59  0.68  0.43  
   -0.81  0.51  0.30  
   -0.01  -0.53  0.85  

8  1105.05  -229.49  246.01  
   -0.14  -0.05  0.99  
   0.31  0.95  0.09  
   -0.94  0.31  -0.11  

5  1103.71  237.98  246.01  
   -0.02  0.64  0.76  
   -0.27  0.73  -0.63  
   -0.96  -0.22  0.16  

9  1226.05  -295.57  471.93  
   0.52  0.82  0.23  
   -0.05  -0.24  0.97  
   0.85  -0.52  -0.08  

2  856.36  -40.63  573.73  
   0.56  -0.83  0.01  
   0.82  0.56  0.07  
   -0.06  -0.03  1.00  

3  1265.78  -11.16  20.98  
   -0.49  0.04  -0.87  
   -0.02  -1.00  -0.03  
   -0.87  0.00  0.50  

4  1151.48  162.07  -12.50  
   0.79  -0.51  0.35  
   0.62  0.62  -0.49  
   0.03  0.60  0.80  

5  1104.60  238.42  246.46  
   -0.02  0.65  0.76  
   -0.27  0.73  -0.63  
   -0.96  -0.22  0.16  

6  1210.87  279.95  479.97  
   0.45  -0.89  -0.06  
   0.04  0.09  -1.00  
   0.89  0.45  0.08  

9  1226.05  -296.02  471.49  
   0.52  0.82  0.23  
   -0.05  -0.24  0.97  
   0.85  -0.52  -0.08  

8  1105.50  -230.39  246.01  
   -0.14  -0.07  0.99  
   0.30  0.95  0.10  
   -0.94  0.31  -0.11  

7  1138.09  -170.11  -35.27  
   0.59  0.68  0.43  
   -0.81  0.51  0.30  
   -0.01  -0.53  0.85  

2  856.36  -40.63  573.73  
   0.56  -0.83  0.01  
   0.82  0.56  0.07  
   -0.06  -0.03  1.00  

5  1106.39  240.21  246.91  
   -0.02  0.66  0.75  
   -0.27  0.72  -0.64  
   -0.96  -0.22  0.16  

6  1213.10  279.95  479.52  
   0.45  -0.89  -0.09  
   0.04  0.11  -0.99  
   0.89  0.45  0.08  

4  1151.48  161.18  -12.50  
   0.79  -0.51  0.35  
   0.62  0.62  -0.49  
   0.03  0.60  0.80  

3  1265.78  -11.16  21.43  
   -0.49  0.04  -0.87  
   -0.02  -1.00  -0.03  
   -0.87  0.00  0.49  

7  1138.54  -170.11  -34.83  
   0.59  0.68  0.43  
   -0.81  0.51  0.30  
   -0.01  -0.52  0.85  

9  1227.83  -295.13  471.93  
   0.51  0.84  0.20  
   -0.04  -0.20  0.98  
   0.86  -0.51  -0.07  

8  1107.73  -231.73  245.57  
   -0.14  -0.11  0.98  
   0.30  0.94  0.14  
   -0.95  0.31  -0.10  

2  856.36  -40.63  573.73  
   0.56  -0.83  0.01  
   0.82  0.56  0.07  
   -0.06  -0.03  1.00  

3  1265.78  -11.16  21.43  
   -0.49  0.04  -0.87  
   -0.02  -1.00  -0.03  
   -0.87  0.00  0.49  

5  1109.07  240.21  248.25  
   -0.03  0.67  0.74  
   -0.26  0.71  -0.65  
   -0.96  -0.22  0.15  

6  1217.12  279.95  478.63  
   0.46  -0.88  -0.10  
   0.04  0.13  -0.99  
   0.89  0.45  0.09  

4  1151.93  161.63  -12.95  
   0.79  -0.51  0.35  
   0.62  0.62  -0.49  
   0.03  0.60  0.80  

7  1138.09  -170.56  -34.38  
   0.60  0.68  0.42  
   -0.80  0.51  0.30  
   -0.01  -0.52  0.85  

9  1230.51  -297.36  471.49  
   0.51  0.84  0.17  
   -0.04  -0.17  0.98  
   0.86  -0.51  -0.05  

8  1109.51  -233.51  245.57  
   -0.15  -0.13  0.98  
   0.29  0.94  0.16  
   -0.94  0.31  -0.10  

3  1265.34  -11.16  21.88  
   -0.49  0.04  -0.87  
   -0.02  -1.00  -0.03  
   -0.87  0.00  0.49  

2  856.36  -40.63  573.73  
   0.56  -0.83  0.01  
   0.82  0.56  0.07  
   -0.06  -0.03  1.00  

4  1151.48  161.18  -12.50  
   0.79  -0.51  0.35  
   0.61  0.62  -0.49  
   0.03  0.60  0.80  

5  1114.87  241.99  250.03  
   -0.06  0.68  0.73  
   -0.27  0.69  -0.67  
   -0.96  -0.23  0.14  

6  1224.26  282.18  477.74  
   0.47  -0.88  -0.10  
   0.05  0.14  -0.99  
   0.88  0.46  0.11  

8  1113.09  -234.40  246.01  
   -0.16  -0.14  0.98  
   0.29  0.94  0.19  
   -0.94  0.32  -0.11  

7  1138.09  -170.11  -34.83  
   0.60  0.68  0.42  
   -0.80  0.52  0.30  
   -0.01  -0.52  0.86  

9  1234.98  -297.81  469.70  
   0.52  0.84  0.16  
   -0.05  -0.16  0.99  
   0.85  -0.52  -0.04  

2  856.36  -40.63  573.73  
   0.56  -0.83  0.01  
   0.82  0.56  0.07  
   -0.06  -0.03  1.00  

4  1149.25  162.07  -11.16  
   0.79  -0.50  0.35  
   0.61  0.62  -0.50  
   0.04  0.60  0.80  

3  1264.89  -10.72  21.43  
   -0.49  0.04  -0.87  
   -0.02  -1.00  -0.03  
   -0.87  0.00  0.50  

5  1123.35  243.78  251.37  
   -0.10  0.70  0.71  
   -0.27  0.67  -0.69  
   -0.96  -0.26  0.12  

7  1138.09  -170.11  -34.38  
   0.60  0.68  0.42  
   -0.80  0.52  0.30  
   -0.01  -0.52  0.85  

6  1239.89  289.32  473.72  
   0.50  -0.86  -0.09  
   0.07  0.15  -0.99  
   0.86  0.49  0.13  

8  1120.23  -237.98  247.80  
   -0.21  -0.16  0.96  
   0.29  0.93  0.22  
   -0.93  0.33  -0.15  

9  1254.17  -300.93  464.34  
   0.55  0.81  0.17  
   -0.06  -0.16  0.98  
   0.83  -0.56  -0.04  

2  856.36  -40.63  573.73  
   0.56  -0.83  0.01  
   0.82  0.56  0.07  
   -0.06  -0.03  1.00  

6  1263.10  292.89  462.56  
   0.55  -0.83  -0.09  
   0.07  0.15  -0.99  
   0.83  0.54  0.15  

5  1136.75  250.92  251.37  
   -0.17  0.71  0.68  
   -0.29  0.63  -0.72  
   -0.94  -0.31  0.10  

3  1264.00  -10.27  21.43  
   -0.49  0.04  -0.87  
   -0.02  -1.00  -0.03  
   -0.87  0.00  0.49  

4  1148.80  161.18  -11.61  
   0.80  -0.49  0.35  
   0.60  0.61  -0.51  
   0.03  0.62  0.79  

7  1136.30  -169.66  -35.27  
   0.60  0.67  0.43  
   -0.80  0.52  0.30  
   -0.02  -0.53  0.85  

9  1279.62  -300.04  452.74  
   0.60  0.78  0.17  
   -0.06  -0.16  0.98  
   0.79  -0.61  -0.05  

8  1136.30  -241.99  248.25  
   -0.28  -0.19  0.94  
   0.29  0.92  0.27  
   -0.92  0.35  -0.20  

2  856.36  -40.63  573.73  
   0.56  -0.83  0.01  
   0.82  0.56  0.07  
   -0.06  -0.03  1.00  

3  1263.10  -10.27  21.43  
   -0.49  0.04  -0.87  
   -0.02  -1.00  -0.03  
   -0.87  0.00  0.49  

4  1146.57  161.18  -11.61  
   0.80  -0.48  0.36  
   0.60  0.61  -0.51  
   0.03  0.62  0.78  

6  1288.55  297.36  450.95  
   0.61  -0.79  -0.08  
   0.08  0.16  -0.98  
   0.79  0.60  0.16  

5  1152.82  252.71  250.03  
   -0.24  0.72  0.65  
   -0.29  0.58  -0.76  
   -0.93  -0.37  0.07  

7  1135.41  -170.11  -36.61  
   0.60  0.66  0.44  
   -0.80  0.52  0.30  
   -0.03  -0.54  0.84  

9  1311.32  -295.57  442.91  
   0.66  0.73  0.16  
   -0.05  -0.17  0.98  
   0.75  -0.66  -0.07  

8  1154.61  -244.67  248.25  
   -0.36  -0.21  0.91  
   0.28  0.91  0.32  
   -0.89  0.37  -0.26  

2  856.36  -40.63  573.73  
   0.56  -0.83  0.01  
   0.82  0.56  0.07  
   -0.06  -0.03  1.00  

3  1262.66  -9.38  21.43  
   -0.49  0.04  -0.87  
   -0.02  -1.00  -0.04  
   -0.87  0.00  0.49  

4  1146.13  161.18  -11.61  
   0.80  -0.47  0.36  
   0.60  0.61  -0.52  
   0.02  0.63  0.78  

5  1168.90  255.39  246.91  
   -0.31  0.73  0.61  
   -0.30  0.54  -0.79  
   -0.90  -0.43  0.05  

6  1316.68  296.02  435.77  
   0.67  -0.74  -0.10  
   0.07  0.19  -0.98  
   0.74  0.65  0.18  

7  1134.96  -169.22  -37.06  
   0.61  0.65  0.45  
   -0.79  0.53  0.31  
   -0.04  -0.54  0.84  

8  1170.24  -243.33  249.14  
   -0.43  -0.22  0.87  
   0.26  0.90  0.36  
   -0.86  0.38  -0.33  

9  1341.24  -289.32  429.07  
   0.72  0.68  0.14  
   -0.03  -0.17  0.98  
   0.69  -0.71  -0.10  

2  856.36  -40.63  573.73  
   0.56  -0.83  0.01  
   0.82  0.56  0.07  
   -0.06  -0.03  1.00  

3  1261.32  -8.93  20.98  
   -0.49  0.05  -0.87  
   -0.03  -1.00  -0.04  
   -0.87  0.00  0.49  

4  1144.79  160.73  -12.50  
   0.81  -0.46  0.37  
   0.59  0.62  -0.52  
   0.01  0.63  0.77  

7  1134.96  -167.43  -37.50  
   0.62  0.64  0.46  
   -0.78  0.54  0.31  
   -0.05  -0.55  0.83  

5  1188.99  256.73  243.33  
   -0.40  0.70  0.59  
   -0.30  0.52  -0.80  
   -0.87  -0.49  0.00  

6  1347.49  300.48  416.57  
   0.73  -0.68  -0.09  
   0.07  0.20  -0.98  
   0.68  0.70  0.20  

8  1192.11  -240.21  246.91  
   -0.51  -0.21  0.83  
   0.25  0.89  0.37  
   -0.82  0.40  -0.41  

9  1375.62  -283.96  408.09  
   0.78  0.61  0.13  
   -0.03  -0.17  0.99  
   0.63  -0.77  -0.11  

2  856.36  -40.63  573.73  
   0.56  -0.83  0.01  
   0.82  0.56  0.07  
   -0.06  -0.03  1.00  

4  1143.45  160.73  -14.29  
   0.81  -0.45  0.38  
   0.58  0.63  -0.51  
   -0.01  0.64  0.77  

3  1260.43  -8.48  20.09  
   -0.49  0.05  -0.87  
   -0.03  -1.00  -0.04  
   -0.87  0.00  0.49  

5  1204.61  257.62  237.53  
   -0.48  0.65  0.58  
   -0.30  0.50  -0.81  
   -0.82  -0.57  -0.05  

6  1379.64  299.14  390.23  
   0.80  -0.60  -0.07  
   0.07  0.21  -0.98  
   0.60  0.78  0.21  

7  1134.07  -166.99  -38.40  
   0.63  0.62  0.47  
   -0.77  0.55  0.31  
   -0.06  -0.56  0.83  

8  1217.56  -241.10  237.08  
   -0.60  -0.17  0.78  
   0.25  0.89  0.39  
   -0.76  0.43  -0.49  

9  1414.46  -278.61  375.94  
   0.84  0.53  0.10  
   -0.02  -0.15  0.99  
   0.54  -0.83  -0.11  

2  856.36  -40.63  573.73  
   0.56  -0.83  0.01  
   0.82  0.56  0.07  
   -0.06  -0.03  1.00  

6  1412.23  298.70  358.97  
   0.86  -0.51  -0.05  
   0.07  0.22  -0.97  
   0.51  0.83  0.22  

5  1225.15  257.62  225.47  
   -0.57  0.60  0.57  
   -0.30  0.49  -0.82  
   -0.77  -0.64  -0.10  

3  1259.53  -8.48  19.20  
   -0.49  0.05  -0.87  
   -0.03  -1.00  -0.04  
   -0.87  0.00  0.49  

4  1143.45  159.84  -17.41  
   0.82  -0.43  0.38  
   0.57  0.64  -0.51  
   -0.03  0.63  0.77  

7  1133.18  -166.99  -40.18  
   0.64  0.61  0.48  
   -0.77  0.56  0.31  
   -0.08  -0.56  0.82  

8  1236.76  -238.87  229.94  
   -0.68  -0.15  0.72  
   0.24  0.88  0.42  
   -0.69  0.46  -0.56  

9  1447.50  -272.36  344.69  
   0.89  0.44  0.07  
   -0.01  -0.13  0.99  
   0.45  -0.89  -0.11  

2  856.36  -40.63  573.73  
   0.56  -0.83  0.01  
   0.82  0.56  0.07  
   -0.06  -0.03  1.00  

3  1259.53  -8.04  17.86  
   -0.49  0.05  -0.87  
   -0.03  -1.00  -0.04  
   -0.87  0.00  0.49  

4  1143.89  158.50  -20.09  
   0.83  -0.41  0.38  
   0.56  0.66  -0.50  
   -0.04  0.63  0.78  

5  1242.57  258.07  215.21  
   -0.64  0.54  0.55  
   -0.31  0.48  -0.82  
   -0.70  -0.70  -0.14  

6  1439.47  300.48  327.27  
   0.91  -0.42  -0.03  
   0.07  0.23  -0.97  
   0.42  0.88  0.24  

7  1132.28  -165.65  -41.97  
   0.64  0.59  0.49  
   -0.76  0.58  0.31  
   -0.10  -0.57  0.82  

9  1478.31  -272.80  300.93  
   0.94  0.34  0.05  
   -0.01  -0.12  0.99  
   0.34  -0.93  -0.11  

8  1259.09  -239.32  213.87  
   -0.76  -0.11  0.64  
   0.24  0.87  0.44  
   -0.60  0.49  -0.63  

2  856.36  -40.63  573.73  
   0.56  -0.83  0.01  
   0.82  0.56  0.07  
   -0.06  -0.03  1.00  

6  1465.81  299.59  281.73  
   0.95  -0.32  -0.01  
   0.07  0.24  -0.97  
   0.31  0.92  0.25  

5  1261.32  254.94  198.69  
   -0.71  0.47  0.52  
   -0.30  0.46  -0.83  
   -0.63  -0.75  -0.19  

3  1259.53  -7.14  17.41  
   -0.48  0.05  -0.87  
   -0.03  -1.00  -0.04  
   -0.87  0.00  0.49  

4  1143.45  157.61  -23.66  
   0.83  -0.40  0.39  
   0.55  0.68  -0.49  
   -0.07  0.62  0.78  

7  1131.84  -164.75  -43.31  
   0.65  0.57  0.50  
   -0.75  0.59  0.30  
   -0.12  -0.57  0.81  

9  1503.76  -263.43  262.09  
   0.97  0.24  0.02  
   0.00  -0.11  0.99  
   0.24  -0.96  -0.11  

8  1276.95  -236.64  200.03  
   -0.82  -0.08  0.57  
   0.24  0.85  0.46  
   -0.53  0.51  -0.68  

2  856.36  -40.63  573.73  
   0.56  -0.83  0.01  
   0.82  0.56  0.07  
   -0.06  -0.03  1.00  

4  1143.45  155.82  -25.45  
   0.84  -0.38  0.39  
   0.53  0.70  -0.48  
   -0.09  0.61  0.79  

3  1259.53  -6.70  16.97  
   -0.48  0.05  -0.87  
   -0.03  -1.00  -0.04  
   -0.87  0.01  0.48  

7  1130.94  -163.86  -44.65  
   0.66  0.56  0.50  
   -0.74  0.61  0.29  
   -0.14  -0.56  0.81  

8  1290.34  -235.30  183.95  
   -0.86  -0.05  0.50  
   0.23  0.85  0.47  
   -0.45  0.52  -0.72  

5  1276.95  255.84  183.06  
   -0.77  0.40  0.50  
   -0.31  0.45  -0.84  
   -0.56  -0.80  -0.22  

6  1481.88  298.25  241.55  
   0.97  -0.23  0.01  
   0.07  0.25  -0.97  
   0.22  0.94  0.26  

9  1522.51  -262.98  221.90  
   0.99  0.15  0.01  
   0.01  -0.11  0.99  
   0.15  -0.98  -0.11  

3  1259.98  -7.14  16.07  
   -0.48  0.05  -0.87  
   -0.03  -1.00  -0.04  
   -0.88  0.01  0.48  

2  856.36  -40.63  573.73  
   0.56  -0.83  0.01  
   0.82  0.56  0.07  
   -0.06  -0.03  1.00  

4  1143.45  154.48  -28.57  
   0.85  -0.36  0.39  
   0.52  0.72  -0.46  
   -0.11  0.59  0.80  

9  1537.25  -252.71  180.38  
   1.00  0.06  -0.01  
   0.02  -0.11  0.99  
   0.05  -0.99  -0.11  

7  1129.61  -162.97  -46.88  
   0.67  0.55  0.51  
   -0.73  0.62  0.28  
   -0.16  -0.56  0.82  

8  1302.84  -229.49  167.88  
   -0.90  -0.01  0.43  
   0.22  0.85  0.48  
   -0.37  0.53  -0.76  

5  1288.55  255.84  164.75  
   -0.82  0.32  0.47  
   -0.31  0.44  -0.84  
   -0.48  -0.84  -0.26  

6  1502.87  294.23  196.45  
   0.99  -0.12  0.03  
   0.06  0.26  -0.96  
   0.11  0.96  0.27  

2  856.36  -40.63  573.73  
   0.56  -0.83  0.01  
   0.82  0.56  0.07  
   -0.06  -0.03  1.00  

5  1299.72  254.50  146.45  
   -0.86  0.25  0.44  
   -0.31  0.44  -0.84  
   -0.40  -0.86  -0.30  

6  1513.58  288.88  147.79  
   1.00  -0.00  0.05  
   0.05  0.27  -0.96  
   -0.01  0.96  0.27  

4  1141.66  152.25  -30.81  
   0.85  -0.35  0.38  
   0.50  0.74  -0.45  
   -0.13  0.57  0.81  

3  1259.53  -6.70  16.52  
   -0.48  0.05  -0.88  
   -0.03  -1.00  -0.04  
   -0.88  0.01  0.48  

7  1128.27  -160.73  -47.77  
   0.67  0.54  0.50  
   -0.72  0.65  0.27  
   -0.18  -0.54  0.82  

8  1316.24  -226.81  146.00  
   -0.94  0.03  0.34  
   0.21  0.84  0.49  
   -0.28  0.54  -0.80  

9  1551.53  -247.35  129.03  
   1.00  -0.06  -0.03  
   0.03  -0.11  0.99  
   -0.06  -0.99  -0.10  

2  856.36  -40.63  573.73  
   0.56  -0.83  0.01  
   0.82  0.56  0.06  
   -0.06  -0.03  1.00  

4  1139.43  150.91  -33.93  
   0.86  -0.34  0.38  
   0.49  0.76  -0.43  
   -0.15  0.55  0.82  

3  1259.09  -6.70  15.18  
   -0.48  0.05  -0.88  
   -0.03  -1.00  -0.04  
   -0.88  0.01  0.48  

7  1125.14  -159.39  -51.35  
   0.68  0.53  0.50  
   -0.70  0.67  0.24  
   -0.21  -0.52  0.83  

6  1523.40  285.30  99.57  
   0.99  0.11  0.07  
   0.04  0.27  -0.96  
   -0.12  0.96  0.26  

5  1310.43  250.48  124.12  
   -0.90  0.17  0.40  
   -0.30  0.44  -0.85  
   -0.32  -0.88  -0.34  

9  1558.23  -241.99  67.42  
   0.98  -0.18  -0.05  
   0.04  -0.10  0.99  
   -0.19  -0.98  -0.09  

8  1327.40  -222.80  120.55  
   -0.96  0.08  0.26  
   0.20  0.84  0.50  
   -0.18  0.54  -0.83  

2  856.36  -40.63  573.73  
   0.56  -0.83  0.01  
   0.82  0.56  0.07  
   -0.06  -0.03  1.00  

4  1137.64  149.13  -35.27  
   0.87  -0.32  0.38  
   0.46  0.79  -0.40  
   -0.17  0.52  0.83  

3  1258.19  -6.25  14.29  
   -0.48  0.06  -0.88  
   -0.04  -1.00  -0.04  
   -0.88  0.01  0.48  

6  1526.08  277.27  47.77  
   0.97  0.23  0.08  
   0.02  0.27  -0.96  
   -0.24  0.94  0.25  

5  1315.79  247.35  104.48  
   -0.93  0.09  0.37  
   -0.29  0.44  -0.85  
   -0.24  -0.89  -0.38  

7  1122.02  -155.82  -52.24  
   0.69  0.52  0.50  
   -0.69  0.69  0.22  
   -0.23  -0.49  0.84  

9  1559.12  -234.85  11.16  
   0.95  -0.31  -0.07  
   0.05  -0.08  1.00  
   -0.31  -0.95  -0.06  

8  1334.54  -219.22  93.76  
   -0.98  0.13  0.16  
   0.20  0.83  0.51  
   -0.07  0.54  -0.84  

2  856.36  -40.63  573.73  
   0.56  -0.83  0.01  
   0.82  0.56  0.07  
   -0.06  -0.03  1.00  

5  1321.15  242.44  78.58  
   -0.95  0.01  0.32  
   -0.29  0.43  -0.85  
   -0.15  -0.90  -0.41  

4  1135.41  146.89  -37.95  
   0.88  -0.30  0.38  
   0.44  0.82  -0.37  
   -0.20  0.49  0.85  

6  1522.96  269.68  -9.82  
   0.93  0.35  0.10  
   0.00  0.27  -0.96  
   -0.36  0.90  0.25  

3  1256.41  -6.25  12.50  
   -0.48  0.05  -0.87  
   -0.04  -1.00  -0.04  
   -0.88  0.01  0.48  

8  1338.56  -214.31  67.87  
   -0.98  0.17  0.09  
   0.19  0.83  0.52  
   0.02  0.52  -0.85  

9  1554.66  -227.71  -50.45  
   0.90  -0.42  -0.08  
   0.05  -0.09  0.99  
   -0.43  -0.90  -0.06  

7  1119.34  -154.04  -53.58  
   0.70  0.51  0.50  
   -0.67  0.72  0.20  
   -0.26  -0.47  0.84  

2  856.36  -40.63  573.73  
   0.56  -0.83  0.01  
   0.82  0.56  0.07  
   -0.06  -0.03  1.00  

3  1254.62  -4.91  12.06  
   -0.48  0.06  -0.88  
   -0.04  -1.00  -0.04  
   -0.88  0.01  0.48  

5  1323.83  241.10  57.60  
   -0.95  -0.06  0.30  
   -0.29  0.44  -0.85  
   -0.08  -0.90  -0.43  

4  1132.28  145.11  -40.18  
   0.88  -0.28  0.38  
   0.41  0.85  -0.34  
   -0.23  0.45  0.86  

6  1517.15  265.21  -64.29  
   0.88  0.46  0.12  
   -0.01  0.27  -0.96  
   -0.48  0.85  0.24  

7  1117.55  -150.91  -55.36  
   0.71  0.50  0.50  
   -0.65  0.74  0.18  
   -0.28  -0.45  0.85  

9  1544.39  -223.69  -104.48  
   0.84  -0.53  -0.09  
   0.05  -0.09  0.99  
   -0.54  -0.84  -0.04  

8  1339.90  -212.53  38.84  
   -0.97  0.22  -0.00  
   0.19  0.83  0.52  
   0.12  0.51  -0.85  

2  856.36  -40.63  573.73  
   0.56  -0.83  0.01  
   0.82  0.56  0.07  
   -0.06  -0.03  1.00  

4  1130.05  141.09  -43.76  
   0.89  -0.26  0.39  
   0.39  0.87  -0.31  
   -0.25  0.42  0.87  

3  1253.73  -4.91  11.16  
   -0.48  0.06  -0.88  
   -0.04  -1.00  -0.04  
   -0.88  0.01  0.48  

5  1322.93  238.42  34.38  
   -0.96  -0.13  0.26  
   -0.29  0.44  -0.85  
   -0.00  -0.89  -0.46  

7  1116.66  -148.68  -55.36  
   0.72  0.48  0.50  
   -0.63  0.75  0.18  
   -0.29  -0.45  0.85  

6  1505.55  260.75  -110.73  
   0.82  0.55  0.14  
   -0.01  0.27  -0.96  
   -0.57  0.79  0.23  

8  1338.56  -212.53  16.97  
   -0.96  0.27  -0.07  
   0.19  0.83  0.53  
   0.20  0.50  -0.85  

9  1530.55  -222.35  -154.04  
   0.78  -0.61  -0.09  
   0.05  -0.08  1.00  
   -0.62  -0.79  -0.03  

2  856.36  -40.63  573.73  
   0.56  -0.83  0.01  
   0.82  0.56  0.07  
   -0.06  -0.03  1.00  

3  1252.39  -4.91  10.72  
   -0.48  0.05  -0.88  
   -0.04  -1.00  -0.04  
   -0.88  0.01  0.48  

5  1320.70  235.30  12.06  
   -0.95  -0.21  0.22  
   -0.29  0.43  -0.85  
   0.09  -0.87  -0.48  

4  1126.93  138.41  -44.65  
   0.89  -0.24  0.39  
   0.36  0.89  -0.29  
   -0.28  0.40  0.87  

6  1486.79  257.62  -155.82  
   0.75  0.64  0.16  
   -0.02  0.26  -0.96  
   -0.66  0.72  0.21  

7  1114.87  -145.55  -57.15  
   0.73  0.46  0.50  
   -0.61  0.77  0.19  
   -0.30  -0.44  0.85  

8  1336.33  -209.40  -7.14  
   -0.94  0.32  -0.14  
   0.19  0.81  0.55  
   0.29  0.49  -0.82  

9  1511.35  -221.90  -205.38  
   0.71  -0.70  -0.09  
   0.06  -0.07  1.00  
   -0.71  -0.71  -0.01  

2  856.36  -40.63  573.73  
   0.56  -0.83  0.01  
   0.82  0.56  0.07  
   -0.06  -0.03  1.00  

5  1317.13  234.85  -8.48  
   -0.94  -0.29  0.18  
   -0.29  0.42  -0.86  
   0.17  -0.86  -0.48  

6  1465.36  251.82  -203.60  
   0.66  0.72  0.18  
   -0.02  0.26  -0.96  
   -0.75  0.64  0.19  

4  1124.25  135.28  -46.88  
   0.89  -0.21  0.40  
   0.34  0.90  -0.27  
   -0.31  0.37  0.87  

3  1251.50  -5.80  10.27  
   -0.48  0.05  -0.88  
   -0.04  -1.00  -0.04  
   -0.88  0.01  0.48  

7  1112.64  -143.77  -57.60  
   0.74  0.45  0.50  
   -0.60  0.78  0.20  
   -0.30  -0.44  0.84  

8  1331.42  -212.97  -30.36  
   -0.91  0.37  -0.21  
   0.20  0.80  0.56  
   0.37  0.47  -0.80  

9  1485.45  -224.14  -250.92  
   0.62  -0.78  -0.08  
   0.05  -0.07  1.00  
   -0.78  -0.62  -0.00  

2  856.36  -40.63  573.73  
   0.56  -0.83  0.01  
   0.82  0.56  0.07  
   -0.06  -0.03  1.00  

3  1249.71  -4.91  9.82  
   -0.48  0.06  -0.88  
   -0.04  -1.00  -0.04  
   -0.88  0.02  0.48  

6  1441.70  247.80  -244.67  
   0.58  0.79  0.20  
   -0.03  0.27  -0.96  
   -0.82  0.55  0.18  

5  1309.99  234.40  -34.83  
   -0.92  -0.37  0.14  
   -0.29  0.40  -0.87  
   0.26  -0.84  -0.48  

4  1120.68  130.37  -49.11  
   0.89  -0.19  0.42  
   0.31  0.92  -0.25  
   -0.33  0.35  0.87  

7  1109.07  -141.98  -58.49  
   0.75  0.43  0.50  
   -0.58  0.79  0.21  
   -0.30  -0.45  0.84  

8  1325.17  -209.85  -52.69  
   -0.87  0.41  -0.27  
   0.20  0.80  0.57  
   0.45  0.44  -0.78  

9  1462.24  -223.24  -287.98  
   0.54  -0.84  -0.08  
   0.04  -0.07  1.00  
   -0.84  -0.54  -0.00  

2  855.91  -40.63  573.73  
   0.56  -0.83  0.01  
   0.82  0.56  0.07  
   -0.06  -0.03  1.00  

4  1117.55  125.02  -52.24  
   0.89  -0.17  0.43  
   0.29  0.93  -0.23  
   -0.36  0.32  0.87  

5  1303.29  229.94  -53.58  
   -0.90  -0.43  0.11  
   -0.29  0.38  -0.88  
   0.34  -0.82  -0.47  

3  1248.37  -5.36  9.38  
   -0.48  0.06  -0.88  
   -0.04  -1.00  -0.05  
   -0.88  0.01  0.48  

6  1416.25  237.98  -280.39  
   0.49  0.84  0.22  
   -0.04  0.27  -0.96  
   -0.87  0.47  0.17  

9  1436.34  -225.47  -320.13  
   0.46  -0.88  -0.08  
   0.03  -0.08  1.00  
   -0.89  -0.46  -0.01  

8  1319.36  -210.74  -70.99  
   -0.83  0.46  -0.33  
   0.21  0.79  0.57  
   0.52  0.41  -0.75  

7  1105.94  -140.64  -58.04  
   0.76  0.41  0.50  
   -0.57  0.79  0.22  
   -0.31  -0.46  0.84  

2  856.36  -40.63  573.73  
   0.56  -0.83  0.01  
   0.82  0.56  0.06  
   -0.06  -0.03  1.00  

4  1114.43  121.89  -53.58  
   0.88  -0.15  0.44  
   0.27  0.94  -0.21  
   -0.39  0.30  0.87  

3  1247.92  -5.80  8.04  
   -0.48  0.06  -0.88  
   -0.04  -1.00  -0.05  
   -0.88  0.01  0.48  

6  1390.35  232.17  -313.43  
   0.41  0.88  0.24  
   -0.05  0.28  -0.96  
   -0.91  0.38  0.16  

5  1294.80  227.26  -75.46  
   -0.86  -0.50  0.08  
   -0.29  0.36  -0.89  
   0.42  -0.79  -0.45  

7  1104.60  -139.75  -59.83  
   0.77  0.39  0.50  
   -0.55  0.80  0.24  
   -0.31  -0.46  0.83  

8  1311.77  -211.63  -90.19  
   -0.78  0.50  -0.38  
   0.21  0.78  0.59  
   0.59  0.38  -0.72  

9  1409.55  -226.37  -352.72  
   0.37  -0.93  -0.08  
   0.02  -0.08  1.00  
   -0.93  -0.37  -0.01  

3  1246.14  -5.36  7.59  
   -0.48  0.07  -0.88  
   -0.04  -1.00  -0.06  
   -0.88  0.01  0.48  

4  1109.51  118.32  -54.92  
   0.88  -0.14  0.46  
   0.25  0.95  -0.19  
   -0.41  0.28  0.87  

2  856.36  -40.63  573.73  
   0.56  -0.83  0.01  
   0.82  0.56  0.07  
   -0.06  -0.03  1.00  

6  1359.54  231.28  -342.45  
   0.32  0.91  0.26  
   -0.05  0.29  -0.96  
   -0.95  0.29  0.14  

5  1284.09  226.37  -93.76  
   -0.82  -0.57  0.05  
   -0.29  0.34  -0.89  
   0.49  -0.75  -0.44  

8  1302.84  -210.29  -105.82  
   -0.73  0.54  -0.42  
   0.22  0.76  0.61  
   0.65  0.35  -0.67  

9  1378.74  -225.03  -379.07  
   0.28  -0.96  -0.07  
   0.03  -0.07  1.00  
   -0.96  -0.29  0.01  

7  1102.82  -136.62  -60.28  
   0.78  0.37  0.50  
   -0.54  0.80  0.25  
   -0.31  -0.46  0.83  

2  856.36  -40.63  573.73  
   0.56  -0.83  0.01  
   0.82  0.56  0.07  
   -0.06  -0.03  1.00  

3  1244.80  -4.91  6.70  
   -0.48  0.08  -0.87  
   -0.05  -1.00  -0.07  
   -0.87  0.01  0.48  

5  1274.27  224.58  -108.50  
   -0.78  -0.62  0.03  
   -0.30  0.32  -0.90  
   0.55  -0.71  -0.44  

4  1106.39  116.09  -55.36  
   0.87  -0.13  0.48  
   0.24  0.96  -0.17  
   -0.44  0.26  0.86  

6  1329.63  230.39  -361.21  
   0.23  0.93  0.28  
   -0.05  0.29  -0.95  
   -0.97  0.21  0.12  

7  1100.14  -134.39  -60.72  
   0.79  0.36  0.50  
   -0.53  0.81  0.25  
   -0.31  -0.46  0.83  

8  1289.45  -215.21  -127.25  
   -0.67  0.59  -0.45  
   0.23  0.74  0.63  
   0.71  0.32  -0.63  

9  1345.70  -227.26  -403.18  
   0.19  -0.98  -0.05  
   0.03  -0.05  1.00  
   -0.98  -0.20  0.02  

5  1262.66  225.92  -120.55  
   -0.74  -0.68  0.01  
   -0.31  0.31  -0.90  
   0.60  -0.67  -0.44  

2  856.36  -40.63  573.73  
   0.56  -0.83  0.01  
   0.82  0.56  0.07  
   -0.06  -0.03  1.00  

4  1102.82  114.30  -56.26  
   0.86  -0.13  0.50  
   0.23  0.96  -0.16  
   -0.46  0.25  0.85  

3  1243.91  -4.02  5.80  
   -0.49  0.09  -0.87  
   -0.05  -1.00  -0.08  
   -0.87  0.01  0.49  

7  1097.46  -131.27  -61.17  
   0.79  0.35  0.50  
   -0.52  0.81  0.26  
   -0.32  -0.46  0.83  

9  1312.22  -227.71  -426.84  
   0.10  -0.99  -0.04  
   0.04  -0.04  1.00  
   -0.99  -0.10  0.03  

8  1278.73  -216.99  -143.32  
   -0.60  0.64  -0.48  
   0.23  0.72  0.66  
   0.76  0.28  -0.58  

6  1300.16  231.28  -379.51  
   0.14  0.95  0.28  
   -0.05  0.29  -0.96  
   -0.99  0.12  0.09  

2  856.36  -40.63  573.73  
   0.56  -0.83  0.01  
   0.82  0.56  0.07  
   -0.06  -0.03  1.00  

3  1243.46  -3.57  5.80  
   -0.49  0.10  -0.87  
   -0.05  -1.00  -0.08  
   -0.87  0.00  0.49  

6  1272.93  235.30  -391.57  
   0.05  0.96  0.29  
   -0.05  0.29  -0.96  
   -1.00  0.04  0.06  

5  1253.28  226.81  -129.03  
   -0.69  -0.72  0.00  
   -0.32  0.30  -0.90  
   0.65  -0.62  -0.44  

4  1101.03  112.96  -56.26  
   0.85  -0.12  0.51  
   0.23  0.96  -0.15  
   -0.47  0.24  0.85  

8  1266.23  -219.22  -157.16  
   -0.53  0.68  -0.50  
   0.25  0.69  0.68  
   0.81  0.24  -0.54  

9  1278.28  -226.81  -441.13  
   0.00  -1.00  -0.03  
   0.05  -0.03  1.00  
   -1.00  -0.01  0.05  

7  1095.23  -129.93  -62.06  
   0.79  0.35  0.50  
   -0.52  0.82  0.26  
   -0.32  -0.46  0.83  

2  856.36  -40.63  573.73  
   0.56  -0.83  0.01  
   0.82  0.56  0.07  
   -0.06  -0.03  1.00  

5  1243.91  230.39  -137.96  
   -0.64  -0.77  0.00  
   -0.34  0.28  -0.90  
   0.69  -0.57  -0.44  

3  1243.46  -2.23  5.36  
   -0.49  0.10  -0.86  
   -0.05  -0.99  -0.09  
   -0.87  0.00  0.49  

4  1098.80  111.62  -56.26  
   0.84  -0.13  0.53  
   0.23  0.96  -0.13  
   -0.49  0.23  0.84  

6  1247.48  235.30  -406.75  
   -0.04  0.96  0.29  
   -0.06  0.29  -0.96  
   -1.00  -0.05  0.05  

8  1250.16  -224.58  -170.56  
   -0.46  0.74  -0.49  
   0.27  0.64  0.72  
   0.85  0.20  -0.49  

9  1243.01  -227.26  -456.31  
   -0.07  -1.00  0.03  
   0.08  0.02  1.00  
   -0.99  0.08  0.08  

7  1091.65  -124.57  -62.95  
   0.79  0.36  0.49  
   -0.52  0.81  0.25  
   -0.30  -0.45  0.84  

2  856.36  -40.63  573.73  
   0.56  -0.83  0.01  
   0.82  0.56  0.07  
   -0.06  -0.03  1.00  

3  1243.01  -1.79  6.25  
   -0.50  0.11  -0.86  
   -0.05  -0.99  -0.09  
   -0.87  -0.00  0.50  

4  1097.01  110.73  -55.36  
   0.83  -0.13  0.54  
   0.23  0.97  -0.12  
   -0.50  0.22  0.83  

5  1232.74  234.85  -143.32  
   -0.59  -0.81  0.01  
   -0.37  0.25  -0.90  
   0.72  -0.53  -0.44  

6  1219.35  237.53  -411.66  
   -0.11  0.94  0.31  
   -0.08  0.30  -0.95  
   -0.99  -0.13  0.04  

7  1089.42  -121.44  -62.06  
   0.79  0.38  0.48  
   -0.54  0.81  0.24  
   -0.29  -0.45  0.84  

8  1234.98  -233.51  -179.93  
   -0.40  0.80  -0.45  
   0.29  0.58  0.76  
   0.87  0.17  -0.46  

9  1211.76  -233.06  -466.13  
   -0.14  -0.99  0.08  
   0.09  0.07  0.99  
   -0.99  0.15  0.08  

2  856.36  -40.63  573.73  
   0.56  -0.83  0.01  
   0.82  0.56  0.07  
   -0.06  -0.03  1.00  

4  1093.44  108.50  -55.81  
   0.81  -0.14  0.56  
   0.24  0.97  -0.10  
   -0.53  0.21  0.82  

3  1242.12  -3.13  4.91  
   -0.51  0.10  -0.85  
   -0.05  -0.99  -0.09  
   -0.86  -0.01  0.51  

6  1188.54  236.64  -421.03  
   -0.20  0.93  0.32  
   -0.10  0.30  -0.95  
   -0.97  -0.23  0.03  

5  1220.69  237.08  -150.02  
   -0.53  -0.85  0.02  
   -0.39  0.22  -0.90  
   0.76  -0.48  -0.44  

8  1222.47  -233.51  -187.52  
   -0.33  0.82  -0.47  
   0.31  0.56  0.77  
   0.89  0.11  -0.44  

7  1086.74  -120.10  -62.51  
   0.78  0.39  0.49  
   -0.54  0.80  0.24  
   -0.30  -0.45  0.84  

9  1179.61  -233.51  -473.27  
   -0.22  -0.97  0.08  
   0.09  0.06  0.99  
   -0.97  0.23  0.08  

3  1240.33  -2.68  3.57  
   -0.52  0.10  -0.85  
   -0.05  -0.99  -0.09  
   -0.85  -0.01  0.52  

2  856.36  -40.63  573.73  
   0.56  -0.83  0.01  
   0.82  0.56  0.07  
   -0.06  -0.03  1.00  

4  1088.08  106.71  -56.26  
   0.79  -0.15  0.59  
   0.24  0.97  -0.08  
   -0.56  0.21  0.80  

5  1206.85  240.21  -157.16  
   -0.47  -0.88  0.02  
   -0.40  0.20  -0.90  
   0.79  -0.43  -0.44  

6  1157.29  235.74  -425.05  
   -0.27  0.90  0.34  
   -0.11  0.32  -0.94  
   -0.96  -0.30  0.02  

9  1147.91  -232.62  -477.29  
   -0.30  -0.95  0.11  
   0.12  0.08  0.99  
   -0.95  0.31  0.09  

8  1206.85  -235.30  -195.11  
   -0.27  0.84  -0.47  
   0.31  0.54  0.78  
   0.91  0.06  -0.41  

7  1080.49  -116.09  -62.95  
   0.77  0.40  0.50  
   -0.56  0.80  0.23  
   -0.30  -0.45  0.84  

2  856.36  -40.63  573.73  
   0.56  -0.83  0.01  
   0.82  0.56  0.07  
   -0.06  -0.03  1.00  

3  1237.65  -4.46  0.89  
   -0.54  0.10  -0.84  
   -0.05  -0.99  -0.09  
   -0.84  -0.01  0.54  

5  1193.01  240.66  -164.31  
   -0.42  -0.91  0.02  
   -0.41  0.17  -0.90  
   0.81  -0.38  -0.44  

4  1082.28  104.03  -56.70  
   0.77  -0.17  0.62  
   0.25  0.97  -0.06  
   -0.59  0.20  0.79  

6  1132.73  235.30  -425.95  
   -0.33  0.88  0.35  
   -0.12  0.33  -0.94  
   -0.94  -0.35  0.00  

7  1076.03  -115.19  -62.51  
   0.76  0.40  0.51  
   -0.57  0.79  0.22  
   -0.31  -0.46  0.83  

8  1191.67  -239.32  -202.26  
   -0.21  0.87  -0.45  
   0.31  0.49  0.81  
   0.92  0.03  -0.38  

9  1119.78  -230.39  -480.42  
   -0.35  -0.93  0.14  
   0.14  0.09  0.99  
   -0.92  0.37  0.10  

2  856.36  -40.63  573.73  
   0.56  -0.83  0.01  
   0.82  0.56  0.07  
   -0.06  -0.03  1.00  

3  1234.53  -3.57  -0.45  
   -0.55  0.11  -0.83  
   -0.04  -0.99  -0.10  
   -0.83  -0.02  0.55  

4  1077.81  101.80  -57.15  
   0.75  -0.18  0.64  
   0.26  0.97  -0.04  
   -0.61  0.19  0.77  

5  1180.06  240.66  -168.77  
   -0.37  -0.93  0.02  
   -0.42  0.15  -0.90  
   0.83  -0.34  -0.44  

6  1106.83  232.17  -431.75  
   -0.38  0.85  0.35  
   -0.14  0.33  -0.94  
   -0.91  -0.41  -0.01  

8  1182.29  -237.98  -211.19  
   -0.17  0.87  -0.46  
   0.31  0.49  0.81  
   0.93  -0.01  -0.36  

9  1096.57  -224.14  -482.20  
   -0.41  -0.90  0.12  
   0.16  0.06  0.98  
   -0.90  0.42  0.12  

7  1071.56  -112.96  -63.85  
   0.75  0.40  0.53  
   -0.57  0.79  0.22  
   -0.33  -0.47  0.82  

5  1166.66  238.42  -175.91  
   -0.32  -0.95  0.02  
   -0.41  0.12  -0.90  
   0.85  -0.29  -0.43  

2  856.36  -40.63  573.73  
   0.56  -0.83  0.01  
   0.82  0.56  0.07  
   -0.06  -0.03  1.00  

3  1232.74  -2.68  -2.23  
   -0.56  0.10  -0.82  
   -0.04  -0.99  -0.10  
   -0.83  -0.02  0.56  

4  1073.79  98.67  -57.60  
   0.72  -0.18  0.67  
   0.26  0.97  -0.02  
   -0.64  0.18  0.75  

6  1081.39  226.81  -431.30  
   -0.43  0.82  0.36  
   -0.16  0.33  -0.93  
   -0.89  -0.46  -0.01  

7  1068.88  -109.84  -64.74  
   0.74  0.39  0.54  
   -0.57  0.79  0.22  
   -0.35  -0.47  0.81  

9  1073.79  -220.56  -481.76  
   -0.46  -0.88  0.11  
   0.18  0.03  0.98  
   -0.87  0.47  0.14  

8  1173.36  -235.30  -212.97  
   -0.13  0.87  -0.48  
   0.33  0.50  0.81  
   0.94  -0.05  -0.35  

2  856.36  -40.63  573.73  
   0.56  -0.83  0.01  
   0.82  0.56  0.06  
   -0.06  -0.03  1.00  

4  1069.78  96.89  -57.15  
   0.70  -0.20  0.69  
   0.27  0.96  0.01  
   -0.66  0.18  0.73  

3  1231.40  -3.13  -4.46  
   -0.57  0.10  -0.81  
   -0.04  -0.99  -0.10  
   -0.82  -0.03  0.57  

5  1152.38  241.99  -180.38  
   -0.26  -0.97  0.04  
   -0.42  0.08  -0.90  
   0.87  -0.25  -0.43  

7  1065.76  -109.39  -65.19  
   0.74  0.39  0.55  
   -0.58  0.79  0.22  
   -0.35  -0.48  0.80  

6  1056.83  224.14  -432.64  
   -0.49  0.79  0.38  
   -0.19  0.33  -0.93  
   -0.85  -0.52  -0.01  

9  1058.61  -223.69  -479.52  
   -0.49  -0.86  0.13  
   0.18  0.04  0.98  
   -0.85  0.51  0.14  

8  1165.77  -237.98  -214.76  
   -0.10  0.88  -0.46  
   0.34  0.47  0.82  
   0.93  -0.08  -0.35  

2  856.36  -40.63  573.73  
   0.56  -0.83  0.01  
   0.82  0.56  0.06  
   -0.06  -0.03  1.00  

4  1067.10  95.55  -58.04  
   0.67  -0.21  0.71  
   0.28  0.96  0.02  
   -0.69  0.18  0.70  

3  1230.51  -3.57  -4.46  
   -0.58  0.10  -0.81  
   -0.03  -0.99  -0.10  
   -0.81  -0.03  0.58  

5  1140.32  243.78  -183.06  
   -0.19  -0.98  0.06  
   -0.44  0.04  -0.90  
   0.88  -0.20  -0.44  

6  1031.83  222.80  -427.73  
   -0.53  0.75  0.39  
   -0.21  0.32  -0.92  
   -0.82  -0.58  -0.01  

7  1064.42  -108.50  -65.63  
   0.73  0.39  0.56  
   -0.58  0.78  0.22  
   -0.35  -0.49  0.80  

9  1046.11  -232.62  -476.40  
   -0.53  -0.84  0.12  
   0.17  0.03  0.99  
   -0.83  0.54  0.13  

8  1160.41  -241.10  -214.31  
   -0.08  0.88  -0.46  
   0.36  0.46  0.81  
   0.93  -0.10  -0.35  

2  856.36  -41.08  573.73  
   0.56  -0.83  0.01  
   0.82  0.56  0.06  
   -0.06  -0.03  1.00  

3  1229.62  -5.36  -7.14  
   -0.59  0.10  -0.80  
   -0.03  -0.99  -0.10  
   -0.81  -0.04  0.59  

5  1131.39  243.33  -187.52  
   -0.15  -0.99  0.05  
   -0.44  0.02  -0.90  
   0.89  -0.15  -0.44  

4  1064.87  94.21  -59.38  
   0.65  -0.21  0.73  
   0.28  0.96  0.03  
   -0.71  0.18  0.68  

6  1013.97  219.67  -427.29  
   -0.58  0.72  0.38  
   -0.23  0.30  -0.93  
   -0.78  -0.62  -0.01  

8  1155.06  -243.78  -215.65  
   -0.06  0.88  -0.47  
   0.37  0.45  0.81  
   0.93  -0.13  -0.35  

7  1062.19  -108.50  -66.53  
   0.73  0.39  0.56  
   -0.59  0.78  0.23  
   -0.34  -0.50  0.80  

9  1036.29  -237.98  -474.17  
   -0.55  -0.83  0.10  
   0.16  0.01  0.99  
   -0.82  0.56  0.13  

3  1228.72  -6.25  -8.48  
   -0.60  0.09  -0.80  
   -0.03  -0.99  -0.10  
   -0.80  -0.04  0.59  

2  856.36  -41.08  573.73  
   0.56  -0.83  0.01  
   0.82  0.56  0.06  
   -0.06  -0.03  1.00  

4  1062.63  92.87  -60.28  
   0.63  -0.22  0.74  
   0.28  0.96  0.05  
   -0.72  0.18  0.67  

6  1005.04  214.76  -425.50  
   -0.60  0.71  0.37  
   -0.24  0.29  -0.93  
   -0.76  -0.64  -0.00  

8  1151.48  -245.12  -215.65  
   -0.04  0.88  -0.47  
   0.38  0.45  0.81  
   0.92  -0.14  -0.35  

5  1125.59  241.55  -189.31  
   -0.12  -0.99  0.05  
   -0.43  0.01  -0.90  
   0.89  -0.13  -0.43  

9  1031.38  -239.76  -473.27  
   -0.56  -0.82  0.10  
   0.16  0.00  0.99  
   -0.81  0.57  0.13  

7  1060.85  -108.94  -66.97  
   0.73  0.39  0.56  
   -0.59  0.77  0.23  
   -0.34  -0.50  0.80  

3  1227.83  -7.14  -8.04  
   -0.60  0.09  -0.80  
   -0.03  -0.99  -0.10  
   -0.80  -0.04  0.60  

4  1062.19  91.98  -60.72  
   0.63  -0.22  0.75  
   0.28  0.96  0.05  
   -0.73  0.18  0.66  

2  856.36  -40.63  573.73  
   0.56  -0.83  0.01  
   0.82  0.56  0.06  
   -0.06  -0.03  1.00  

5  1125.14  240.66  -189.31  
   -0.12  -0.99  0.05  
   -0.43  0.01  -0.90  
   0.89  -0.13  -0.43  

7  1059.51  -109.84  -66.08  
   0.73  0.40  0.56  
   -0.60  0.77  0.23  
   -0.33  -0.50  0.80  

8  1150.14  -248.69  -215.65  
   -0.04  0.89  -0.46  
   0.38  0.44  0.82  
   0.92  -0.14  -0.35  

6  1003.70  212.97  -425.50  
   -0.60  0.71  0.38  
   -0.25  0.29  -0.93  
   -0.76  -0.65  0.00  

9  1030.93  -241.55  -473.27  
   -0.55  -0.83  0.12  
   0.18  0.03  0.98  
   -0.82  0.56  0.13  

2  856.36  -40.63  573.73  
   0.56  -0.83  0.01  
   0.82  0.56  0.06  
   -0.06  -0.03  1.00  

5  1125.14  240.21  -189.31  
   -0.12  -0.99  0.05  
   -0.43  0.00  -0.90  
   0.89  -0.13  -0.43  

3  1227.39  -7.59  -8.93  
   -0.60  0.09  -0.80  
   -0.03  -0.99  -0.09  
   -0.80  -0.03  0.60  

4  1061.74  91.08  -60.72  
   0.63  -0.22  0.74  
   0.28  0.96  0.05  
   -0.72  0.18  0.67  

6  1006.38  211.63  -428.18  
   -0.59  0.71  0.38  
   -0.24  0.29  -0.93  
   -0.77  -0.64  0.00  

9  1030.93  -244.23  -473.27  
   -0.54  -0.83  0.13  
   0.17  0.04  0.98  
   -0.82  0.56  0.12  

7  1058.61  -110.73  -65.63  
   0.73  0.40  0.56  
   -0.60  0.77  0.23  
   -0.34  -0.51  0.79  

8  1149.25  -249.58  -215.21  
   -0.04  0.89  -0.46  
   0.38  0.43  0.82  
   0.92  -0.14  -0.36  

2  856.36  -40.63  573.73  
   0.56  -0.83  0.01  
   0.82  0.56  0.07  
   -0.06  -0.03  1.00  

4  1061.74  91.08  -61.17  
   0.63  -0.22  0.74  
   0.28  0.96  0.05  
   -0.72  0.18  0.67  

3  1227.39  -8.04  -8.93  
   -0.60  0.09  -0.80  
   -0.03  -1.00  -0.09  
   -0.80  -0.03  0.60  

6  1006.82  212.53  -428.18  
   -0.59  0.72  0.37  
   -0.24  0.29  -0.93  
   -0.77  -0.64  -0.00  

5  1125.14  240.21  -189.76  
   -0.12  -0.99  0.05  
   -0.44  0.01  -0.90  
   0.89  -0.13  -0.43  

7  1057.72  -111.17  -65.63  
   0.72  0.40  0.56  
   -0.60  0.76  0.23  
   -0.34  -0.51  0.79  

8  1148.80  -250.03  -214.31  
   -0.04  0.89  -0.46  
   0.38  0.44  0.81  
   0.92  -0.14  -0.36  

9  1030.93  -245.57  -473.72  
   -0.54  -0.83  0.11  
   0.16  0.03  0.99  
   -0.82  0.56  0.12  

4  1061.29  90.19  -61.17  
   0.63  -0.22  0.74  
   0.28  0.96  0.05  
   -0.73  0.17  0.67  

2  856.36  -40.63  573.73  
   0.56  -0.83  0.01  
   0.82  0.56  0.07  
   -0.06  -0.03  1.00  

3  1226.94  -8.04  -8.93  
   -0.60  0.09  -0.79  
   -0.03  -1.00  -0.09  
   -0.80  -0.03  0.60  

5  1125.14  239.76  -189.76  
   -0.12  -0.99  0.05  
   -0.44  0.01  -0.90  
   0.89  -0.13  -0.43  

6  1005.93  212.53  -428.63  
   -0.59  0.72  0.37  
   -0.23  0.29  -0.93  
   -0.77  -0.63  -0.00  

8  1148.36  -250.03  -214.31  
   -0.04  0.89  -0.46  
   0.38  0.44  0.81  
   0.92  -0.14  -0.36  

9  1030.93  -245.57  -473.27  
   -0.54  -0.83  0.11  
   0.16  0.03  0.99  
   -0.82  0.55  0.12  

7  1057.27  -111.62  -65.63  
   0.72  0.40  0.56  
   -0.60  0.77  0.23  
   -0.34  -0.51  0.79  

2  856.36  -40.63  573.73  
   0.56  -0.83  0.01  
   0.82  0.56  0.07  
   -0.06  -0.03  1.00  

3  1226.94  -8.48  -8.93  
   -0.60  0.09  -0.79  
   -0.03  -1.00  -0.09  
   -0.80  -0.03  0.60  

4  1060.40  89.74  -60.72  
   0.63  -0.22  0.75  
   0.28  0.96  0.05  
   -0.73  0.17  0.66  

5  1122.91  238.87  -190.20  
   -0.12  -0.99  0.05  
   -0.44  0.01  -0.90  
   0.89  -0.13  -0.43  

6  1004.14  212.53  -428.63  
   -0.59  0.71  0.38  
   -0.23  0.30  -0.93  
   -0.77  -0.64  -0.01  

7  1057.27  -111.62  -65.63  
   0.72  0.40  0.57  
   -0.60  0.77  0.23  
   -0.34  -0.51  0.79  

8  1147.91  -250.03  -214.31  
   -0.04  0.89  -0.46  
   0.38  0.44  0.81  
   0.92  -0.14  -0.36  

9  1030.49  -244.23  -473.72  
   -0.54  -0.83  0.11  
   0.17  0.02  0.99  
   -0.82  0.55  0.13  

2  856.36  -40.63  573.73  
   0.56  -0.83  0.01  
   0.82  0.56  0.07  
   -0.06  -0.03  1.00  

3  1226.94  -8.93  -9.38  
   -0.60  0.09  -0.79  
   -0.03  -1.00  -0.09  
   -0.80  -0.03  0.60  

4  1060.40  89.74  -61.17  
   0.63  -0.22  0.75  
   0.28  0.96  0.05  
   -0.73  0.17  0.66  

5  1122.91  238.87  -189.76  
   -0.12  -0.99  0.05  
   -0.44  0.01  -0.90  
   0.89  -0.13  -0.44  

6  1004.59  212.53  -429.52  
   -0.59  0.71  0.38  
   -0.23  0.30  -0.92  
   -0.78  -0.63  -0.01  

8  1147.46  -250.48  -214.31  
   -0.04  0.89  -0.46  
   0.38  0.44  0.81  
   0.92  -0.14  -0.36  

7  1057.27  -111.62  -65.19  
   0.72  0.39  0.57  
   -0.60  0.77  0.23  
   -0.34  -0.51  0.79  

9  1030.49  -243.78  -474.17  
   -0.54  -0.83  0.11  
   0.17  0.02  0.99  
   -0.82  0.55  0.13  

2  856.36  -40.63  573.73  
   0.56  -0.83  0.01  
   0.82  0.56  0.07  
   -0.06  -0.03  1.00  

3  1226.49  -8.48  -9.38  
   -0.60  0.09  -0.79  
   -0.03  -1.00  -0.09  
   -0.80  -0.03  0.60  

4  1059.51  89.74  -61.17  
   0.63  -0.23  0.74  
   0.28  0.96  0.06  
   -0.72  0.17  0.67  

5  1123.35  238.42  -190.20  
   -0.12  -0.99  0.05  
   -0.44  0.01  -0.90  
   0.89  -0.14  -0.44  

6  1011.29  212.53  -430.41  
   -0.57  0.72  0.39  
   -0.23  0.31  -0.92  
   -0.79  -0.61  -0.01  

8  1147.02  -249.58  -214.31  
   -0.04  0.89  -0.46  
   0.38  0.44  0.81  
   0.92  -0.14  -0.36  

7  1056.83  -111.62  -65.19  
   0.72  0.40  0.56  
   -0.60  0.77  0.23  
   -0.34  -0.51  0.79  

9  1031.38  -243.33  -474.17  
   -0.54  -0.84  0.11  
   0.17  0.02  0.99  
   -0.83  0.55  0.13  

2  856.36  -40.63  573.73  
   0.56  -0.83  0.01  
   0.82  0.56  0.07  
   -0.06  -0.03  1.00  

3  1226.49  -8.48  -9.38  
   -0.60  0.09  -0.79  
   -0.03  -1.00  -0.09  
   -0.80  -0.03  0.60  

5  1131.39  238.42  -187.52  
   -0.18  -0.98  0.08  
   -0.44  0.00  -0.90  
   0.88  -0.20  -0.43  

4  1060.40  90.19  -61.17  
   0.65  -0.24  0.72  
   0.29  0.96  0.06  
   -0.70  0.17  0.69  

6  1034.95  214.31  -433.98  
   -0.50  0.76  0.41  
   -0.22  0.34  -0.91  
   -0.83  -0.55  -0.00  

7  1056.83  -111.62  -64.74  
   0.72  0.40  0.56  
   -0.60  0.77  0.23  
   -0.34  -0.50  0.79  

9  1053.26  -241.55  -478.18  
   -0.49  -0.87  0.10  
   0.16  0.02  0.99  
   -0.86  0.50  0.13  

8  1155.06  -248.69  -212.97  
   -0.08  0.89  -0.46  
   0.37  0.45  0.81  
   0.93  -0.10  -0.36  

5  1148.36  236.64  -183.95  
   -0.26  -0.96  0.09  
   -0.44  0.03  -0.90  
   0.86  -0.27  -0.43  

2  856.36  -40.63  573.73  
   0.56  -0.83  0.01  
   0.82  0.56  0.07  
   -0.06  -0.03  1.00  

3  1226.94  -8.04  -7.14  
   -0.59  0.09  -0.80  
   -0.03  -1.00  -0.09  
   -0.81  -0.03  0.59  

4  1063.97  91.08  -63.40  
   0.67  -0.25  0.70  
   0.29  0.95  0.06  
   -0.68  0.16  0.71  

6  1072.90  216.99  -436.66  
   -0.42  0.81  0.41  
   -0.20  0.35  -0.91  
   -0.88  -0.47  0.02  

7  1059.06  -113.41  -65.19  
   0.72  0.42  0.56  
   -0.61  0.77  0.21  
   -0.34  -0.49  0.80  

9  1084.06  -237.08  -482.20  
   -0.43  -0.90  0.10  
   0.16  0.03  0.99  
   -0.89  0.44  0.13  

8  1167.56  -244.67  -211.63  
   -0.14  0.88  -0.46  
   0.35  0.47  0.81  
   0.92  -0.05  -0.38  

2  856.36  -40.63  573.73  
   0.56  -0.83  0.01  
   0.82  0.56  0.07  
   -0.06  -0.03  1.00  

4  1068.88  94.65  -62.51  
   0.70  -0.25  0.66  
   0.30  0.95  0.05  
   -0.65  0.16  0.75  

3  1228.72  -7.59  -4.46  
   -0.57  0.10  -0.81  
   -0.03  -0.99  -0.09  
   -0.82  -0.03  0.57  

5  1169.79  238.42  -174.13  
   -0.36  -0.93  0.11  
   -0.43  0.06  -0.90  
   0.83  -0.37  -0.42  

6  1117.55  218.33  -435.32  
   -0.32  0.86  0.39  
   -0.19  0.35  -0.92  
   -0.93  -0.37  0.05  

9  1122.46  -235.30  -480.86  
   -0.34  -0.94  0.09  
   0.14  0.04  0.99  
   -0.93  0.35  0.12  

8  1185.86  -242.44  -204.94  
   -0.22  0.87  -0.45  
   0.34  0.50  0.80  
   0.92  0.02  -0.40  

7  1063.97  -115.19  -66.08  
   0.72  0.42  0.55  
   -0.60  0.77  0.20  
   -0.34  -0.47  0.81  

2  856.36  -40.63  573.73  
   0.56  -0.83  0.01  
   0.82  0.56  0.07  
   -0.06  -0.03  1.00  

3  1230.51  -7.14  -3.57  
   -0.57  0.10  -0.82  
   -0.03  -0.99  -0.09  
   -0.82  -0.02  0.57  

5  1190.77  235.74  -165.20  
   -0.45  -0.88  0.11  
   -0.42  0.10  -0.90  
   0.79  -0.46  -0.42  

6  1160.86  219.22  -429.96  
   -0.22  0.90  0.38  
   -0.19  0.35  -0.92  
   -0.96  -0.27  0.09  

4  1073.35  97.33  -61.17  
   0.73  -0.25  0.63  
   0.30  0.95  0.03  
   -0.61  0.16  0.77  

8  1202.38  -237.53  -196.90  
   -0.29  0.84  -0.45  
   0.33  0.53  0.78  
   0.90  0.08  -0.43  

7  1067.99  -116.53  -66.97  
   0.73  0.42  0.54  
   -0.59  0.78  0.20  
   -0.34  -0.47  0.82  

9  1160.41  -235.30  -477.29  
   -0.26  -0.96  0.07  
   0.12  0.04  0.99  
   -0.96  0.27  0.11  

2  856.36  -40.63  573.73  
   0.56  -0.83  0.01  
   0.82  0.56  0.06  
   -0.06  -0.03  1.00  

3  1232.74  -5.36  -1.34  
   -0.56  0.10  -0.82  
   -0.04  -0.99  -0.10  
   -0.83  -0.02  0.56  

4  1078.26  100.01  -61.17  
   0.75  -0.25  0.61  
   0.30  0.95  0.02  
   -0.59  0.17  0.79  

5  1208.63  237.08  -154.04  
   -0.54  -0.83  0.12  
   -0.41  0.13  -0.90  
   0.74  -0.54  -0.41  

6  1203.28  219.22  -419.25  
   -0.12  0.92  0.36  
   -0.18  0.34  -0.92  
   -0.98  -0.17  0.13  

9  1194.79  -234.40  -471.49  
   -0.18  -0.98  0.06  
   0.11  0.04  0.99  
   -0.98  0.19  0.10  

7  1072.01  -117.43  -66.08  
   0.74  0.42  0.53  
   -0.59  0.79  0.20  
   -0.34  -0.46  0.82  

8  1218.01  -236.19  -187.52  
   -0.36  0.82  -0.44  
   0.32  0.55  0.77  
   0.87  0.14  -0.47  

2  856.36  -41.08  573.73  
   0.56  -0.83  0.01  
   0.82  0.56  0.06  
   -0.06  -0.03  1.00  

5  1226.05  233.96  -139.30  
   -0.62  -0.77  0.12  
   -0.39  0.17  -0.90  
   0.68  -0.61  -0.41  

3  1233.64  -6.25  0.00  
   -0.55  0.10  -0.83  
   -0.04  -0.99  -0.09  
   -0.83  -0.02  0.55  

4  1082.72  101.80  -60.28  
   0.78  -0.24  0.58  
   0.29  0.96  0.00  
   -0.56  0.17  0.81  

6  1243.91  217.88  -403.62  
   -0.01  0.94  0.34  
   -0.18  0.34  -0.92  
   -0.98  -0.07  0.17  

8  1230.51  -237.98  -178.59  
   -0.43  0.80  -0.42  
   0.32  0.57  0.76  
   0.84  0.19  -0.50  

9  1229.17  -240.21  -460.33  
   -0.09  -0.99  0.07  
   0.10  0.06  0.99  
   -0.99  0.10  0.09  

7  1074.69  -119.21  -66.97  
   0.74  0.42  0.53  
   -0.58  0.79  0.20  
   -0.33  -0.45  0.83  

2  856.36  -41.08  573.73  
   0.56  -0.83  0.01  
   0.82  0.56  0.06  
   -0.06  -0.03  1.00  

4  1086.74  103.58  -61.17  
   0.79  -0.23  0.57  
   0.29  0.96  -0.01  
   -0.54  0.17  0.82  

3  1235.42  -7.59  0.89  
   -0.55  0.09  -0.83  
   -0.04  -1.00  -0.09  
   -0.84  -0.02  0.55  

5  1239.89  233.06  -128.14  
   -0.69  -0.71  0.13  
   -0.38  0.20  -0.90  
   0.62  -0.67  -0.41  

6  1277.84  216.54  -390.67  
   0.09  0.94  0.33  
   -0.18  0.35  -0.92  
   -0.98  0.03  0.20  

7  1076.47  -121.00  -66.53  
   0.74  0.43  0.53  
   -0.59  0.79  0.19  
   -0.33  -0.45  0.83  

8  1243.91  -237.53  -163.86  
   -0.51  0.77  -0.38  
   0.32  0.58  0.75  
   0.80  0.26  -0.55  

9  1265.34  -242.44  -447.38  
   0.01  -1.00  0.07  
   0.08  0.07  0.99  
   -1.00  -0.00  0.08  

2  856.36  -40.63  573.73  
   0.56  -0.83  0.01  
   0.82  0.56  0.07  
   -0.06  -0.03  1.00  

4  1088.98  104.48  -61.17  
   0.80  -0.23  0.55  
   0.29  0.96  -0.02  
   -0.52  0.18  0.84  

3  1235.87  -7.59  1.79  
   -0.54  0.09  -0.83  
   -0.04  -1.00  -0.08  
   -0.84  -0.01  0.54  

5  1255.51  230.83  -112.51  
   -0.75  -0.64  0.14  
   -0.36  0.22  -0.91  
   0.55  -0.73  -0.40  

6  1315.34  214.76  -370.14  
   0.21  0.93  0.31  
   -0.17  0.35  -0.92  
   -0.96  0.14  0.23  

8  1259.09  -237.98  -146.89  
   -0.59  0.73  -0.35  
   0.32  0.61  0.73  
   0.74  0.32  -0.59  

7  1080.05  -123.68  -66.53  
   0.74  0.42  0.53  
   -0.59  0.79  0.19  
   -0.33  -0.45  0.83  

9  1302.39  -245.57  -426.39  
   0.12  -0.99  0.07  
   0.07  0.08  0.99  
   -0.99  -0.11  0.07  

2  856.36  -40.63  573.73  
   0.56  -0.83  0.01  
   0.82  0.56  0.06  
   -0.06  -0.03  1.00  

4  1092.99  106.26  -60.72  
   0.82  -0.23  0.53  
   0.30  0.95  -0.05  
   -0.49  0.20  0.85  

3  1237.21  -8.04  4.46  
   -0.54  0.09  -0.84  
   -0.04  -1.00  -0.08  
   -0.84  -0.01  0.54  

5  1268.91  229.94  -95.55  
   -0.81  -0.57  0.15  
   -0.34  0.26  -0.90  
   0.47  -0.78  -0.41  

6  1351.06  216.99  -346.03  
   0.31  0.90  0.30  
   -0.15  0.36  -0.92  
   -0.94  0.24  0.25  

8  1273.37  -239.76  -129.93  
   -0.67  0.68  -0.30  
   0.32  0.63  0.71  
   0.67  0.38  -0.64  

7  1083.17  -127.69  -66.08  
   0.74  0.42  0.53  
   -0.59  0.79  0.20  
   -0.34  -0.46  0.82  

9  1343.02  -246.91  -403.62  
   0.23  -0.97  0.06  
   0.06  0.08  0.99  
   -0.97  -0.22  0.08  

2  856.36  -41.08  573.73  
   0.56  -0.83  0.01  
   0.82  0.56  0.06  
   -0.06  -0.03  1.00  

3  1238.55  -8.93  6.25  
   -0.53  0.08  -0.84  
   -0.04  -1.00  -0.08  
   -0.85  -0.01  0.53  

5  1279.62  229.49  -77.24  
   -0.86  -0.48  0.16  
   -0.33  0.29  -0.90  
   0.39  -0.83  -0.41  

4  1097.91  109.39  -58.94  
   0.83  -0.23  0.51  
   0.31  0.95  -0.07  
   -0.46  0.22  0.86  

6  1388.12  221.01  -309.41  
   0.43  0.86  0.28  
   -0.13  0.36  -0.92  
   -0.90  0.36  0.27  

8  1288.55  -237.98  -108.50  
   -0.75  0.62  -0.25  
   0.31  0.65  0.69  
   0.59  0.44  -0.68  

9  1385.44  -246.91  -372.37  
   0.34  -0.94  0.05  
   0.06  0.07  1.00  
   -0.94  -0.34  0.08  

7  1087.64  -130.37  -66.08  
   0.74  0.41  0.54  
   -0.58  0.79  0.20  
   -0.34  -0.46  0.82  

2  856.36  -41.08  573.73  
   0.56  -0.83  0.01  
   0.82  0.56  0.07  
   -0.06  -0.03  1.00  

3  1240.33  -9.82  7.14  
   -0.53  0.08  -0.84  
   -0.04  -1.00  -0.07  
   -0.85  -0.00  0.53  

4  1101.03  112.51  -58.94  
   0.84  -0.24  0.49  
   0.33  0.94  -0.09  
   -0.44  0.24  0.87  

5  1289.00  230.39  -54.47  
   -0.90  -0.39  0.19  
   -0.32  0.31  -0.89  
   0.29  -0.87  -0.41  

6  1419.37  226.37  -270.57  
   0.54  0.80  0.26  
   -0.12  0.37  -0.92  
   -0.84  0.46  0.29  

8  1302.39  -234.40  -77.69  
   -0.83  0.53  -0.18  
   0.29  0.69  0.66  
   0.48  0.50  -0.72  

7  1092.10  -134.39  -65.19  
   0.74  0.40  0.54  
   -0.58  0.78  0.22  
   -0.34  -0.48  0.81  

9  1428.30  -246.91  -327.72  
   0.47  -0.88  0.03  
   0.06  0.07  1.00  
   -0.88  -0.47  0.09  

2  856.36  -40.63  573.73  
   0.56  -0.83  0.01  
   0.82  0.56  0.06  
   -0.06  -0.03  1.00  

3  1241.23  -9.82  8.48  
   -0.53  0.08  -0.85  
   -0.04  -1.00  -0.07  
   -0.85  0.00  0.53  

4  1105.05  116.09  -57.60  
   0.85  -0.25  0.47  
   0.34  0.93  -0.12  
   -0.41  0.26  0.87  

5  1297.04  229.94  -29.91  
   -0.93  -0.30  0.22  
   -0.31  0.32  -0.90  
   0.20  -0.90  -0.39  

6  1448.40  225.92  -232.17  
   0.64  0.74  0.22  
   -0.12  0.38  -0.92  
   -0.76  0.56  0.33  

7  1097.46  -137.96  -64.29  
   0.74  0.40  0.55  
   -0.59  0.77  0.23  
   -0.33  -0.49  0.80  

8  1311.77  -234.85  -47.33  
   -0.89  0.44  -0.10  
   0.28  0.71  0.64  
   0.35  0.55  -0.76  

9  1471.17  -243.78  -269.68  
   0.61  -0.79  0.00  
   0.08  0.06  0.99  
   -0.79  -0.61  0.10  

2  856.36  -40.63  573.73  
   0.56  -0.83  0.01  
   0.82  0.56  0.06  
   -0.06  -0.03  1.00  

4  1110.85  117.87  -57.60  
   0.85  -0.25  0.45  
   0.35  0.92  -0.16  
   -0.38  0.29  0.88  

3  1243.01  -11.16  9.82  
   -0.52  0.07  -0.85  
   -0.04  -1.00  -0.06  
   -0.85  0.00  0.52  

5  1301.95  235.30  -5.36  
   -0.94  -0.19  0.27  
   -0.32  0.30  -0.90  
   0.09  -0.94  -0.34  

7  1105.50  -144.21  -64.29  
   0.73  0.39  0.56  
   -0.60  0.76  0.26  
   -0.32  -0.53  0.79  

6  1474.74  231.73  -180.83  
   0.75  0.63  0.18  
   -0.13  0.41  -0.90  
   -0.64  0.66  0.39  

9  1510.90  -243.78  -199.58  
   0.73  -0.68  -0.02  
   0.08  0.07  0.99  
   -0.67  -0.73  0.11  

8  1322.93  -235.30  -14.29  
   -0.94  0.35  -0.01  
   0.27  0.73  0.63  
   0.23  0.59  -0.77  

4  1117.10  120.55  -55.81  
   0.86  -0.26  0.44  
   0.37  0.91  -0.19  
   -0.35  0.33  0.88  

2  856.36  -41.08  573.73  
   0.56  -0.83  0.01  
   0.82  0.56  0.06  
   -0.06  -0.03  1.00  

3  1246.58  -11.16  12.50  
   -0.52  0.07  -0.85  
   -0.04  -1.00  -0.06  
   -0.86  0.01  0.52  

5  1307.31  237.53  16.97  
   -0.95  -0.09  0.30  
   -0.31  0.30  -0.90  
   -0.01  -0.95  -0.31  

6  1497.96  234.40  -121.44  
   0.84  0.53  0.13  
   -0.13  0.43  -0.89  
   -0.53  0.73  0.43  

9  1534.12  -244.67  -136.18  
   0.82  -0.56  -0.04  
   0.08  0.06  0.99  
   -0.56  -0.82  0.10  

8  1328.74  -235.74  19.65  
   -0.96  0.27  0.08  
   0.26  0.74  0.62  
   0.11  0.62  -0.78  

7  1113.53  -149.57  -63.85  
   0.73  0.40  0.56  
   -0.62  0.74  0.28  
   -0.30  -0.54  0.78  

4  1125.14  126.36  -53.58  
   0.87  -0.27  0.42  
   0.39  0.89  -0.23  
   -0.31  0.37  0.88  

2  856.36  -40.63  573.73  
   0.56  -0.83  0.01  
   0.82  0.56  0.07  
   -0.06  -0.03  1.00  

3  1251.05  -11.16  14.29  
   -0.51  0.06  -0.86  
   -0.04  -1.00  -0.05  
   -0.86  0.01  0.51  

5  1308.65  241.55  47.33  
   -0.94  0.02  0.33  
   -0.31  0.29  -0.90  
   -0.12  -0.96  -0.27  

6  1514.03  239.76  -62.95  
   0.90  0.43  0.07  
   -0.13  0.43  -0.89  
   -0.41  0.79  0.45  

9  1551.53  -246.01  -65.63  
   0.90  -0.44  -0.05  
   0.09  0.06  0.99  
   -0.43  -0.90  0.09  

7  1119.34  -152.25  -61.61  
   0.72  0.42  0.55  
   -0.64  0.71  0.29  
   -0.27  -0.56  0.78  

8  1328.74  -239.32  52.69  
   -0.97  0.19  0.18  
   0.26  0.74  0.62  
   -0.01  0.64  -0.77  

2  856.36  -40.63  573.73  
   0.56  -0.83  0.01  
   0.82  0.56  0.07  
   -0.06  -0.03  1.00  

4  1129.16  130.37  -50.90  
   0.87  -0.28  0.41  
   0.41  0.87  -0.27  
   -0.29  0.40  0.87  

5  1309.54  242.89  67.42  
   -0.93  0.11  0.34  
   -0.30  0.29  -0.91  
   -0.20  -0.95  -0.24  

3  1253.28  -11.16  15.18  
   -0.51  0.06  -0.86  
   -0.04  -1.00  -0.04  
   -0.86  0.01  0.51  

6  1522.96  241.55  -12.50  
   0.94  0.33  0.01  
   -0.14  0.43  -0.89  
   -0.30  0.84  0.45  

7  1124.25  -155.38  -59.83  
   0.72  0.43  0.55  
   -0.65  0.69  0.31  
   -0.25  -0.58  0.78  

8  1324.72  -237.98  83.49  
   -0.96  0.12  0.26  
   0.25  0.75  0.60  
   -0.12  0.65  -0.75  

9  1556.89  -250.92  -6.25  
   0.94  -0.32  -0.06  
   0.08  0.04  1.00  
   -0.32  -0.95  0.06  

2  856.36  -40.63  573.73  
   0.56  -0.83  0.01  
   0.82  0.56  0.07  
   -0.06  -0.03  1.00  

3  1253.73  -10.27  16.07  
   -0.51  0.05  -0.86  
   -0.04  -1.00  -0.04  
   -0.86  0.01  0.51  

4  1133.18  135.73  -47.33  
   0.87  -0.29  0.41  
   0.43  0.85  -0.32  
   -0.25  0.45  0.86  

5  1306.86  243.78  95.99  
   -0.91  0.21  0.36  
   -0.29  0.32  -0.90  
   -0.30  -0.92  -0.23  

6  1526.08  237.98  52.24  
   0.97  0.22  -0.05  
   -0.14  0.39  -0.91  
   -0.18  0.89  0.41  

7  1128.27  -158.06  -56.26  
   0.71  0.44  0.54  
   -0.67  0.67  0.33  
   -0.22  -0.59  0.77  

9  1554.66  -248.69  68.31  
   0.98  -0.17  -0.08  
   0.08  0.01  1.00  
   -0.17  -0.98  0.03  

8  1316.24  -237.08  116.98  
   -0.94  0.04  0.35  
   0.25  0.77  0.58  
   -0.25  0.63  -0.73  

4  1137.64  139.30  -43.76  
   0.87  -0.30  0.40  
   0.45  0.82  -0.36  
   -0.22  0.50  0.84  

5  1300.16  242.89  122.78  
   -0.87  0.31  0.37  
   -0.27  0.33  -0.90  
   -0.40  -0.89  -0.21  

3  1255.07  -10.72  16.52  
   -0.51  0.05  -0.86  
   -0.04  -1.00  -0.04  
   -0.86  0.01  0.51  

2  856.36  -40.63  573.73  
   0.56  -0.83  0.01  
   0.82  0.56  0.07  
   -0.06  -0.03  1.00  

6  1522.07  238.87  108.05  
   0.99  0.10  -0.10  
   -0.13  0.37  -0.92  
   -0.05  0.92  0.38  

7  1129.61  -159.84  -54.02  
   0.71  0.46  0.53  
   -0.68  0.65  0.35  
   -0.19  -0.61  0.77  

8  1304.18  -239.32  143.77  
   -0.90  -0.03  0.43  
   0.24  0.78  0.57  
   -0.35  0.62  -0.70  

9  1548.41  -249.14  129.03  
   0.99  -0.05  -0.09  
   0.09  -0.01  1.00  
   -0.05  -1.00  -0.00  

2  856.36  -40.63  573.73  
   0.56  -0.83  0.01  
   0.82  0.56  0.07  
   -0.06  -0.03  1.00  

4  1141.21  143.32  -40.18  
   0.86  -0.30  0.41  
   0.47  0.79  -0.40  
   -0.20  0.54  0.82  

3  1256.41  -10.27  16.52  
   -0.51  0.05  -0.86  
   -0.03  -1.00  -0.04  
   -0.86  0.01  0.51  

5  1290.79  245.12  146.00  
   -0.83  0.40  0.40  
   -0.26  0.35  -0.90  
   -0.49  -0.85  -0.18  

6  1513.14  246.46  161.18  
   0.99  -0.02  -0.13  
   -0.11  0.36  -0.93  
   0.07  0.93  0.35  

7  1131.84  -160.29  -50.01  
   0.70  0.48  0.53  
   -0.70  0.62  0.36  
   -0.16  -0.62  0.77  

9  1531.44  -244.23  188.86  
   0.99  0.07  -0.09  
   0.10  -0.02  0.99  
   0.07  -1.00  -0.03  

8  1289.45  -238.42  169.22  
   -0.86  -0.10  0.50  
   0.23  0.79  0.57  
   -0.45  0.61  -0.65  

2  856.36  -40.63  573.73  
   0.56  -0.83  0.01  
   0.82  0.56  0.06  
   -0.06  -0.03  1.00  

3  1256.85  -9.82  16.97  
   -0.51  0.05  -0.86  
   -0.03  -1.00  -0.04  
   -0.86  0.01  0.52  

4  1142.11  145.55  -38.40  
   0.86  -0.31  0.41  
   0.48  0.77  -0.43  
   -0.18  0.56  0.81  

6  1501.97  250.92  200.03  
   0.98  -0.11  -0.15  
   -0.10  0.35  -0.93  
   0.16  0.93  0.33  

5  1281.41  247.35  160.29  
   -0.79  0.47  0.41  
   -0.26  0.34  -0.90  
   -0.56  -0.82  -0.15  

7  1133.18  -162.52  -48.67  
   0.69  0.49  0.52  
   -0.71  0.61  0.37  
   -0.14  -0.62  0.77  

8  1279.62  -235.74  186.63  
   -0.82  -0.16  0.55  
   0.22  0.80  0.56  
   -0.53  0.58  -0.62  

9  1517.15  -244.23  233.06  
   0.98  0.17  -0.09  
   0.10  -0.04  0.99  
   0.17  -0.98  -0.05  

2  856.36  -40.63  573.73  
   0.56  -0.83  0.01  
   0.82  0.56  0.06  
   -0.06  -0.03  1.00  

3  1258.19  -9.38  16.52  
   -0.52  0.05  -0.86  
   -0.03  -1.00  -0.04  
   -0.86  0.01  0.52  

4  1142.55  147.34  -36.61  
   0.85  -0.33  0.41  
   0.50  0.74  -0.45  
   -0.16  0.58  0.79  

5  1269.80  247.35  174.13  
   -0.74  0.51  0.42  
   -0.26  0.36  -0.90  
   -0.61  -0.78  -0.13  

6  1487.24  254.50  240.21  
   0.97  -0.19  -0.17  
   -0.10  0.34  -0.94  
   0.24  0.92  0.31  

8  1268.02  -236.19  198.24  
   -0.78  -0.19  0.59  
   0.22  0.81  0.55  
   -0.58  0.56  -0.59  

7  1134.07  -162.97  -46.88  
   0.69  0.50  0.52  
   -0.71  0.59  0.37  
   -0.12  -0.63  0.77  

9  1503.31  -239.32  263.87  
   0.96  0.25  -0.10  
   0.11  -0.05  0.99  
   0.24  -0.97  -0.07  

2  856.36  -40.63  573.73  
   0.56  -0.83  0.01  
   0.82  0.56  0.06  
   -0.06  -0.03  1.00  

4  1142.55  150.02  -33.93  
   0.84  -0.34  0.41  
   0.51  0.73  -0.45  
   -0.14  0.60  0.79  

3  1258.64  -8.48  17.41  
   -0.51  0.05  -0.86  
   -0.03  -1.00  -0.04  
   -0.86  0.01  0.51  

5  1255.51  251.82  188.86  
   -0.68  0.57  0.46  
   -0.27  0.39  -0.88  
   -0.68  -0.73  -0.11  

6  1467.59  257.18  278.61  
   0.94  -0.28  -0.19  
   -0.09  0.32  -0.94  
   0.33  0.90  0.28  

9  1482.33  -241.10  297.36  
   0.94  0.33  -0.08  
   0.11  -0.05  0.99  
   0.32  -0.94  -0.08  

8  1253.28  -234.85  209.40  
   -0.74  -0.21  0.64  
   0.22  0.82  0.53  
   -0.63  0.53  -0.56  

7  1133.18  -162.97  -44.20  
   0.68  0.52  0.51  
   -0.72  0.58  0.37  
   -0.10  -0.63  0.77  

2  856.36  -40.63  573.73  
   0.56  -0.83  0.01  
   0.82  0.56  0.06  
   -0.06  -0.03  1.00  

3  1259.09  -8.04  17.41  
   -0.51  0.05  -0.86  
   -0.03  -1.00  -0.04  
   -0.86  0.00  0.52  

4  1142.55  153.14  -30.36  
   0.84  -0.36  0.41  
   0.53  0.71  -0.47  
   -0.13  0.61  0.78  

5  1238.99  254.50  201.36  
   -0.62  0.61  0.50  
   -0.29  0.42  -0.86  
   -0.73  -0.68  -0.09  

6  1446.16  265.66  310.75  
   0.91  -0.37  -0.19  
   -0.07  0.31  -0.95  
   0.41  0.87  0.26  

7  1133.18  -163.41  -42.86  
   0.67  0.53  0.51  
   -0.73  0.57  0.37  
   -0.09  -0.62  0.78  

8  1241.23  -239.76  213.87  
   -0.70  -0.22  0.68  
   0.24  0.83  0.51  
   -0.67  0.52  -0.53  

9  1466.70  -248.69  318.34  
   0.92  0.38  -0.07  
   0.10  -0.04  0.99  
   0.37  -0.92  -0.08  

2  856.36  -40.63  573.73  
   0.56  -0.83  0.01  
   0.82  0.56  0.06  
   -0.06  -0.03  1.00  

3  1259.09  -7.59  17.41  
   -0.52  0.05  -0.85  
   -0.03  -1.00  -0.04  
   -0.86  0.00  0.52  

6  1420.27  271.02  341.11  
   0.87  -0.45  -0.19  
   -0.05  0.30  -0.95  
   0.49  0.84  0.24  

5  1224.26  256.73  211.19  
   -0.56  0.64  0.53  
   -0.29  0.44  -0.85  
   -0.78  -0.63  -0.06  

4  1142.11  155.82  -27.24  
   0.83  -0.37  0.41  
   0.54  0.69  -0.48  
   -0.10  0.62  0.78  

7  1132.73  -163.86  -41.08  
   0.67  0.55  0.50  
   -0.74  0.56  0.37  
   -0.08  -0.62  0.78  

9  1443.04  -253.16  346.03  
   0.90  0.44  -0.06  
   0.09  -0.05  0.99  
   0.44  -0.90  -0.08  

8  1224.71  -239.32  225.03  
   -0.65  -0.22  0.73  
   0.25  0.84  0.48  
   -0.72  0.49  -0.49  

2  856.36  -40.63  573.73  
   0.56  -0.83  0.01  
   0.82  0.56  0.06  
   -0.06  -0.03  1.00  

3  1259.53  -7.59  17.41  
   -0.52  0.05  -0.85  
   -0.03  -1.00  -0.05  
   -0.86  -0.00  0.52  

5  1212.21  257.62  218.78  
   -0.50  0.67  0.54  
   -0.30  0.45  -0.84  
   -0.81  -0.59  -0.02  

4  1142.55  156.27  -25.45  
   0.83  -0.38  0.40  
   0.55  0.68  -0.49  
   -0.09  0.63  0.77  

7  1132.73  -164.31  -39.29  
   0.66  0.57  0.49  
   -0.75  0.55  0.37  
   -0.06  -0.61  0.79  

6  1400.62  275.03  366.56  
   0.83  -0.52  -0.21  
   -0.04  0.31  -0.95  
   0.55  0.80  0.23  

9  1425.18  -258.96  364.33  
   0.87  0.49  -0.05  
   0.08  -0.05  0.99  
   0.48  -0.87  -0.09  

8  1212.65  -242.44  229.94  
   -0.60  -0.22  0.77  
   0.27  0.85  0.45  
   -0.75  0.48  -0.45  

2  856.36  -40.63  573.73  
   0.56  -0.83  0.01  
   0.82  0.56  0.06  
   -0.06  -0.03  1.00  

3  1259.98  -6.70  17.86  
   -0.52  0.05  -0.85  
   -0.03  -1.00  -0.05  
   -0.85  -0.00  0.52  

4  1142.11  157.61  -22.77  
   0.83  -0.40  0.40  
   0.56  0.67  -0.49  
   -0.07  0.63  0.77  

5  1199.26  258.07  223.69  
   -0.45  0.69  0.57  
   -0.31  0.47  -0.82  
   -0.83  -0.55  -0.00  

6  1380.08  278.61  379.51  
   0.80  -0.56  -0.21  
   -0.04  0.30  -0.95  
   0.60  0.77  0.22  

8  1200.60  -242.89  236.19  
   -0.56  -0.22  0.80  
   0.28  0.86  0.43  
   -0.78  0.47  -0.41  

7  1133.62  -164.31  -37.06  
   0.65  0.58  0.48  
   -0.75  0.54  0.37  
   -0.05  -0.61  0.79  

9  1406.43  -262.53  382.64  
   0.84  0.54  -0.04  
   0.08  -0.05  1.00  
   0.54  -0.84  -0.08  

3  1259.98  -6.70  18.31  
   -0.52  0.05  -0.85  
   -0.02  -1.00  -0.05  
   -0.85  -0.00  0.52  

2  856.36  -41.08  573.73  
   0.56  -0.83  0.01  
   0.82  0.56  0.07  
   -0.06  -0.03  1.00  

4  1143.00  157.61  -21.88  
   0.82  -0.41  0.40  
   0.56  0.66  -0.50  
   -0.06  0.63  0.77  

5  1186.76  258.96  229.05  
   -0.40  0.70  0.59  
   -0.32  0.50  -0.81  
   -0.86  -0.51  0.02  

6  1360.44  280.84  394.69  
   0.76  -0.61  -0.21  
   -0.03  0.29  -0.96  
   0.65  0.73  0.21  

8  1190.33  -248.25  237.53  
   -0.51  -0.22  0.83  
   0.30  0.86  0.42  
   -0.81  0.46  -0.37  

9  1385.89  -273.69  397.37  
   0.81  0.59  -0.03  
   0.06  -0.04  1.00  
   0.58  -0.81  -0.07  

7  1134.52  -165.65  -35.72  
   0.65  0.59  0.48  
   -0.76  0.53  0.37  
   -0.03  -0.60  0.80  

2  856.36  -41.08  573.73  
   0.56  -0.83  0.01  
   0.82  0.56  0.07  
   -0.06  -0.03  1.00  

4  1143.00  158.06  -20.09  
   0.82  -0.42  0.39  
   0.57  0.65  -0.50  
   -0.04  0.63  0.77  

3  1259.98  -6.25  18.75  
   -0.52  0.05  -0.85  
   -0.03  -1.00  -0.05  
   -0.85  -0.00  0.52  

5  1173.81  257.18  231.73  
   -0.35  0.71  0.61  
   -0.32  0.52  -0.79  
   -0.88  -0.48  0.05  

7  1135.41  -165.65  -33.93  
   0.65  0.60  0.46  
   -0.76  0.53  0.37  
   -0.02  -0.60  0.80  

8  1173.81  -246.46  244.67  
   -0.44  -0.22  0.87  
   0.32  0.87  0.38  
   -0.84  0.44  -0.31  

6  1339.01  286.64  412.55  
   0.72  -0.66  -0.20  
   -0.01  0.27  -0.96  
   0.69  0.70  0.19  

9  1359.54  -278.16  420.14  
   0.76  0.65  -0.01  
   0.05  -0.04  1.00  
   0.65  -0.76  -0.07  

2  856.36  -41.08  573.73  
   0.56  -0.83  0.01  
   0.82  0.56  0.07  
   -0.06  -0.03  1.00  

3  1260.43  -7.14  19.20  
   -0.52  0.05  -0.85  
   -0.03  -1.00  -0.05  
   -0.85  -0.00  0.52  

4  1143.89  158.06  -18.31  
   0.82  -0.43  0.38  
   0.57  0.64  -0.51  
   -0.03  0.63  0.77  

6  1317.58  287.54  424.61  
   0.69  -0.71  -0.18  
   0.00  0.25  -0.97  
   0.73  0.66  0.18  

5  1158.63  256.73  234.85  
   -0.29  0.70  0.65  
   -0.33  0.56  -0.76  
   -0.90  -0.44  0.07  

7  1135.86  -166.99  -32.15  
   0.64  0.62  0.46  
   -0.77  0.52  0.37  
   -0.01  -0.59  0.81  

9  1327.84  -286.64  436.22  
   0.72  0.69  0.08  
   0.01  -0.13  0.99  
   0.69  -0.71  -0.11  

8  1155.95  -241.55  247.35  
   -0.36  -0.16  0.92  
   0.33  0.90  0.28  
   -0.87  0.40  -0.28  

2  856.36  -40.63  573.73  
   0.56  -0.83  0.01  
   0.82  0.56  0.07  
   -0.06  -0.03  1.00  

3  1260.87  -7.14  18.75  
   -0.52  0.05  -0.85  
   -0.03  -1.00  -0.05  
   -0.85  0.00  0.52  

4  1142.55  157.16  -17.41  
   0.82  -0.44  0.37  
   0.58  0.63  -0.51  
   -0.01  0.63  0.77  

5  1146.13  254.94  236.19  
   -0.24  0.70  0.68  
   -0.34  0.59  -0.73  
   -0.91  -0.41  0.09  

6  1295.25  293.34  433.54  
   0.65  -0.74  -0.16  
   0.02  0.23  -0.97  
   0.76  0.63  0.17  

8  1144.34  -244.67  246.01  
   -0.32  -0.13  0.94  
   0.34  0.91  0.24  
   -0.88  0.40  -0.24  

7  1134.52  -167.88  -31.25  
   0.63  0.63  0.46  
   -0.78  0.51  0.37  
   -0.01  -0.59  0.81  

9  1307.75  -293.79  442.02  
   0.69  0.71  0.13  
   -0.02  -0.16  0.99  
   0.72  -0.68  -0.10  

2  856.36  -41.08  573.73  
   0.56  -0.83  0.01  
   0.82  0.56  0.06  
   -0.06  -0.03  1.00  

3  1260.43  -7.59  19.65  
   -0.52  0.05  -0.85  
   -0.03  -1.00  -0.05  
   -0.85  0.00  0.52  

5  1134.07  255.39  236.19  
   -0.19  0.69  0.70  
   -0.34  0.62  -0.71  
   -0.92  -0.38  0.12  

4  1141.66  157.61  -16.52  
   0.81  -0.45  0.37  
   0.59  0.63  -0.51  
   -0.00  0.63  0.78  

6  1274.71  293.34  442.91  
   0.61  -0.78  -0.15  
   0.03  0.21  -0.98  
   0.79  0.59  0.15  

7  1134.52  -168.32  -30.81  
   0.62  0.63  0.46  
   -0.78  0.51  0.36  
   -0.01  -0.59  0.81  

8  1130.05  -245.12  244.67  
   -0.26  -0.15  0.95  
   0.34  0.91  0.23  
   -0.90  0.39  -0.19  

9  1281.41  -301.82  450.50  
   0.63  0.76  0.14  
   -0.03  -0.16  0.99  
   0.77  -0.63  -0.07  

2  856.36  -41.08  573.73  
   0.56  -0.83  0.01  
   0.82  0.56  0.06  
   -0.06  -0.03  1.00  

4  1141.21  158.50  -16.52  
   0.80  -0.46  0.37  
   0.60  0.63  -0.50  
   -0.00  0.62  0.78  

3  1260.87  -8.04  19.20  
   -0.52  0.05  -0.85  
   -0.03  -1.00  -0.04  
   -0.85  0.00  0.52  

5  1124.25  252.26  238.42  
   -0.15  0.68  0.72  
   -0.34  0.65  -0.68  
   -0.93  -0.34  0.14  

6  1259.09  295.13  449.16  
   0.58  -0.81  -0.12  
   0.05  0.18  -0.98  
   0.81  0.56  0.14  

8  1118.89  -238.42  245.57  
   -0.20  -0.13  0.97  
   0.33  0.93  0.19  
   -0.92  0.36  -0.15  

7  1134.07  -169.22  -32.15  
   0.62  0.64  0.46  
   -0.79  0.51  0.35  
   -0.01  -0.57  0.82  

9  1257.30  -300.93  459.43  
   0.59  0.79  0.17  
   -0.03  -0.19  0.98  
   0.81  -0.58  -0.08  

3  1260.87  -8.48  18.75  
   -0.52  0.05  -0.85  
   -0.03  -1.00  -0.04  
   -0.85  0.00  0.52  

2  856.36  -40.63  573.73  
   0.56  -0.83  0.01  
   0.82  0.56  0.07  
   -0.06  -0.03  1.00  

4  1141.21  159.84  -15.63  
   0.80  -0.48  0.37  
   0.60  0.63  -0.49  
   -0.00  0.62  0.79  

5  1116.66  248.69  238.87  
   -0.10  0.67  0.73  
   -0.32  0.68  -0.66  
   -0.94  -0.31  0.15  

6  1243.01  294.23  457.65  
   0.54  -0.84  -0.10  
   0.06  0.16  -0.99  
   0.84  0.52  0.14  

8  1111.30  -237.53  243.33  
   -0.17  -0.10  0.98  
   0.32  0.93  0.15  
   -0.93  0.34  -0.13  

7  1134.07  -168.32  -33.04  
   0.61  0.65  0.45  
   -0.79  0.51  0.33  
   -0.02  -0.56  0.83  

9  1243.01  -299.14  464.34  
   0.56  0.80  0.20  
   -0.04  -0.22  0.98  
   0.83  -0.55  -0.09  

2  856.36  -40.63  573.73  
   0.56  -0.83  0.01  
   0.82  0.56  0.06  
   -0.06  -0.03  1.00  

5  1113.53  244.23  241.55  
   -0.08  0.65  0.76  
   -0.30  0.71  -0.64  
   -0.95  -0.28  0.14  

3  1261.32  -8.48  18.31  
   -0.52  0.05  -0.85  
   -0.03  -1.00  -0.04  
   -0.85  0.00  0.52  

4  1142.55  160.29  -15.63  
   0.79  -0.49  0.37  
   0.61  0.63  -0.48  
   -0.00  0.60  0.80  

6  1233.64  289.32  464.79  
   0.51  -0.85  -0.08  
   0.06  0.13  -0.99  
   0.86  0.50  0.12  

7  1133.62  -168.77  -34.83  
   0.61  0.65  0.45  
   -0.79  0.52  0.32  
   -0.02  -0.55  0.83  

8  1108.17  -236.19  241.10  
   -0.16  -0.08  0.98  
   0.32  0.94  0.13  
   -0.93  0.34  -0.12  

9  1235.42  -302.27  464.79  
   0.55  0.81  0.22  
   -0.05  -0.23  0.97  
   0.84  -0.54  -0.09  

2  856.36  -40.63  573.73  
   0.56  -0.83  0.01  
   0.82  0.56  0.06  
   -0.06  -0.03  1.00  

3  1261.32  -8.93  17.41  
   -0.52  0.05  -0.85  
   -0.03  -1.00  -0.04  
   -0.85  0.00  0.52  

4  1142.11  159.84  -16.07  
   0.79  -0.49  0.37  
   0.61  0.63  -0.47  
   -0.01  0.60  0.80  

5  1112.19  241.10  242.89  
   -0.08  0.64  0.76  
   -0.29  0.72  -0.63  
   -0.95  -0.27  0.12  

6  1230.96  289.32  467.02  
   0.51  -0.86  -0.05  
   0.07  0.10  -0.99  
   0.86  0.51  0.11  

7  1133.62  -168.77  -34.83  
   0.61  0.66  0.45  
   -0.80  0.52  0.31  
   -0.03  -0.54  0.84  

8  1108.62  -233.51  242.89  
   -0.16  -0.07  0.98  
   0.31  0.94  0.12  
   -0.94  0.33  -0.12  

9  1235.42  -299.59  465.24  
   0.55  0.81  0.23  
   -0.05  -0.24  0.97  
   0.84  -0.54  -0.09  

2  856.36  -40.63  573.73  
   0.56  -0.83  0.01  
   0.82  0.56  0.07  
   -0.06  -0.03  1.00  

4  1141.66  160.29  -16.97  
   0.79  -0.49  0.37  
   0.62  0.64  -0.46  
   -0.01  0.60  0.80  

3  1261.76  -8.93  16.52  
   -0.52  0.05  -0.85  
   -0.03  -1.00  -0.04  
   -0.86  0.00  0.52  

5  1112.64  240.66  243.33  
   -0.08  0.63  0.77  
   -0.28  0.73  -0.63  
   -0.96  -0.27  0.12  

6  1230.96  288.43  466.58  
   0.51  -0.86  -0.05  
   0.07  0.10  -0.99  
   0.86  0.51  0.11  

9  1238.10  -298.25  465.24  
   0.55  0.81  0.20  
   -0.04  -0.22  0.98  
   0.83  -0.55  -0.08  

7  1133.62  -168.32  -34.83  
   0.61  0.66  0.45  
   -0.80  0.52  0.31  
   -0.03  -0.54  0.84  

8  1109.51  -233.51  243.33  
   -0.16  -0.07  0.98  
   0.31  0.94  0.12  
   -0.94  0.32  -0.13  

5  1112.64  239.32  241.99  
   -0.08  0.62  0.78  
   -0.28  0.74  -0.62  
   -0.96  -0.27  0.11  

2  856.36  -40.63  573.73  
   0.56  -0.83  0.01  
   0.82  0.56  0.06  
   -0.06  -0.03  1.00  

6  1230.96  287.98  466.58  
   0.51  -0.86  -0.05  
   0.07  0.10  -0.99  
   0.86  0.51  0.11  

3  1262.66  -9.38  13.39  
   -0.52  0.05  -0.86  
   -0.03  -1.00  -0.04  
   -0.86  0.00  0.52  

4  1142.11  160.29  -18.31  
   0.79  -0.49  0.38  
   0.62  0.64  -0.46  
   -0.02  0.60  0.80  

7  1133.18  -168.32  -35.72  
   0.61  0.66  0.45  
   -0.79  0.52  0.31  
   -0.04  -0.54  0.84  

9  1238.99  -298.25  464.34  
   0.55  0.81  0.20  
   -0.04  -0.21  0.98  
   0.83  -0.55  -0.08  

8  1109.96  -232.62  242.89  
   -0.17  -0.07  0.98  
   0.31  0.94  0.12  
   -0.94  0.32  -0.14  

2  856.36  -40.63  573.73  
   0.56  -0.83  0.01  
   0.82  0.56  0.06  
   -0.06  -0.03  1.00  

5  1112.64  239.76  241.55  
   -0.08  0.62  0.78  
   -0.28  0.74  -0.62  
   -0.96  -0.27  0.11  

6  1231.40  287.98  465.68  
   0.51  -0.86  -0.06  
   0.07  0.11  -0.99  
   0.86  0.50  0.11  

4  1141.66  160.29  -20.54  
   0.78  -0.48  0.39  
   0.62  0.64  -0.45  
   -0.03  0.60  0.80  

3  1263.10  -8.48  11.61  
   -0.51  0.05  -0.86  
   -0.03  -1.00  -0.04  
   -0.86  0.00  0.51  

7  1132.28  -168.32  -37.50  
   0.61  0.65  0.46  
   -0.79  0.53  0.30  
   -0.05  -0.55  0.84  

8  1110.85  -231.73  242.89  
   -0.17  -0.07  0.98  
   0.31  0.94  0.12  
   -0.94  0.32  -0.14  

9  1241.23  -297.81  462.56  
   0.56  0.81  0.18  
   -0.04  -0.19  0.98  
   0.83  -0.55  -0.07  

