2  853.23  -39.74  576.41  
   0.17  -0.99  0.01  
   0.98  0.17  0.05  
   -0.05  0.00  1.00  

3  1262.66  -12.50  -31.70  
   -0.30  -0.10  -0.95  
   -0.25  -0.95  0.18  
   -0.92  0.29  0.26  

4  1122.46  184.84  -87.51  
   0.47  -0.78  0.41  
   0.87  0.36  -0.33  
   0.11  0.52  0.85  

5  1170.24  287.09  200.47  
   -0.41  0.53  0.74  
   -0.23  0.73  -0.65  
   -0.88  -0.43  -0.17  

6  1435.45  259.85  374.15  
   0.89  -0.38  -0.24  
   -0.32  -0.16  -0.93  
   0.32  0.91  -0.26  

7  1150.14  -222.35  -102.69  
   0.76  0.63  0.17  
   -0.63  0.64  0.43  
   0.17  -0.43  0.89  

9  1435.00  -154.48  331.29  
   0.61  -0.27  -0.75  
   0.72  0.57  0.39  
   0.32  -0.78  0.54  

8  1193.01  -314.77  210.29  
   -0.47  -0.58  0.67  
   0.14  0.69  0.71  
   -0.87  0.42  -0.24  

2  853.23  -39.29  576.41  
   0.17  -0.99  0.01  
   0.98  0.17  0.05  
   -0.05  0.00  1.00  

4  1122.46  185.29  -87.96  
   0.47  -0.78  0.41  
   0.87  0.36  -0.33  
   0.11  0.52  0.85  

3  1262.66  -12.50  -31.70  
   -0.30  -0.10  -0.95  
   -0.25  -0.95  0.18  
   -0.92  0.29  0.26  

6  1435.45  259.85  374.15  
   0.89  -0.38  -0.24  
   -0.32  -0.16  -0.93  
   0.32  0.91  -0.26  

5  1170.24  287.09  200.47  
   -0.41  0.53  0.74  
   -0.23  0.73  -0.65  
   -0.88  -0.43  -0.17  

7  1149.70  -222.80  -103.14  
   0.76  0.63  0.17  
   -0.63  0.64  0.43  
   0.17  -0.43  0.89  

8  1192.56  -315.22  210.29  
   -0.46  -0.58  0.67  
   0.14  0.69  0.71  
   -0.87  0.42  -0.24  

9  1435.00  -154.04  331.74  
   0.61  -0.27  -0.75  
   0.72  0.57  0.39  
   0.32  -0.78  0.54  

3  1262.66  -12.50  -31.70  
   -0.30  -0.10  -0.95  
   -0.25  -0.95  0.18  
   -0.92  0.29  0.26  

2  853.23  -39.29  576.41  
   0.17  -0.99  0.01  
   0.98  0.17  0.05  
   -0.05  0.00  1.00  

4  1122.46  184.84  -87.51  
   0.47  -0.78  0.41  
   0.87  0.36  -0.33  
   0.11  0.52  0.85  

6  1435.45  260.30  373.71  
   0.89  -0.38  -0.24  
   -0.32  -0.16  -0.93  
   0.32  0.91  -0.27  

5  1170.24  287.09  200.47  
   -0.41  0.53  0.74  
   -0.23  0.73  -0.65  
   -0.88  -0.43  -0.17  

7  1149.70  -222.80  -102.24  
   0.76  0.63  0.16  
   -0.63  0.64  0.43  
   0.17  -0.43  0.89  

8  1193.01  -314.77  210.29  
   -0.46  -0.58  0.67  
   0.14  0.69  0.71  
   -0.87  0.42  -0.24  

9  1435.00  -154.04  331.29  
   0.61  -0.27  -0.75  
   0.72  0.57  0.39  
   0.32  -0.78  0.54  

2  853.23  -39.74  576.41  
   0.17  -0.99  0.01  
   0.98  0.17  0.05  
   -0.05  0.00  1.00  

4  1122.02  185.29  -87.51  
   0.47  -0.78  0.41  
   0.87  0.36  -0.33  
   0.11  0.52  0.85  

3  1262.66  -12.50  -31.25  
   -0.30  -0.10  -0.95  
   -0.25  -0.95  0.18  
   -0.92  0.29  0.26  

5  1170.24  287.09  200.47  
   -0.41  0.54  0.74  
   -0.23  0.73  -0.65  
   -0.89  -0.43  -0.17  

6  1435.45  259.85  374.60  
   0.89  -0.38  -0.24  
   -0.32  -0.16  -0.93  
   0.31  0.91  -0.27  

7  1150.14  -222.80  -102.69  
   0.76  0.63  0.16  
   -0.63  0.64  0.43  
   0.17  -0.43  0.89  

8  1192.56  -314.77  210.74  
   -0.46  -0.58  0.67  
   0.14  0.69  0.71  
   -0.87  0.42  -0.24  

9  1435.00  -154.48  331.74  
   0.61  -0.27  -0.75  
   0.72  0.57  0.39  
   0.32  -0.78  0.54  

2  853.23  -39.29  576.41  
   0.17  -0.99  0.01  
   0.98  0.17  0.05  
   -0.05  0.00  1.00  

3  1262.66  -12.50  -31.25  
   -0.30  -0.10  -0.95  
   -0.25  -0.95  0.18  
   -0.92  0.29  0.26  

4  1122.46  184.84  -87.51  
   0.47  -0.78  0.41  
   0.87  0.36  -0.33  
   0.11  0.51  0.85  

6  1435.45  260.30  374.60  
   0.90  -0.38  -0.24  
   -0.32  -0.16  -0.93  
   0.31  0.91  -0.27  

5  1170.24  286.64  200.47  
   -0.41  0.53  0.74  
   -0.23  0.73  -0.65  
   -0.88  -0.43  -0.17  

7  1149.70  -222.80  -102.24  
   0.76  0.63  0.16  
   -0.63  0.64  0.44  
   0.17  -0.43  0.89  

9  1435.00  -154.93  331.29  
   0.61  -0.27  -0.74  
   0.72  0.57  0.39  
   0.32  -0.78  0.54  

8  1192.11  -315.22  210.74  
   -0.46  -0.58  0.67  
   0.14  0.69  0.71  
   -0.87  0.42  -0.24  

2  853.23  -39.29  576.41  
   0.17  -0.99  0.01  
   0.98  0.17  0.05  
   -0.05  0.00  1.00  

3  1262.66  -12.50  -31.25  
   -0.30  -0.10  -0.95  
   -0.25  -0.95  0.18  
   -0.92  0.29  0.26  

4  1122.46  185.29  -87.06  
   0.47  -0.78  0.41  
   0.87  0.36  -0.33  
   0.11  0.51  0.85  

5  1170.24  287.09  200.47  
   -0.41  0.53  0.74  
   -0.23  0.73  -0.65  
   -0.88  -0.43  -0.17  

8  1192.56  -315.22  210.74  
   -0.46  -0.58  0.67  
   0.14  0.69  0.71  
   -0.87  0.42  -0.24  

6  1435.45  259.85  374.60  
   0.90  -0.38  -0.24  
   -0.32  -0.17  -0.93  
   0.31  0.91  -0.27  

7  1149.70  -222.80  -102.24  
   0.76  0.63  0.16  
   -0.63  0.64  0.44  
   0.17  -0.43  0.89  

9  1435.00  -154.48  331.74  
   0.61  -0.27  -0.74  
   0.72  0.57  0.39  
   0.32  -0.78  0.54  

2  853.23  -39.74  576.41  
   0.17  -0.99  0.01  
   0.98  0.17  0.05  
   -0.05  0.00  1.00  

4  1122.46  184.84  -86.62  
   0.47  -0.78  0.41  
   0.87  0.36  -0.33  
   0.11  0.51  0.85  

5  1170.24  287.09  201.36  
   -0.41  0.54  0.74  
   -0.23  0.73  -0.65  
   -0.89  -0.43  -0.17  

3  1262.66  -12.50  -31.25  
   -0.30  -0.10  -0.95  
   -0.25  -0.95  0.18  
   -0.92  0.29  0.26  

6  1435.45  260.30  375.05  
   0.90  -0.38  -0.24  
   -0.32  -0.17  -0.93  
   0.31  0.91  -0.27  

8  1192.11  -315.22  211.19  
   -0.46  -0.58  0.67  
   0.14  0.69  0.71  
   -0.87  0.42  -0.24  

7  1149.70  -222.80  -102.24  
   0.76  0.63  0.16  
   -0.63  0.64  0.44  
   0.17  -0.43  0.89  

9  1435.00  -154.93  331.29  
   0.61  -0.27  -0.74  
   0.72  0.57  0.39  
   0.32  -0.78  0.54  

2  853.23  -39.74  576.41  
   0.17  -0.99  0.01  
   0.98  0.17  0.05  
   -0.05  0.00  1.00  

4  1122.02  184.84  -86.17  
   0.47  -0.78  0.41  
   0.87  0.36  -0.33  
   0.11  0.51  0.85  

3  1262.21  -12.50  -30.81  
   -0.30  -0.10  -0.95  
   -0.25  -0.95  0.18  
   -0.92  0.29  0.26  

6  1435.00  259.85  375.05  
   0.90  -0.38  -0.24  
   -0.32  -0.17  -0.93  
   0.31  0.91  -0.27  

5  1170.24  287.09  200.92  
   -0.41  0.53  0.74  
   -0.23  0.73  -0.65  
   -0.88  -0.43  -0.17  

8  1192.11  -315.22  211.63  
   -0.47  -0.58  0.67  
   0.14  0.69  0.71  
   -0.87  0.42  -0.24  

7  1149.70  -222.35  -101.80  
   0.76  0.63  0.16  
   -0.63  0.64  0.44  
   0.17  -0.43  0.89  

9  1435.00  -154.04  330.84  
   0.61  -0.27  -0.74  
   0.72  0.57  0.39  
   0.32  -0.78  0.54  

4  1122.02  185.29  -86.17  
   0.47  -0.78  0.41  
   0.87  0.36  -0.33  
   0.11  0.51  0.85  

3  1262.21  -12.50  -30.36  
   -0.30  -0.10  -0.95  
   -0.25  -0.95  0.18  
   -0.92  0.29  0.26  

2  853.23  -39.29  576.41  
   0.17  -0.99  0.01  
   0.98  0.17  0.05  
   -0.05  0.00  1.00  

5  1169.79  287.09  201.36  
   -0.41  0.53  0.74  
   -0.23  0.73  -0.65  
   -0.88  -0.43  -0.17  

6  1435.00  260.30  374.60  
   0.90  -0.38  -0.23  
   -0.32  -0.17  -0.93  
   0.31  0.91  -0.27  

8  1192.56  -314.77  211.19  
   -0.47  -0.58  0.67  
   0.14  0.69  0.71  
   -0.87  0.42  -0.24  

7  1149.70  -222.35  -101.35  
   0.76  0.63  0.16  
   -0.63  0.64  0.44  
   0.17  -0.43  0.89  

9  1435.00  -154.48  331.29  
   0.61  -0.27  -0.74  
   0.72  0.57  0.39  
   0.32  -0.78  0.54  

2  853.23  -39.74  576.41  
   0.17  -0.99  0.01  
   0.98  0.17  0.05  
   -0.05  0.00  1.00  

6  1435.00  260.30  374.60  
   0.90  -0.38  -0.23  
   -0.31  -0.17  -0.93  
   0.31  0.91  -0.27  

5  1169.79  287.09  201.36  
   -0.41  0.53  0.74  
   -0.23  0.73  -0.65  
   -0.88  -0.43  -0.17  

3  1262.21  -12.50  -30.36  
   -0.30  -0.10  -0.95  
   -0.25  -0.95  0.18  
   -0.92  0.29  0.26  

4  1122.02  184.84  -86.17  
   0.47  -0.78  0.41  
   0.87  0.36  -0.33  
   0.11  0.51  0.85  

7  1148.80  -222.80  -101.35  
   0.76  0.63  0.16  
   -0.63  0.64  0.44  
   0.17  -0.43  0.88  

8  1191.67  -314.77  211.63  
   -0.47  -0.58  0.67  
   0.14  0.69  0.71  
   -0.87  0.42  -0.24  

9  1435.00  -154.48  330.84  
   0.61  -0.27  -0.74  
   0.72  0.57  0.39  
   0.32  -0.78  0.54  

2  853.23  -39.29  576.41  
   0.17  -0.99  0.01  
   0.98  0.17  0.05  
   -0.05  0.00  1.00  

3  1261.76  -12.50  -30.36  
   -0.30  -0.10  -0.95  
   -0.25  -0.95  0.18  
   -0.92  0.29  0.26  

6  1435.00  260.75  375.05  
   0.90  -0.38  -0.23  
   -0.31  -0.17  -0.93  
   0.31  0.91  -0.27  

5  1170.24  287.09  201.81  
   -0.41  0.53  0.74  
   -0.23  0.73  -0.65  
   -0.88  -0.43  -0.17  

4  1122.02  185.29  -86.17  
   0.47  -0.78  0.41  
   0.87  0.36  -0.33  
   0.11  0.51  0.85  

7  1149.25  -222.35  -100.91  
   0.76  0.63  0.16  
   -0.63  0.64  0.44  
   0.17  -0.43  0.88  

9  1435.00  -154.04  331.29  
   0.61  -0.27  -0.74  
   0.72  0.57  0.39  
   0.32  -0.78  0.54  

8  1191.67  -314.77  211.63  
   -0.47  -0.58  0.67  
   0.14  0.69  0.71  
   -0.87  0.42  -0.24  

2  853.23  -39.29  576.41  
   0.17  -0.99  0.01  
   0.98  0.17  0.05  
   -0.05  0.00  1.00  

3  1261.76  -12.06  -29.91  
   -0.30  -0.10  -0.95  
   -0.25  -0.95  0.17  
   -0.92  0.29  0.26  

4  1122.02  184.84  -84.83  
   0.48  -0.78  0.40  
   0.87  0.36  -0.34  
   0.12  0.51  0.85  

5  1172.02  290.66  201.36  
   -0.43  0.52  0.74  
   -0.25  0.72  -0.65  
   -0.87  -0.46  -0.18  

6  1437.68  261.64  371.03  
   0.90  -0.37  -0.23  
   -0.32  -0.20  -0.93  
   0.30  0.91  -0.30  

7  1148.80  -222.35  -100.91  
   0.76  0.63  0.16  
   -0.63  0.64  0.44  
   0.17  -0.43  0.88  

8  1192.11  -314.77  212.53  
   -0.47  -0.58  0.67  
   0.14  0.69  0.71  
   -0.87  0.42  -0.24  

9  1435.00  -154.48  330.84  
   0.61  -0.27  -0.74  
   0.72  0.57  0.39  
   0.31  -0.78  0.54  

2  853.23  -39.74  576.41  
   0.17  -0.99  0.01  
   0.98  0.17  0.05  
   -0.05  0.00  1.00  

4  1121.57  184.84  -84.83  
   0.48  -0.78  0.40  
   0.87  0.37  -0.34  
   0.12  0.51  0.85  

3  1260.43  -12.06  -29.47  
   -0.30  -0.09  -0.95  
   -0.25  -0.95  0.17  
   -0.92  0.29  0.26  

6  1439.91  264.77  367.01  
   0.90  -0.36  -0.24  
   -0.33  -0.21  -0.92  
   0.28  0.91  -0.31  

5  1173.81  293.79  200.03  
   -0.44  0.51  0.74  
   -0.26  0.71  -0.65  
   -0.86  -0.48  -0.18  

8  1191.67  -314.77  212.53  
   -0.47  -0.58  0.67  
   0.14  0.69  0.71  
   -0.87  0.42  -0.24  

7  1147.46  -221.90  -100.01  
   0.76  0.63  0.16  
   -0.63  0.64  0.44  
   0.17  -0.43  0.88  

9  1435.00  -154.04  331.29  
   0.61  -0.27  -0.74  
   0.72  0.57  0.39  
   0.31  -0.78  0.54  

2  853.23  -39.74  576.41  
   0.17  -0.99  0.01  
   0.98  0.17  0.05  
   -0.05  0.00  1.00  

5  1175.15  298.25  196.45  
   -0.46  0.50  0.74  
   -0.29  0.70  -0.65  
   -0.84  -0.51  -0.18  

4  1122.02  183.95  -84.83  
   0.49  -0.78  0.39  
   0.87  0.37  -0.34  
   0.12  0.51  0.85  

3  1259.53  -12.50  -29.02  
   -0.30  -0.09  -0.95  
   -0.25  -0.95  0.17  
   -0.92  0.29  0.26  

6  1448.40  266.55  341.56  
   0.91  -0.30  -0.30  
   -0.37  -0.21  -0.91  
   0.21  0.93  -0.30  

7  1147.02  -222.35  -100.46  
   0.76  0.63  0.16  
   -0.63  0.64  0.44  
   0.18  -0.43  0.88  

9  1435.00  -154.48  330.84  
   0.61  -0.27  -0.74  
   0.72  0.57  0.39  
   0.31  -0.78  0.54  

8  1191.22  -315.22  212.97  
   -0.47  -0.58  0.67  
   0.14  0.70  0.70  
   -0.87  0.43  -0.24  

2  853.23  -39.74  575.96  
   0.17  -0.99  0.01  
   0.98  0.17  0.05  
   -0.05  0.00  1.00  

3  1259.53  -12.95  -29.47  
   -0.30  -0.09  -0.95  
   -0.26  -0.95  0.17  
   -0.92  0.29  0.26  

5  1177.38  302.27  191.54  
   -0.49  0.47  0.73  
   -0.31  0.69  -0.65  
   -0.81  -0.55  -0.19  

4  1119.78  182.17  -85.28  
   0.49  -0.78  0.40  
   0.87  0.37  -0.34  
   0.12  0.51  0.85  

6  1455.99  263.43  313.88  
   0.91  -0.23  -0.35  
   -0.40  -0.21  -0.89  
   0.13  0.95  -0.28  

7  1145.68  -222.80  -100.01  
   0.76  0.63  0.16  
   -0.63  0.64  0.44  
   0.18  -0.44  0.88  

8  1190.77  -315.22  213.42  
   -0.47  -0.58  0.67  
   0.14  0.69  0.70  
   -0.87  0.43  -0.24  

9  1435.00  -154.48  330.40  
   0.62  -0.27  -0.74  
   0.72  0.57  0.39  
   0.31  -0.78  0.55  

4  1117.55  180.38  -87.06  
   0.49  -0.77  0.41  
   0.87  0.37  -0.34  
   0.11  0.52  0.85  

3  1259.09  -12.95  -29.02  
   -0.30  -0.09  -0.95  
   -0.26  -0.95  0.17  
   -0.92  0.29  0.26  

2  853.23  -39.29  575.96  
   0.17  -0.99  0.01  
   0.98  0.17  0.05  
   -0.05  0.00  1.00  

5  1178.27  305.84  189.76  
   -0.51  0.45  0.73  
   -0.32  0.69  -0.65  
   -0.80  -0.57  -0.20  

6  1459.11  259.85  292.00  
   0.90  -0.18  -0.39  
   -0.43  -0.21  -0.88  
   0.07  0.96  -0.27  

7  1144.79  -222.80  -99.57  
   0.76  0.63  0.16  
   -0.63  0.64  0.44  
   0.18  -0.44  0.88  

8  1190.33  -315.22  213.42  
   -0.47  -0.58  0.67  
   0.14  0.70  0.70  
   -0.87  0.43  -0.25  

9  1434.55  -154.48  330.84  
   0.62  -0.27  -0.74  
   0.72  0.57  0.39  
   0.31  -0.78  0.55  

5  1178.27  309.41  184.84  
   -0.53  0.43  0.73  
   -0.34  0.68  -0.65  
   -0.78  -0.59  -0.21  

2  853.23  -39.29  575.96  
   0.17  -0.99  0.01  
   0.98  0.17  0.05  
   -0.05  0.00  1.00  

3  1258.64  -12.95  -29.02  
   -0.30  -0.09  -0.95  
   -0.26  -0.95  0.17  
   -0.92  0.29  0.26  

4  1116.66  179.04  -88.40  
   0.48  -0.77  0.41  
   0.87  0.36  -0.34  
   0.11  0.52  0.85  

6  1461.34  255.84  262.98  
   0.89  -0.11  -0.45  
   -0.46  -0.25  -0.85  
   -0.02  0.96  -0.28  

8  1190.33  -315.66  213.42  
   -0.47  -0.58  0.67  
   0.14  0.70  0.70  
   -0.87  0.43  -0.25  

9  1434.55  -154.93  330.84  
   0.62  -0.27  -0.74  
   0.72  0.57  0.40  
   0.31  -0.78  0.55  

7  1145.23  -222.80  -99.57  
   0.76  0.63  0.16  
   -0.63  0.64  0.44  
   0.18  -0.44  0.88  

2  853.23  -39.29  576.41  
   0.17  -0.99  0.01  
   0.98  0.17  0.05  
   -0.05  0.00  1.00  

3  1258.19  -12.50  -28.57  
   -0.30  -0.08  -0.95  
   -0.26  -0.95  0.16  
   -0.92  0.29  0.26  

4  1112.64  177.25  -90.64  
   0.47  -0.77  0.43  
   0.88  0.36  -0.32  
   0.10  0.53  0.85  

6  1461.34  249.14  204.04  
   0.84  0.00  -0.55  
   -0.52  -0.32  -0.79  
   -0.18  0.95  -0.27  

7  1144.79  -222.80  -99.12  
   0.76  0.63  0.16  
   -0.63  0.64  0.44  
   0.18  -0.44  0.88  

5  1180.06  316.11  176.36  
   -0.57  0.38  0.73  
   -0.38  0.67  -0.64  
   -0.73  -0.64  -0.23  

8  1190.33  -315.22  213.42  
   -0.47  -0.58  0.67  
   0.14  0.70  0.70  
   -0.87  0.43  -0.25  

9  1434.55  -154.48  330.40  
   0.62  -0.27  -0.74  
   0.72  0.57  0.39  
   0.31  -0.78  0.55  

3  1258.19  -12.50  -28.57  
   -0.30  -0.08  -0.95  
   -0.26  -0.95  0.16  
   -0.92  0.29  0.26  

2  853.23  -39.29  575.96  
   0.17  -0.99  0.01  
   0.98  0.17  0.05  
   -0.05  0.00  1.00  

4  1107.73  174.58  -91.53  
   0.46  -0.77  0.44  
   0.88  0.36  -0.31  
   0.08  0.53  0.84  

5  1189.88  322.36  161.63  
   -0.64  0.31  0.71  
   -0.40  0.65  -0.65  
   -0.66  -0.70  -0.29  

6  1460.00  237.98  130.82  
   0.73  0.11  -0.67  
   -0.58  -0.41  -0.70  
   -0.35  0.91  -0.23  

7  1144.79  -222.35  -99.12  
   0.76  0.63  0.16  
   -0.63  0.64  0.44  
   0.18  -0.44  0.88  

8  1190.33  -315.66  213.42  
   -0.47  -0.58  0.67  
   0.14  0.69  0.70  
   -0.87  0.43  -0.25  

9  1434.55  -154.48  331.29  
   0.62  -0.27  -0.74  
   0.72  0.57  0.39  
   0.31  -0.78  0.55  

2  853.23  -39.29  575.96  
   0.17  -0.99  0.01  
   0.98  0.17  0.05  
   -0.05  0.00  1.00  

3  1257.75  -12.06  -28.57  
   -0.30  -0.08  -0.95  
   -0.26  -0.95  0.16  
   -0.92  0.29  0.26  

4  1102.82  171.45  -95.55  
   0.46  -0.76  0.46  
   0.88  0.36  -0.29  
   0.05  0.54  0.84  

6  1449.73  225.47  59.38  
   0.58  0.19  -0.79  
   -0.64  -0.49  -0.59  
   -0.50  0.85  -0.16  

5  1202.38  327.72  144.21  
   -0.71  0.22  0.67  
   -0.42  0.63  -0.65  
   -0.56  -0.75  -0.35  

8  1190.33  -315.22  212.97  
   -0.48  -0.58  0.66  
   0.14  0.69  0.70  
   -0.87  0.43  -0.25  

7  1144.34  -222.35  -98.67  
   0.76  0.63  0.16  
   -0.63  0.64  0.44  
   0.18  -0.44  0.88  

9  1435.00  -153.59  330.84  
   0.62  -0.27  -0.74  
   0.72  0.57  0.39  
   0.31  -0.78  0.55  

2  853.23  -39.74  575.96  
   0.17  -0.99  0.01  
   0.98  0.17  0.05  
   -0.05  0.00  1.00  

6  1437.68  210.74  -0.45  
   0.44  0.25  -0.86  
   -0.68  -0.53  -0.50  
   -0.58  0.81  -0.06  

5  1216.22  329.95  124.57  
   -0.77  0.13  0.63  
   -0.44  0.61  -0.66  
   -0.47  -0.78  -0.41  

3  1257.30  -12.95  -28.57  
   -0.30  -0.08  -0.95  
   -0.26  -0.95  0.16  
   -0.92  0.29  0.26  

4  1100.14  167.43  -98.67  
   0.47  -0.74  0.48  
   0.88  0.38  -0.28  
   0.03  0.55  0.83  

7  1143.00  -222.80  -98.23  
   0.76  0.63  0.16  
   -0.63  0.64  0.45  
   0.18  -0.44  0.88  

8  1189.88  -315.22  213.42  
   -0.48  -0.58  0.67  
   0.14  0.70  0.70  
   -0.87  0.43  -0.25  

9  1434.55  -154.04  331.29  
   0.62  -0.27  -0.74  
   0.72  0.57  0.39  
   0.31  -0.78  0.55  

2  853.23  -39.74  576.41  
   0.17  -0.99  0.01  
   0.98  0.17  0.05  
   -0.05  0.00  1.00  

3  1256.85  -13.39  -29.02  
   -0.30  -0.08  -0.95  
   -0.26  -0.95  0.16  
   -0.92  0.29  0.26  

4  1099.24  166.09  -100.46  
   0.47  -0.73  0.49  
   0.88  0.39  -0.27  
   0.01  0.56  0.83  

6  1426.07  204.04  -37.95  
   0.34  0.28  -0.90  
   -0.71  -0.56  -0.44  
   -0.62  0.78  0.01  

5  1222.92  332.63  112.96  
   -0.80  0.08  0.60  
   -0.44  0.60  -0.66  
   -0.41  -0.80  -0.45  

8  1189.88  -315.22  212.97  
   -0.48  -0.57  0.66  
   0.14  0.70  0.70  
   -0.87  0.43  -0.25  

7  1142.55  -223.69  -98.23  
   0.76  0.63  0.16  
   -0.62  0.64  0.45  
   0.18  -0.44  0.88  

9  1434.55  -154.04  330.84  
   0.62  -0.28  -0.74  
   0.72  0.57  0.39  
   0.31  -0.78  0.55  

5  1229.62  333.08  100.91  
   -0.82  0.01  0.57  
   -0.45  0.61  -0.66  
   -0.36  -0.79  -0.49  

2  853.23  -39.74  576.41  
   0.17  -0.99  0.01  
   0.98  0.17  0.05  
   -0.05  0.00  1.00  

4  1098.80  165.20  -101.80  
   0.48  -0.73  0.50  
   0.88  0.39  -0.27  
   -0.00  0.56  0.83  

3  1256.85  -13.39  -29.02  
   -0.30  -0.08  -0.95  
   -0.26  -0.95  0.16  
   -0.92  0.29  0.26  

6  1415.36  200.47  -68.31  
   0.25  0.32  -0.91  
   -0.71  -0.58  -0.40  
   -0.65  0.75  0.08  

9  1434.55  -153.59  330.84  
   0.62  -0.28  -0.74  
   0.72  0.57  0.39  
   0.31  -0.78  0.55  

8  1190.33  -315.66  213.42  
   -0.48  -0.57  0.66  
   0.14  0.70  0.70  
   -0.87  0.43  -0.25  

7  1141.66  -224.58  -98.23  
   0.76  0.63  0.17  
   -0.62  0.64  0.45  
   0.17  -0.45  0.88  

2  853.23  -39.74  576.41  
   0.17  -0.99  0.01  
   0.98  0.17  0.05  
   -0.05  0.00  1.00  

5  1235.42  332.18  93.32  
   -0.84  -0.02  0.55  
   -0.45  0.61  -0.65  
   -0.32  -0.79  -0.52  

3  1256.85  -14.29  -29.47  
   -0.30  -0.08  -0.95  
   -0.26  -0.95  0.16  
   -0.92  0.29  0.26  

4  1098.80  163.86  -104.03  
   0.48  -0.72  0.50  
   0.87  0.40  -0.27  
   -0.01  0.57  0.82  

8  1190.33  -315.66  213.42  
   -0.48  -0.57  0.67  
   0.14  0.70  0.70  
   -0.87  0.43  -0.25  

6  1408.66  197.35  -89.74  
   0.18  0.35  -0.92  
   -0.72  -0.59  -0.37  
   -0.67  0.73  0.14  

7  1141.21  -225.47  -99.12  
   0.76  0.62  0.17  
   -0.62  0.64  0.45  
   0.17  -0.45  0.88  

9  1434.55  -154.04  331.29  
   0.62  -0.27  -0.74  
   0.72  0.57  0.39  
   0.31  -0.78  0.55  

4  1098.80  163.86  -104.92  
   0.49  -0.71  0.51  
   0.87  0.41  -0.26  
   -0.02  0.57  0.82  

2  853.23  -39.74  576.41  
   0.17  -0.99  0.01  
   0.98  0.17  0.05  
   -0.05  0.00  1.00  

3  1256.41  -15.18  -29.91  
   -0.30  -0.08  -0.95  
   -0.25  -0.95  0.16  
   -0.92  0.29  0.26  

8  1190.77  -315.66  213.42  
   -0.48  -0.57  0.67  
   0.14  0.70  0.70  
   -0.87  0.43  -0.25  

5  1237.65  330.40  90.19  
   -0.84  -0.04  0.54  
   -0.44  0.61  -0.65  
   -0.31  -0.79  -0.53  

6  1401.51  194.22  -95.99  
   0.14  0.36  -0.92  
   -0.72  -0.60  -0.34  
   -0.68  0.71  0.17  

7  1141.21  -225.47  -98.67  
   0.76  0.62  0.17  
   -0.62  0.64  0.45  
   0.17  -0.45  0.88  

9  1435.00  -154.04  331.29  
   0.62  -0.27  -0.74  
   0.72  0.56  0.39  
   0.31  -0.78  0.55  

2  853.23  -39.74  576.41  
   0.17  -0.99  0.01  
   0.98  0.17  0.05  
   -0.05  0.00  1.00  

4  1098.80  163.41  -104.92  
   0.49  -0.71  0.51  
   0.87  0.41  -0.26  
   -0.02  0.57  0.82  

3  1256.41  -15.63  -30.36  
   -0.30  -0.08  -0.95  
   -0.25  -0.95  0.16  
   -0.92  0.29  0.27  

5  1239.44  329.06  88.85  
   -0.85  -0.04  0.53  
   -0.44  0.61  -0.66  
   -0.30  -0.79  -0.54  

6  1399.28  189.31  -99.57  
   0.12  0.36  -0.93  
   -0.72  -0.61  -0.33  
   -0.68  0.71  0.18  

8  1190.33  -316.11  213.42  
   -0.48  -0.57  0.67  
   0.14  0.70  0.70  
   -0.87  0.43  -0.25  

7  1140.77  -226.37  -98.67  
   0.76  0.62  0.18  
   -0.62  0.64  0.45  
   0.17  -0.45  0.87  

9  1434.55  -154.04  331.29  
   0.62  -0.27  -0.74  
   0.72  0.56  0.39  
   0.31  -0.78  0.55  

2  853.23  -39.74  576.41  
   0.17  -0.99  0.01  
   0.98  0.17  0.05  
   -0.05  0.00  1.00  

3  1256.41  -16.07  -30.36  
   -0.30  -0.08  -0.95  
   -0.25  -0.95  0.16  
   -0.92  0.29  0.27  

4  1098.80  162.97  -105.37  
   0.49  -0.71  0.51  
   0.87  0.41  -0.26  
   -0.02  0.57  0.82  

5  1239.44  328.61  88.40  
   -0.85  -0.04  0.53  
   -0.43  0.61  -0.66  
   -0.30  -0.79  -0.54  

6  1399.28  187.52  -100.01  
   0.11  0.35  -0.93  
   -0.72  -0.61  -0.32  
   -0.68  0.71  0.19  

9  1435.00  -153.59  331.29  
   0.62  -0.27  -0.74  
   0.72  0.56  0.39  
   0.31  -0.78  0.55  

8  1190.33  -315.22  213.87  
   -0.48  -0.57  0.67  
   0.14  0.70  0.70  
   -0.87  0.43  -0.25  

7  1140.77  -226.37  -98.67  
   0.76  0.62  0.18  
   -0.62  0.64  0.45  
   0.17  -0.45  0.87  

2  853.23  -39.74  576.41  
   0.17  -0.99  0.01  
   0.98  0.17  0.05  
   -0.05  0.00  1.00  

4  1099.24  162.52  -105.82  
   0.49  -0.71  0.51  
   0.87  0.42  -0.26  
   -0.02  0.57  0.82  

3  1256.41  -16.07  -30.81  
   -0.30  -0.08  -0.95  
   -0.25  -0.95  0.16  
   -0.92  0.29  0.27  

5  1239.89  328.17  87.96  
   -0.85  -0.03  0.52  
   -0.43  0.61  -0.66  
   -0.30  -0.79  -0.54  

6  1398.84  186.63  -100.91  
   0.11  0.35  -0.93  
   -0.72  -0.61  -0.32  
   -0.68  0.71  0.19  

7  1140.77  -226.37  -98.67  
   0.76  0.62  0.18  
   -0.62  0.64  0.45  
   0.17  -0.46  0.87  

8  1190.77  -315.66  213.42  
   -0.48  -0.57  0.67  
   0.14  0.70  0.70  
   -0.87  0.43  -0.25  

9  1435.00  -153.59  331.29  
   0.62  -0.27  -0.74  
   0.72  0.56  0.39  
   0.31  -0.78  0.55  

2  853.23  -39.74  576.41  
   0.17  -0.99  0.01  
   0.98  0.17  0.05  
   -0.05  0.00  1.00  

4  1099.24  162.52  -106.26  
   0.49  -0.71  0.51  
   0.87  0.42  -0.26  
   -0.03  0.57  0.82  

3  1256.85  -16.07  -30.81  
   -0.30  -0.08  -0.95  
   -0.25  -0.95  0.16  
   -0.92  0.29  0.27  

5  1240.33  327.72  88.40  
   -0.85  -0.03  0.52  
   -0.43  0.61  -0.66  
   -0.30  -0.79  -0.54  

6  1398.84  185.74  -100.91  
   0.11  0.35  -0.93  
   -0.72  -0.61  -0.32  
   -0.68  0.71  0.19  

7  1140.77  -226.81  -98.67  
   0.76  0.62  0.18  
   -0.62  0.64  0.45  
   0.17  -0.46  0.87  

8  1190.77  -315.22  213.87  
   -0.48  -0.57  0.67  
   0.14  0.70  0.70  
   -0.87  0.43  -0.26  

9  1435.00  -153.59  330.84  
   0.62  -0.27  -0.74  
   0.72  0.56  0.39  
   0.31  -0.78  0.55  

2  853.23  -39.74  576.41  
   0.17  -0.99  0.01  
   0.98  0.17  0.05  
   -0.05  0.00  1.00  

4  1099.24  162.07  -106.26  
   0.49  -0.71  0.51  
   0.87  0.42  -0.26  
   -0.03  0.57  0.82  

3  1256.85  -16.07  -30.81  
   -0.30  -0.08  -0.95  
   -0.25  -0.95  0.16  
   -0.92  0.29  0.27  

5  1241.23  327.27  88.40  
   -0.85  -0.03  0.52  
   -0.43  0.62  -0.66  
   -0.30  -0.79  -0.54  

6  1399.28  185.74  -100.91  
   0.11  0.35  -0.93  
   -0.72  -0.61  -0.31  
   -0.68  0.71  0.19  

7  1140.77  -226.81  -98.67  
   0.76  0.62  0.18  
   -0.63  0.64  0.45  
   0.17  -0.46  0.87  

8  1190.33  -315.66  213.87  
   -0.48  -0.57  0.67  
   0.14  0.70  0.70  
   -0.87  0.43  -0.26  

9  1434.55  -153.59  331.29  
   0.62  -0.27  -0.74  
   0.72  0.56  0.39  
   0.31  -0.78  0.55  

2  853.23  -39.74  576.41  
   0.17  -0.99  0.01  
   0.98  0.17  0.05  
   -0.05  0.00  1.00  

3  1256.85  -16.52  -30.81  
   -0.30  -0.08  -0.95  
   -0.25  -0.95  0.16  
   -0.92  0.29  0.27  

6  1400.62  184.40  -100.46  
   0.11  0.35  -0.93  
   -0.72  -0.61  -0.32  
   -0.68  0.71  0.18  

7  1140.77  -227.26  -99.12  
   0.76  0.62  0.18  
   -0.63  0.63  0.45  
   0.17  -0.46  0.87  

4  1099.24  161.63  -106.71  
   0.49  -0.71  0.51  
   0.87  0.42  -0.26  
   -0.03  0.57  0.82  

8  1190.33  -316.11  213.87  
   -0.48  -0.57  0.67  
   0.14  0.70  0.70  
   -0.87  0.43  -0.26  

5  1240.78  326.38  87.96  
   -0.85  -0.03  0.52  
   -0.43  0.61  -0.66  
   -0.30  -0.79  -0.54  

9  1435.45  -154.04  331.29  
   0.62  -0.27  -0.74  
   0.72  0.56  0.39  
   0.31  -0.78  0.55  

2  853.23  -39.74  576.41  
   0.17  -0.99  0.01  
   0.98  0.17  0.05  
   -0.05  0.00  1.00  

3  1256.85  -16.97  -30.81  
   -0.30  -0.08  -0.95  
   -0.25  -0.95  0.16  
   -0.92  0.29  0.27  

4  1100.14  161.18  -107.16  
   0.50  -0.71  0.50  
   0.87  0.42  -0.27  
   -0.02  0.57  0.82  

5  1232.30  324.59  92.87  
   -0.82  0.02  0.57  
   -0.45  0.59  -0.67  
   -0.35  -0.81  -0.48  

6  1418.03  187.52  -76.35  
   0.24  0.35  -0.91  
   -0.72  -0.56  -0.41  
   -0.65  0.75  0.12  

8  1190.33  -316.11  214.31  
   -0.48  -0.57  0.67  
   0.14  0.70  0.70  
   -0.87  0.43  -0.26  

7  1141.21  -227.26  -98.67  
   0.76  0.62  0.18  
   -0.63  0.63  0.45  
   0.17  -0.46  0.87  

9  1435.00  -154.48  331.74  
   0.62  -0.27  -0.74  
   0.72  0.56  0.40  
   0.31  -0.78  0.55  

2  853.23  -39.74  576.41  
   0.17  -0.99  0.01  
   0.98  0.17  0.05  
   -0.05  0.00  1.00  

3  1257.30  -18.75  -31.70  
   -0.31  -0.08  -0.95  
   -0.25  -0.95  0.16  
   -0.92  0.29  0.27  

4  1100.58  160.29  -106.26  
   0.49  -0.72  0.49  
   0.87  0.41  -0.28  
   -0.00  0.56  0.83  

6  1442.14  199.13  -35.27  
   0.41  0.36  -0.84  
   -0.71  -0.46  -0.54  
   -0.58  0.81  0.07  

5  1222.03  324.59  100.91  
   -0.78  0.08  0.62  
   -0.47  0.58  -0.66  
   -0.41  -0.81  -0.42  

9  1435.00  -154.48  331.29  
   0.62  -0.27  -0.74  
   0.72  0.56  0.40  
   0.31  -0.78  0.55  

8  1189.88  -316.56  214.76  
   -0.48  -0.57  0.67  
   0.13  0.70  0.70  
   -0.87  0.42  -0.26  

7  1140.32  -229.05  -98.23  
   0.76  0.62  0.18  
   -0.63  0.63  0.46  
   0.17  -0.46  0.87  

2  853.23  -39.29  576.41  
   0.17  -0.99  0.01  
   0.98  0.17  0.05  
   -0.05  0.00  1.00  

3  1257.30  -19.65  -32.15  
   -0.31  -0.08  -0.95  
   -0.26  -0.95  0.16  
   -0.92  0.30  0.27  

4  1103.71  162.52  -104.48  
   0.49  -0.74  0.46  
   0.87  0.40  -0.28  
   0.03  0.54  0.84  

5  1210.87  326.38  114.75  
   -0.72  0.16  0.68  
   -0.49  0.57  -0.66  
   -0.49  -0.81  -0.33  

6  1463.58  212.53  33.04  
   0.58  0.28  -0.76  
   -0.68  -0.36  -0.65  
   -0.45  0.89  -0.02  

7  1140.32  -229.05  -97.78  
   0.76  0.62  0.18  
   -0.63  0.63  0.46  
   0.17  -0.46  0.87  

8  1189.43  -316.56  215.65  
   -0.48  -0.57  0.67  
   0.13  0.70  0.70  
   -0.87  0.42  -0.26  

9  1435.00  -154.48  330.84  
   0.62  -0.27  -0.74  
   0.72  0.56  0.40  
   0.30  -0.78  0.55  

2  853.23  -39.29  575.96  
   0.17  -0.99  0.01  
   0.98  0.17  0.05  
   -0.05  0.00  1.00  

4  1106.39  164.31  -103.58  
   0.48  -0.76  0.44  
   0.87  0.39  -0.30  
   0.05  0.53  0.85  

3  1257.75  -20.09  -31.25  
   -0.30  -0.08  -0.95  
   -0.26  -0.95  0.17  
   -0.92  0.30  0.27  

7  1140.32  -229.05  -97.33  
   0.76  0.63  0.18  
   -0.63  0.63  0.46  
   0.17  -0.46  0.87  

5  1200.15  323.25  130.37  
   -0.66  0.24  0.71  
   -0.49  0.58  -0.65  
   -0.57  -0.78  -0.27  

6  1476.52  226.37  103.14  
   0.72  0.17  -0.68  
   -0.62  -0.27  -0.73  
   -0.30  0.95  -0.09  

8  1188.99  -316.11  215.65  
   -0.48  -0.57  0.67  
   0.13  0.70  0.70  
   -0.87  0.42  -0.26  

9  1435.00  -154.48  330.84  
   0.62  -0.27  -0.74  
   0.72  0.56  0.40  
   0.30  -0.78  0.55  

2  853.23  -39.29  575.96  
   0.17  -0.99  0.01  
   0.98  0.17  0.05  
   -0.05  0.00  1.00  

5  1192.56  318.79  146.45  
   -0.61  0.31  0.73  
   -0.47  0.60  -0.65  
   -0.65  -0.73  -0.22  

4  1108.62  166.99  -99.57  
   0.48  -0.77  0.41  
   0.87  0.38  -0.31  
   0.08  0.51  0.86  

3  1258.19  -20.09  -30.81  
   -0.30  -0.08  -0.95  
   -0.26  -0.95  0.17  
   -0.92  0.30  0.27  

6  1479.20  234.40  174.58  
   0.81  0.03  -0.58  
   -0.57  -0.19  -0.80  
   -0.13  0.98  -0.14  

9  1434.55  -154.48  331.29  
   0.62  -0.27  -0.74  
   0.72  0.56  0.40  
   0.30  -0.78  0.55  

7  1140.77  -229.05  -97.33  
   0.76  0.63  0.18  
   -0.63  0.63  0.46  
   0.18  -0.46  0.87  

8  1188.99  -316.11  216.10  
   -0.48  -0.57  0.67  
   0.13  0.70  0.70  
   -0.87  0.42  -0.26  

2  853.23  -39.74  575.96  
   0.17  -0.99  0.01  
   0.98  0.17  0.05  
   -0.05  0.00  1.00  

5  1188.09  313.88  159.39  
   -0.57  0.38  0.73  
   -0.43  0.62  -0.66  
   -0.70  -0.69  -0.19  

7  1141.21  -228.15  -96.89  
   0.76  0.63  0.17  
   -0.63  0.63  0.46  
   0.18  -0.45  0.87  

6  1474.29  250.03  237.98  
   0.87  -0.11  -0.49  
   -0.50  -0.13  -0.86  
   0.03  0.99  -0.16  

4  1112.19  169.66  -97.78  
   0.48  -0.78  0.40  
   0.87  0.38  -0.31  
   0.10  0.50  0.86  

3  1257.75  -19.65  -30.36  
   -0.30  -0.08  -0.95  
   -0.27  -0.95  0.17  
   -0.92  0.30  0.26  

9  1434.55  -153.59  331.29  
   0.62  -0.28  -0.74  
   0.73  0.56  0.40  
   0.30  -0.78  0.55  

8  1188.99  -315.66  216.10  
   -0.48  -0.57  0.67  
   0.13  0.70  0.70  
   -0.87  0.42  -0.26  

2  853.23  -39.29  575.96  
   0.17  -0.99  0.01  
   0.98  0.17  0.05  
   -0.05  0.00  1.00  

3  1257.75  -19.65  -30.36  
   -0.30  -0.08  -0.95  
   -0.27  -0.95  0.17  
   -0.92  0.30  0.26  

4  1114.87  171.45  -95.10  
   0.48  -0.79  0.38  
   0.87  0.38  -0.32  
   0.11  0.49  0.87  

6  1468.04  259.85  288.43  
   0.88  -0.23  -0.41  
   -0.44  -0.09  -0.89  
   0.17  0.97  -0.18  

5  1188.99  309.41  166.99  
   -0.54  0.43  0.72  
   -0.39  0.63  -0.67  
   -0.74  -0.65  -0.17  

7  1142.11  -227.71  -96.89  
   0.75  0.63  0.17  
   -0.63  0.63  0.45  
   0.18  -0.45  0.87  

8  1188.99  -316.11  215.65  
   -0.48  -0.57  0.67  
   0.13  0.70  0.70  
   -0.87  0.42  -0.26  

9  1435.00  -154.04  331.29  
   0.62  -0.28  -0.74  
   0.72  0.56  0.40  
   0.30  -0.78  0.55  

3  1257.75  -18.75  -29.91  
   -0.30  -0.08  -0.95  
   -0.27  -0.95  0.17  
   -0.92  0.30  0.26  

2  853.23  -39.29  576.41  
   0.17  -0.99  0.01  
   0.98  0.17  0.05  
   -0.05  0.00  1.00  

4  1116.66  174.13  -93.76  
   0.49  -0.79  0.37  
   0.86  0.38  -0.33  
   0.12  0.48  0.87  

5  1189.88  305.84  174.13  
   -0.52  0.48  0.70  
   -0.36  0.62  -0.69  
   -0.77  -0.62  -0.16  

6  1462.24  263.43  326.83  
   0.87  -0.34  -0.35  
   -0.40  -0.07  -0.92  
   0.29  0.94  -0.19  

7  1142.55  -226.37  -97.33  
   0.75  0.63  0.17  
   -0.63  0.63  0.45  
   0.18  -0.45  0.88  

8  1188.99  -315.66  216.10  
   -0.48  -0.57  0.67  
   0.13  0.70  0.70  
   -0.87  0.42  -0.26  

9  1434.55  -153.59  331.29  
   0.62  -0.28  -0.74  
   0.72  0.56  0.40  
   0.30  -0.78  0.55  

2  853.23  -39.29  576.41  
   0.17  -0.99  0.01  
   0.98  0.17  0.05  
   -0.05  0.00  1.00  

3  1258.19  -17.86  -29.02  
   -0.30  -0.08  -0.95  
   -0.26  -0.95  0.17  
   -0.92  0.30  0.26  

4  1117.55  175.91  -92.42  
   0.49  -0.79  0.36  
   0.86  0.38  -0.33  
   0.13  0.48  0.87  

7  1142.55  -225.47  -97.78  
   0.75  0.64  0.17  
   -0.63  0.63  0.45  
   0.18  -0.45  0.88  

5  1192.11  299.59  179.93  
   -0.52  0.52  0.68  
   -0.33  0.62  -0.71  
   -0.79  -0.59  -0.15  

6  1457.77  266.10  354.06  
   0.86  -0.40  -0.31  
   -0.36  -0.06  -0.93  
   0.35  0.92  -0.20  

8  1188.99  -315.66  215.65  
   -0.48  -0.57  0.67  
   0.14  0.70  0.70  
   -0.87  0.43  -0.26  

9  1434.55  -154.48  331.29  
   0.62  -0.28  -0.73  
   0.72  0.56  0.40  
   0.30  -0.78  0.55  

2  853.23  -39.74  576.41  
   0.17  -0.99  0.01  
   0.98  0.17  0.05  
   -0.05  0.00  1.00  

3  1258.19  -16.97  -28.57  
   -0.30  -0.08  -0.95  
   -0.26  -0.95  0.17  
   -0.92  0.30  0.26  

4  1118.00  177.25  -91.53  
   0.49  -0.79  0.36  
   0.86  0.38  -0.34  
   0.13  0.48  0.87  

6  1454.20  268.78  364.78  
   0.86  -0.42  -0.27  
   -0.34  -0.08  -0.94  
   0.37  0.90  -0.21  

5  1193.01  297.81  182.61  
   -0.51  0.53  0.68  
   -0.31  0.62  -0.72  
   -0.80  -0.57  -0.16  

8  1188.99  -315.66  214.76  
   -0.48  -0.57  0.67  
   0.14  0.70  0.70  
   -0.87  0.43  -0.25  

7  1143.00  -224.14  -97.78  
   0.75  0.64  0.17  
   -0.63  0.63  0.45  
   0.18  -0.44  0.88  

9  1434.55  -154.04  331.29  
   0.62  -0.28  -0.73  
   0.72  0.56  0.40  
   0.30  -0.78  0.55  

2  853.23  -39.74  576.41  
   0.17  -0.99  0.01  
   0.98  0.17  0.05  
   -0.05  0.00  1.00  

3  1258.19  -16.52  -28.57  
   -0.30  -0.09  -0.95  
   -0.26  -0.95  0.17  
   -0.92  0.30  0.26  

4  1118.00  177.25  -91.53  
   0.49  -0.79  0.36  
   0.86  0.38  -0.34  
   0.13  0.48  0.87  

5  1193.01  296.47  183.95  
   -0.51  0.54  0.67  
   -0.30  0.62  -0.72  
   -0.81  -0.57  -0.16  

6  1454.20  269.23  366.12  
   0.86  -0.43  -0.27  
   -0.33  -0.08  -0.94  
   0.38  0.90  -0.21  

7  1143.45  -223.69  -98.67  
   0.75  0.64  0.17  
   -0.63  0.63  0.45  
   0.18  -0.44  0.88  

8  1189.43  -315.22  214.76  
   -0.48  -0.57  0.67  
   0.14  0.70  0.70  
   -0.87  0.43  -0.25  

9  1434.55  -154.48  331.29  
   0.62  -0.28  -0.73  
   0.72  0.56  0.40  
   0.30  -0.78  0.55  

2  853.23  -39.29  576.41  
   0.17  -0.99  0.01  
   0.98  0.17  0.05  
   -0.05  0.00  1.00  

3  1258.19  -16.07  -28.57  
   -0.30  -0.09  -0.95  
   -0.26  -0.95  0.17  
   -0.92  0.30  0.26  

4  1117.55  177.25  -91.08  
   0.50  -0.79  0.36  
   0.86  0.38  -0.34  
   0.13  0.48  0.87  

8  1189.43  -315.22  214.76  
   -0.48  -0.57  0.67  
   0.14  0.70  0.70  
   -0.87  0.43  -0.25  

5  1194.35  295.13  183.95  
   -0.51  0.55  0.67  
   -0.29  0.62  -0.73  
   -0.81  -0.57  -0.15  

7  1143.00  -223.69  -98.67  
   0.75  0.64  0.17  
   -0.63  0.63  0.45  
   0.18  -0.44  0.88  

6  1454.20  269.23  367.01  
   0.86  -0.43  -0.26  
   -0.33  -0.08  -0.94  
   0.38  0.90  -0.21  

9  1434.55  -154.48  331.29  
   0.62  -0.28  -0.73  
   0.72  0.56  0.40  
   0.30  -0.78  0.55  

2  853.23  -39.74  576.41  
   0.17  -0.99  0.01  
   0.98  0.17  0.05  
   -0.05  0.00  1.00  

3  1258.19  -16.07  -28.57  
   -0.30  -0.09  -0.95  
   -0.27  -0.95  0.17  
   -0.92  0.30  0.26  

5  1193.45  295.13  183.95  
   -0.51  0.55  0.67  
   -0.29  0.62  -0.73  
   -0.81  -0.57  -0.15  

4  1117.55  177.25  -91.08  
   0.50  -0.79  0.36  
   0.86  0.38  -0.34  
   0.13  0.48  0.87  

6  1453.31  269.23  367.01  
   0.86  -0.43  -0.26  
   -0.33  -0.08  -0.94  
   0.38  0.90  -0.21  

8  1188.99  -315.22  214.31  
   -0.48  -0.57  0.67  
   0.14  0.70  0.70  
   -0.87  0.43  -0.25  

9  1434.11  -154.04  331.29  
   0.62  -0.28  -0.73  
   0.72  0.56  0.40  
   0.30  -0.78  0.55  

7  1143.00  -223.69  -98.23  
   0.75  0.64  0.17  
   -0.63  0.63  0.44  
   0.18  -0.44  0.88  

2  853.23  -39.74  576.41  
   0.17  -0.99  0.01  
   0.98  0.17  0.05  
   -0.05  0.00  1.00  

3  1258.19  -16.07  -28.57  
   -0.29  -0.09  -0.95  
   -0.27  -0.95  0.17  
   -0.92  0.30  0.25  

4  1117.55  177.25  -91.53  
   0.50  -0.79  0.36  
   0.86  0.39  -0.34  
   0.13  0.48  0.87  

6  1453.75  269.23  367.46  
   0.86  -0.43  -0.26  
   -0.33  -0.08  -0.94  
   0.38  0.90  -0.21  

5  1193.90  295.13  183.95  
   -0.51  0.55  0.67  
   -0.29  0.62  -0.73  
   -0.81  -0.57  -0.15  

7  1143.00  -223.69  -98.67  
   0.75  0.64  0.17  
   -0.63  0.63  0.45  
   0.18  -0.44  0.88  

8  1188.99  -315.22  214.76  
   -0.48  -0.57  0.67  
   0.14  0.70  0.70  
   -0.87  0.43  -0.25  

9  1434.11  -154.48  331.29  
   0.62  -0.28  -0.73  
   0.72  0.56  0.40  
   0.30  -0.78  0.55  

2  853.23  -39.29  575.96  
   0.17  -0.99  0.01  
   0.98  0.17  0.05  
   -0.05  0.00  1.00  

4  1117.55  177.25  -91.98  
   0.50  -0.79  0.37  
   0.86  0.39  -0.34  
   0.13  0.48  0.87  

3  1257.75  -16.07  -28.57  
   -0.29  -0.09  -0.95  
   -0.27  -0.95  0.18  
   -0.92  0.30  0.25  

5  1193.45  295.13  183.51  
   -0.51  0.55  0.67  
   -0.29  0.62  -0.73  
   -0.81  -0.57  -0.15  

8  1188.99  -315.22  215.21  
   -0.48  -0.57  0.67  
   0.14  0.70  0.70  
   -0.87  0.43  -0.25  

6  1453.75  269.23  367.90  
   0.86  -0.43  -0.26  
   -0.33  -0.08  -0.94  
   0.38  0.90  -0.21  

7  1142.55  -223.69  -98.23  
   0.75  0.64  0.17  
   -0.63  0.63  0.45  
   0.18  -0.44  0.88  

9  1434.55  -154.04  330.84  
   0.62  -0.28  -0.73  
   0.72  0.56  0.40  
   0.30  -0.78  0.55  

3  1258.19  -16.52  -28.13  
   -0.29  -0.09  -0.95  
   -0.27  -0.95  0.18  
   -0.92  0.31  0.25  

4  1118.00  176.81  -91.98  
   0.50  -0.79  0.36  
   0.86  0.39  -0.34  
   0.13  0.48  0.87  

2  853.23  -39.74  575.96  
   0.17  -0.99  0.01  
   0.98  0.17  0.05  
   -0.05  0.00  1.00  

5  1193.90  295.13  183.06  
   -0.51  0.55  0.66  
   -0.29  0.61  -0.73  
   -0.81  -0.57  -0.15  

6  1454.20  269.23  366.12  
   0.86  -0.43  -0.26  
   -0.32  -0.09  -0.94  
   0.38  0.90  -0.22  

8  1188.99  -315.22  214.76  
   -0.48  -0.57  0.67  
   0.14  0.70  0.70  
   -0.87  0.43  -0.25  

7  1142.55  -223.69  -98.23  
   0.75  0.64  0.17  
   -0.63  0.63  0.45  
   0.18  -0.44  0.88  

9  1434.11  -154.93  331.74  
   0.62  -0.28  -0.73  
   0.72  0.56  0.40  
   0.30  -0.78  0.55  

2  853.23  -39.29  575.96  
   0.17  -0.99  0.01  
   0.98  0.17  0.05  
   -0.05  0.00  1.00  

6  1455.54  271.46  363.88  
   0.87  -0.44  -0.24  
   -0.33  -0.12  -0.94  
   0.38  0.89  -0.25  

5  1194.79  295.57  181.72  
   -0.51  0.54  0.66  
   -0.30  0.61  -0.73  
   -0.81  -0.57  -0.15  

3  1258.19  -16.07  -27.68  
   -0.29  -0.09  -0.95  
   -0.27  -0.95  0.18  
   -0.92  0.31  0.25  

4  1118.00  176.81  -92.87  
   0.50  -0.78  0.37  
   0.86  0.39  -0.34  
   0.12  0.48  0.87  

7  1142.55  -223.69  -98.23  
   0.75  0.64  0.17  
   -0.63  0.63  0.45  
   0.18  -0.44  0.88  

9  1434.11  -154.48  331.29  
   0.62  -0.28  -0.73  
   0.72  0.56  0.40  
   0.30  -0.78  0.55  

8  1188.99  -315.22  214.76  
   -0.48  -0.57  0.67  
   0.14  0.70  0.70  
   -0.87  0.43  -0.25  

2  853.23  -39.74  575.96  
   0.17  -0.99  0.01  
   0.98  0.17  0.05  
   -0.05  0.00  1.00  

3  1258.19  -16.07  -27.68  
   -0.29  -0.09  -0.95  
   -0.27  -0.95  0.17  
   -0.92  0.31  0.25  

5  1196.13  301.82  178.15  
   -0.54  0.51  0.67  
   -0.32  0.61  -0.72  
   -0.78  -0.60  -0.16  

6  1460.90  273.25  346.92  
   0.88  -0.40  -0.27  
   -0.36  -0.15  -0.92  
   0.32  0.90  -0.27  

4  1118.00  176.36  -92.42  
   0.50  -0.78  0.37  
   0.86  0.39  -0.34  
   0.12  0.48  0.87  

7  1142.55  -223.69  -98.23  
   0.75  0.64  0.17  
   -0.63  0.63  0.45  
   0.18  -0.44  0.88  

8  1188.54  -314.77  214.76  
   -0.48  -0.57  0.67  
   0.14  0.70  0.70  
   -0.87  0.43  -0.25  

9  1434.11  -154.93  331.29  
   0.62  -0.28  -0.73  
   0.72  0.56  0.40  
   0.30  -0.78  0.55  

2  853.23  -39.29  575.96  
   0.17  -0.99  0.01  
   0.98  0.17  0.05  
   -0.05  0.00  1.00  

3  1258.19  -15.63  -27.68  
   -0.29  -0.09  -0.95  
   -0.27  -0.95  0.17  
   -0.92  0.30  0.25  

5  1195.69  313.43  167.88  
   -0.58  0.44  0.69  
   -0.38  0.60  -0.70  
   -0.72  -0.67  -0.18  

4  1114.87  175.02  -94.21  
   0.49  -0.78  0.39  
   0.86  0.38  -0.34  
   0.11  0.50  0.86  

6  1477.42  275.48  289.77  
   0.89  -0.25  -0.38  
   -0.43  -0.19  -0.88  
   0.15  0.95  -0.27  

8  1189.43  -315.22  214.31  
   -0.48  -0.57  0.66  
   0.14  0.70  0.70  
   -0.87  0.43  -0.25  

9  1434.11  -154.93  330.84  
   0.62  -0.28  -0.73  
   0.72  0.56  0.40  
   0.30  -0.78  0.55  

7  1143.00  -223.24  -98.23  
   0.75  0.64  0.17  
   -0.63  0.63  0.45  
   0.18  -0.44  0.88  

2  853.23  -39.74  575.96  
   0.17  -0.99  0.01  
   0.98  0.17  0.05  
   -0.05  0.00  1.00  

5  1199.26  326.83  152.25  
   -0.62  0.37  0.69  
   -0.43  0.58  -0.69  
   -0.66  -0.73  -0.20  

3  1257.75  -14.73  -27.68  
   -0.29  -0.08  -0.95  
   -0.27  -0.95  0.16  
   -0.92  0.30  0.25  

4  1111.30  173.24  -94.65  
   0.49  -0.77  0.41  
   0.87  0.38  -0.33  
   0.10  0.51  0.85  

6  1485.01  265.66  213.87  
   0.86  -0.10  -0.51  
   -0.52  -0.22  -0.83  
   -0.03  0.97  -0.24  

9  1434.55  -154.48  331.29  
   0.62  -0.28  -0.73  
   0.72  0.56  0.40  
   0.30  -0.78  0.55  

7  1143.45  -222.80  -98.23  
   0.76  0.63  0.16  
   -0.63  0.64  0.45  
   0.18  -0.44  0.88  

8  1189.43  -314.77  214.31  
   -0.48  -0.57  0.66  
   0.14  0.70  0.70  
   -0.87  0.43  -0.25  

2  853.23  -39.29  575.96  
   0.17  -0.99  0.01  
   0.98  0.17  0.05  
   -0.05  0.00  1.00  

4  1107.73  170.56  -96.89  
   0.49  -0.76  0.43  
   0.87  0.38  -0.32  
   0.08  0.53  0.85  

5  1204.17  333.08  136.18  
   -0.66  0.29  0.69  
   -0.47  0.56  -0.68  
   -0.59  -0.78  -0.23  

3  1257.30  -14.73  -27.68  
   -0.29  -0.08  -0.95  
   -0.27  -0.95  0.16  
   -0.92  0.30  0.26  

6  1480.99  248.69  139.75  
   0.77  0.04  -0.64  
   -0.60  -0.28  -0.75  
   -0.21  0.96  -0.19  

7  1143.00  -222.80  -98.67  
   0.76  0.63  0.16  
   -0.63  0.64  0.45  
   0.18  -0.44  0.88  

8  1189.88  -315.22  214.31  
   -0.48  -0.57  0.66  
   0.14  0.70  0.70  
   -0.87  0.43  -0.25  

9  1434.55  -154.48  330.84  
   0.62  -0.28  -0.73  
   0.72  0.56  0.40  
   0.30  -0.78  0.55  

2  853.23  -39.74  575.96  
   0.17  -0.99  0.01  
   0.98  0.17  0.05  
   -0.05  0.00  1.00  

6  1473.40  234.85  82.15  
   0.67  0.13  -0.73  
   -0.67  -0.33  -0.67  
   -0.33  0.94  -0.13  

5  1208.63  337.99  122.34  
   -0.70  0.23  0.68  
   -0.49  0.54  -0.68  
   -0.52  -0.81  -0.26  

4  1105.05  168.32  -99.57  
   0.49  -0.75  0.44  
   0.87  0.38  -0.31  
   0.06  0.54  0.84  

3  1257.30  -14.73  -27.68  
   -0.29  -0.08  -0.95  
   -0.27  -0.95  0.16  
   -0.92  0.30  0.26  

7  1142.55  -223.24  -98.23  
   0.76  0.63  0.16  
   -0.63  0.64  0.45  
   0.18  -0.44  0.88  

8  1189.43  -315.22  214.31  
   -0.48  -0.57  0.66  
   0.14  0.70  0.70  
   -0.87  0.43  -0.25  

9  1434.55  -154.04  331.29  
   0.62  -0.28  -0.73  
   0.72  0.56  0.40  
   0.30  -0.78  0.55  

2  853.23  -39.74  575.96  
   0.17  -0.99  0.01  
   0.98  0.17  0.05  
   -0.05  0.00  1.00  

3  1256.85  -15.18  -28.57  
   -0.29  -0.08  -0.95  
   -0.27  -0.95  0.16  
   -0.92  0.30  0.26  

4  1103.26  165.65  -101.80  
   0.49  -0.74  0.46  
   0.87  0.39  -0.30  
   0.04  0.54  0.84  

5  1213.99  342.45  107.16  
   -0.73  0.17  0.66  
   -0.50  0.52  -0.69  
   -0.46  -0.84  -0.30  

6  1462.68  221.90  33.49  
   0.56  0.18  -0.81  
   -0.72  -0.38  -0.58  
   -0.42  0.90  -0.08  

8  1189.88  -315.22  214.31  
   -0.48  -0.57  0.66  
   0.14  0.70  0.70  
   -0.87  0.43  -0.25  

7  1142.55  -224.14  -97.78  
   0.76  0.63  0.17  
   -0.63  0.64  0.45  
   0.18  -0.44  0.88  

9  1434.55  -154.04  331.29  
   0.62  -0.28  -0.73  
   0.72  0.56  0.40  
   0.31  -0.78  0.55  

2  853.23  -39.74  575.96  
   0.17  -0.99  0.01  
   0.98  0.17  0.05  
   -0.05  0.00  1.00  

4  1101.92  164.31  -102.69  
   0.49  -0.73  0.47  
   0.87  0.40  -0.29  
   0.03  0.55  0.83  

3  1256.41  -15.63  -28.57  
   -0.29  -0.08  -0.95  
   -0.26  -0.95  0.16  
   -0.92  0.30  0.26  

6  1445.27  211.19  -19.20  
   0.44  0.23  -0.87  
   -0.75  -0.44  -0.50  
   -0.49  0.87  -0.02  

5  1218.90  343.35  94.65  
   -0.76  0.09  0.64  
   -0.51  0.51  -0.69  
   -0.39  -0.85  -0.34  

7  1141.66  -224.58  -97.78  
   0.76  0.63  0.17  
   -0.63  0.64  0.45  
   0.18  -0.45  0.88  

9  1434.55  -153.59  330.84  
   0.62  -0.28  -0.73  
   0.72  0.56  0.40  
   0.30  -0.78  0.55  

8  1189.43  -315.22  214.31  
   -0.48  -0.57  0.66  
   0.14  0.70  0.70  
   -0.87  0.43  -0.25  

2  853.23  -39.74  575.96  
   0.17  -0.99  0.01  
   0.98  0.17  0.05  
   -0.05  0.00  1.00  

3  1256.41  -16.07  -29.02  
   -0.29  -0.08  -0.95  
   -0.26  -0.95  0.16  
   -0.92  0.30  0.26  

6  1431.43  205.83  -54.47  
   0.34  0.28  -0.90  
   -0.77  -0.47  -0.43  
   -0.55  0.83  0.05  

4  1100.14  162.52  -105.37  
   0.49  -0.72  0.49  
   0.87  0.41  -0.28  
   0.01  0.56  0.83  

5  1226.94  343.79  83.49  
   -0.80  0.03  0.60  
   -0.51  0.51  -0.70  
   -0.33  -0.86  -0.39  

7  1140.77  -225.47  -97.78  
   0.76  0.63  0.17  
   -0.62  0.64  0.45  
   0.18  -0.45  0.88  

8  1189.43  -315.22  214.76  
   -0.48  -0.57  0.66  
   0.14  0.70  0.70  
   -0.87  0.43  -0.25  

9  1435.00  -154.04  330.84  
   0.62  -0.28  -0.73  
   0.72  0.56  0.40  
   0.30  -0.78  0.55  

2  853.23  -39.29  575.96  
   0.17  -0.99  0.01  
   0.98  0.17  0.05  
   -0.05  0.00  1.00  

4  1100.58  161.63  -106.71  
   0.50  -0.71  0.49  
   0.87  0.41  -0.28  
   -0.01  0.57  0.82  

3  1256.41  -16.07  -29.02  
   -0.29  -0.08  -0.95  
   -0.26  -0.95  0.16  
   -0.92  0.30  0.26  

5  1232.74  343.79  72.78  
   -0.82  -0.01  0.58  
   -0.51  0.50  -0.70  
   -0.28  -0.87  -0.41  

6  1418.48  196.90  -83.94  
   0.24  0.32  -0.92  
   -0.78  -0.50  -0.38  
   -0.57  0.81  0.13  

7  1140.32  -225.92  -98.23  
   0.76  0.63  0.17  
   -0.62  0.64  0.45  
   0.17  -0.45  0.88  

8  1189.43  -315.66  214.76  
   -0.48  -0.57  0.67  
   0.14  0.70  0.70  
   -0.87  0.43  -0.25  

9  1435.00  -154.04  331.29  
   0.62  -0.28  -0.74  
   0.72  0.56  0.40  
   0.31  -0.78  0.55  

4  1100.58  161.63  -108.05  
   0.50  -0.70  0.50  
   0.86  0.42  -0.28  
   -0.02  0.57  0.82  

3  1256.41  -16.07  -29.47  
   -0.29  -0.08  -0.95  
   -0.26  -0.95  0.16  
   -0.92  0.30  0.26  

2  853.23  -39.29  575.96  
   0.17  -0.99  0.01  
   0.98  0.17  0.05  
   -0.05  0.00  1.00  

5  1237.21  344.69  66.53  
   -0.83  -0.04  0.55  
   -0.50  0.49  -0.71  
   -0.24  -0.87  -0.43  

6  1410.44  191.54  -101.35  
   0.18  0.34  -0.92  
   -0.79  -0.51  -0.34  
   -0.59  0.79  0.17  

9  1434.55  -154.04  331.29  
   0.62  -0.28  -0.74  
   0.72  0.56  0.40  
   0.31  -0.78  0.55  

7  1140.77  -225.92  -98.23  
   0.76  0.63  0.17  
   -0.62  0.64  0.45  
   0.17  -0.45  0.87  

8  1189.43  -315.66  214.76  
   -0.48  -0.57  0.67  
   0.14  0.70  0.70  
   -0.87  0.43  -0.25  

2  853.23  -39.74  575.96  
   0.17  -0.99  0.01  
   0.98  0.17  0.05  
   -0.05  0.00  1.00  

4  1100.58  160.73  -109.39  
   0.51  -0.69  0.51  
   0.86  0.43  -0.28  
   -0.03  0.58  0.81  

3  1256.41  -16.52  -29.91  
   -0.30  -0.08  -0.95  
   -0.26  -0.95  0.16  
   -0.92  0.29  0.26  

5  1240.78  344.24  60.72  
   -0.84  -0.07  0.54  
   -0.49  0.50  -0.71  
   -0.22  -0.87  -0.45  

6  1405.09  185.74  -110.73  
   0.14  0.34  -0.93  
   -0.79  -0.53  -0.31  
   -0.60  0.78  0.20  

8  1189.43  -315.66  214.76  
   -0.48  -0.57  0.67  
   0.14  0.70  0.70  
   -0.87  0.43  -0.26  

7  1140.32  -226.81  -98.67  
   0.76  0.62  0.18  
   -0.63  0.64  0.45  
   0.17  -0.45  0.87  

9  1434.55  -154.04  330.84  
   0.62  -0.28  -0.74  
   0.72  0.56  0.40  
   0.31  -0.78  0.55  

2  853.23  -39.29  575.96  
   0.17  -0.99  0.01  
   0.98  0.17  0.05  
   -0.05  0.00  1.00  

4  1100.58  160.29  -109.39  
   0.51  -0.69  0.51  
   0.86  0.43  -0.28  
   -0.03  0.58  0.81  

3  1256.41  -16.52  -30.36  
   -0.30  -0.08  -0.95  
   -0.26  -0.95  0.16  
   -0.92  0.29  0.26  

5  1243.01  341.56  59.38  
   -0.85  -0.07  0.52  
   -0.48  0.50  -0.72  
   -0.21  -0.86  -0.46  

8  1189.43  -315.22  214.31  
   -0.48  -0.57  0.67  
   0.14  0.70  0.70  
   -0.87  0.43  -0.26  

6  1402.85  183.06  -113.85  
   0.11  0.34  -0.93  
   -0.79  -0.54  -0.29  
   -0.60  0.77  0.21  

7  1140.77  -227.26  -98.23  
   0.76  0.62  0.18  
   -0.63  0.63  0.45  
   0.17  -0.46  0.87  

9  1434.55  -153.59  330.84  
   0.62  -0.28  -0.74  
   0.72  0.56  0.40  
   0.31  -0.78  0.55  

2  853.23  -39.74  575.96  
   0.17  -0.99  0.01  
   0.98  0.17  0.05  
   -0.05  0.00  1.00  

3  1256.41  -16.97  -30.36  
   -0.30  -0.08  -0.95  
   -0.26  -0.95  0.16  
   -0.92  0.29  0.26  

4  1101.03  160.29  -109.84  
   0.51  -0.69  0.51  
   0.86  0.43  -0.28  
   -0.03  0.58  0.81  

5  1243.46  341.11  59.38  
   -0.85  -0.07  0.52  
   -0.48  0.50  -0.72  
   -0.21  -0.86  -0.46  

6  1401.96  181.27  -115.19  
   0.11  0.34  -0.93  
   -0.79  -0.54  -0.29  
   -0.60  0.77  0.21  

7  1140.77  -227.26  -98.67  
   0.76  0.62  0.18  
   -0.63  0.63  0.45  
   0.17  -0.46  0.87  

8  1189.88  -315.66  214.31  
   -0.48  -0.57  0.67  
   0.14  0.70  0.70  
   -0.87  0.43  -0.26  

9  1434.55  -154.04  331.29  
   0.62  -0.28  -0.74  
   0.72  0.56  0.40  
   0.31  -0.78  0.55  

2  853.23  -39.74  576.41  
   0.17  -0.99  0.01  
   0.98  0.17  0.05  
   -0.05  0.00  1.00  

4  1101.48  160.73  -109.84  
   0.51  -0.69  0.51  
   0.86  0.43  -0.28  
   -0.03  0.58  0.81  

3  1256.41  -16.52  -31.25  
   -0.30  -0.08  -0.95  
   -0.25  -0.95  0.16  
   -0.92  0.29  0.26  

5  1243.46  341.11  59.38  
   -0.85  -0.07  0.52  
   -0.48  0.50  -0.72  
   -0.21  -0.86  -0.46  

6  1401.51  181.72  -115.64  
   0.10  0.34  -0.93  
   -0.79  -0.54  -0.29  
   -0.60  0.77  0.21  

7  1140.77  -227.26  -98.67  
   0.76  0.62  0.18  
   -0.63  0.63  0.45  
   0.17  -0.46  0.87  

8  1189.88  -315.66  214.31  
   -0.48  -0.57  0.67  
   0.14  0.70  0.70  
   -0.87  0.43  -0.26  

9  1435.00  -153.59  331.74  
   0.62  -0.27  -0.74  
   0.72  0.56  0.40  
   0.31  -0.78  0.55  

2  853.23  -39.74  576.41  
   0.17  -0.99  0.01  
   0.98  0.17  0.05  
   -0.05  0.00  1.00  

3  1256.41  -16.52  -31.25  
   -0.30  -0.08  -0.95  
   -0.25  -0.95  0.16  
   -0.92  0.29  0.26  

6  1401.07  181.72  -116.53  
   0.10  0.34  -0.93  
   -0.79  -0.54  -0.28  
   -0.60  0.77  0.22  

5  1243.46  341.11  59.38  
   -0.85  -0.07  0.52  
   -0.48  0.50  -0.72  
   -0.21  -0.86  -0.46  

4  1101.48  160.73  -109.84  
   0.51  -0.69  0.51  
   0.86  0.43  -0.28  
   -0.03  0.58  0.81  

7  1140.77  -227.26  -98.67  
   0.76  0.62  0.18  
   -0.63  0.63  0.45  
   0.17  -0.46  0.87  

8  1190.33  -315.66  213.87  
   -0.48  -0.57  0.67  
   0.14  0.70  0.70  
   -0.87  0.43  -0.26  

9  1435.00  -154.04  331.29  
   0.62  -0.27  -0.74  
   0.72  0.56  0.40  
   0.31  -0.78  0.55  

2  853.68  -39.74  575.96  
   0.17  -0.99  0.01  
   0.98  0.17  0.05  
   -0.05  0.00  1.00  

3  1256.41  -16.52  -31.25  
   -0.30  -0.08  -0.95  
   -0.25  -0.95  0.16  
   -0.92  0.29  0.26  

4  1101.03  160.73  -110.28  
   0.51  -0.69  0.51  
   0.86  0.43  -0.28  
   -0.03  0.58  0.81  

5  1243.91  340.67  59.83  
   -0.85  -0.07  0.52  
   -0.48  0.50  -0.72  
   -0.21  -0.86  -0.46  

9  1435.00  -153.14  331.29  
   0.62  -0.27  -0.74  
   0.73  0.56  0.40  
   0.31  -0.78  0.55  

8  1190.33  -316.11  213.87  
   -0.48  -0.57  0.67  
   0.14  0.70  0.70  
   -0.87  0.43  -0.26  

7  1141.21  -227.26  -98.67  
   0.76  0.62  0.18  
   -0.63  0.63  0.45  
   0.17  -0.46  0.87  

6  1401.07  181.72  -116.98  
   0.10  0.34  -0.93  
   -0.79  -0.54  -0.28  
   -0.60  0.77  0.22  

2  853.68  -39.74  575.96  
   0.17  -0.99  0.01  
   0.98  0.17  0.05  
   -0.05  0.00  1.00  

5  1243.91  340.67  59.83  
   -0.85  -0.07  0.52  
   -0.48  0.50  -0.72  
   -0.21  -0.86  -0.46  

4  1101.03  160.29  -110.28  
   0.51  -0.69  0.51  
   0.86  0.43  -0.28  
   -0.03  0.58  0.81  

3  1256.41  -16.52  -31.25  
   -0.30  -0.08  -0.95  
   -0.25  -0.95  0.16  
   -0.92  0.29  0.26  

6  1400.62  181.27  -117.43  
   0.10  0.34  -0.93  
   -0.79  -0.54  -0.28  
   -0.61  0.77  0.22  

7  1141.21  -226.81  -98.67  
   0.76  0.62  0.18  
   -0.63  0.63  0.45  
   0.17  -0.46  0.87  

8  1190.33  -316.11  213.87  
   -0.48  -0.57  0.67  
   0.14  0.70  0.70  
   -0.87  0.43  -0.26  

9  1435.00  -153.59  331.29  
   0.62  -0.27  -0.74  
   0.72  0.56  0.40  
   0.31  -0.78  0.55  

2  853.68  -39.74  575.96  
   0.17  -0.99  0.01  
   0.98  0.17  0.05  
   -0.05  0.00  1.00  

4  1101.48  160.29  -110.28  
   0.51  -0.69  0.51  
   0.86  0.44  -0.28  
   -0.03  0.58  0.81  

3  1256.41  -16.97  -31.70  
   -0.30  -0.08  -0.95  
   -0.25  -0.95  0.16  
   -0.92  0.29  0.26  

5  1244.35  339.77  59.83  
   -0.85  -0.07  0.52  
   -0.48  0.51  -0.72  
   -0.21  -0.86  -0.46  

7  1141.21  -227.26  -98.67  
   0.76  0.62  0.18  
   -0.63  0.63  0.45  
   0.17  -0.46  0.87  

8  1190.33  -315.66  213.87  
   -0.48  -0.57  0.67  
   0.14  0.70  0.70  
   -0.87  0.43  -0.26  

6  1400.62  181.27  -117.87  
   0.10  0.34  -0.93  
   -0.79  -0.55  -0.28  
   -0.61  0.76  0.22  

9  1435.00  -153.59  330.84  
   0.62  -0.27  -0.74  
   0.73  0.56  0.40  
   0.31  -0.78  0.55  

2  853.23  -39.29  575.96  
   0.17  -0.99  0.01  
   0.98  0.17  0.05  
   -0.05  0.00  1.00  

3  1256.41  -16.97  -31.25  
   -0.30  -0.08  -0.95  
   -0.25  -0.95  0.16  
   -0.92  0.29  0.26  

4  1101.48  160.29  -110.28  
   0.51  -0.69  0.51  
   0.86  0.43  -0.28  
   -0.03  0.58  0.82  

5  1243.01  338.44  62.06  
   -0.84  -0.05  0.53  
   -0.48  0.51  -0.71  
   -0.24  -0.86  -0.45  

6  1408.21  179.49  -109.84  
   0.13  0.33  -0.93  
   -0.78  -0.54  -0.30  
   -0.61  0.77  0.18  

9  1435.00  -153.59  331.29  
   0.62  -0.27  -0.74  
   0.73  0.56  0.40  
   0.31  -0.78  0.55  

8  1190.33  -316.11  214.31  
   -0.48  -0.57  0.67  
   0.14  0.70  0.70  
   -0.87  0.43  -0.26  

7  1141.21  -227.26  -98.23  
   0.76  0.62  0.18  
   -0.63  0.63  0.45  
   0.17  -0.46  0.87  

2  853.23  -39.74  575.96  
   0.17  -0.99  0.01  
   0.98  0.17  0.05  
   -0.05  0.00  1.00  

5  1238.55  334.86  67.87  
   -0.81  0.02  0.58  
   -0.50  0.50  -0.71  
   -0.31  -0.87  -0.39  

4  1102.37  159.84  -110.28  
   0.52  -0.70  0.49  
   0.86  0.43  -0.28  
   -0.02  0.57  0.82  

3  1256.85  -17.41  -31.70  
   -0.30  -0.08  -0.95  
   -0.26  -0.95  0.16  
   -0.92  0.29  0.26  

6  1434.11  183.95  -86.17  
   0.27  0.31  -0.91  
   -0.77  -0.49  -0.40  
   -0.57  0.81  0.11  

9  1435.00  -154.04  331.29  
   0.62  -0.27  -0.74  
   0.72  0.56  0.40  
   0.31  -0.78  0.55  

8  1189.88  -316.11  214.31  
   -0.48  -0.57  0.67  
   0.14  0.70  0.70  
   -0.87  0.43  -0.26  

7  1141.21  -227.71  -98.23  
   0.76  0.62  0.18  
   -0.63  0.63  0.45  
   0.17  -0.46  0.87  

2  853.23  -39.74  576.41  
   0.17  -0.99  0.01  
   0.98  0.17  0.05  
   -0.05  0.00  1.00  

4  1105.94  161.63  -108.50  
   0.52  -0.71  0.48  
   0.86  0.43  -0.29  
   0.00  0.56  0.83  

5  1234.08  333.08  79.47  
   -0.77  0.09  0.63  
   -0.51  0.50  -0.70  
   -0.38  -0.86  -0.34  

3  1256.85  -18.75  -31.70  
   -0.30  -0.08  -0.95  
   -0.26  -0.95  0.16  
   -0.92  0.30  0.26  

6  1468.93  197.79  -29.02  
   0.47  0.26  -0.84  
   -0.74  -0.40  -0.54  
   -0.48  0.88  0.01  

8  1190.33  -315.66  214.76  
   -0.48  -0.57  0.67  
   0.14  0.70  0.70  
   -0.87  0.43  -0.26  

7  1140.77  -227.71  -97.78  
   0.76  0.62  0.18  
   -0.63  0.63  0.45  
   0.17  -0.46  0.87  

9  1434.55  -154.04  331.74  
   0.62  -0.27  -0.74  
   0.72  0.56  0.40  
   0.31  -0.78  0.55  

2  853.23  -39.29  576.41  
   0.17  -0.99  0.01  
   0.98  0.17  0.05  
   -0.05  0.00  1.00  

4  1110.41  164.75  -105.37  
   0.52  -0.73  0.45  
   0.85  0.42  -0.31  
   0.03  0.54  0.84  

3  1258.19  -19.65  -31.25  
   -0.29  -0.08  -0.95  
   -0.27  -0.95  0.16  
   -0.92  0.30  0.26  

5  1229.62  330.84  97.33  
   -0.73  0.17  0.66  
   -0.50  0.52  -0.69  
   -0.46  -0.84  -0.29  

6  1493.49  215.65  48.22  
   0.65  0.17  -0.74  
   -0.69  -0.30  -0.66  
   -0.33  0.94  -0.08  

8  1189.88  -316.11  214.76  
   -0.48  -0.57  0.67  
   0.14  0.70  0.70  
   -0.87  0.42  -0.26  

9  1434.55  -154.04  331.74  
   0.62  -0.27  -0.74  
   0.72  0.56  0.40  
   0.30  -0.78  0.55  

7  1140.77  -228.60  -98.23  
   0.76  0.63  0.18  
   -0.63  0.63  0.45  
   0.17  -0.46  0.87  

2  853.68  -39.29  575.96  
   0.17  -0.99  0.01  
   0.98  0.17  0.05  
   -0.05  0.00  1.00  

3  1258.64  -19.20  -31.25  
   -0.29  -0.08  -0.95  
   -0.27  -0.95  0.17  
   -0.92  0.31  0.25  

4  1114.43  168.32  -102.69  
   0.52  -0.75  0.42  
   0.85  0.41  -0.32  
   0.06  0.52  0.85  

6  1501.08  226.37  109.39  
   0.75  0.06  -0.66  
   -0.63  -0.24  -0.74  
   -0.20  0.97  -0.14  

5  1222.92  330.40  117.87  
   -0.69  0.25  0.68  
   -0.48  0.54  -0.69  
   -0.54  -0.80  -0.25  

7  1141.66  -226.81  -98.23  
   0.76  0.63  0.18  
   -0.63  0.63  0.45  
   0.17  -0.45  0.87  

8  1188.99  -316.11  215.21  
   -0.48  -0.57  0.67  
   0.14  0.70  0.70  
   -0.87  0.42  -0.26  

9  1435.00  -154.04  331.29  
   0.62  -0.27  -0.74  
   0.72  0.56  0.40  
   0.30  -0.78  0.55  

2  853.23  -39.29  576.41  
   0.17  -0.99  0.01  
   0.98  0.17  0.05  
   -0.05  0.00  1.00  

4  1117.55  171.45  -99.12  
   0.51  -0.76  0.40  
   0.85  0.41  -0.33  
   0.09  0.51  0.86  

5  1216.22  325.04  134.84  
   -0.65  0.32  0.68  
   -0.45  0.56  -0.70  
   -0.61  -0.76  -0.22  

3  1259.53  -18.31  -29.91  
   -0.29  -0.09  -0.95  
   -0.27  -0.95  0.17  
   -0.92  0.31  0.25  

7  1143.89  -225.47  -98.67  
   0.75  0.63  0.17  
   -0.63  0.63  0.45  
   0.18  -0.45  0.88  

8  1189.43  -316.11  214.76  
   -0.48  -0.57  0.67  
   0.14  0.70  0.70  
   -0.87  0.42  -0.26  

6  1498.85  235.30  179.93  
   0.80  -0.07  -0.59  
   -0.59  -0.19  -0.78  
   -0.06  0.98  -0.20  

9  1435.00  -154.48  331.29  
   0.62  -0.27  -0.74  
   0.72  0.56  0.40  
   0.30  -0.78  0.55  

2  853.23  -39.74  575.96  
   0.17  -0.99  0.01  
   0.98  0.17  0.05  
   -0.05  0.00  1.00  

3  1259.53  -17.41  -29.02  
   -0.29  -0.09  -0.95  
   -0.27  -0.95  0.17  
   -0.92  0.31  0.25  

4  1119.78  175.02  -95.99  
   0.51  -0.77  0.38  
   0.85  0.40  -0.34  
   0.11  0.49  0.86  

5  1206.85  320.13  151.36  
   -0.61  0.40  0.69  
   -0.42  0.58  -0.70  
   -0.67  -0.71  -0.18  

6  1486.79  242.89  239.76  
   0.83  -0.18  -0.52  
   -0.55  -0.18  -0.82  
   0.05  0.97  -0.25  

7  1143.89  -223.69  -99.12  
   0.75  0.63  0.17  
   -0.63  0.63  0.45  
   0.18  -0.44  0.88  

8  1189.43  -316.11  214.76  
   -0.48  -0.57  0.67  
   0.14  0.70  0.70  
   -0.87  0.43  -0.26  

9  1435.00  -154.48  330.84  
   0.62  -0.27  -0.74  
   0.72  0.56  0.40  
   0.30  -0.78  0.55  

2  853.23  -39.74  576.41  
   0.17  -0.99  0.01  
   0.98  0.17  0.05  
   -0.05  0.00  1.00  

3  1259.98  -16.52  -28.13  
   -0.29  -0.09  -0.95  
   -0.27  -0.95  0.17  
   -0.92  0.30  0.25  

5  1197.92  315.22  166.54  
   -0.56  0.45  0.70  
   -0.39  0.60  -0.70  
   -0.73  -0.66  -0.16  

4  1120.23  175.91  -93.76  
   0.50  -0.78  0.37  
   0.85  0.39  -0.34  
   0.13  0.49  0.86  

6  1473.40  246.91  288.43  
   0.85  -0.27  -0.45  
   -0.50  -0.15  -0.85  
   0.17  0.95  -0.26  

7  1144.79  -223.69  -99.12  
   0.75  0.64  0.17  
   -0.63  0.63  0.45  
   0.18  -0.44  0.88  

8  1189.88  -315.66  214.76  
   -0.47  -0.57  0.67  
   0.14  0.70  0.70  
   -0.87  0.43  -0.25  

9  1434.55  -154.04  331.29  
   0.62  -0.27  -0.74  
   0.72  0.56  0.40  
   0.30  -0.78  0.55  

2  853.23  -39.29  575.96  
   0.17  -0.99  0.01  
   0.98  0.17  0.05  
   -0.05  0.00  1.00  

4  1120.23  178.15  -91.53  
   0.50  -0.79  0.36  
   0.86  0.38  -0.35  
   0.14  0.48  0.87  

3  1259.53  -15.18  -28.13  
   -0.29  -0.08  -0.95  
   -0.26  -0.95  0.16  
   -0.92  0.30  0.25  

5  1193.01  310.75  175.91  
   -0.53  0.48  0.70  
   -0.36  0.62  -0.70  
   -0.76  -0.63  -0.15  

6  1465.81  252.71  321.02  
   0.86  -0.32  -0.40  
   -0.46  -0.14  -0.88  
   0.23  0.94  -0.26  

7  1144.34  -222.80  -99.57  
   0.75  0.63  0.17  
   -0.63  0.63  0.44  
   0.18  -0.44  0.88  

9  1434.55  -154.48  330.84  
   0.62  -0.27  -0.74  
   0.72  0.56  0.40  
   0.31  -0.78  0.55  

8  1189.88  -315.66  214.31  
   -0.48  -0.57  0.67  
   0.14  0.70  0.70  
   -0.87  0.43  -0.25  

2  853.23  -39.29  575.96  
   0.17  -0.99  0.01  
   0.98  0.17  0.05  
   -0.05  0.00  1.00  

3  1259.09  -13.39  -28.13  
   -0.29  -0.08  -0.95  
   -0.26  -0.95  0.16  
   -0.92  0.29  0.25  

4  1120.23  179.04  -89.74  
   0.50  -0.79  0.35  
   0.86  0.38  -0.35  
   0.14  0.48  0.87  

6  1459.11  257.18  342.45  
   0.86  -0.36  -0.37  
   -0.43  -0.10  -0.90  
   0.29  0.93  -0.24  

5  1191.67  306.73  181.27  
   -0.52  0.50  0.69  
   -0.34  0.62  -0.70  
   -0.78  -0.60  -0.15  

7  1144.79  -222.35  -99.57  
   0.75  0.63  0.17  
   -0.63  0.64  0.44  
   0.17  -0.44  0.88  

9  1434.55  -154.04  331.29  
   0.62  -0.27  -0.74  
   0.72  0.56  0.40  
   0.31  -0.78  0.55  

8  1190.33  -315.66  213.42  
   -0.47  -0.57  0.67  
   0.14  0.70  0.70  
   -0.87  0.43  -0.25  

2  853.23  -39.74  575.96  
   0.17  -0.99  0.01  
   0.98  0.17  0.05  
   -0.05  0.00  1.00  

4  1121.57  181.27  -87.96  
   0.50  -0.79  0.35  
   0.85  0.38  -0.36  
   0.15  0.48  0.87  

3  1259.09  -13.39  -27.68  
   -0.29  -0.08  -0.95  
   -0.26  -0.95  0.16  
   -0.92  0.29  0.25  

5  1191.22  303.16  184.40  
   -0.50  0.53  0.69  
   -0.33  0.62  -0.71  
   -0.80  -0.58  -0.14  

6  1451.52  265.21  363.44  
   0.86  -0.41  -0.32  
   -0.38  -0.08  -0.92  
   0.35  0.91  -0.22  

8  1190.33  -315.66  212.97  
   -0.48  -0.57  0.67  
   0.14  0.70  0.70  
   -0.87  0.43  -0.25  

9  1434.55  -154.48  331.29  
   0.62  -0.27  -0.74  
   0.72  0.56  0.40  
   0.31  -0.78  0.55  

7  1144.79  -221.90  -100.01  
   0.75  0.63  0.17  
   -0.63  0.64  0.44  
   0.17  -0.44  0.88  

2  853.23  -39.74  576.41  
   0.17  -0.99  0.01  
   0.98  0.17  0.05  
   -0.05  0.00  1.00  

4  1121.57  182.17  -87.51  
   0.50  -0.79  0.35  
   0.85  0.38  -0.36  
   0.15  0.48  0.86  

6  1448.84  266.10  367.46  
   0.86  -0.40  -0.30  
   -0.37  -0.09  -0.93  
   0.35  0.91  -0.23  

5  1186.76  301.38  190.65  
   -0.48  0.52  0.70  
   -0.31  0.64  -0.70  
   -0.82  -0.56  -0.15  

3  1259.53  -12.95  -27.68  
   -0.29  -0.08  -0.95  
   -0.26  -0.95  0.16  
   -0.92  0.29  0.25  

7  1145.68  -220.12  -100.01  
   0.76  0.63  0.16  
   -0.63  0.64  0.44  
   0.17  -0.43  0.88  

8  1190.77  -315.66  212.53  
   -0.47  -0.58  0.67  
   0.14  0.70  0.70  
   -0.87  0.43  -0.25  

9  1434.55  -154.48  330.84  
   0.62  -0.28  -0.74  
   0.72  0.57  0.40  
   0.31  -0.78  0.55  

2  853.23  -39.74  575.96  
   0.17  -0.99  0.01  
   0.98  0.17  0.05  
   -0.05  0.00  1.00  

3  1259.53  -12.50  -28.13  
   -0.29  -0.08  -0.95  
   -0.26  -0.95  0.16  
   -0.92  0.29  0.25  

4  1121.12  182.17  -87.51  
   0.50  -0.79  0.35  
   0.85  0.38  -0.36  
   0.16  0.48  0.86  

6  1449.73  265.66  367.90  
   0.86  -0.40  -0.30  
   -0.37  -0.09  -0.93  
   0.35  0.91  -0.22  

5  1187.65  300.93  189.76  
   -0.49  0.53  0.69  
   -0.31  0.64  -0.71  
   -0.82  -0.56  -0.14  

8  1190.77  -315.22  212.08  
   -0.47  -0.58  0.66  
   0.15  0.69  0.71  
   -0.87  0.43  -0.24  

7  1145.68  -220.12  -100.01  
   0.76  0.63  0.16  
   -0.63  0.64  0.44  
   0.17  -0.43  0.89  

9  1434.55  -154.04  331.29  
   0.62  -0.27  -0.74  
   0.72  0.57  0.40  
   0.31  -0.78  0.55  

2  853.23  -39.74  576.41  
   0.17  -0.99  0.01  
   0.98  0.17  0.05  
   -0.05  0.00  1.00  

3  1259.09  -12.95  -28.13  
   -0.29  -0.09  -0.95  
   -0.26  -0.95  0.16  
   -0.92  0.30  0.25  

4  1121.57  181.72  -87.96  
   0.50  -0.79  0.35  
   0.85  0.38  -0.36  
   0.15  0.48  0.86  

6  1450.18  265.66  366.56  
   0.86  -0.40  -0.31  
   -0.37  -0.08  -0.93  
   0.35  0.91  -0.22  

5  1188.99  300.93  188.42  
   -0.49  0.53  0.69  
   -0.31  0.63  -0.71  
   -0.82  -0.56  -0.14  

7  1145.23  -220.12  -100.46  
   0.76  0.63  0.16  
   -0.63  0.64  0.44  
   0.17  -0.43  0.88  

8  1190.77  -315.66  212.08  
   -0.47  -0.58  0.67  
   0.15  0.69  0.70  
   -0.87  0.43  -0.25  

9  1434.55  -154.48  330.84  
   0.62  -0.28  -0.74  
   0.72  0.57  0.39  
   0.31  -0.78  0.55  

3  1258.19  -13.39  -28.13  
   -0.29  -0.09  -0.95  
   -0.26  -0.95  0.16  
   -0.92  0.30  0.25  

4  1121.57  181.27  -89.74  
   0.51  -0.78  0.36  
   0.85  0.39  -0.36  
   0.15  0.49  0.86  

5  1198.36  301.82  182.61  
   -0.52  0.53  0.67  
   -0.31  0.61  -0.73  
   -0.80  -0.58  -0.15  

2  853.23  -39.74  575.96  
   0.17  -0.99  0.01  
   0.98  0.17  0.05  
   -0.05  0.00  1.00  

6  1459.56  261.19  361.21  
   0.85  -0.40  -0.34  
   -0.39  -0.04  -0.92  
   0.35  0.92  -0.19  

7  1144.34  -221.01  -100.01  
   0.76  0.63  0.16  
   -0.63  0.64  0.44  
   0.17  -0.44  0.88  

8  1190.33  -315.22  212.53  
   -0.48  -0.58  0.66  
   0.15  0.69  0.71  
   -0.87  0.43  -0.25  

9  1435.00  -154.48  330.84  
   0.62  -0.28  -0.74  
   0.72  0.57  0.39  
   0.31  -0.78  0.55  

