2  857.25  -40.63  574.18  
   0.84  -0.54  0.01  
   0.54  0.84  0.06  
   -0.04  -0.04  1.00  

3  1265.34  -11.16  44.65  
   -0.55  0.20  -0.81  
   -0.16  -0.98  -0.13  
   -0.82  0.05  0.57  

4  1173.81  171.00  -5.80  
   0.62  -0.72  0.31  
   0.75  0.45  -0.48  
   0.20  0.53  0.82  

5  1167.56  218.33  249.58  
   -0.25  0.65  0.71  
   -0.13  0.71  -0.70  
   -0.96  -0.27  -0.10  

6  1250.60  273.69  471.49  
   0.43  -0.88  0.21  
   0.11  -0.19  -0.98  
   0.89  0.45  0.01  

7  1175.15  -184.40  -20.09  
   0.79  0.42  0.45  
   -0.62  0.54  0.57  
   -0.01  -0.73  0.69  

8  1201.94  -250.03  229.49  
   -0.29  -0.79  0.54  
   0.17  0.51  0.84  
   -0.94  0.33  -0.01  

9  1277.84  -278.16  470.59  
   0.30  0.95  0.11  
   0.08  -0.14  0.99  
   0.95  -0.29  -0.11  

2  857.25  -40.63  574.18  
   0.84  -0.54  0.01  
   0.54  0.84  0.06  
   -0.04  -0.04  1.00  

3  1265.78  -10.72  44.20  
   -0.55  0.20  -0.81  
   -0.16  -0.98  -0.13  
   -0.82  0.05  0.57  

5  1167.56  219.22  249.14  
   -0.26  0.65  0.71  
   -0.13  0.71  -0.69  
   -0.96  -0.27  -0.10  

4  1173.36  171.00  -6.25  
   0.62  -0.72  0.32  
   0.76  0.45  -0.48  
   0.20  0.53  0.82  

6  1251.05  274.59  471.04  
   0.43  -0.87  0.22  
   0.11  -0.19  -0.98  
   0.89  0.45  0.01  

7  1175.59  -183.95  -20.54  
   0.79  0.42  0.45  
   -0.61  0.55  0.57  
   -0.01  -0.73  0.69  

8  1202.83  -249.58  229.94  
   -0.29  -0.79  0.54  
   0.17  0.51  0.84  
   -0.94  0.33  -0.01  

9  1278.73  -278.16  470.59  
   0.30  0.95  0.11  
   0.08  -0.13  0.99  
   0.95  -0.29  -0.11  

2  857.25  -41.08  574.18  
   0.84  -0.54  0.01  
   0.54  0.84  0.06  
   -0.04  -0.04  1.00  

3  1265.78  -10.72  43.76  
   -0.55  0.20  -0.81  
   -0.16  -0.98  -0.13  
   -0.82  0.05  0.57  

4  1173.81  170.56  -6.70  
   0.62  -0.71  0.32  
   0.76  0.45  -0.47  
   0.20  0.53  0.82  

7  1175.59  -183.95  -20.54  
   0.79  0.42  0.45  
   -0.61  0.55  0.57  
   -0.01  -0.73  0.69  

6  1251.05  275.48  470.59  
   0.43  -0.87  0.22  
   0.11  -0.19  -0.98  
   0.89  0.45  0.01  

5  1167.56  219.22  248.69  
   -0.26  0.65  0.71  
   -0.13  0.71  -0.69  
   -0.96  -0.27  -0.10  

8  1203.28  -249.58  229.94  
   -0.29  -0.79  0.54  
   0.17  0.51  0.84  
   -0.94  0.33  -0.01  

9  1278.73  -278.16  470.59  
   0.30  0.95  0.10  
   0.08  -0.13  0.99  
   0.95  -0.29  -0.11  

2  857.25  -41.08  574.18  
   0.84  -0.54  0.01  
   0.54  0.84  0.06  
   -0.04  -0.04  1.00  

4  1173.36  171.00  -6.70  
   0.62  -0.71  0.32  
   0.76  0.45  -0.47  
   0.19  0.53  0.82  

5  1168.00  219.67  248.69  
   -0.26  0.65  0.72  
   -0.13  0.71  -0.69  
   -0.96  -0.27  -0.10  

3  1265.78  -10.72  43.76  
   -0.55  0.20  -0.81  
   -0.16  -0.98  -0.13  
   -0.82  0.05  0.57  

6  1251.50  275.48  470.59  
   0.43  -0.87  0.22  
   0.11  -0.19  -0.98  
   0.89  0.45  0.01  

9  1279.18  -278.16  470.15  
   0.30  0.95  0.10  
   0.08  -0.13  0.99  
   0.95  -0.29  -0.11  

7  1176.04  -183.95  -20.54  
   0.79  0.41  0.45  
   -0.61  0.55  0.57  
   -0.01  -0.73  0.69  

8  1203.72  -250.03  229.94  
   -0.29  -0.79  0.54  
   0.17  0.51  0.84  
   -0.94  0.33  -0.01  

2  857.25  -41.08  574.18  
   0.84  -0.54  0.01  
   0.54  0.84  0.06  
   -0.04  -0.04  1.00  

3  1265.78  -10.72  43.76  
   -0.55  0.20  -0.81  
   -0.16  -0.98  -0.13  
   -0.82  0.05  0.57  

4  1173.36  171.00  -8.04  
   0.62  -0.71  0.32  
   0.76  0.45  -0.47  
   0.19  0.53  0.82  

7  1176.04  -183.95  -20.98  
   0.79  0.41  0.45  
   -0.61  0.55  0.57  
   -0.01  -0.73  0.69  

5  1176.49  221.90  250.48  
   -0.30  0.65  0.70  
   -0.15  0.69  -0.71  
   -0.94  -0.32  -0.11  

6  1266.23  280.84  465.24  
   0.47  -0.86  0.22  
   0.12  -0.19  -0.98  
   0.88  0.48  0.01  

8  1215.33  -250.92  227.71  
   -0.33  -0.78  0.53  
   0.18  0.49  0.85  
   -0.93  0.38  -0.02  

9  1293.91  -279.95  464.34  
   0.31  0.95  0.08  
   0.07  -0.11  0.99  
   0.95  -0.30  -0.10  

2  856.80  -41.08  574.18  
   0.84  -0.54  0.01  
   0.54  0.84  0.06  
   -0.04  -0.04  1.00  

3  1266.23  -10.72  43.76  
   -0.55  0.20  -0.81  
   -0.16  -0.98  -0.13  
   -0.82  0.06  0.57  

4  1172.91  170.11  -7.59  
   0.63  -0.71  0.32  
   0.75  0.46  -0.47  
   0.18  0.54  0.82  

5  1192.56  226.37  246.91  
   -0.37  0.63  0.68  
   -0.17  0.67  -0.72  
   -0.91  -0.39  -0.14  

8  1231.85  -254.50  222.80  
   -0.40  -0.77  0.50  
   0.20  0.46  0.87  
   -0.89  0.45  -0.03  

7  1177.38  -183.95  -20.98  
   0.80  0.39  0.46  
   -0.60  0.56  0.57  
   -0.03  -0.73  0.68  

6  1295.70  292.45  450.95  
   0.53  -0.82  0.22  
   0.14  -0.17  -0.97  
   0.83  0.55  0.02  

9  1331.42  -285.75  448.72  
   0.38  0.92  0.04  
   0.05  -0.06  1.00  
   0.92  -0.38  -0.07  

3  1265.34  -10.72  43.76  
   -0.55  0.20  -0.81  
   -0.16  -0.98  -0.13  
   -0.82  0.06  0.57  

2  857.25  -41.08  574.18  
   0.84  -0.54  0.01  
   0.54  0.84  0.06  
   -0.04  -0.04  1.00  

4  1173.36  170.56  -8.93  
   0.64  -0.69  0.34  
   0.75  0.47  -0.47  
   0.16  0.55  0.82  

5  1211.76  233.06  241.10  
   -0.46  0.61  0.65  
   -0.19  0.64  -0.74  
   -0.87  -0.46  -0.18  

6  1329.63  300.48  433.54  
   0.60  -0.77  0.22  
   0.16  -0.15  -0.98  
   0.78  0.62  0.03  

7  1177.83  -183.51  -22.77  
   0.81  0.37  0.46  
   -0.59  0.57  0.57  
   -0.06  -0.73  0.68  

8  1249.71  -254.50  213.87  
   -0.49  -0.74  0.46  
   0.21  0.42  0.89  
   -0.85  0.53  -0.05  

9  1370.26  -283.96  428.63  
   0.46  0.89  0.00  
   0.05  -0.03  1.00  
   0.88  -0.46  -0.05  

2  856.80  -41.08  573.73  
   0.84  -0.54  0.01  
   0.54  0.84  0.06  
   -0.04  -0.04  1.00  

4  1172.91  170.56  -10.27  
   0.65  -0.67  0.35  
   0.75  0.47  -0.46  
   0.14  0.57  0.81  

3  1265.34  -10.72  43.31  
   -0.55  0.20  -0.81  
   -0.16  -0.98  -0.13  
   -0.82  0.05  0.57  

7  1179.17  -181.27  -25.00  
   0.82  0.34  0.47  
   -0.57  0.59  0.57  
   -0.08  -0.73  0.67  

6  1357.76  307.63  413.44  
   0.67  -0.71  0.22  
   0.17  -0.14  -0.98  
   0.72  0.69  0.03  

5  1227.39  240.21  235.30  
   -0.53  0.58  0.62  
   -0.21  0.62  -0.76  
   -0.82  -0.53  -0.21  

9  1408.21  -280.84  404.96  
   0.53  0.84  -0.04  
   0.05  0.01  1.00  
   0.84  -0.53  -0.03  

8  1272.03  -252.71  200.92  
   -0.57  -0.71  0.41  
   0.20  0.37  0.91  
   -0.79  0.60  -0.07  

3  1264.89  -9.38  43.76  
   -0.55  0.20  -0.81  
   -0.16  -0.98  -0.14  
   -0.82  0.05  0.57  

2  856.80  -41.08  573.73  
   0.84  -0.54  0.01  
   0.54  0.84  0.06  
   -0.04  -0.04  1.00  

4  1172.91  170.56  -11.16  
   0.65  -0.66  0.36  
   0.75  0.48  -0.46  
   0.13  0.57  0.81  

5  1241.23  238.87  229.49  
   -0.59  0.55  0.59  
   -0.21  0.60  -0.77  
   -0.78  -0.58  -0.24  

6  1378.30  308.07  396.48  
   0.71  -0.67  0.21  
   0.17  -0.13  -0.98  
   0.68  0.73  0.02  

9  1431.88  -276.37  385.32  
   0.58  0.81  -0.07  
   0.05  0.05  1.00  
   0.81  -0.58  -0.01  

8  1286.77  -249.14  191.10  
   -0.63  -0.68  0.37  
   0.19  0.33  0.92  
   -0.75  0.65  -0.07  

7  1180.50  -179.49  -27.68  
   0.83  0.31  0.47  
   -0.55  0.61  0.57  
   -0.11  -0.73  0.68  

2  856.80  -41.08  573.73  
   0.84  -0.54  0.01  
   0.54  0.84  0.06  
   -0.04  -0.04  1.00  

4  1173.36  169.66  -12.95  
   0.66  -0.65  0.37  
   0.74  0.50  -0.45  
   0.11  0.57  0.81  

5  1251.50  241.99  222.35  
   -0.64  0.53  0.56  
   -0.22  0.58  -0.79  
   -0.74  -0.62  -0.26  

3  1264.44  -8.48  43.31  
   -0.55  0.21  -0.81  
   -0.16  -0.98  -0.14  
   -0.82  0.05  0.57  

6  1397.50  310.75  380.85  
   0.75  -0.63  0.21  
   0.18  -0.12  -0.98  
   0.64  0.77  0.02  

7  1181.84  -179.04  -29.91  
   0.83  0.29  0.47  
   -0.54  0.63  0.56  
   -0.13  -0.72  0.68  

8  1298.82  -246.01  182.17  
   -0.68  -0.65  0.35  
   0.18  0.31  0.93  
   -0.71  0.69  -0.09  

9  1453.75  -270.57  366.12  
   0.62  0.78  -0.09  
   0.05  0.07  1.00  
   0.79  -0.62  0.00  

4  1173.81  169.66  -14.29  
   0.67  -0.64  0.37  
   0.73  0.51  -0.45  
   0.09  0.57  0.81  

2  857.25  -41.08  574.18  
   0.84  -0.54  0.01  
   0.54  0.84  0.06  
   -0.04  -0.04  1.00  

3  1263.55  -8.04  43.76  
   -0.55  0.21  -0.81  
   -0.16  -0.98  -0.14  
   -0.82  0.05  0.57  

5  1266.23  242.44  212.08  
   -0.69  0.50  0.53  
   -0.22  0.55  -0.81  
   -0.69  -0.67  -0.27  

8  1310.43  -242.89  171.90  
   -0.73  -0.61  0.32  
   0.18  0.28  0.94  
   -0.67  0.74  -0.10  

6  1417.59  313.43  360.76  
   0.79  -0.58  0.21  
   0.18  -0.11  -0.98  
   0.59  0.81  0.02  

7  1182.74  -177.25  -31.70  
   0.84  0.27  0.47  
   -0.52  0.65  0.56  
   -0.16  -0.71  0.69  

9  1474.29  -266.10  344.24  
   0.66  0.75  -0.10  
   0.05  0.09  0.99  
   0.75  -0.66  0.02  

2  857.25  -41.08  574.18  
   0.84  -0.54  0.01  
   0.54  0.84  0.06  
   -0.04  -0.04  1.00  

3  1263.10  -7.14  43.31  
   -0.55  0.21  -0.81  
   -0.16  -0.98  -0.15  
   -0.82  0.04  0.57  

4  1173.81  168.77  -17.41  
   0.68  -0.62  0.38  
   0.73  0.53  -0.43  
   0.06  0.58  0.82  

5  1281.41  246.01  199.13  
   -0.75  0.45  0.49  
   -0.22  0.52  -0.82  
   -0.63  -0.72  -0.29  

6  1442.59  314.77  327.27  
   0.84  -0.51  0.21  
   0.18  -0.09  -0.98  
   0.52  0.86  0.02  

9  1498.40  -260.75  313.88  
   0.72  0.69  -0.12  
   0.06  0.12  0.99  
   0.69  -0.72  0.05  

8  1323.83  -241.55  158.50  
   -0.78  -0.55  0.29  
   0.17  0.25  0.95  
   -0.60  0.79  -0.10  

7  1183.18  -175.91  -36.17  
   0.85  0.24  0.47  
   -0.49  0.68  0.54  
   -0.19  -0.69  0.69  

2  857.25  -40.63  574.18  
   0.84  -0.54  0.01  
   0.54  0.84  0.06  
   -0.04  -0.04  1.00  

4  1174.25  167.43  -20.54  
   0.70  -0.59  0.40  
   0.71  0.57  -0.42  
   0.02  0.57  0.82  

5  1298.38  246.01  182.61  
   -0.81  0.39  0.44  
   -0.22  0.49  -0.84  
   -0.54  -0.78  -0.31  

3  1261.76  -7.14  42.86  
   -0.56  0.21  -0.80  
   -0.15  -0.98  -0.15  
   -0.82  0.04  0.58  

6  1472.51  312.99  287.54  
   0.89  -0.41  0.19  
   0.18  -0.07  -0.98  
   0.42  0.91  0.01  

8  1340.35  -237.08  135.73  
   -0.85  -0.47  0.25  
   0.16  0.22  0.96  
   -0.51  0.85  -0.11  

9  1529.66  -254.05  269.68  
   0.78  0.61  -0.14  
   0.06  0.15  0.99  
   0.62  -0.78  0.08  

7  1182.29  -174.13  -41.08  
   0.85  0.20  0.48  
   -0.46  0.71  0.53  
   -0.24  -0.67  0.70  

2  856.80  -41.08  574.18  
   0.84  -0.54  0.01  
   0.54  0.84  0.06  
   -0.04  -0.04  1.00  

5  1314.45  245.12  163.41  
   -0.86  0.32  0.40  
   -0.22  0.47  -0.85  
   -0.46  -0.82  -0.34  

3  1260.87  -7.14  41.97  
   -0.56  0.21  -0.80  
   -0.15  -0.98  -0.14  
   -0.81  0.04  0.58  

4  1175.15  166.54  -24.11  
   0.72  -0.57  0.40  
   0.69  0.60  -0.40  
   -0.01  0.57  0.82  

6  1496.62  312.09  245.57  
   0.93  -0.32  0.18  
   0.17  -0.06  -0.98  
   0.32  0.95  0.00  

9  1552.43  -246.46  221.01  
   0.85  0.50  -0.15  
   0.07  0.17  0.98  
   0.52  -0.85  0.11  

8  1351.06  -230.39  110.28  
   -0.90  -0.38  0.20  
   0.14  0.18  0.97  
   -0.41  0.91  -0.11  

7  1181.40  -170.56  -45.99  
   0.86  0.16  0.48  
   -0.42  0.75  0.51  
   -0.28  -0.64  0.71  

2  857.25  -41.08  574.18  
   0.84  -0.54  0.01  
   0.54  0.84  0.06  
   -0.04  -0.04  1.00  

3  1259.53  -7.59  41.52  
   -0.56  0.20  -0.80  
   -0.15  -0.98  -0.14  
   -0.81  0.04  0.58  

5  1326.95  244.23  143.77  
   -0.90  0.25  0.35  
   -0.22  0.44  -0.87  
   -0.38  -0.86  -0.34  

4  1176.04  164.75  -29.02  
   0.74  -0.54  0.41  
   0.67  0.63  -0.39  
   -0.05  0.56  0.83  

6  1514.92  305.84  202.70  
   0.96  -0.23  0.16  
   0.16  -0.03  -0.99  
   0.23  0.97  0.01  

7  1181.84  -167.43  -51.35  
   0.86  0.12  0.49  
   -0.38  0.78  0.49  
   -0.32  -0.61  0.72  

8  1359.99  -230.83  86.62  
   -0.94  -0.30  0.17  
   0.13  0.14  0.98  
   -0.32  0.94  -0.10  

9  1570.29  -238.42  173.24  
   0.89  0.42  -0.16  
   0.08  0.20  0.98  
   0.44  -0.89  0.15  

2  856.80  -41.08  573.73  
   0.84  -0.54  0.01  
   0.54  0.84  0.06  
   -0.04  -0.04  1.00  

3  1259.09  -7.14  40.63  
   -0.56  0.20  -0.80  
   -0.15  -0.98  -0.14  
   -0.81  0.04  0.58  

4  1175.15  162.97  -32.59  
   0.75  -0.51  0.41  
   0.65  0.66  -0.37  
   -0.09  0.55  0.83  

5  1335.88  243.78  121.00  
   -0.93  0.19  0.31  
   -0.21  0.42  -0.88  
   -0.29  -0.89  -0.35  

6  1528.76  300.04  156.72  
   0.98  -0.14  0.15  
   0.15  -0.00  -0.99  
   0.14  0.99  0.02  

9  1581.89  -232.17  126.80  
   0.93  0.33  -0.16  
   0.08  0.23  0.97  
   0.36  -0.91  0.19  

7  1179.61  -164.75  -54.47  
   0.86  0.09  0.49  
   -0.35  0.81  0.47  
   -0.36  -0.58  0.73  

8  1365.35  -226.81  65.63  
   -0.96  -0.23  0.14  
   0.12  0.12  0.99  
   -0.24  0.97  -0.08  

2  856.80  -41.08  573.73  
   0.84  -0.54  0.01  
   0.54  0.84  0.06  
   -0.04  -0.04  1.00  

4  1174.70  159.84  -36.17  
   0.77  -0.48  0.42  
   0.63  0.69  -0.35  
   -0.12  0.53  0.84  

3  1257.75  -7.14  39.74  
   -0.56  0.19  -0.81  
   -0.14  -0.98  -0.14  
   -0.82  0.04  0.58  

5  1343.02  244.23  101.35  
   -0.95  0.13  0.27  
   -0.21  0.38  -0.90  
   -0.22  -0.91  -0.34  

7  1176.93  -162.52  -58.04  
   0.86  0.07  0.50  
   -0.33  0.83  0.45  
   -0.39  -0.55  0.74  

8  1366.69  -224.58  41.97  
   -0.98  -0.16  0.13  
   0.12  0.09  0.99  
   -0.17  0.98  -0.07  

6  1536.80  298.25  112.51  
   0.99  -0.05  0.14  
   0.14  0.03  -0.99  
   0.05  1.00  0.04  

9  1586.81  -230.83  83.94  
   0.96  0.26  -0.14  
   0.07  0.25  0.96  
   0.28  -0.93  0.22  

4  1173.81  156.72  -42.42  
   0.78  -0.46  0.43  
   0.60  0.73  -0.33  
   -0.16  0.51  0.84  

2  856.80  -41.08  573.73  
   0.84  -0.54  0.01  
   0.54  0.84  0.06  
   -0.04  -0.04  1.00  

3  1256.41  -8.04  37.06  
   -0.56  0.18  -0.81  
   -0.14  -0.98  -0.13  
   -0.82  0.04  0.57  

5  1347.04  241.99  76.80  
   -0.97  0.05  0.24  
   -0.21  0.35  -0.92  
   -0.13  -0.94  -0.32  

8  1368.92  -221.46  18.31  
   -0.99  -0.07  0.11  
   0.11  0.05  0.99  
   -0.07  1.00  -0.05  

6  1543.05  296.02  62.06  
   0.99  0.05  0.14  
   0.13  0.07  -0.99  
   -0.06  1.00  0.07  

9  1591.27  -227.71  35.27  
   0.98  0.17  -0.12  
   0.07  0.28  0.96  
   0.19  -0.94  0.26  

7  1175.59  -160.29  -61.61  
   0.86  0.04  0.51  
   -0.29  0.86  0.43  
   -0.42  -0.52  0.75  

2  856.80  -41.08  573.73  
   0.84  -0.54  0.01  
   0.54  0.84  0.06  
   -0.04  -0.04  1.00  

5  1350.17  240.21  52.24  
   -0.98  -0.02  0.21  
   -0.20  0.31  -0.93  
   -0.04  -0.95  -0.31  

3  1255.51  -8.48  36.17  
   -0.55  0.18  -0.81  
   -0.14  -0.98  -0.12  
   -0.82  0.05  0.57  

4  1171.13  153.59  -46.43  
   0.78  -0.43  0.44  
   0.58  0.75  -0.30  
   -0.20  0.49  0.85  

6  1542.60  287.98  11.16  
   0.98  0.15  0.13  
   0.11  0.10  -0.99  
   -0.16  0.98  0.08  

8  1366.69  -220.56  -4.02  
   -0.99  0.01  0.11  
   0.11  0.03  0.99  
   0.01  1.00  -0.03  

9  1590.82  -223.69  -10.27  
   0.99  0.08  -0.10  
   0.07  0.31  0.95  
   0.10  -0.95  0.30  

7  1172.91  -158.06  -64.74  
   0.86  0.01  0.52  
   -0.26  0.87  0.41  
   -0.45  -0.49  0.75  

2  856.80  -41.08  573.73  
   0.84  -0.54  0.01  
   0.54  0.84  0.06  
   -0.04  -0.04  1.00  

3  1255.07  -8.93  34.83  
   -0.55  0.17  -0.82  
   -0.14  -0.98  -0.12  
   -0.82  0.05  0.56  

4  1169.34  148.68  -52.24  
   0.79  -0.41  0.45  
   0.56  0.78  -0.27  
   -0.24  0.47  0.85  

5  1350.62  239.76  24.56  
   -0.98  -0.10  0.18  
   -0.20  0.29  -0.94  
   0.04  -0.95  -0.30  

7  1171.13  -155.38  -67.87  
   0.85  -0.02  0.53  
   -0.23  0.89  0.40  
   -0.48  -0.46  0.75  

8  1364.46  -217.44  -26.79  
   -0.99  0.11  0.11  
   0.11  -0.00  0.99  
   0.10  0.99  -0.01  

6  1540.82  282.62  -37.06  
   0.96  0.26  0.13  
   0.10  0.13  -0.99  
   -0.27  0.96  0.10  

9  1586.36  -220.12  -64.29  
   1.00  -0.03  -0.06  
   0.07  0.33  0.94  
   -0.00  -0.94  0.33  

2  856.80  -41.08  574.18  
   0.84  -0.54  0.01  
   0.54  0.84  0.06  
   -0.04  -0.04  1.00  

3  1253.73  -9.38  31.25  
   -0.54  0.16  -0.82  
   -0.13  -0.99  -0.11  
   -0.83  0.05  0.56  

4  1165.77  145.11  -56.70  
   0.79  -0.39  0.47  
   0.54  0.81  -0.24  
   -0.29  0.44  0.85  

6  1529.21  276.37  -94.65  
   0.92  0.36  0.13  
   0.09  0.14  -0.99  
   -0.38  0.92  0.10  

5  1347.49  236.19  -1.79  
   -0.97  -0.19  0.14  
   -0.19  0.26  -0.95  
   0.14  -0.95  -0.28  

8  1357.76  -212.97  -51.79  
   -0.97  0.19  0.12  
   0.11  -0.05  0.99  
   0.20  0.98  0.02  

7  1166.22  -150.91  -70.99  
   0.84  -0.04  0.55  
   -0.20  0.91  0.37  
   -0.51  -0.42  0.75  

9  1572.96  -219.67  -118.76  
   0.99  -0.12  -0.01  
   0.05  0.36  0.93  
   -0.11  -0.93  0.36  

2  856.80  -41.08  574.18  
   0.84  -0.54  0.01  
   0.54  0.84  0.06  
   -0.04  -0.04  1.00  

4  1161.31  140.20  -62.95  
   0.79  -0.37  0.49  
   0.52  0.83  -0.20  
   -0.33  0.41  0.85  

3  1252.84  -8.93  29.47  
   -0.53  0.15  -0.83  
   -0.13  -0.99  -0.09  
   -0.84  0.06  0.54  

5  1341.69  233.51  -27.68  
   -0.95  -0.27  0.12  
   -0.18  0.23  -0.96  
   0.23  -0.94  -0.27  

6  1515.37  269.68  -146.89  
   0.87  0.46  0.14  
   0.07  0.15  -0.99  
   -0.48  0.87  0.10  

8  1347.94  -216.54  -82.60  
   -0.94  0.29  0.16  
   0.13  -0.11  0.98  
   0.30  0.95  0.06  

9  1556.00  -225.03  -172.34  
   0.97  -0.22  0.06  
   0.03  0.40  0.92  
   -0.22  -0.89  0.40  

7  1161.31  -147.79  -75.01  
   0.82  -0.05  0.57  
   -0.18  0.92  0.35  
   -0.54  -0.39  0.74  

2  857.25  -41.08  574.18  
   0.84  -0.54  0.01  
   0.54  0.84  0.06  
   -0.04  -0.04  1.00  

6  1490.36  264.77  -199.58  
   0.81  0.56  0.16  
   0.06  0.18  -0.98  
   -0.58  0.81  0.11  

5  1330.97  229.94  -57.60  
   -0.92  -0.37  0.11  
   -0.19  0.19  -0.96  
   0.33  -0.91  -0.24  

3  1251.05  -10.27  26.34  
   -0.52  0.13  -0.84  
   -0.12  -0.99  -0.08  
   -0.85  0.06  0.53  

4  1154.61  133.95  -68.31  
   0.78  -0.35  0.52  
   0.49  0.85  -0.16  
   -0.39  0.38  0.84  

7  1151.93  -144.21  -77.24  
   0.80  -0.06  0.60  
   -0.17  0.93  0.32  
   -0.58  -0.35  0.73  

9  1526.53  -222.80  -230.39  
   0.94  -0.31  0.13  
   0.02  0.43  0.90  
   -0.33  -0.85  0.42  

8  1330.08  -213.87  -111.17  
   -0.91  0.37  0.20  
   0.14  -0.16  0.98  
   0.40  0.91  0.09  

2  857.25  -41.08  574.18  
   0.84  -0.54  0.01  
   0.54  0.84  0.06  
   -0.04  -0.04  1.00  

3  1248.37  -11.61  22.77  
   -0.51  0.13  -0.85  
   -0.12  -0.99  -0.08  
   -0.85  0.06  0.52  

4  1146.13  126.80  -73.67  
   0.76  -0.35  0.55  
   0.48  0.87  -0.11  
   -0.44  0.35  0.83  

5  1317.58  228.15  -80.37  
   -0.89  -0.45  0.11  
   -0.19  0.15  -0.97  
   0.42  -0.88  -0.22  

6  1466.25  255.84  -245.57  
   0.75  0.64  0.17  
   0.05  0.21  -0.98  
   -0.67  0.74  0.13  

9  1501.08  -221.90  -275.93  
   0.90  -0.40  0.19  
   0.02  0.47  0.88  
   -0.44  -0.79  0.43  

7  1145.23  -141.98  -79.47  
   0.78  -0.06  0.63  
   -0.15  0.95  0.28  
   -0.61  -0.31  0.73  

8  1315.79  -213.87  -134.84  
   -0.86  0.45  0.24  
   0.15  -0.22  0.96  
   0.49  0.86  0.12  

2  856.80  -41.08  574.18  
   0.84  -0.54  0.01  
   0.54  0.84  0.06  
   -0.04  -0.04  1.00  

4  1140.32  122.34  -77.69  
   0.74  -0.35  0.57  
   0.47  0.88  -0.07  
   -0.48  0.32  0.81  

3  1246.14  -12.06  19.65  
   -0.50  0.13  -0.85  
   -0.11  -0.99  -0.08  
   -0.86  0.05  0.51  

5  1305.52  223.24  -105.82  
   -0.84  -0.53  0.11  
   -0.19  0.10  -0.98  
   0.50  -0.84  -0.19  

7  1138.98  -135.73  -83.49  
   0.76  -0.06  0.65  
   -0.13  0.96  0.25  
   -0.64  -0.27  0.72  

6  1435.00  249.58  -290.66  
   0.67  0.72  0.20  
   0.03  0.24  -0.97  
   -0.74  0.65  0.14  

9  1468.93  -213.87  -325.04  
   0.85  -0.47  0.24  
   0.03  0.50  0.87  
   -0.53  -0.73  0.44  

8  1298.82  -209.40  -157.61  
   -0.81  0.51  0.27  
   0.15  -0.27  0.95  
   0.56  0.81  0.14  

2  856.80  -41.08  574.18  
   0.84  -0.54  0.01  
   0.54  0.84  0.06  
   -0.04  -0.04  1.00  

4  1135.41  118.32  -80.37  
   0.72  -0.35  0.60  
   0.46  0.89  -0.04  
   -0.51  0.30  0.80  

3  1244.80  -10.72  16.97  
   -0.50  0.13  -0.86  
   -0.10  -0.99  -0.09  
   -0.86  0.04  0.50  

5  1289.00  226.37  -122.34  
   -0.79  -0.60  0.14  
   -0.20  0.05  -0.98  
   0.58  -0.80  -0.16  

6  1405.53  247.35  -324.15  
   0.59  0.78  0.22  
   0.01  0.27  -0.96  
   -0.81  0.57  0.15  

7  1132.73  -130.37  -85.28  
   0.74  -0.05  0.67  
   -0.12  0.97  0.21  
   -0.66  -0.23  0.71  

8  1283.20  -204.94  -176.81  
   -0.76  0.57  0.32  
   0.15  -0.33  0.93  
   0.63  0.76  0.17  

9  1437.68  -204.04  -363.44  
   0.79  -0.55  0.28  
   0.06  0.52  0.85  
   -0.61  -0.66  0.44  

2  856.80  -41.08  574.18  
   0.84  -0.54  0.01  
   0.54  0.84  0.06  
   -0.04  -0.04  1.00  

4  1127.82  117.87  -80.81  
   0.69  -0.37  0.62  
   0.47  0.88  0.00  
   -0.55  0.29  0.79  

3  1243.46  -8.93  15.18  
   -0.49  0.13  -0.86  
   -0.09  -0.99  -0.10  
   -0.87  0.03  0.50  

5  1273.37  227.71  -140.64  
   -0.73  -0.66  0.16  
   -0.21  -0.00  -0.98  
   0.65  -0.75  -0.14  

6  1372.94  245.12  -353.62  
   0.52  0.82  0.25  
   -0.01  0.30  -0.95  
   -0.86  0.49  0.16  

7  1125.59  -125.46  -86.17  
   0.72  -0.03  0.69  
   -0.12  0.98  0.17  
   -0.68  -0.21  0.70  

8  1264.89  -202.26  -188.86  
   -0.71  0.60  0.36  
   0.15  -0.37  0.92  
   0.68  0.71  0.17  

9  1411.78  -198.24  -389.78  
   0.74  -0.59  0.31  
   0.07  0.53  0.84  
   -0.67  -0.60  0.43  

2  856.80  -41.08  574.18  
   0.84  -0.54  0.01  
   0.54  0.84  0.06  
   -0.04  -0.04  1.00  

3  1241.23  -7.59  12.95  
   -0.50  0.14  -0.86  
   -0.08  -0.99  -0.12  
   -0.86  0.01  0.50  

6  1346.60  246.46  -371.47  
   0.46  0.85  0.27  
   -0.01  0.31  -0.95  
   -0.89  0.43  0.15  

5  1258.64  229.49  -151.80  
   -0.69  -0.71  0.18  
   -0.22  -0.03  -0.98  
   0.69  -0.71  -0.13  

4  1119.34  115.64  -81.26  
   0.67  -0.38  0.64  
   0.47  0.88  0.03  
   -0.57  0.28  0.77  

7  1119.34  -122.78  -85.72  
   0.70  -0.02  0.71  
   -0.13  0.98  0.15  
   -0.70  -0.19  0.68  

8  1249.26  -200.03  -201.81  
   -0.67  0.63  0.39  
   0.16  -0.39  0.91  
   0.73  0.67  0.16  

9  1387.23  -198.69  -409.87  
   0.69  -0.63  0.35  
   0.06  0.53  0.84  
   -0.72  -0.56  0.41  

4  1113.98  114.75  -81.26  
   0.64  -0.39  0.66  
   0.48  0.87  0.05  
   -0.59  0.28  0.75  

2  856.80  -41.08  574.18  
   0.84  -0.54  0.01  
   0.54  0.84  0.06  
   -0.04  -0.04  1.00  

5  1244.80  228.60  -162.52  
   -0.64  -0.74  0.19  
   -0.22  -0.06  -0.97  
   0.74  -0.66  -0.13  

3  1237.65  -7.14  9.82  
   -0.51  0.15  -0.85  
   -0.08  -0.99  -0.12  
   -0.86  0.00  0.51  

6  1321.15  243.78  -389.78  
   0.40  0.87  0.29  
   -0.03  0.32  -0.95  
   -0.92  0.37  0.15  

9  1363.12  -198.69  -425.95  
   0.66  -0.66  0.36  
   0.07  0.53  0.84  
   -0.75  -0.53  0.39  

7  1112.19  -120.55  -86.17  
   0.68  0.00  0.74  
   -0.14  0.98  0.12  
   -0.72  -0.18  0.67  

8  1236.76  -199.13  -205.83  
   -0.63  0.65  0.42  
   0.17  -0.41  0.90  
   0.76  0.64  0.15  

2  856.80  -41.08  574.18  
   0.84  -0.54  0.01  
   0.54  0.84  0.06  
   -0.04  -0.04  1.00  

4  1106.39  112.51  -81.26  
   0.62  -0.40  0.67  
   0.49  0.87  0.07  
   -0.62  0.28  0.74  

3  1234.98  -7.14  7.59  
   -0.52  0.15  -0.84  
   -0.07  -0.99  -0.13  
   -0.85  -0.00  0.52  

7  1104.16  -117.43  -83.05  
   0.65  0.02  0.76  
   -0.15  0.98  0.10  
   -0.74  -0.18  0.65  

5  1229.62  229.05  -169.22  
   -0.59  -0.78  0.22  
   -0.23  -0.10  -0.97  
   0.77  -0.62  -0.12  

6  1294.80  242.44  -401.84  
   0.34  0.89  0.30  
   -0.04  0.34  -0.94  
   -0.94  0.31  0.15  

8  1219.80  -201.81  -213.87  
   -0.58  0.68  0.45  
   0.18  -0.43  0.88  
   0.79  0.60  0.13  

9  1336.77  -200.92  -438.45  
   0.61  -0.69  0.39  
   0.07  0.53  0.84  
   -0.79  -0.49  0.37  

2  856.80  -41.08  574.18  
   0.84  -0.54  0.01  
   0.54  0.84  0.06  
   -0.04  -0.04  1.00  

4  1100.14  109.84  -81.71  
   0.59  -0.41  0.69  
   0.49  0.87  0.09  
   -0.64  0.28  0.72  

3  1231.85  -6.70  6.25  
   -0.53  0.15  -0.83  
   -0.07  -0.99  -0.13  
   -0.84  -0.01  0.54  

5  1216.22  229.05  -176.81  
   -0.54  -0.81  0.23  
   -0.23  -0.12  -0.97  
   0.81  -0.58  -0.12  

6  1270.25  238.87  -415.23  
   0.28  0.91  0.31  
   -0.05  0.34  -0.94  
   -0.96  0.25  0.14  

8  1203.72  -202.70  -218.33  
   -0.53  0.70  0.48  
   0.20  -0.45  0.87  
   0.82  0.56  0.10  

7  1097.01  -116.09  -82.60  
   0.63  0.05  0.78  
   -0.17  0.98  0.07  
   -0.76  -0.18  0.63  

9  1308.20  -205.38  -451.40  
   0.56  -0.72  0.41  
   0.06  0.53  0.84  
   -0.82  -0.45  0.34  

2  857.25  -40.63  574.18  
   0.84  -0.54  0.01  
   0.54  0.84  0.06  
   -0.04  -0.04  1.00  

5  1205.06  225.92  -183.95  
   -0.50  -0.83  0.24  
   -0.22  -0.15  -0.96  
   0.84  -0.54  -0.11  

4  1095.23  106.71  -82.60  
   0.57  -0.41  0.71  
   0.49  0.87  0.11  
   -0.66  0.28  0.70  

3  1228.72  -7.59  4.02  
   -0.54  0.15  -0.82  
   -0.07  -0.99  -0.13  
   -0.84  -0.01  0.55  

6  1250.16  232.17  -426.39  
   0.24  0.91  0.33  
   -0.07  0.35  -0.93  
   -0.97  0.20  0.15  

7  1089.87  -115.64  -81.71  
   0.60  0.07  0.79  
   -0.18  0.98  0.05  
   -0.78  -0.18  0.61  

9  1286.77  -208.06  -460.33  
   0.53  -0.73  0.43  
   0.06  0.54  0.84  
   -0.85  -0.42  0.33  

8  1188.09  -203.60  -220.56  
   -0.49  0.71  0.51  
   0.21  -0.47  0.86  
   0.84  0.53  0.09  

2  856.80  -41.08  574.18  
   0.84  -0.54  0.01  
   0.54  0.84  0.06  
   -0.04  -0.04  1.00  

4  1091.21  102.69  -83.05  
   0.55  -0.42  0.72  
   0.49  0.86  0.13  
   -0.68  0.28  0.68  

3  1226.49  -8.93  2.23  
   -0.55  0.15  -0.82  
   -0.07  -0.99  -0.13  
   -0.83  -0.01  0.56  

5  1194.35  222.80  -190.65  
   -0.47  -0.85  0.25  
   -0.21  -0.17  -0.96  
   0.86  -0.50  -0.10  

6  1230.51  226.37  -434.88  
   0.20  0.92  0.34  
   -0.07  0.36  -0.93  
   -0.98  0.16  0.14  

7  1084.06  -115.19  -79.03  
   0.58  0.09  0.81  
   -0.20  0.98  0.03  
   -0.79  -0.18  0.59  

8  1175.15  -206.28  -223.24  
   -0.45  0.71  0.54  
   0.22  -0.50  0.84  
   0.87  0.50  0.07  

9  1264.00  -209.85  -466.58  
   0.49  -0.74  0.45  
   0.07  0.55  0.83  
   -0.87  -0.38  0.32  

2  857.25  -41.08  574.18  
   0.84  -0.54  0.01  
   0.54  0.84  0.06  
   -0.04  -0.04  1.00  

3  1223.37  -12.06  -0.89  
   -0.58  0.15  -0.80  
   -0.07  -0.99  -0.13  
   -0.81  -0.02  0.58  

5  1184.97  217.88  -196.45  
   -0.44  -0.86  0.26  
   -0.20  -0.19  -0.96  
   0.88  -0.47  -0.09  

6  1214.88  221.01  -441.57  
   0.17  0.92  0.36  
   -0.08  0.38  -0.92  
   -0.98  0.13  0.14  

4  1086.30  99.57  -83.49  
   0.53  -0.42  0.74  
   0.48  0.86  0.15  
   -0.70  0.28  0.66  

7  1079.15  -116.09  -77.69  
   0.56  0.10  0.82  
   -0.21  0.98  0.03  
   -0.80  -0.19  0.57  

9  1243.46  -216.54  -472.83  
   0.45  -0.76  0.46  
   0.07  0.55  0.83  
   -0.89  -0.34  0.30  

8  1161.75  -211.63  -223.24  
   -0.41  0.72  0.56  
   0.23  -0.51  0.83  
   0.88  0.47  0.04  

2  857.25  -41.08  574.18  
   0.84  -0.54  0.01  
   0.54  0.84  0.06  
   -0.04  -0.04  1.00  

4  1081.83  97.33  -83.94  
   0.51  -0.42  0.75  
   0.48  0.86  0.16  
   -0.72  0.28  0.64  

3  1221.58  -12.06  -3.13  
   -0.60  0.15  -0.79  
   -0.08  -0.99  -0.13  
   -0.80  -0.01  0.60  

5  1175.15  214.31  -203.60  
   -0.40  -0.88  0.27  
   -0.19  -0.20  -0.96  
   0.90  -0.43  -0.09  

6  1197.02  215.21  -449.16  
   0.13  0.92  0.36  
   -0.09  0.38  -0.92  
   -0.99  0.09  0.13  

8  1151.48  -215.21  -224.14  
   -0.37  0.73  0.57  
   0.25  -0.51  0.82  
   0.89  0.45  0.01  

7  1074.69  -115.19  -74.56  
   0.54  0.11  0.84  
   -0.23  0.97  0.02  
   -0.81  -0.20  0.55  

9  1226.94  -221.90  -474.61  
   0.42  -0.77  0.47  
   0.06  0.54  0.84  
   -0.90  -0.33  0.27  

2  857.25  -41.08  574.18  
   0.84  -0.54  0.01  
   0.54  0.84  0.06  
   -0.04  -0.04  1.00  

5  1169.79  211.63  -208.51  
   -0.37  -0.89  0.26  
   -0.18  -0.21  -0.96  
   0.91  -0.40  -0.09  

3  1222.47  -12.95  -5.36  
   -0.60  0.14  -0.79  
   -0.07  -0.99  -0.12  
   -0.79  -0.02  0.61  

4  1080.94  96.44  -84.39  
   0.49  -0.42  0.76  
   0.48  0.86  0.17  
   -0.73  0.28  0.63  

6  1184.52  210.29  -453.18  
   0.10  0.93  0.36  
   -0.10  0.37  -0.92  
   -0.99  0.05  0.13  

8  1145.68  -216.54  -225.47  
   -0.35  0.73  0.58  
   0.26  -0.52  0.81  
   0.90  0.43  -0.01  

9  1216.22  -223.24  -478.18  
   0.40  -0.78  0.48  
   0.06  0.54  0.84  
   -0.91  -0.31  0.27  

7  1073.35  -114.75  -75.01  
   0.52  0.13  0.84  
   -0.24  0.97  0.00  
   -0.82  -0.21  0.54  

2  857.25  -41.08  574.18  
   0.84  -0.54  0.01  
   0.54  0.84  0.06  
   -0.04  -0.04  1.00  

6  1179.61  208.06  -455.41  
   0.08  0.93  0.36  
   -0.10  0.36  -0.93  
   -0.99  0.04  0.12  

5  1167.56  210.29  -208.95  
   -0.35  -0.90  0.26  
   -0.18  -0.21  -0.96  
   0.92  -0.39  -0.09  

3  1222.03  -13.84  -6.25  
   -0.61  0.14  -0.78  
   -0.07  -0.99  -0.12  
   -0.79  -0.02  0.61  

4  1080.49  95.10  -84.83  
   0.49  -0.42  0.77  
   0.48  0.86  0.17  
   -0.73  0.28  0.62  

7  1071.56  -115.19  -75.01  
   0.51  0.14  0.85  
   -0.25  0.97  -0.01  
   -0.82  -0.21  0.53  

9  1210.42  -222.35  -479.97  
   0.39  -0.80  0.46  
   0.07  0.52  0.85  
   -0.92  -0.30  0.26  

8  1142.11  -216.99  -225.03  
   -0.33  0.74  0.58  
   0.26  -0.52  0.81  
   0.91  0.42  -0.02  

3  1222.03  -14.73  -7.59  
   -0.61  0.14  -0.78  
   -0.07  -0.99  -0.12  
   -0.79  -0.02  0.61  

2  857.25  -41.08  574.18  
   0.84  -0.54  0.01  
   0.54  0.84  0.06  
   -0.04  -0.04  1.00  

4  1080.05  94.65  -84.83  
   0.48  -0.42  0.77  
   0.48  0.86  0.17  
   -0.74  0.28  0.61  

5  1166.22  209.40  -210.29  
   -0.35  -0.90  0.26  
   -0.17  -0.21  -0.96  
   0.92  -0.38  -0.08  

8  1138.98  -215.65  -227.71  
   -0.32  0.75  0.58  
   0.26  -0.52  0.81  
   0.91  0.41  -0.02  

7  1070.22  -114.30  -75.46  
   0.50  0.14  0.85  
   -0.25  0.97  -0.01  
   -0.83  -0.21  0.52  

6  1176.93  206.28  -456.75  
   0.08  0.93  0.36  
   -0.10  0.37  -0.92  
   -0.99  0.03  0.12  

9  1206.85  -221.46  -480.86  
   0.39  -0.80  0.45  
   0.07  0.52  0.85  
   -0.92  -0.30  0.26  

2  857.25  -41.08  574.18  
   0.84  -0.54  0.01  
   0.54  0.84  0.06  
   -0.04  -0.04  1.00  

6  1171.58  206.28  -458.09  
   0.06  0.93  0.36  
   -0.10  0.36  -0.93  
   -0.99  0.02  0.12  

5  1163.54  209.40  -210.74  
   -0.34  -0.90  0.26  
   -0.17  -0.21  -0.96  
   0.93  -0.37  -0.08  

3  1222.47  -13.84  -8.04  
   -0.62  0.14  -0.78  
   -0.06  -0.99  -0.13  
   -0.79  -0.03  0.62  

4  1079.15  94.65  -84.83  
   0.47  -0.42  0.77  
   0.48  0.86  0.18  
   -0.74  0.29  0.61  

9  1201.94  -221.90  -482.65  
   0.37  -0.80  0.46  
   0.07  0.52  0.85  
   -0.92  -0.29  0.25  

7  1070.22  -112.96  -75.90  
   0.50  0.15  0.85  
   -0.25  0.97  -0.02  
   -0.83  -0.21  0.52  

8  1137.20  -214.76  -228.15  
   -0.31  0.75  0.59  
   0.26  -0.53  0.81  
   0.92  0.40  -0.03  

2  857.25  -41.08  574.18  
   0.84  -0.54  0.01  
   0.54  0.84  0.06  
   -0.04  -0.04  1.00  

3  1222.47  -13.39  -8.48  
   -0.62  0.14  -0.77  
   -0.06  -0.99  -0.13  
   -0.78  -0.03  0.62  

4  1077.81  94.65  -83.94  
   0.46  -0.43  0.78  
   0.49  0.85  0.18  
   -0.74  0.29  0.60  

5  1160.41  209.85  -212.53  
   -0.32  -0.91  0.26  
   -0.17  -0.21  -0.96  
   0.93  -0.36  -0.09  

6  1165.77  208.95  -458.54  
   0.05  0.93  0.35  
   -0.09  0.36  -0.93  
   -0.99  0.01  0.10  

8  1134.52  -214.76  -228.60  
   -0.30  0.75  0.59  
   0.26  -0.53  0.80  
   0.92  0.40  -0.04  

9  1198.81  -222.35  -483.54  
   0.37  -0.80  0.47  
   0.07  0.52  0.85  
   -0.93  -0.28  0.25  

7  1069.78  -112.51  -75.46  
   0.49  0.15  0.86  
   -0.26  0.97  -0.02  
   -0.83  -0.21  0.52  

2  857.25  -41.08  574.18  
   0.84  -0.54  0.01  
   0.54  0.84  0.06  
   -0.04  -0.04  1.00  

4  1077.37  95.10  -83.49  
   0.45  -0.43  0.78  
   0.49  0.85  0.19  
   -0.74  0.30  0.59  

3  1223.37  -13.39  -9.38  
   -0.62  0.14  -0.77  
   -0.06  -0.99  -0.13  
   -0.78  -0.04  0.62  

5  1157.73  212.97  -211.19  
   -0.30  -0.91  0.27  
   -0.18  -0.22  -0.96  
   0.93  -0.34  -0.10  

6  1157.73  211.63  -458.54  
   0.03  0.94  0.35  
   -0.09  0.35  -0.93  
   -1.00  -0.01  0.10  

7  1069.33  -111.62  -74.56  
   0.48  0.17  0.86  
   -0.28  0.96  -0.04  
   -0.83  -0.22  0.51  

8  1129.16  -218.78  -225.47  
   -0.27  0.74  0.61  
   0.29  -0.54  0.79  
   0.92  0.39  -0.07  

9  1189.43  -231.28  -482.65  
   0.35  -0.81  0.48  
   0.05  0.52  0.85  
   -0.93  -0.28  0.22  

2  857.25  -40.63  574.18  
   0.84  -0.54  0.01  
   0.54  0.84  0.06  
   -0.04  -0.04  1.00  

3  1224.26  -13.39  -10.72  
   -0.63  0.14  -0.77  
   -0.06  -0.99  -0.13  
   -0.78  -0.04  0.63  

4  1076.92  95.99  -82.60  
   0.44  -0.43  0.79  
   0.50  0.84  0.19  
   -0.75  0.31  0.59  

5  1153.72  215.21  -210.74  
   -0.28  -0.92  0.27  
   -0.20  -0.22  -0.96  
   0.94  -0.32  -0.12  

6  1149.25  216.54  -458.54  
   -0.00  0.94  0.34  
   -0.09  0.34  -0.94  
   -1.00  -0.03  0.08  

7  1067.54  -110.73  -73.67  
   0.47  0.19  0.86  
   -0.30  0.95  -0.05  
   -0.83  -0.24  0.51  

8  1122.91  -223.69  -223.69  
   -0.25  0.74  0.62  
   0.32  -0.55  0.78  
   0.92  0.39  -0.10  

9  1178.27  -242.89  -481.31  
   0.33  -0.81  0.49  
   0.02  0.52  0.85  
   -0.94  -0.27  0.19  

2  857.25  -40.63  574.18  
   0.84  -0.54  0.01  
   0.54  0.84  0.06  
   -0.04  -0.04  1.00  

6  1143.45  218.33  -458.99  
   -0.02  0.95  0.32  
   -0.08  0.32  -0.95  
   -1.00  -0.04  0.07  

5  1151.48  215.65  -210.29  
   -0.27  -0.93  0.26  
   -0.20  -0.21  -0.96  
   0.94  -0.31  -0.13  

3  1223.81  -14.73  -12.06  
   -0.63  0.13  -0.76  
   -0.05  -0.99  -0.13  
   -0.77  -0.04  0.64  

4  1076.47  95.99  -82.60  
   0.43  -0.43  0.79  
   0.51  0.84  0.19  
   -0.75  0.32  0.58  

7  1066.20  -111.62  -73.22  
   0.46  0.20  0.86  
   -0.31  0.95  -0.05  
   -0.83  -0.25  0.50  

9  1171.13  -252.71  -479.52  
   0.32  -0.81  0.49  
   0.01  0.52  0.85  
   -0.95  -0.27  0.17  

8  1119.34  -226.81  -221.90  
   -0.24  0.74  0.63  
   0.33  -0.55  0.77  
   0.91  0.39  -0.12  

2  857.25  -41.08  574.18  
   0.84  -0.54  0.01  
   0.54  0.84  0.06  
   -0.04  -0.04  1.00  

4  1075.13  95.10  -82.15  
   0.43  -0.43  0.79  
   0.50  0.84  0.19  
   -0.75  0.32  0.58  

3  1222.03  -16.07  -12.06  
   -0.64  0.13  -0.76  
   -0.05  -0.99  -0.12  
   -0.76  -0.04  0.64  

5  1150.59  214.76  -210.74  
   -0.26  -0.93  0.26  
   -0.20  -0.21  -0.96  
   0.94  -0.31  -0.13  

6  1142.55  217.44  -459.43  
   -0.02  0.95  0.32  
   -0.08  0.32  -0.95  
   -1.00  -0.05  0.07  

7  1064.87  -112.96  -73.22  
   0.46  0.19  0.87  
   -0.31  0.95  -0.05  
   -0.83  -0.25  0.50  

8  1118.89  -228.15  -222.35  
   -0.24  0.74  0.63  
   0.33  -0.54  0.77  
   0.91  0.39  -0.12  

9  1171.58  -253.16  -479.52  
   0.32  -0.81  0.49  
   0.01  0.52  0.85  
   -0.95  -0.27  0.17  

3  1221.58  -16.07  -11.16  
   -0.64  0.13  -0.75  
   -0.06  -0.99  -0.13  
   -0.76  -0.04  0.64  

2  857.25  -40.63  574.18  
   0.84  -0.54  0.01  
   0.54  0.84  0.06  
   -0.04  -0.04  1.00  

4  1074.24  94.65  -83.05  
   0.43  -0.43  0.79  
   0.50  0.85  0.18  
   -0.75  0.32  0.58  

5  1153.72  213.87  -211.19  
   -0.28  -0.92  0.26  
   -0.20  -0.21  -0.96  
   0.94  -0.32  -0.12  

6  1153.27  213.87  -458.99  
   0.01  0.95  0.32  
   -0.08  0.32  -0.95  
   -1.00  -0.02  0.08  

7  1065.31  -114.75  -73.67  
   0.47  0.18  0.86  
   -0.30  0.95  -0.03  
   -0.83  -0.25  0.50  

8  1125.14  -227.26  -222.80  
   -0.27  0.74  0.62  
   0.32  -0.53  0.78  
   0.91  0.41  -0.09  

9  1184.97  -248.25  -478.18  
   0.35  -0.81  0.48  
   0.02  0.51  0.86  
   -0.94  -0.29  0.19  

2  856.80  -40.63  574.18  
   0.84  -0.54  0.01  
   0.54  0.84  0.06  
   -0.04  -0.04  1.00  

4  1077.81  96.44  -84.83  
   0.46  -0.42  0.78  
   0.49  0.85  0.17  
   -0.74  0.30  0.60  

5  1167.11  211.19  -210.29  
   -0.34  -0.91  0.24  
   -0.19  -0.19  -0.96  
   0.92  -0.38  -0.11  

3  1222.03  -16.07  -10.72  
   -0.64  0.13  -0.75  
   -0.06  -0.99  -0.13  
   -0.76  -0.04  0.64  

6  1178.72  214.76  -454.52  
   0.07  0.94  0.32  
   -0.07  0.33  -0.94  
   -0.99  0.05  0.09  

9  1206.40  -247.35  -474.17  
   0.39  -0.79  0.47  
   0.01  0.52  0.86  
   -0.92  -0.33  0.21  

8  1135.41  -225.03  -222.35  
   -0.31  0.73  0.61  
   0.32  -0.52  0.79  
   0.89  0.44  -0.07  

7  1068.44  -114.75  -75.46  
   0.49  0.17  0.85  
   -0.30  0.95  -0.02  
   -0.82  -0.24  0.52  

2  857.25  -40.63  574.18  
   0.84  -0.54  0.01  
   0.54  0.84  0.06  
   -0.04  -0.04  1.00  

3  1225.15  -14.73  -8.04  
   -0.62  0.14  -0.77  
   -0.06  -0.99  -0.13  
   -0.78  -0.04  0.62  

4  1085.85  98.23  -87.51  
   0.49  -0.41  0.77  
   0.48  0.87  0.15  
   -0.73  0.29  0.62  

5  1184.52  212.08  -206.72  
   -0.41  -0.89  0.23  
   -0.19  -0.16  -0.97  
   0.89  -0.44  -0.10  

6  1211.76  217.44  -446.93  
   0.14  0.94  0.30  
   -0.06  0.32  -0.95  
   -0.99  0.12  0.10  

8  1150.14  -222.35  -220.56  
   -0.37  0.71  0.60  
   0.31  -0.51  0.80  
   0.88  0.48  -0.04  

7  1074.24  -114.75  -76.80  
   0.52  0.17  0.84  
   -0.29  0.96  -0.01  
   -0.81  -0.24  0.54  

9  1231.40  -243.33  -468.36  
   0.44  -0.77  0.46  
   0.01  0.52  0.85  
   -0.90  -0.37  0.24  

3  1229.17  -13.84  -4.91  
   -0.61  0.13  -0.78  
   -0.06  -0.99  -0.12  
   -0.79  -0.03  0.61  

2  857.25  -40.63  573.73  
   0.84  -0.54  0.01  
   0.54  0.84  0.06  
   -0.04  -0.04  1.00  

4  1092.99  99.12  -88.40  
   0.52  -0.40  0.75  
   0.47  0.87  0.14  
   -0.71  0.28  0.64  

5  1199.26  211.63  -202.26  
   -0.46  -0.86  0.21  
   -0.18  -0.14  -0.97  
   0.87  -0.49  -0.09  

8  1163.98  -222.35  -219.67  
   -0.41  0.70  0.59  
   0.31  -0.50  0.81  
   0.86  0.51  -0.01  

6  1239.44  216.99  -441.13  
   0.20  0.93  0.30  
   -0.06  0.31  -0.95  
   -0.98  0.17  0.12  

9  1255.51  -240.66  -459.88  
   0.49  -0.75  0.45  
   0.01  0.52  0.86  
   -0.87  -0.41  0.26  

7  1080.05  -115.64  -79.03  
   0.54  0.16  0.83  
   -0.29  0.96  -0.00  
   -0.79  -0.24  0.56  

4  1097.46  99.57  -88.85  
   0.55  -0.40  0.74  
   0.46  0.88  0.14  
   -0.70  0.26  0.66  

2  857.25  -40.63  574.18  
   0.84  -0.54  0.01  
   0.54  0.84  0.06  
   -0.04  -0.04  1.00  

5  1212.65  212.08  -196.45  
   -0.52  -0.83  0.21  
   -0.18  -0.13  -0.97  
   0.84  -0.54  -0.08  

3  1231.40  -13.84  -3.13  
   -0.60  0.14  -0.79  
   -0.06  -0.99  -0.12  
   -0.80  -0.03  0.60  

6  1266.23  214.31  -432.20  
   0.26  0.92  0.29  
   -0.06  0.32  -0.95  
   -0.96  0.23  0.14  

9  1281.41  -238.87  -451.84  
   0.53  -0.74  0.42  
   0.02  0.50  0.86  
   -0.85  -0.45  0.28  

8  1179.61  -223.69  -215.65  
   -0.47  0.68  0.56  
   0.30  -0.47  0.83  
   0.83  0.55  0.02  

7  1085.85  -116.98  -79.92  
   0.56  0.15  0.81  
   -0.28  0.96  0.01  
   -0.78  -0.24  0.58  

2  857.25  -40.63  574.18  
   0.84  -0.54  0.01  
   0.54  0.84  0.06  
   -0.04  -0.04  1.00  

3  1232.30  -14.29  -0.89  
   -0.60  0.14  -0.79  
   -0.06  -0.99  -0.13  
   -0.80  -0.02  0.60  

5  1224.26  211.63  -188.42  
   -0.57  -0.80  0.20  
   -0.18  -0.12  -0.98  
   0.80  -0.59  -0.08  

4  1101.92  100.46  -87.96  
   0.57  -0.40  0.72  
   0.46  0.88  0.12  
   -0.68  0.26  0.68  

6  1289.45  217.44  -419.25  
   0.33  0.90  0.28  
   -0.06  0.32  -0.95  
   -0.94  0.29  0.15  

8  1193.90  -224.58  -210.74  
   -0.52  0.67  0.53  
   0.29  -0.45  0.85  
   0.80  0.59  0.03  

9  1306.86  -238.87  -439.34  
   0.58  -0.72  0.39  
   0.02  0.49  0.87  
   -0.82  -0.49  0.30  

7  1089.87  -120.10  -81.26  
   0.58  0.14  0.80  
   -0.27  0.96  0.03  
   -0.77  -0.24  0.60  

2  857.25  -40.63  574.18  
   0.84  -0.54  0.01  
   0.54  0.84  0.06  
   -0.04  -0.04  1.00  

3  1233.19  -15.18  0.45  
   -0.59  0.14  -0.79  
   -0.07  -0.99  -0.13  
   -0.80  -0.02  0.59  

4  1105.94  101.80  -88.40  
   0.59  -0.39  0.71  
   0.46  0.88  0.11  
   -0.67  0.26  0.70  

5  1237.21  212.08  -180.38  
   -0.61  -0.77  0.18  
   -0.18  -0.09  -0.98  
   0.77  -0.64  -0.09  

6  1312.22  221.01  -406.75  
   0.38  0.89  0.26  
   -0.04  0.30  -0.95  
   -0.92  0.35  0.15  

7  1093.89  -122.78  -81.71  
   0.60  0.13  0.79  
   -0.27  0.96  0.05  
   -0.76  -0.24  0.61  

8  1207.74  -225.92  -204.04  
   -0.57  0.65  0.50  
   0.29  -0.42  0.86  
   0.77  0.64  0.05  

9  1329.63  -241.10  -428.18  
   0.62  -0.70  0.36  
   0.02  0.48  0.88  
   -0.79  -0.53  0.31  

2  857.25  -40.63  573.73  
   0.84  -0.54  0.01  
   0.54  0.84  0.06  
   -0.04  -0.04  1.00  

3  1234.53  -16.52  2.23  
   -0.58  0.15  -0.80  
   -0.08  -0.99  -0.13  
   -0.81  -0.01  0.59  

4  1110.41  102.69  -88.40  
   0.61  -0.39  0.69  
   0.46  0.88  0.09  
   -0.65  0.26  0.71  

7  1098.80  -125.02  -82.15  
   0.62  0.11  0.78  
   -0.26  0.96  0.07  
   -0.74  -0.25  0.62  

6  1332.76  225.92  -392.91  
   0.43  0.87  0.26  
   -0.03  0.30  -0.95  
   -0.90  0.40  0.16  

5  1247.03  214.31  -170.56  
   -0.66  -0.73  0.18  
   -0.20  -0.07  -0.98  
   0.72  -0.68  -0.10  

8  1218.90  -225.47  -197.35  
   -0.62  0.63  0.48  
   0.28  -0.39  0.88  
   0.74  0.67  0.06  

9  1353.29  -242.44  -413.44  
   0.66  -0.67  0.34  
   0.02  0.47  0.88  
   -0.75  -0.58  0.32  

2  857.25  -40.63  573.73  
   0.84  -0.54  0.01  
   0.54  0.84  0.06  
   -0.04  -0.04  1.00  

5  1255.51  217.44  -163.86  
   -0.69  -0.70  0.19  
   -0.21  -0.06  -0.98  
   0.69  -0.71  -0.10  

4  1114.87  104.03  -86.62  
   0.62  -0.39  0.68  
   0.47  0.88  0.08  
   -0.63  0.27  0.73  

6  1349.72  228.60  -380.40  
   0.47  0.84  0.25  
   -0.02  0.30  -0.95  
   -0.88  0.44  0.16  

3  1236.76  -16.97  4.46  
   -0.58  0.15  -0.80  
   -0.08  -0.99  -0.13  
   -0.81  -0.01  0.58  

7  1104.60  -127.25  -82.60  
   0.64  0.11  0.76  
   -0.26  0.96  0.08  
   -0.73  -0.25  0.64  

8  1232.30  -228.60  -190.20  
   -0.65  0.60  0.46  
   0.28  -0.37  0.89  
   0.70  0.71  0.07  

9  1374.28  -242.44  -399.16  
   0.69  -0.65  0.31  
   0.02  0.45  0.89  
   -0.72  -0.61  0.33  

2  857.25  -40.63  574.18  
   0.84  -0.54  0.01  
   0.54  0.84  0.06  
   -0.04  -0.04  1.00  

3  1238.99  -15.63  7.14  
   -0.57  0.15  -0.81  
   -0.09  -0.99  -0.13  
   -0.82  -0.00  0.58  

4  1118.89  105.82  -86.17  
   0.64  -0.39  0.66  
   0.47  0.88  0.07  
   -0.61  0.27  0.75  

5  1262.21  220.12  -153.14  
   -0.72  -0.67  0.19  
   -0.21  -0.05  -0.98  
   0.66  -0.74  -0.11  

6  1363.56  236.64  -366.56  
   0.51  0.82  0.26  
   -0.01  0.30  -0.95  
   -0.86  0.48  0.16  

8  1242.12  -229.05  -184.84  
   -0.69  0.58  0.44  
   0.28  -0.34  0.90  
   0.67  0.74  0.07  

7  1109.07  -128.14  -82.15  
   0.65  0.10  0.75  
   -0.26  0.96  0.10  
   -0.71  -0.26  0.65  

9  1392.14  -245.12  -382.64  
   0.73  -0.62  0.29  
   0.02  0.44  0.90  
   -0.69  -0.65  0.33  

2  857.25  -40.63  573.73  
   0.84  -0.54  0.01  
   0.54  0.84  0.06  
   -0.04  -0.04  1.00  

3  1239.89  -15.63  8.04  
   -0.57  0.15  -0.81  
   -0.09  -0.99  -0.13  
   -0.82  0.00  0.58  

4  1122.02  108.50  -84.39  
   0.65  -0.40  0.65  
   0.48  0.88  0.05  
   -0.59  0.28  0.76  

5  1271.14  222.35  -144.21  
   -0.75  -0.64  0.19  
   -0.22  -0.03  -0.97  
   0.63  -0.77  -0.12  

6  1380.08  241.10  -350.94  
   0.55  0.80  0.24  
   0.00  0.29  -0.96  
   -0.84  0.52  0.15  

7  1112.64  -130.82  -82.15  
   0.66  0.10  0.74  
   -0.26  0.96  0.11  
   -0.70  -0.27  0.66  

8  1252.39  -232.62  -176.81  
   -0.72  0.56  0.42  
   0.28  -0.31  0.91  
   0.63  0.77  0.07  

9  1410.44  -250.48  -366.12  
   0.76  -0.59  0.27  
   0.01  0.42  0.91  
   -0.65  -0.68  0.33  

2  857.25  -41.08  574.18  
   0.84  -0.54  0.01  
   0.54  0.84  0.06  
   -0.04  -0.04  1.00  

3  1240.78  -15.63  9.38  
   -0.57  0.15  -0.81  
   -0.09  -0.99  -0.12  
   -0.82  0.00  0.57  

5  1280.07  225.47  -133.50  
   -0.78  -0.60  0.18  
   -0.23  -0.00  -0.97  
   0.58  -0.80  -0.14  

4  1125.14  110.73  -83.05  
   0.66  -0.39  0.64  
   0.49  0.87  0.03  
   -0.57  0.29  0.77  

8  1263.55  -235.30  -166.09  
   -0.76  0.52  0.39  
   0.28  -0.28  0.92  
   0.59  0.81  0.06  

6  1398.84  247.35  -331.29  
   0.59  0.77  0.23  
   0.02  0.27  -0.96  
   -0.80  0.58  0.15  

7  1115.32  -133.50  -81.71  
   0.68  0.09  0.73  
   -0.27  0.95  0.13  
   -0.69  -0.28  0.67  

9  1428.75  -254.05  -347.36  
   0.79  -0.56  0.24  
   0.01  0.40  0.92  
   -0.61  -0.73  0.32  

2  857.25  -41.08  573.73  
   0.84  -0.54  0.01  
   0.54  0.84  0.06  
   -0.04  -0.04  1.00  

4  1129.16  114.30  -80.81  
   0.68  -0.40  0.62  
   0.50  0.86  0.00  
   -0.54  0.31  0.79  

5  1288.55  227.71  -117.87  
   -0.82  -0.54  0.18  
   -0.24  0.03  -0.97  
   0.52  -0.84  -0.15  

3  1241.23  -15.63  10.72  
   -0.57  0.15  -0.81  
   -0.10  -0.99  -0.12  
   -0.82  0.01  0.57  

6  1419.37  254.05  -303.61  
   0.65  0.73  0.21  
   0.04  0.25  -0.97  
   -0.76  0.64  0.14  

9  1451.97  -258.96  -316.56  
   0.84  -0.51  0.20  
   0.00  0.38  0.93  
   -0.55  -0.77  0.32  

8  1274.27  -236.19  -150.47  
   -0.80  0.47  0.36  
   0.28  -0.24  0.93  
   0.52  0.85  0.06  

7  1119.78  -135.73  -81.26  
   0.69  0.08  0.72  
   -0.27  0.95  0.16  
   -0.67  -0.30  0.68  

2  857.25  -40.63  574.18  
   0.84  -0.54  0.01  
   0.54  0.84  0.06  
   -0.04  -0.04  1.00  

4  1134.96  119.21  -77.24  
   0.69  -0.40  0.60  
   0.52  0.85  -0.03  
   -0.50  0.33  0.80  

3  1243.91  -15.63  13.84  
   -0.57  0.15  -0.81  
   -0.10  -0.99  -0.11  
   -0.82  0.02  0.58  

6  1444.38  265.66  -266.55  
   0.72  0.66  0.21  
   0.06  0.24  -0.97  
   -0.69  0.71  0.14  

5  1299.27  233.06  -97.78  
   -0.86  -0.47  0.19  
   -0.25  0.06  -0.97  
   0.44  -0.88  -0.17  

7  1125.14  -138.86  -80.37  
   0.71  0.08  0.70  
   -0.28  0.94  0.18  
   -0.65  -0.32  0.69  

8  1287.21  -239.32  -135.28  
   -0.84  0.42  0.34  
   0.28  -0.20  0.94  
   0.46  0.89  0.06  

9  1476.08  -261.19  -284.41  
   0.88  -0.44  0.17  
   -0.00  0.36  0.93  
   -0.47  -0.82  0.32  

2  857.25  -40.63  574.18  
   0.84  -0.54  0.01  
   0.54  0.84  0.06  
   -0.04  -0.04  1.00  

4  1142.55  125.02  -73.22  
   0.71  -0.41  0.58  
   0.54  0.84  -0.07  
   -0.45  0.36  0.81  

3  1246.58  -15.18  16.07  
   -0.57  0.14  -0.81  
   -0.11  -0.99  -0.10  
   -0.82  0.03  0.58  

7  1130.94  -141.54  -79.92  
   0.72  0.08  0.69  
   -0.29  0.94  0.20  
   -0.63  -0.34  0.70  

6  1469.38  273.69  -226.37  
   0.78  0.60  0.19  
   0.08  0.21  -0.98  
   -0.62  0.77  0.11  

5  1310.88  237.08  -74.12  
   -0.90  -0.39  0.20  
   -0.26  0.10  -0.96  
   0.36  -0.91  -0.20  

8  1299.72  -239.32  -118.76  
   -0.88  0.36  0.30  
   0.26  -0.16  0.95  
   0.39  0.92  0.05  

9  1497.96  -261.19  -248.25  
   0.92  -0.38  0.13  
   0.00  0.33  0.94  
   -0.40  -0.86  0.31  

2  857.25  -40.63  574.18  
   0.84  -0.54  0.01  
   0.54  0.84  0.06  
   -0.04  -0.04  1.00  

3  1249.26  -14.73  18.75  
   -0.57  0.14  -0.81  
   -0.10  -0.99  -0.09  
   -0.82  0.03  0.58  

4  1149.25  130.37  -68.76  
   0.72  -0.41  0.56  
   0.56  0.82  -0.12  
   -0.41  0.40  0.82  

6  1489.92  283.96  -178.15  
   0.83  0.53  0.16  
   0.11  0.14  -0.98  
   -0.54  0.84  0.06  

5  1322.93  241.10  -49.56  
   -0.93  -0.32  0.20  
   -0.27  0.17  -0.95  
   0.27  -0.93  -0.25  

7  1138.54  -142.88  -79.03  
   0.74  0.08  0.67  
   -0.30  0.93  0.23  
   -0.60  -0.37  0.71  

9  1519.83  -261.64  -208.06  
   0.95  -0.29  0.09  
   0.01  0.31  0.95  
   -0.31  -0.90  0.30  

8  1314.90  -242.44  -98.23  
   -0.92  0.28  0.28  
   0.26  -0.11  0.96  
   0.30  0.95  0.03  

3  1251.50  -13.39  20.54  
   -0.57  0.13  -0.81  
   -0.11  -0.99  -0.09  
   -0.82  0.03  0.58  

4  1155.06  137.07  -64.74  
   0.73  -0.42  0.54  
   0.58  0.80  -0.16  
   -0.37  0.43  0.83  

2  857.25  -41.08  574.18  
   0.84  -0.54  0.01  
   0.54  0.84  0.06  
   -0.04  -0.04  1.00  

5  1329.63  245.12  -21.88  
   -0.94  -0.24  0.22  
   -0.28  0.22  -0.94  
   0.18  -0.95  -0.27  

6  1506.44  294.23  -132.61  
   0.88  0.44  0.16  
   0.13  0.10  -0.99  
   -0.45  0.89  0.03  

9  1538.59  -265.66  -163.86  
   0.98  -0.21  0.06  
   0.00  0.30  0.95  
   -0.22  -0.93  0.29  

8  1326.06  -239.32  -76.35  
   -0.94  0.21  0.26  
   0.24  -0.08  0.97  
   0.22  0.97  0.03  

7  1145.23  -146.45  -77.24  
   0.76  0.08  0.65  
   -0.32  0.91  0.26  
   -0.57  -0.41  0.72  

2  857.25  -40.63  574.18  
   0.84  -0.54  0.01  
   0.54  0.84  0.06  
   -0.04  -0.04  1.00  

5  1333.65  247.80  1.79  
   -0.96  -0.17  0.24  
   -0.28  0.26  -0.93  
   0.10  -0.95  -0.29  

3  1253.28  -12.95  22.32  
   -0.57  0.14  -0.81  
   -0.11  -0.99  -0.09  
   -0.81  0.03  0.58  

4  1157.73  142.43  -59.38  
   0.73  -0.43  0.53  
   0.60  0.78  -0.20  
   -0.33  0.46  0.82  

6  1518.05  300.04  -87.06  
   0.92  0.36  0.16  
   0.14  0.07  -0.99  
   -0.37  0.93  0.01  

7  1149.70  -149.13  -75.46  
   0.77  0.09  0.63  
   -0.34  0.89  0.29  
   -0.54  -0.44  0.72  

9  1549.75  -265.66  -122.34  
   0.99  -0.12  0.03  
   0.01  0.28  0.96  
   -0.12  -0.95  0.28  

8  1332.31  -239.76  -54.92  
   -0.96  0.13  0.24  
   0.24  -0.04  0.97  
   0.13  0.99  0.01  

2  857.25  -41.08  574.18  
   0.84  -0.54  0.01  
   0.54  0.84  0.06  
   -0.04  -0.04  1.00  

4  1160.41  146.00  -53.58  
   0.73  -0.44  0.52  
   0.62  0.75  -0.24  
   -0.29  0.49  0.82  

3  1253.73  -10.72  24.56  
   -0.58  0.14  -0.80  
   -0.11  -0.99  -0.09  
   -0.81  0.03  0.59  

6  1524.30  304.50  -39.74  
   0.95  0.27  0.16  
   0.15  0.05  -0.99  
   -0.28  0.96  0.01  

5  1333.20  250.48  23.66  
   -0.96  -0.09  0.26  
   -0.28  0.28  -0.92  
   0.01  -0.96  -0.29  

7  1151.04  -150.91  -72.78  
   0.78  0.10  0.61  
   -0.37  0.87  0.32  
   -0.50  -0.48  0.72  

8  1334.54  -245.12  -33.93  
   -0.97  0.05  0.24  
   0.24  -0.01  0.97  
   0.05  1.00  0.00  

9  1558.23  -268.34  -72.33  
   1.00  -0.03  0.00  
   0.01  0.27  0.96  
   -0.03  -0.96  0.27  

2  857.25  -40.63  574.18  
   0.84  -0.54  0.01  
   0.54  0.84  0.06  
   -0.04  -0.04  1.00  

5  1330.52  254.50  53.13  
   -0.95  0.01  0.30  
   -0.28  0.30  -0.91  
   -0.10  -0.95  -0.29  

3  1253.73  -9.82  27.24  
   -0.59  0.15  -0.79  
   -0.12  -0.99  -0.09  
   -0.80  0.04  0.60  

6  1529.66  307.18  22.77  
   0.98  0.13  0.16  
   0.15  0.06  -0.99  
   -0.14  0.99  0.04  

4  1161.31  150.47  -48.22  
   0.73  -0.46  0.51  
   0.64  0.72  -0.27  
   -0.24  0.52  0.82  

7  1156.39  -156.72  -65.63  
   0.79  0.12  0.59  
   -0.41  0.83  0.38  
   -0.45  -0.55  0.71  

8  1334.54  -250.92  -2.68  
   -0.97  -0.06  0.25  
   0.25  0.01  0.97  
   -0.07  1.00  0.00  

9  1562.25  -274.59  -6.25  
   0.99  0.10  -0.03  
   -0.00  0.28  0.96  
   0.11  -0.95  0.28  

2  857.25  -41.08  574.18  
   0.84  -0.54  0.01  
   0.54  0.84  0.06  
   -0.04  -0.04  1.00  

4  1165.32  151.36  -45.54  
   0.72  -0.48  0.49  
   0.66  0.68  -0.30  
   -0.19  0.55  0.81  

3  1255.51  -10.27  28.13  
   -0.59  0.15  -0.79  
   -0.12  -0.99  -0.10  
   -0.80  0.04  0.60  

5  1326.06  254.94  82.60  
   -0.93  0.12  0.34  
   -0.28  0.33  -0.90  
   -0.22  -0.94  -0.27  

6  1525.64  312.54  83.05  
   0.99  -0.00  0.16  
   0.16  0.06  -0.99  
   -0.01  1.00  0.06  

7  1161.31  -162.52  -61.61  
   0.80  0.14  0.58  
   -0.44  0.79  0.42  
   -0.40  -0.60  0.70  

8  1338.11  -258.96  29.02  
   -0.95  -0.17  0.26  
   0.26  0.06  0.96  
   -0.18  0.98  -0.02  

9  1560.91  -284.41  58.49  
   0.97  0.24  -0.05  
   -0.01  0.23  0.97  
   0.24  -0.94  0.23  

2  856.80  -41.08  573.73  
   0.84  -0.54  0.01  
   0.54  0.84  0.06  
   -0.04  -0.04  1.00  

3  1257.75  -12.06  30.36  
   -0.59  0.15  -0.79  
   -0.13  -0.99  -0.10  
   -0.80  0.04  0.60  

4  1170.24  153.59  -40.63  
   0.72  -0.50  0.47  
   0.68  0.66  -0.32  
   -0.15  0.55  0.82  

5  1322.93  251.37  108.50  
   -0.91  0.21  0.36  
   -0.27  0.37  -0.89  
   -0.32  -0.91  -0.28  

6  1518.05  310.75  139.75  
   0.98  -0.13  0.16  
   0.17  0.03  -0.99  
   0.12  0.99  0.05  

7  1165.77  -166.99  -55.81  
   0.81  0.17  0.56  
   -0.47  0.75  0.47  
   -0.34  -0.64  0.69  

8  1335.43  -258.51  59.83  
   -0.92  -0.27  0.27  
   0.25  0.11  0.96  
   -0.29  0.96  -0.03  

9  1550.64  -290.66  121.00  
   0.93  0.35  -0.05  
   -0.02  0.20  0.98  
   0.36  -0.92  0.19  

5  1318.47  246.91  130.37  
   -0.88  0.29  0.37  
   -0.24  0.40  -0.88  
   -0.41  -0.87  -0.28  

4  1174.70  154.93  -35.72  
   0.72  -0.52  0.45  
   0.68  0.64  -0.35  
   -0.11  0.56  0.82  

2  856.80  -41.08  573.73  
   0.84  -0.54  0.01  
   0.54  0.84  0.06  
   -0.04  -0.04  1.00  

3  1260.43  -13.84  31.25  
   -0.59  0.16  -0.79  
   -0.13  -0.99  -0.09  
   -0.79  0.05  0.60  

6  1511.80  306.73  186.18  
   0.96  -0.23  0.16  
   0.16  -0.00  -0.99  
   0.22  0.97  0.04  

7  1170.24  -171.45  -50.45  
   0.82  0.19  0.54  
   -0.50  0.71  0.50  
   -0.29  -0.68  0.68  

9  1543.50  -291.55  167.88  
   0.90  0.44  -0.06  
   -0.01  0.17  0.99  
   0.44  -0.88  0.15  

8  1332.31  -259.85  86.17  
   -0.89  -0.35  0.28  
   0.25  0.14  0.96  
   -0.38  0.92  -0.04  

2  857.25  -41.08  574.18  
   0.84  -0.54  0.01  
   0.54  0.84  0.06  
   -0.04  -0.04  1.00  

3  1262.21  -14.29  32.59  
   -0.59  0.16  -0.79  
   -0.14  -0.99  -0.09  
   -0.79  0.05  0.60  

6  1500.19  302.27  225.92  
   0.94  -0.32  0.15  
   0.15  -0.02  -0.99  
   0.31  0.95  0.03  

7  1172.47  -175.02  -45.99  
   0.82  0.22  0.53  
   -0.52  0.68  0.53  
   -0.24  -0.70  0.67  

5  1314.45  244.23  147.79  
   -0.85  0.36  0.39  
   -0.23  0.41  -0.88  
   -0.48  -0.84  -0.27  

4  1178.27  154.93  -33.49  
   0.73  -0.53  0.43  
   0.68  0.63  -0.37  
   -0.08  0.56  0.82  

8  1326.06  -259.41  109.39  
   -0.86  -0.42  0.29  
   0.24  0.18  0.95  
   -0.45  0.89  -0.05  

9  1529.21  -290.66  213.87  
   0.86  0.51  -0.06  
   -0.00  0.11  0.99  
   0.52  -0.85  0.10  

2  856.80  -41.08  573.73  
   0.84  -0.54  0.01  
   0.54  0.84  0.06  
   -0.04  -0.04  1.00  

4  1179.17  156.72  -31.25  
   0.73  -0.54  0.42  
   0.69  0.62  -0.38  
   -0.06  0.56  0.82  

3  1263.10  -15.18  33.49  
   -0.59  0.16  -0.79  
   -0.14  -0.99  -0.09  
   -0.79  0.06  0.60  

5  1308.20  241.55  161.63  
   -0.82  0.42  0.40  
   -0.21  0.43  -0.88  
   -0.54  -0.80  -0.26  

6  1491.26  297.81  255.39  
   0.91  -0.38  0.15  
   0.14  -0.05  -0.99  
   0.38  0.92  0.01  

8  1320.25  -259.41  124.12  
   -0.83  -0.47  0.31  
   0.24  0.22  0.95  
   -0.51  0.86  -0.07  

7  1173.81  -176.36  -42.86  
   0.82  0.24  0.52  
   -0.53  0.65  0.54  
   -0.21  -0.72  0.66  

9  1513.58  -291.11  248.25  
   0.82  0.57  -0.04  
   -0.00  0.06  1.00  
   0.57  -0.82  0.05  

2  857.25  -40.63  574.18  
   0.84  -0.54  0.01  
   0.54  0.84  0.06  
   -0.04  -0.04  1.00  

4  1180.06  158.06  -28.57  
   0.72  -0.56  0.41  
   0.69  0.61  -0.39  
   -0.04  0.57  0.82  

3  1264.00  -14.73  34.38  
   -0.59  0.16  -0.79  
   -0.14  -0.99  -0.09  
   -0.79  0.06  0.61  

5  1298.38  239.76  173.68  
   -0.78  0.47  0.42  
   -0.20  0.45  -0.87  
   -0.60  -0.76  -0.26  

7  1175.15  -176.81  -38.84  
   0.83  0.25  0.50  
   -0.54  0.63  0.56  
   -0.17  -0.74  0.65  

6  1475.63  291.55  287.54  
   0.88  -0.45  0.16  
   0.14  -0.09  -0.99  
   0.46  0.89  -0.02  

8  1310.88  -258.96  143.32  
   -0.78  -0.52  0.33  
   0.23  0.25  0.94  
   -0.58  0.81  -0.07  

9  1497.96  -288.43  281.73  
   0.78  0.63  -0.03  
   0.01  0.03  1.00  
   0.63  -0.78  0.02  

3  1264.00  -14.29  35.27  
   -0.59  0.16  -0.79  
   -0.15  -0.98  -0.09  
   -0.79  0.06  0.61  

4  1180.06  158.50  -26.34  
   0.72  -0.57  0.40  
   0.70  0.59  -0.40  
   -0.00  0.57  0.82  

2  856.80  -41.08  574.18  
   0.84  -0.54  0.01  
   0.54  0.84  0.06  
   -0.04  -0.04  1.00  

5  1285.88  239.32  187.97  
   -0.72  0.52  0.45  
   -0.19  0.47  -0.86  
   -0.66  -0.71  -0.24  

6  1451.97  292.00  321.02  
   0.84  -0.52  0.17  
   0.13  -0.10  -0.99  
   0.53  0.85  -0.02  

8  1303.73  -258.51  154.48  
   -0.74  -0.58  0.34  
   0.22  0.27  0.94  
   -0.63  0.77  -0.07  

9  1480.10  -285.30  311.65  
   0.72  0.69  -0.02  
   0.02  0.01  1.00  
   0.69  -0.72  -0.00  

7  1175.15  -178.59  -37.06  
   0.83  0.27  0.49  
   -0.54  0.61  0.58  
   -0.14  -0.75  0.65  

2  857.25  -40.63  574.18  
   0.84  -0.54  0.01  
   0.54  0.84  0.06  
   -0.04  -0.04  1.00  

5  1268.91  237.98  202.26  
   -0.66  0.59  0.48  
   -0.19  0.48  -0.85  
   -0.73  -0.65  -0.21  

3  1264.44  -13.84  35.72  
   -0.59  0.16  -0.79  
   -0.15  -0.98  -0.09  
   -0.79  0.06  0.61  

4  1179.61  160.73  -22.32  
   0.71  -0.59  0.38  
   0.71  0.57  -0.42  
   0.03  0.57  0.82  

6  1422.95  291.55  354.96  
   0.78  -0.60  0.17  
   0.13  -0.12  -0.98  
   0.61  0.79  -0.02  

8  1288.55  -258.51  171.00  
   -0.68  -0.65  0.35  
   0.21  0.29  0.93  
   -0.70  0.71  -0.06  

9  1451.97  -284.86  349.60  
   0.66  0.75  -0.01  
   0.03  -0.01  1.00  
   0.75  -0.66  -0.03  

7  1175.15  -179.93  -33.49  
   0.82  0.29  0.49  
   -0.56  0.59  0.59  
   -0.12  -0.75  0.65  

2  857.25  -40.63  574.18  
   0.84  -0.54  0.01  
   0.54  0.84  0.06  
   -0.04  -0.04  1.00  

3  1264.44  -14.29  35.72  
   -0.59  0.17  -0.79  
   -0.15  -0.98  -0.10  
   -0.79  0.06  0.61  

4  1179.61  161.18  -21.43  
   0.70  -0.61  0.37  
   0.71  0.55  -0.43  
   0.06  0.57  0.82  

6  1399.28  289.32  381.30  
   0.73  -0.66  0.18  
   0.12  -0.13  -0.98  
   0.67  0.74  -0.02  

5  1253.28  236.19  212.53  
   -0.59  0.63  0.50  
   -0.19  0.50  -0.85  
   -0.78  -0.60  -0.18  

8  1273.37  -256.73  187.52  
   -0.61  -0.70  0.38  
   0.20  0.32  0.92  
   -0.77  0.64  -0.06  

7  1176.93  -181.27  -29.91  
   0.82  0.31  0.48  
   -0.57  0.57  0.59  
   -0.09  -0.76  0.64  

9  1418.48  -280.39  385.32  
   0.58  0.81  0.01  
   0.05  -0.04  1.00  
   0.81  -0.58  -0.07  

2  857.25  -40.63  574.18  
   0.84  -0.54  0.01  
   0.54  0.84  0.06  
   -0.04  -0.04  1.00  

4  1180.06  162.52  -19.20  
   0.69  -0.63  0.36  
   0.72  0.54  -0.44  
   0.08  0.56  0.82  

3  1264.89  -14.29  36.61  
   -0.59  0.17  -0.79  
   -0.15  -0.98  -0.10  
   -0.79  0.06  0.61  

7  1177.38  -181.72  -27.68  
   0.81  0.32  0.48  
   -0.58  0.56  0.60  
   -0.08  -0.76  0.64  

8  1259.98  -255.84  200.03  
   -0.54  -0.74  0.41  
   0.19  0.36  0.91  
   -0.82  0.57  -0.05  

6  1375.62  288.43  400.94  
   0.68  -0.70  0.19  
   0.12  -0.15  -0.98  
   0.72  0.69  -0.02  

5  1237.65  237.08  221.46  
   -0.53  0.66  0.53  
   -0.19  0.52  -0.83  
   -0.83  -0.54  -0.15  

9  1391.25  -276.82  410.32  
   0.52  0.85  0.04  
   0.06  -0.08  0.99  
   0.85  -0.52  -0.10  

2  857.25  -41.08  574.18  
   0.84  -0.54  0.01  
   0.54  0.84  0.06  
   -0.04  -0.04  1.00  

3  1265.78  -14.29  36.61  
   -0.59  0.17  -0.79  
   -0.15  -0.98  -0.10  
   -0.79  0.06  0.60  

4  1180.06  162.97  -16.97  
   0.68  -0.64  0.36  
   0.72  0.52  -0.45  
   0.10  0.57  0.82  

5  1226.05  233.51  225.47  
   -0.47  0.68  0.55  
   -0.18  0.54  -0.82  
   -0.86  -0.49  -0.13  

6  1350.62  285.75  419.25  
   0.63  -0.75  0.20  
   0.11  -0.16  -0.98  
   0.77  0.64  -0.02  

8  1247.48  -258.07  206.28  
   -0.49  -0.76  0.43  
   0.19  0.39  0.90  
   -0.85  0.52  -0.05  

9  1365.80  -279.50  427.29  
   0.47  0.88  0.06  
   0.07  -0.11  0.99  
   0.88  -0.47  -0.11  

7  1176.93  -183.51  -26.79  
   0.81  0.34  0.48  
   -0.59  0.55  0.59  
   -0.06  -0.76  0.65  

2  857.25  -41.08  574.18  
   0.84  -0.54  0.01  
   0.54  0.84  0.06  
   -0.04  -0.04  1.00  

4  1177.83  164.75  -13.84  
   0.67  -0.66  0.35  
   0.73  0.50  -0.46  
   0.13  0.56  0.82  

3  1266.23  -13.84  37.95  
   -0.58  0.18  -0.79  
   -0.15  -0.98  -0.11  
   -0.80  0.06  0.60  

5  1206.85  231.28  232.17  
   -0.41  0.70  0.58  
   -0.18  0.57  -0.80  
   -0.90  -0.43  -0.11  

6  1323.38  281.73  436.22  
   0.58  -0.79  0.18  
   0.09  -0.16  -0.98  
   0.81  0.59  -0.01  

7  1176.93  -184.40  -25.00  
   0.80  0.37  0.48  
   -0.60  0.55  0.58  
   -0.05  -0.75  0.66  

8  1233.19  -257.18  214.31  
   -0.43  -0.78  0.45  
   0.18  0.42  0.89  
   -0.88  0.47  -0.04  

9  1343.92  -275.48  442.02  
   0.43  0.90  0.07  
   0.08  -0.12  0.99  
   0.90  -0.42  -0.13  

2  857.25  -40.63  574.18  
   0.84  -0.54  0.01  
   0.54  0.84  0.06  
   -0.04  -0.04  1.00  

3  1267.12  -12.95  38.40  
   -0.58  0.18  -0.80  
   -0.15  -0.98  -0.12  
   -0.80  0.05  0.59  

5  1192.11  230.39  237.08  
   -0.35  0.71  0.61  
   -0.17  0.59  -0.79  
   -0.92  -0.38  -0.09  

4  1176.93  165.20  -12.50  
   0.66  -0.67  0.34  
   0.74  0.49  -0.46  
   0.15  0.56  0.82  

6  1300.16  278.16  448.72  
   0.53  -0.82  0.18  
   0.08  -0.17  -0.98  
   0.84  0.54  -0.02  

8  1222.03  -256.28  219.22  
   -0.38  -0.80  0.47  
   0.18  0.44  0.88  
   -0.91  0.42  -0.03  

9  1322.04  -276.37  452.74  
   0.38  0.92  0.09  
   0.09  -0.13  0.99  
   0.92  -0.37  -0.14  

7  1177.83  -185.74  -24.56  
   0.79  0.38  0.48  
   -0.61  0.55  0.57  
   -0.04  -0.74  0.67  

2  857.25  -41.08  573.73  
   0.84  -0.54  0.01  
   0.54  0.84  0.06  
   -0.04  -0.04  1.00  

3  1267.12  -12.50  37.95  
   -0.57  0.19  -0.80  
   -0.15  -0.98  -0.12  
   -0.80  0.05  0.59  

4  1175.59  166.54  -11.16  
   0.65  -0.68  0.34  
   0.74  0.48  -0.47  
   0.16  0.56  0.82  

6  1279.18  274.59  457.65  
   0.50  -0.85  0.20  
   0.08  -0.19  -0.98  
   0.86  0.50  -0.02  

5  1180.50  227.26  239.32  
   -0.30  0.70  0.65  
   -0.17  0.63  -0.76  
   -0.94  -0.34  -0.07  

7  1177.38  -184.40  -23.22  
   0.79  0.39  0.47  
   -0.61  0.55  0.57  
   -0.04  -0.74  0.68  

9  1299.72  -281.73  457.65  
   0.34  0.94  0.09  
   0.09  -0.13  0.99  
   0.94  -0.33  -0.12  

8  1213.54  -255.84  220.12  
   -0.33  -0.81  0.48  
   0.18  0.45  0.88  
   -0.93  0.37  -0.00  

3  1267.12  -12.50  37.95  
   -0.57  0.19  -0.80  
   -0.15  -0.98  -0.12  
   -0.81  0.05  0.59  

4  1175.59  166.99  -11.16  
   0.64  -0.68  0.34  
   0.75  0.47  -0.47  
   0.16  0.56  0.82  

2  857.25  -41.08  574.18  
   0.84  -0.54  0.01  
   0.54  0.84  0.06  
   -0.04  -0.04  1.00  

5  1169.79  223.24  241.10  
   -0.26  0.68  0.68  
   -0.16  0.67  -0.73  
   -0.95  -0.30  -0.06  

6  1262.21  270.12  462.11  
   0.46  -0.86  0.22  
   0.08  -0.20  -0.98  
   0.88  0.47  -0.03  

7  1177.83  -184.40  -22.77  
   0.79  0.40  0.47  
   -0.61  0.55  0.56  
   -0.04  -0.73  0.68  

8  1202.83  -257.18  221.90  
   -0.28  -0.83  0.49  
   0.18  0.45  0.87  
   -0.94  0.33  0.02  

9  1280.07  -282.18  464.34  
   0.28  0.95  0.09  
   0.08  -0.11  0.99  
   0.95  -0.27  -0.11  

2  857.25  -41.08  573.73  
   0.84  -0.54  0.01  
   0.54  0.84  0.06  
   -0.04  -0.04  1.00  

3  1267.12  -12.50  37.95  
   -0.57  0.19  -0.80  
   -0.15  -0.98  -0.12  
   -0.81  0.05  0.59  

4  1176.49  166.99  -11.16  
   0.64  -0.69  0.34  
   0.75  0.47  -0.46  
   0.16  0.55  0.82  

5  1163.54  220.12  239.76  
   -0.22  0.67  0.71  
   -0.16  0.69  -0.70  
   -0.96  -0.27  -0.05  

6  1245.69  271.91  466.13  
   0.43  -0.87  0.23  
   0.09  -0.21  -0.97  
   0.90  0.44  -0.01  

7  1177.38  -184.84  -22.77  
   0.78  0.41  0.47  
   -0.62  0.55  0.55  
   -0.04  -0.72  0.69  

8  1192.11  -258.07  221.01  
   -0.23  -0.83  0.50  
   0.18  0.47  0.86  
   -0.96  0.29  0.04  

9  1258.64  -289.32  466.58  
   0.24  0.96  0.12  
   0.07  -0.14  0.99  
   0.97  -0.23  -0.11  

2  857.25  -41.08  573.73  
   0.84  -0.54  0.01  
   0.54  0.84  0.06  
   -0.04  -0.04  1.00  

4  1176.93  166.99  -11.61  
   0.63  -0.69  0.35  
   0.76  0.46  -0.46  
   0.16  0.55  0.82  

3  1267.57  -12.95  37.95  
   -0.57  0.19  -0.80  
   -0.15  -0.98  -0.13  
   -0.81  0.05  0.59  

5  1156.39  218.33  238.87  
   -0.19  0.66  0.73  
   -0.16  0.71  -0.68  
   -0.97  -0.25  -0.03  

6  1230.51  273.25  468.81  
   0.40  -0.88  0.25  
   0.10  -0.23  -0.97  
   0.91  0.41  -0.00  

7  1177.38  -185.29  -23.66  
   0.78  0.41  0.47  
   -0.63  0.56  0.55  
   -0.04  -0.72  0.69  

9  1243.46  -287.98  468.36  
   0.20  0.97  0.12  
   0.08  -0.14  0.99  
   0.98  -0.19  -0.10  

8  1185.42  -258.96  220.56  
   -0.19  -0.84  0.51  
   0.18  0.48  0.86  
   -0.97  0.25  0.06  

2  857.25  -40.63  574.18  
   0.84  -0.54  0.01  
   0.54  0.84  0.06  
   -0.04  -0.04  1.00  

3  1267.57  -12.95  38.40  
   -0.57  0.19  -0.80  
   -0.15  -0.98  -0.13  
   -0.81  0.05  0.59  

4  1176.04  167.88  -11.61  
   0.62  -0.70  0.35  
   0.76  0.46  -0.45  
   0.16  0.55  0.82  

5  1150.14  216.99  236.64  
   -0.16  0.65  0.75  
   -0.17  0.73  -0.67  
   -0.97  -0.23  -0.01  

6  1219.80  274.59  468.36  
   0.37  -0.89  0.26  
   0.11  -0.24  -0.96  
   0.92  0.39  0.01  

7  1177.38  -185.29  -24.11  
   0.78  0.42  0.47  
   -0.63  0.56  0.54  
   -0.04  -0.72  0.69  

8  1179.61  -257.18  220.12  
   -0.16  -0.84  0.52  
   0.18  0.49  0.85  
   -0.97  0.23  0.07  

9  1230.51  -289.77  469.70  
   0.18  0.97  0.14  
   0.07  -0.15  0.99  
   0.98  -0.17  -0.10  

4  1176.49  167.43  -12.95  
   0.62  -0.70  0.34  
   0.77  0.46  -0.45  
   0.16  0.54  0.83  

3  1267.57  -12.95  38.84  
   -0.57  0.19  -0.80  
   -0.15  -0.98  -0.13  
   -0.81  0.05  0.59  

2  857.25  -40.63  574.18  
   0.84  -0.54  0.01  
   0.54  0.84  0.06  
   -0.04  -0.04  1.00  

5  1144.34  219.67  234.85  
   -0.14  0.64  0.76  
   -0.17  0.74  -0.65  
   -0.97  -0.22  0.01  

6  1209.97  277.27  468.36  
   0.35  -0.89  0.28  
   0.12  -0.26  -0.96  
   0.93  0.37  0.02  

7  1176.93  -184.40  -23.66  
   0.77  0.42  0.47  
   -0.63  0.56  0.54  
   -0.04  -0.72  0.70  

8  1174.25  -257.62  220.56  
   -0.14  -0.84  0.52  
   0.19  0.50  0.85  
   -0.97  0.21  0.09  

9  1221.58  -291.55  470.15  
   0.16  0.98  0.15  
   0.06  -0.16  0.99  
   0.98  -0.15  -0.09  

4  1176.93  168.32  -13.84  
   0.62  -0.71  0.34  
   0.77  0.46  -0.44  
   0.15  0.54  0.83  

2  856.80  -41.08  574.18  
   0.84  -0.54  0.01  
   0.54  0.84  0.06  
   -0.04  -0.04  1.00  

3  1266.68  -13.39  38.40  
   -0.57  0.19  -0.80  
   -0.15  -0.98  -0.12  
   -0.81  0.05  0.59  

5  1140.77  220.12  233.51  
   -0.12  0.63  0.77  
   -0.17  0.75  -0.64  
   -0.98  -0.21  0.02  

6  1202.83  279.50  466.13  
   0.34  -0.89  0.30  
   0.13  -0.27  -0.95  
   0.93  0.36  0.03  

7  1175.15  -184.84  -23.22  
   0.77  0.43  0.48  
   -0.64  0.55  0.53  
   -0.04  -0.71  0.70  

8  1171.58  -257.18  219.22  
   -0.13  -0.84  0.53  
   0.19  0.51  0.84  
   -0.97  0.21  0.10  

9  1213.99  -296.91  469.70  
   0.14  0.98  0.17  
   0.04  -0.18  0.98  
   0.99  -0.14  -0.06  

2  857.25  -41.08  574.18  
   0.84  -0.54  0.01  
   0.54  0.84  0.06  
   -0.04  -0.04  1.00  

3  1266.23  -13.84  38.40  
   -0.57  0.18  -0.80  
   -0.15  -0.98  -0.12  
   -0.81  0.05  0.59  

4  1177.38  168.32  -14.29  
   0.62  -0.71  0.34  
   0.77  0.47  -0.44  
   0.15  0.53  0.83  

6  1199.26  279.50  467.02  
   0.33  -0.90  0.30  
   0.13  -0.27  -0.95  
   0.94  0.35  0.03  

5  1139.87  218.78  233.96  
   -0.11  0.63  0.77  
   -0.17  0.75  -0.64  
   -0.98  -0.21  0.02  

7  1173.36  -184.40  -23.66  
   0.76  0.43  0.48  
   -0.64  0.55  0.53  
   -0.04  -0.71  0.70  

8  1168.90  -257.62  219.67  
   -0.12  -0.83  0.54  
   0.20  0.51  0.83  
   -0.97  0.21  0.10  

9  1211.31  -298.25  468.81  
   0.14  0.97  0.17  
   0.04  -0.18  0.98  
   0.99  -0.13  -0.06  

2  857.25  -41.08  574.18  
   0.84  -0.54  0.01  
   0.54  0.84  0.06  
   -0.04  -0.04  1.00  

4  1176.93  168.77  -13.84  
   0.62  -0.71  0.34  
   0.77  0.47  -0.44  
   0.15  0.53  0.83  

3  1265.78  -13.39  37.95  
   -0.57  0.18  -0.80  
   -0.14  -0.98  -0.12  
   -0.81  0.05  0.59  

6  1200.15  279.05  467.47  
   0.33  -0.89  0.30  
   0.13  -0.27  -0.95  
   0.93  0.35  0.03  

5  1140.32  218.78  233.96  
   -0.12  0.63  0.77  
   -0.17  0.75  -0.64  
   -0.98  -0.21  0.02  

8  1169.34  -258.07  219.22  
   -0.12  -0.83  0.54  
   0.20  0.51  0.83  
   -0.97  0.21  0.10  

7  1172.91  -184.40  -24.11  
   0.76  0.43  0.48  
   -0.65  0.55  0.52  
   -0.04  -0.71  0.70  

9  1213.10  -297.81  468.36  
   0.15  0.97  0.17  
   0.04  -0.18  0.98  
   0.99  -0.14  -0.06  

2  856.80  -41.08  574.18  
   0.84  -0.54  0.01  
   0.54  0.84  0.06  
   -0.04  -0.04  1.00  

5  1142.55  219.22  235.30  
   -0.12  0.64  0.76  
   -0.16  0.74  -0.65  
   -0.98  -0.21  0.01  

4  1176.49  169.22  -13.84  
   0.62  -0.70  0.34  
   0.77  0.47  -0.44  
   0.15  0.53  0.83  

6  1204.17  277.71  467.92  
   0.34  -0.89  0.30  
   0.12  -0.27  -0.95  
   0.93  0.36  0.02  

3  1265.78  -13.39  37.95  
   -0.57  0.18  -0.80  
   -0.14  -0.98  -0.12  
   -0.81  0.05  0.59  

7  1172.91  -183.95  -24.11  
   0.76  0.43  0.48  
   -0.65  0.56  0.52  
   -0.04  -0.71  0.70  

8  1172.47  -256.28  220.12  
   -0.14  -0.84  0.52  
   0.19  0.50  0.85  
   -0.97  0.21  0.09  

9  1218.01  -294.68  468.36  
   0.16  0.97  0.16  
   0.04  -0.17  0.98  
   0.99  -0.15  -0.07  

2  856.80  -41.08  573.73  
   0.84  -0.54  0.01  
   0.54  0.84  0.06  
   -0.04  -0.04  1.00  

3  1265.78  -13.39  37.95  
   -0.57  0.18  -0.80  
   -0.14  -0.98  -0.12  
   -0.81  0.05  0.58  

4  1176.04  169.22  -14.29  
   0.62  -0.70  0.34  
   0.77  0.47  -0.44  
   0.15  0.53  0.83  

5  1143.00  219.67  234.85  
   -0.13  0.64  0.76  
   -0.16  0.74  -0.65  
   -0.98  -0.21  0.01  

6  1205.06  277.71  467.47  
   0.34  -0.89  0.30  
   0.12  -0.27  -0.96  
   0.93  0.36  0.02  

8  1173.36  -256.73  220.56  
   -0.14  -0.84  0.52  
   0.19  0.49  0.85  
   -0.97  0.21  0.09  

7  1172.47  -183.95  -24.11  
   0.76  0.43  0.48  
   -0.64  0.56  0.52  
   -0.04  -0.71  0.70  

9  1220.69  -293.79  468.81  
   0.16  0.97  0.16  
   0.05  -0.17  0.98  
   0.99  -0.15  -0.07  

2  856.80  -41.08  573.73  
   0.84  -0.54  0.01  
   0.54  0.84  0.06  
   -0.04  -0.04  1.00  

3  1265.78  -12.95  36.61  
   -0.57  0.18  -0.80  
   -0.14  -0.98  -0.12  
   -0.81  0.05  0.58  

4  1176.04  169.66  -14.29  
   0.63  -0.70  0.34  
   0.77  0.47  -0.44  
   0.15  0.53  0.83  

6  1206.40  278.16  467.47  
   0.35  -0.89  0.29  
   0.12  -0.27  -0.96  
   0.93  0.37  0.02  

5  1143.45  220.12  234.85  
   -0.13  0.64  0.76  
   -0.16  0.74  -0.65  
   -0.98  -0.21  0.01  

8  1173.81  -256.73  221.01  
   -0.14  -0.84  0.52  
   0.18  0.49  0.85  
   -0.97  0.22  0.08  

7  1172.02  -183.51  -24.11  
   0.76  0.43  0.48  
   -0.64  0.56  0.52  
   -0.05  -0.71  0.70  

9  1221.58  -292.89  468.81  
   0.17  0.97  0.16  
   0.05  -0.17  0.98  
   0.98  -0.16  -0.08  

3  1265.78  -13.39  36.61  
   -0.57  0.18  -0.80  
   -0.14  -0.98  -0.12  
   -0.81  0.05  0.58  

4  1176.04  169.66  -15.18  
   0.63  -0.70  0.34  
   0.77  0.47  -0.44  
   0.14  0.54  0.83  

5  1143.45  219.67  234.40  
   -0.13  0.64  0.76  
   -0.16  0.74  -0.65  
   -0.98  -0.21  0.01  

2  856.80  -41.08  573.73  
   0.84  -0.54  0.01  
   0.54  0.84  0.06  
   -0.04  -0.04  1.00  

6  1207.74  278.16  467.02  
   0.35  -0.89  0.29  
   0.12  -0.26  -0.96  
   0.93  0.37  0.02  

9  1222.03  -290.66  469.70  
   0.17  0.97  0.15  
   0.06  -0.17  0.98  
   0.98  -0.16  -0.08  

8  1174.25  -256.28  221.46  
   -0.14  -0.84  0.52  
   0.18  0.49  0.85  
   -0.97  0.21  0.08  

7  1172.02  -183.51  -24.11  
   0.76  0.43  0.48  
   -0.64  0.56  0.52  
   -0.05  -0.71  0.70  

2  856.80  -41.08  574.18  
   0.84  -0.54  0.01  
   0.54  0.84  0.06  
   -0.04  -0.04  1.00  

3  1266.23  -13.39  36.61  
   -0.56  0.18  -0.81  
   -0.14  -0.98  -0.12  
   -0.81  0.05  0.58  

4  1176.04  169.66  -15.63  
   0.63  -0.70  0.34  
   0.77  0.47  -0.43  
   0.14  0.53  0.83  

5  1144.79  219.67  234.85  
   -0.14  0.64  0.76  
   -0.16  0.74  -0.65  
   -0.98  -0.21  0.00  

6  1209.53  277.71  467.02  
   0.35  -0.89  0.29  
   0.12  -0.26  -0.96  
   0.93  0.37  0.01  

8  1174.25  -256.28  222.35  
   -0.15  -0.84  0.52  
   0.17  0.49  0.85  
   -0.97  0.21  0.07  

9  1222.92  -288.88  470.59  
   0.17  0.97  0.15  
   0.07  -0.16  0.98  
   0.98  -0.16  -0.09  

7  1172.02  -183.95  -25.00  
   0.76  0.43  0.48  
   -0.64  0.56  0.52  
   -0.05  -0.71  0.70  

2  856.80  -41.08  574.18  
   0.84  -0.54  0.01  
   0.54  0.84  0.06  
   -0.04  -0.04  1.00  

3  1266.68  -13.39  35.72  
   -0.56  0.18  -0.81  
   -0.14  -0.98  -0.12  
   -0.82  0.04  0.58  

6  1211.31  275.48  467.92  
   0.35  -0.89  0.28  
   0.11  -0.26  -0.96  
   0.93  0.37  0.01  

5  1146.13  219.22  235.74  
   -0.14  0.64  0.75  
   -0.15  0.74  -0.66  
   -0.98  -0.21  -0.00  

4  1176.49  169.66  -15.18  
   0.63  -0.70  0.34  
   0.77  0.47  -0.43  
   0.14  0.53  0.83  

7  1172.02  -183.95  -25.00  
   0.76  0.43  0.49  
   -0.64  0.56  0.52  
   -0.05  -0.71  0.70  

8  1175.15  -256.28  221.46  
   -0.15  -0.84  0.52  
   0.17  0.49  0.85  
   -0.97  0.22  0.07  

9  1224.71  -288.43  470.15  
   0.17  0.97  0.14  
   0.07  -0.16  0.98  
   0.98  -0.16  -0.09  

2  856.80  -40.63  574.18  
   0.84  -0.54  0.01  
   0.54  0.84  0.06  
   -0.04  -0.04  1.00  

4  1176.49  170.11  -15.63  
   0.63  -0.70  0.34  
   0.77  0.47  -0.43  
   0.14  0.53  0.83  

3  1267.12  -12.95  35.72  
   -0.56  0.18  -0.81  
   -0.14  -0.98  -0.13  
   -0.82  0.04  0.58  

6  1211.76  274.59  468.36  
   0.35  -0.89  0.28  
   0.11  -0.26  -0.96  
   0.93  0.37  0.01  

5  1147.02  218.78  236.19  
   -0.14  0.64  0.75  
   -0.15  0.74  -0.66  
   -0.98  -0.21  -0.01  

8  1176.04  -256.28  221.46  
   -0.15  -0.84  0.51  
   0.17  0.49  0.86  
   -0.97  0.22  0.07  

9  1226.94  -288.88  469.70  
   0.18  0.97  0.14  
   0.07  -0.16  0.99  
   0.98  -0.16  -0.09  

7  1172.02  -183.51  -25.00  
   0.76  0.43  0.48  
   -0.64  0.57  0.52  
   -0.05  -0.71  0.71  

2  856.80  -41.08  574.18  
   0.84  -0.54  0.01  
   0.54  0.84  0.06  
   -0.04  -0.04  1.00  

3  1267.12  -12.95  35.27  
   -0.56  0.18  -0.81  
   -0.14  -0.98  -0.13  
   -0.82  0.04  0.57  

4  1176.49  170.11  -15.63  
   0.63  -0.70  0.34  
   0.77  0.47  -0.43  
   0.14  0.53  0.83  

5  1147.02  219.22  236.19  
   -0.14  0.64  0.75  
   -0.15  0.74  -0.66  
   -0.98  -0.21  -0.01  

8  1176.04  -256.28  221.46  
   -0.16  -0.85  0.51  
   0.17  0.49  0.86  
   -0.97  0.22  0.07  

9  1226.94  -288.43  469.26  
   0.18  0.97  0.14  
   0.07  -0.15  0.99  
   0.98  -0.16  -0.09  

6  1212.21  275.03  468.81  
   0.35  -0.89  0.28  
   0.11  -0.26  -0.96  
   0.93  0.37  0.01  

7  1172.02  -183.51  -25.45  
   0.76  0.43  0.49  
   -0.64  0.57  0.52  
   -0.06  -0.71  0.71  

