2  856.36  -41.52  574.63  
   0.81  -0.58  0.02  
   0.58  0.81  0.05  
   -0.05  -0.03  1.00  

5  1135.41  239.32  207.17  
   -0.44  0.69  0.58  
   -0.21  0.55  -0.81  
   -0.87  -0.48  -0.09  

3  1200.60  -24.56  12.95  
   -0.56  0.21  -0.80  
   -0.12  -0.98  -0.17  
   -0.82  -0.00  0.58  

4  1082.28  162.52  -33.04  
   0.50  -0.75  0.44  
   0.86  0.35  -0.38  
   0.13  0.56  0.82  

6  1337.67  230.83  350.04  
   0.89  -0.44  -0.11  
   -0.23  -0.23  -0.95  
   0.39  0.87  -0.30  

9  1371.60  -239.32  332.63  
   0.85  0.23  -0.47  
   0.29  0.54  0.79  
   0.43  -0.81  0.39  

8  1152.82  -279.50  226.81  
   -0.50  -0.57  0.65  
   0.17  0.67  0.72  
   -0.85  0.47  -0.24  

7  1092.10  -207.17  -22.77  
   0.65  0.60  0.46  
   -0.75  0.41  0.52  
   0.12  -0.68  0.72  

2  856.36  -41.52  574.63  
   0.81  -0.58  0.02  
   0.58  0.81  0.05  
   -0.05  -0.03  1.00  

6  1337.67  230.83  350.04  
   0.89  -0.44  -0.11  
   -0.23  -0.23  -0.95  
   0.39  0.87  -0.30  

3  1200.60  -24.56  12.95  
   -0.56  0.21  -0.80  
   -0.12  -0.98  -0.17  
   -0.82  -0.00  0.58  

5  1134.96  239.32  207.17  
   -0.44  0.69  0.58  
   -0.21  0.55  -0.81  
   -0.87  -0.48  -0.09  

4  1082.28  162.07  -33.04  
   0.50  -0.75  0.44  
   0.86  0.35  -0.38  
   0.13  0.56  0.82  

7  1092.10  -207.17  -22.32  
   0.65  0.60  0.46  
   -0.75  0.41  0.52  
   0.12  -0.68  0.72  

9  1371.60  -239.76  332.63  
   0.85  0.23  -0.47  
   0.29  0.54  0.79  
   0.43  -0.81  0.39  

8  1152.82  -279.95  226.81  
   -0.50  -0.57  0.65  
   0.17  0.67  0.72  
   -0.85  0.47  -0.24  

2  856.36  -41.52  574.63  
   0.81  -0.58  0.02  
   0.58  0.81  0.05  
   -0.05  -0.03  1.00  

3  1200.60  -24.56  12.95  
   -0.56  0.21  -0.80  
   -0.12  -0.98  -0.17  
   -0.82  -0.00  0.58  

4  1082.28  162.07  -33.04  
   0.50  -0.75  0.44  
   0.86  0.35  -0.38  
   0.13  0.56  0.82  

6  1337.67  230.83  350.04  
   0.89  -0.44  -0.11  
   -0.23  -0.23  -0.95  
   0.39  0.87  -0.30  

5  1134.96  239.76  207.17  
   -0.44  0.69  0.58  
   -0.21  0.55  -0.81  
   -0.87  -0.48  -0.09  

7  1092.10  -207.17  -22.32  
   0.65  0.60  0.46  
   -0.75  0.41  0.52  
   0.12  -0.68  0.72  

8  1152.82  -279.95  226.81  
   -0.50  -0.57  0.65  
   0.17  0.67  0.72  
   -0.85  0.47  -0.24  

9  1371.60  -239.32  332.63  
   0.85  0.23  -0.47  
   0.29  0.54  0.79  
   0.43  -0.81  0.39  

2  856.36  -41.97  574.63  
   0.81  -0.58  0.02  
   0.58  0.81  0.05  
   -0.05  -0.03  1.00  

6  1337.67  231.28  350.49  
   0.89  -0.44  -0.11  
   -0.23  -0.23  -0.95  
   0.39  0.87  -0.30  

3  1200.60  -24.56  13.39  
   -0.56  0.21  -0.80  
   -0.12  -0.98  -0.17  
   -0.82  -0.00  0.58  

4  1082.28  162.07  -32.59  
   0.50  -0.75  0.44  
   0.86  0.35  -0.38  
   0.13  0.56  0.82  

5  1134.96  239.32  207.62  
   -0.44  0.69  0.58  
   -0.21  0.55  -0.81  
   -0.87  -0.48  -0.09  

7  1092.10  -207.17  -22.32  
   0.65  0.60  0.46  
   -0.75  0.41  0.52  
   0.12  -0.68  0.72  

9  1371.15  -239.32  332.63  
   0.85  0.23  -0.47  
   0.29  0.54  0.79  
   0.43  -0.81  0.39  

8  1152.82  -279.95  226.81  
   -0.50  -0.57  0.65  
   0.17  0.67  0.72  
   -0.85  0.47  -0.24  

2  856.36  -41.52  574.63  
   0.81  -0.58  0.02  
   0.58  0.81  0.05  
   -0.05  -0.03  1.00  

4  1082.28  162.07  -32.59  
   0.50  -0.75  0.44  
   0.86  0.35  -0.38  
   0.13  0.56  0.82  

5  1134.96  239.76  207.62  
   -0.44  0.69  0.58  
   -0.21  0.55  -0.81  
   -0.87  -0.48  -0.09  

3  1200.15  -24.56  12.95  
   -0.56  0.21  -0.80  
   -0.12  -0.98  -0.17  
   -0.82  -0.00  0.58  

6  1337.67  230.39  350.49  
   0.89  -0.44  -0.11  
   -0.23  -0.23  -0.95  
   0.39  0.87  -0.30  

9  1371.15  -239.32  332.63  
   0.85  0.23  -0.47  
   0.29  0.54  0.79  
   0.43  -0.81  0.39  

8  1152.38  -279.95  226.81  
   -0.50  -0.57  0.65  
   0.17  0.67  0.72  
   -0.85  0.47  -0.24  

7  1092.10  -207.17  -22.32  
   0.65  0.60  0.46  
   -0.75  0.41  0.52  
   0.12  -0.68  0.72  

2  856.36  -41.52  575.07  
   0.81  -0.58  0.02  
   0.58  0.81  0.05  
   -0.05  -0.03  1.00  

3  1200.15  -24.56  13.39  
   -0.56  0.21  -0.80  
   -0.12  -0.98  -0.17  
   -0.82  -0.00  0.58  

4  1081.83  162.07  -32.59  
   0.50  -0.75  0.44  
   0.86  0.35  -0.38  
   0.13  0.56  0.82  

5  1134.96  239.32  207.62  
   -0.44  0.69  0.58  
   -0.21  0.55  -0.81  
   -0.87  -0.48  -0.09  

6  1337.22  230.83  350.49  
   0.89  -0.44  -0.11  
   -0.23  -0.23  -0.95  
   0.39  0.87  -0.30  

8  1152.38  -279.95  226.81  
   -0.50  -0.57  0.65  
   0.17  0.67  0.72  
   -0.85  0.47  -0.24  

7  1092.10  -207.17  -22.32  
   0.65  0.60  0.46  
   -0.75  0.41  0.52  
   0.12  -0.68  0.72  

9  1371.15  -238.87  332.18  
   0.85  0.22  -0.47  
   0.29  0.54  0.79  
   0.43  -0.81  0.39  

3  1200.15  -24.56  13.39  
   -0.56  0.21  -0.80  
   -0.12  -0.98  -0.17  
   -0.82  -0.01  0.58  

2  856.36  -41.52  574.63  
   0.81  -0.58  0.02  
   0.58  0.81  0.05  
   -0.05  -0.03  1.00  

4  1081.83  162.52  -32.15  
   0.50  -0.75  0.44  
   0.86  0.35  -0.38  
   0.13  0.56  0.82  

5  1135.41  239.32  208.06  
   -0.45  0.68  0.59  
   -0.21  0.56  -0.80  
   -0.87  -0.48  -0.10  

6  1339.45  232.62  349.15  
   0.90  -0.43  -0.10  
   -0.22  -0.24  -0.95  
   0.38  0.87  -0.31  

8  1152.38  -279.95  226.37  
   -0.50  -0.57  0.65  
   0.17  0.67  0.72  
   -0.85  0.47  -0.24  

7  1091.65  -207.17  -22.32  
   0.65  0.60  0.46  
   -0.75  0.41  0.52  
   0.12  -0.68  0.72  

9  1371.15  -239.32  332.63  
   0.85  0.22  -0.47  
   0.29  0.54  0.79  
   0.43  -0.81  0.39  

2  856.36  -41.52  574.63  
   0.81  -0.58  0.02  
   0.58  0.81  0.05  
   -0.05  -0.03  1.00  

5  1136.30  240.21  208.06  
   -0.46  0.67  0.59  
   -0.22  0.56  -0.80  
   -0.86  -0.49  -0.11  

4  1081.39  162.52  -31.70  
   0.50  -0.75  0.44  
   0.86  0.35  -0.38  
   0.13  0.56  0.81  

3  1200.15  -24.56  13.39  
   -0.56  0.21  -0.80  
   -0.12  -0.98  -0.18  
   -0.82  -0.01  0.58  

6  1343.47  235.30  343.79  
   0.91  -0.40  -0.10  
   -0.22  -0.25  -0.95  
   0.36  0.88  -0.31  

9  1371.15  -238.87  333.08  
   0.85  0.23  -0.47  
   0.29  0.54  0.79  
   0.43  -0.81  0.39  

8  1152.38  -279.95  226.81  
   -0.50  -0.57  0.65  
   0.17  0.67  0.72  
   -0.85  0.47  -0.24  

7  1092.10  -207.17  -21.88  
   0.65  0.61  0.46  
   -0.75  0.41  0.52  
   0.13  -0.68  0.72  

2  856.36  -41.97  574.63  
   0.81  -0.58  0.02  
   0.58  0.81  0.05  
   -0.05  -0.03  1.00  

6  1343.92  234.85  343.35  
   0.91  -0.40  -0.10  
   -0.22  -0.24  -0.95  
   0.36  0.88  -0.31  

3  1200.15  -24.56  13.39  
   -0.56  0.21  -0.80  
   -0.12  -0.98  -0.18  
   -0.82  -0.01  0.58  

5  1137.20  240.21  207.62  
   -0.46  0.66  0.59  
   -0.22  0.56  -0.80  
   -0.86  -0.49  -0.11  

4  1081.39  162.52  -31.70  
   0.50  -0.75  0.44  
   0.86  0.35  -0.38  
   0.13  0.57  0.81  

7  1092.10  -207.17  -21.88  
   0.65  0.60  0.46  
   -0.75  0.41  0.52  
   0.13  -0.68  0.72  

8  1152.82  -279.95  226.81  
   -0.50  -0.57  0.65  
   0.17  0.67  0.72  
   -0.85  0.47  -0.24  

9  1371.60  -238.87  332.63  
   0.85  0.23  -0.47  
   0.29  0.54  0.79  
   0.43  -0.81  0.39  

2  856.36  -41.52  574.63  
   0.81  -0.58  0.02  
   0.58  0.81  0.05  
   -0.05  -0.03  1.00  

4  1081.39  162.52  -31.25  
   0.50  -0.75  0.44  
   0.86  0.35  -0.38  
   0.13  0.57  0.81  

3  1200.15  -24.56  13.39  
   -0.56  0.21  -0.80  
   -0.11  -0.98  -0.18  
   -0.82  -0.01  0.58  

6  1343.02  233.06  345.13  
   0.90  -0.41  -0.10  
   -0.22  -0.24  -0.95  
   0.37  0.88  -0.31  

5  1137.20  239.32  208.06  
   -0.45  0.67  0.59  
   -0.22  0.56  -0.80  
   -0.86  -0.49  -0.11  

7  1092.10  -207.17  -21.88  
   0.65  0.60  0.46  
   -0.75  0.41  0.52  
   0.13  -0.68  0.72  

8  1152.82  -279.50  226.81  
   -0.50  -0.57  0.65  
   0.17  0.67  0.72  
   -0.85  0.47  -0.24  

9  1371.60  -239.32  332.63  
   0.85  0.23  -0.47  
   0.29  0.54  0.79  
   0.43  -0.81  0.39  

2  856.36  -41.52  574.63  
   0.81  -0.58  0.02  
   0.58  0.81  0.05  
   -0.05  -0.03  1.00  

3  1200.15  -24.56  12.95  
   -0.56  0.21  -0.80  
   -0.11  -0.98  -0.18  
   -0.82  -0.01  0.58  

4  1081.39  162.52  -31.70  
   0.50  -0.75  0.44  
   0.86  0.35  -0.38  
   0.13  0.57  0.81  

5  1137.20  239.32  207.62  
   -0.45  0.67  0.59  
   -0.22  0.56  -0.80  
   -0.86  -0.49  -0.11  

6  1342.13  232.62  345.58  
   0.90  -0.42  -0.10  
   -0.22  -0.24  -0.95  
   0.37  0.88  -0.31  

7  1092.10  -207.17  -21.88  
   0.65  0.60  0.46  
   -0.75  0.41  0.52  
   0.13  -0.68  0.72  

8  1152.82  -279.95  226.81  
   -0.50  -0.57  0.65  
   0.17  0.67  0.72  
   -0.85  0.47  -0.24  

9  1371.60  -239.76  332.63  
   0.85  0.23  -0.47  
   0.29  0.54  0.79  
   0.43  -0.81  0.39  

2  856.36  -41.52  574.63  
   0.81  -0.58  0.02  
   0.58  0.81  0.05  
   -0.05  -0.03  1.00  

4  1081.83  162.52  -31.70  
   0.50  -0.75  0.44  
   0.86  0.35  -0.38  
   0.13  0.57  0.81  

3  1200.15  -24.56  12.95  
   -0.57  0.21  -0.80  
   -0.11  -0.98  -0.18  
   -0.82  -0.01  0.58  

6  1341.69  232.62  347.36  
   0.90  -0.42  -0.10  
   -0.22  -0.24  -0.95  
   0.37  0.88  -0.30  

5  1136.75  239.32  208.06  
   -0.45  0.67  0.59  
   -0.21  0.56  -0.80  
   -0.87  -0.49  -0.11  

7  1091.65  -207.17  -22.32  
   0.65  0.60  0.46  
   -0.75  0.41  0.52  
   0.13  -0.68  0.72  

8  1152.82  -279.50  226.81  
   -0.50  -0.57  0.65  
   0.17  0.67  0.72  
   -0.85  0.47  -0.24  

9  1371.60  -239.76  332.18  
   0.85  0.23  -0.47  
   0.29  0.54  0.79  
   0.43  -0.81  0.39  

2  856.36  -41.97  575.07  
   0.81  -0.58  0.02  
   0.58  0.81  0.05  
   -0.05  -0.03  1.00  

3  1200.15  -24.56  12.95  
   -0.56  0.21  -0.80  
   -0.11  -0.98  -0.18  
   -0.82  -0.01  0.58  

4  1081.83  162.52  -31.70  
   0.50  -0.75  0.44  
   0.86  0.35  -0.38  
   0.13  0.57  0.81  

5  1136.75  238.87  208.06  
   -0.45  0.67  0.59  
   -0.21  0.56  -0.80  
   -0.87  -0.49  -0.11  

6  1341.69  233.06  347.36  
   0.90  -0.42  -0.10  
   -0.22  -0.24  -0.95  
   0.38  0.88  -0.30  

9  1371.60  -239.32  333.08  
   0.85  0.23  -0.47  
   0.29  0.54  0.79  
   0.43  -0.81  0.39  

8  1152.82  -279.95  226.37  
   -0.50  -0.57  0.65  
   0.17  0.67  0.72  
   -0.85  0.47  -0.24  

7  1091.65  -207.17  -22.32  
   0.65  0.60  0.46  
   -0.75  0.41  0.52  
   0.13  -0.68  0.72  

2  856.36  -41.97  574.63  
   0.81  -0.58  0.02  
   0.58  0.81  0.05  
   -0.05  -0.03  1.00  

3  1200.15  -24.56  12.95  
   -0.56  0.21  -0.80  
   -0.11  -0.98  -0.18  
   -0.82  -0.01  0.58  

6  1341.69  232.62  347.36  
   0.90  -0.42  -0.10  
   -0.22  -0.24  -0.95  
   0.37  0.88  -0.30  

4  1081.83  162.52  -31.25  
   0.50  -0.75  0.44  
   0.86  0.35  -0.38  
   0.13  0.57  0.81  

5  1137.20  239.32  208.06  
   -0.45  0.67  0.59  
   -0.22  0.56  -0.80  
   -0.86  -0.49  -0.11  

7  1091.65  -207.17  -22.32  
   0.65  0.60  0.46  
   -0.75  0.41  0.52  
   0.13  -0.68  0.72  

9  1371.60  -239.32  332.63  
   0.85  0.23  -0.47  
   0.29  0.54  0.79  
   0.43  -0.81  0.39  

8  1152.38  -279.95  226.81  
   -0.50  -0.57  0.65  
   0.17  0.67  0.72  
   -0.85  0.47  -0.24  

2  856.36  -41.97  575.07  
   0.81  -0.58  0.02  
   0.58  0.81  0.05  
   -0.05  -0.03  1.00  

4  1080.94  162.07  -31.25  
   0.50  -0.75  0.44  
   0.86  0.35  -0.38  
   0.13  0.57  0.81  

3  1200.15  -24.56  12.95  
   -0.56  0.21  -0.80  
   -0.11  -0.98  -0.18  
   -0.82  -0.01  0.58  

5  1135.86  241.55  209.40  
   -0.46  0.66  0.60  
   -0.23  0.56  -0.79  
   -0.86  -0.50  -0.11  

6  1344.36  239.76  343.79  
   0.91  -0.39  -0.12  
   -0.21  -0.21  -0.96  
   0.35  0.90  -0.27  

7  1091.65  -207.17  -22.32  
   0.65  0.60  0.46  
   -0.75  0.41  0.52  
   0.13  -0.68  0.72  

8  1152.38  -279.50  226.81  
   -0.50  -0.57  0.65  
   0.17  0.67  0.72  
   -0.85  0.47  -0.24  

9  1371.60  -238.87  332.63  
   0.85  0.23  -0.47  
   0.29  0.54  0.79  
   0.43  -0.81  0.39  

2  856.36  -41.97  575.07  
   0.81  -0.58  0.02  
   0.58  0.81  0.05  
   -0.05  -0.03  1.00  

3  1200.15  -24.56  12.95  
   -0.56  0.21  -0.80  
   -0.11  -0.98  -0.18  
   -0.82  -0.01  0.57  

4  1079.15  161.18  -30.36  
   0.49  -0.75  0.44  
   0.86  0.33  -0.38  
   0.14  0.57  0.81  

5  1135.41  247.35  208.51  
   -0.50  0.62  0.61  
   -0.25  0.57  -0.78  
   -0.83  -0.54  -0.13  

6  1354.19  242.44  313.43  
   0.95  -0.26  -0.17  
   -0.24  -0.24  -0.94  
   0.21  0.93  -0.29  

9  1371.15  -239.32  332.63  
   0.85  0.23  -0.47  
   0.29  0.54  0.79  
   0.43  -0.81  0.39  

8  1152.38  -279.95  226.81  
   -0.50  -0.57  0.65  
   0.17  0.67  0.72  
   -0.85  0.47  -0.24  

7  1091.65  -207.17  -22.32  
   0.65  0.60  0.46  
   -0.75  0.41  0.52  
   0.13  -0.68  0.72  

2  856.36  -41.52  575.07  
   0.81  -0.58  0.02  
   0.58  0.81  0.05  
   -0.05  -0.03  1.00  

5  1137.20  253.16  204.49  
   -0.57  0.54  0.62  
   -0.28  0.58  -0.77  
   -0.77  -0.61  -0.18  

4  1076.03  161.63  -29.91  
   0.48  -0.75  0.46  
   0.87  0.32  -0.38  
   0.13  0.58  0.80  

3  1200.15  -23.66  13.39  
   -0.56  0.21  -0.80  
   -0.11  -0.98  -0.18  
   -0.82  -0.01  0.57  

6  1368.03  238.87  248.25  
   0.95  -0.02  -0.30  
   -0.29  -0.33  -0.90  
   -0.08  0.94  -0.32  

7  1092.10  -207.17  -22.32  
   0.65  0.60  0.46  
   -0.75  0.41  0.52  
   0.13  -0.68  0.72  

8  1152.38  -279.95  226.81  
   -0.50  -0.57  0.65  
   0.17  0.67  0.72  
   -0.85  0.47  -0.24  

9  1371.15  -238.87  332.63  
   0.85  0.23  -0.47  
   0.29  0.54  0.79  
   0.43  -0.81  0.39  

2  856.36  -41.52  575.07  
   0.81  -0.58  0.02  
   0.58  0.81  0.05  
   -0.05  -0.03  1.00  

4  1072.46  159.39  -31.70  
   0.48  -0.73  0.48  
   0.87  0.33  -0.36  
   0.11  0.59  0.80  

3  1199.70  -23.66  13.84  
   -0.56  0.22  -0.80  
   -0.12  -0.98  -0.18  
   -0.82  -0.01  0.57  

6  1372.94  227.71  158.95  
   0.85  0.24  -0.47  
   -0.35  -0.42  -0.84  
   -0.40  0.88  -0.27  

5  1147.02  258.07  192.88  
   -0.67  0.41  0.62  
   -0.32  0.59  -0.74  
   -0.67  -0.69  -0.27  

7  1092.10  -206.72  -21.88  
   0.65  0.61  0.46  
   -0.75  0.41  0.52  
   0.13  -0.68  0.72  

9  1370.71  -239.32  333.08  
   0.85  0.23  -0.47  
   0.29  0.54  0.79  
   0.43  -0.81  0.39  

8  1152.82  -279.50  226.81  
   -0.50  -0.57  0.65  
   0.17  0.67  0.72  
   -0.85  0.47  -0.24  

2  856.36  -41.52  575.07  
   0.81  -0.58  0.02  
   0.58  0.81  0.05  
   -0.05  -0.03  1.00  

3  1199.70  -24.11  14.29  
   -0.56  0.22  -0.80  
   -0.12  -0.98  -0.18  
   -0.82  -0.00  0.57  

5  1158.18  262.98  174.58  
   -0.75  0.29  0.59  
   -0.36  0.58  -0.74  
   -0.56  -0.76  -0.33  

4  1067.10  156.27  -35.72  
   0.49  -0.72  0.49  
   0.87  0.36  -0.34  
   0.07  0.60  0.80  

6  1364.90  222.80  83.49  
   0.69  0.41  -0.59  
   -0.39  -0.48  -0.79  
   -0.60  0.78  -0.18  

8  1153.27  -279.50  226.81  
   -0.50  -0.57  0.65  
   0.17  0.67  0.72  
   -0.85  0.47  -0.24  

9  1371.15  -239.32  332.63  
   0.85  0.23  -0.47  
   0.29  0.54  0.79  
   0.43  -0.81  0.39  

7  1092.10  -206.72  -21.88  
   0.65  0.61  0.46  
   -0.75  0.41  0.52  
   0.13  -0.68  0.72  

2  856.36  -41.52  575.07  
   0.81  -0.58  0.02  
   0.58  0.81  0.05  
   -0.05  -0.03  1.00  

5  1167.56  262.09  156.72  
   -0.82  0.19  0.55  
   -0.36  0.57  -0.74  
   -0.45  -0.80  -0.39  

4  1062.63  153.14  -40.18  
   0.50  -0.71  0.50  
   0.87  0.38  -0.32  
   0.03  0.59  0.80  

6  1349.28  213.42  23.66  
   0.51  0.52  -0.68  
   -0.43  -0.53  -0.73  
   -0.74  0.67  -0.05  

3  1199.70  -22.77  14.29  
   -0.55  0.23  -0.80  
   -0.13  -0.97  -0.19  
   -0.82  -0.00  0.57  

7  1092.55  -206.28  -21.88  
   0.65  0.61  0.46  
   -0.75  0.41  0.52  
   0.13  -0.68  0.72  

8  1152.82  -279.50  226.81  
   -0.50  -0.57  0.65  
   0.17  0.67  0.72  
   -0.85  0.47  -0.23  

9  1371.15  -238.87  332.63  
   0.85  0.23  -0.47  
   0.29  0.54  0.79  
   0.43  -0.81  0.39  

2  856.36  -41.97  575.07  
   0.81  -0.58  0.02  
   0.58  0.81  0.05  
   -0.05  -0.03  1.00  

4  1060.40  151.36  -42.86  
   0.51  -0.70  0.51  
   0.86  0.40  -0.31  
   0.01  0.59  0.81  

3  1199.70  -22.32  14.29  
   -0.55  0.23  -0.80  
   -0.13  -0.97  -0.19  
   -0.82  0.00  0.56  

8  1152.82  -279.50  226.37  
   -0.50  -0.57  0.65  
   0.17  0.67  0.72  
   -0.85  0.47  -0.23  

5  1176.04  258.96  146.00  
   -0.86  0.13  0.49  
   -0.35  0.56  -0.75  
   -0.37  -0.82  -0.44  

6  1332.31  199.13  -15.63  
   0.35  0.58  -0.73  
   -0.47  -0.57  -0.68  
   -0.81  0.58  0.07  

7  1092.55  -206.28  -22.32  
   0.65  0.61  0.45  
   -0.75  0.41  0.52  
   0.13  -0.68  0.72  

9  1371.15  -238.87  332.63  
   0.85  0.23  -0.47  
   0.29  0.54  0.79  
   0.43  -0.81  0.39  

2  856.36  -41.52  574.63  
   0.81  -0.58  0.02  
   0.58  0.81  0.05  
   -0.05  -0.03  1.00  

3  1199.70  -21.88  14.73  
   -0.55  0.24  -0.80  
   -0.14  -0.97  -0.19  
   -0.83  0.00  0.56  

5  1183.18  256.73  137.52  
   -0.89  0.09  0.44  
   -0.32  0.56  -0.77  
   -0.32  -0.83  -0.47  

4  1059.06  150.47  -44.20  
   0.51  -0.69  0.51  
   0.86  0.42  -0.30  
   -0.01  0.59  0.81  

6  1319.81  188.86  -37.06  
   0.23  0.61  -0.75  
   -0.49  -0.59  -0.64  
   -0.84  0.52  0.16  

8  1152.82  -279.05  226.37  
   -0.50  -0.57  0.65  
   0.17  0.67  0.72  
   -0.85  0.47  -0.23  

9  1371.60  -238.42  332.63  
   0.85  0.22  -0.47  
   0.29  0.54  0.79  
   0.43  -0.81  0.39  

7  1092.99  -205.83  -22.77  
   0.65  0.61  0.45  
   -0.75  0.41  0.52  
   0.13  -0.68  0.72  

2  856.36  -41.97  575.07  
   0.81  -0.58  0.02  
   0.58  0.81  0.05  
   -0.05  -0.03  1.00  

6  1311.77  176.81  -46.43  
   0.15  0.61  -0.77  
   -0.51  -0.62  -0.59  
   -0.85  0.49  0.22  

4  1058.61  149.13  -45.09  
   0.52  -0.69  0.51  
   0.86  0.43  -0.29  
   -0.01  0.59  0.81  

5  1185.86  254.94  134.39  
   -0.91  0.09  0.41  
   -0.30  0.55  -0.78  
   -0.29  -0.83  -0.47  

3  1199.70  -21.88  14.73  
   -0.55  0.24  -0.80  
   -0.14  -0.97  -0.19  
   -0.83  0.00  0.56  

7  1092.99  -205.83  -22.32  
   0.65  0.61  0.45  
   -0.74  0.42  0.52  
   0.13  -0.68  0.72  

8  1152.82  -279.05  226.37  
   -0.50  -0.57  0.65  
   0.17  0.67  0.72  
   -0.85  0.47  -0.23  

9  1371.15  -238.87  332.63  
   0.85  0.23  -0.47  
   0.29  0.54  0.79  
   0.43  -0.81  0.39  

2  856.36  -41.97  574.63  
   0.81  -0.58  0.02  
   0.58  0.81  0.05  
   -0.05  -0.03  1.00  

3  1199.26  -22.32  14.73  
   -0.54  0.24  -0.80  
   -0.14  -0.97  -0.19  
   -0.83  0.01  0.56  

4  1058.17  148.68  -45.54  
   0.52  -0.69  0.50  
   0.85  0.43  -0.29  
   -0.02  0.58  0.81  

5  1189.43  250.92  132.16  
   -0.92  0.09  0.37  
   -0.27  0.55  -0.79  
   -0.27  -0.83  -0.48  

6  1304.18  168.32  -53.13  
   0.08  0.61  -0.79  
   -0.52  -0.65  -0.55  
   -0.85  0.46  0.27  

7  1092.99  -205.83  -22.77  
   0.65  0.61  0.45  
   -0.75  0.42  0.52  
   0.13  -0.68  0.72  

8  1152.82  -279.05  226.37  
   -0.50  -0.57  0.65  
   0.18  0.67  0.72  
   -0.85  0.47  -0.23  

9  1371.60  -238.42  332.63  
   0.85  0.23  -0.47  
   0.29  0.54  0.79  
   0.43  -0.81  0.39  

2  856.36  -41.97  575.07  
   0.81  -0.58  0.02  
   0.58  0.81  0.05  
   -0.05  -0.03  1.00  

3  1199.26  -21.88  14.73  
   -0.54  0.24  -0.80  
   -0.14  -0.97  -0.20  
   -0.83  0.01  0.56  

4  1057.27  147.79  -46.43  
   0.52  -0.69  0.50  
   0.85  0.44  -0.29  
   -0.03  0.58  0.81  

5  1193.90  247.80  127.69  
   -0.94  0.09  0.34  
   -0.24  0.54  -0.81  
   -0.25  -0.84  -0.49  

6  1299.72  159.39  -61.17  
   0.03  0.60  -0.80  
   -0.53  -0.67  -0.52  
   -0.85  0.44  0.30  

7  1092.99  -205.83  -22.32  
   0.65  0.61  0.45  
   -0.74  0.42  0.52  
   0.13  -0.68  0.72  

8  1153.27  -279.05  225.92  
   -0.50  -0.57  0.65  
   0.18  0.67  0.72  
   -0.85  0.47  -0.23  

9  1371.60  -238.42  332.18  
   0.85  0.23  -0.47  
   0.29  0.54  0.79  
   0.43  -0.81  0.40  

2  856.36  -41.97  574.63  
   0.81  -0.58  0.02  
   0.58  0.81  0.05  
   -0.05  -0.03  1.00  

3  1199.26  -21.88  15.18  
   -0.54  0.24  -0.80  
   -0.14  -0.97  -0.20  
   -0.83  0.01  0.56  

5  1195.24  246.46  125.91  
   -0.94  0.08  0.33  
   -0.23  0.54  -0.81  
   -0.24  -0.84  -0.49  

4  1056.38  146.89  -46.43  
   0.53  -0.69  0.50  
   0.85  0.45  -0.28  
   -0.03  0.58  0.82  

6  1300.16  158.06  -64.29  
   0.02  0.61  -0.80  
   -0.53  -0.67  -0.52  
   -0.85  0.43  0.31  

7  1092.99  -205.83  -22.77  
   0.65  0.61  0.45  
   -0.74  0.42  0.52  
   0.13  -0.68  0.72  

8  1152.82  -279.05  226.37  
   -0.50  -0.57  0.65  
   0.18  0.67  0.72  
   -0.85  0.47  -0.23  

9  1371.60  -238.87  331.74  
   0.85  0.22  -0.47  
   0.29  0.54  0.79  
   0.43  -0.81  0.40  

2  856.36  -41.97  575.07  
   0.81  -0.58  0.02  
   0.58  0.81  0.05  
   -0.05  -0.03  1.00  

3  1199.26  -21.88  15.18  
   -0.54  0.24  -0.80  
   -0.14  -0.97  -0.20  
   -0.83  0.01  0.56  

4  1056.38  146.89  -46.88  
   0.53  -0.69  0.50  
   0.85  0.45  -0.28  
   -0.03  0.57  0.82  

6  1314.00  159.84  -69.65  
   0.08  0.61  -0.79  
   -0.52  -0.65  -0.56  
   -0.85  0.46  0.26  

5  1196.58  245.57  124.57  
   -0.94  0.08  0.33  
   -0.24  0.55  -0.80  
   -0.24  -0.83  -0.50  

7  1092.99  -205.83  -22.32  
   0.65  0.61  0.45  
   -0.74  0.42  0.52  
   0.13  -0.68  0.72  

8  1152.82  -279.05  225.92  
   -0.50  -0.57  0.65  
   0.18  0.67  0.72  
   -0.85  0.47  -0.23  

9  1371.60  -238.42  332.63  
   0.85  0.23  -0.47  
   0.29  0.54  0.79  
   0.43  -0.81  0.40  

2  856.36  -41.97  574.63  
   0.81  -0.58  0.02  
   0.58  0.81  0.05  
   -0.05  -0.03  1.00  

4  1056.83  146.89  -47.33  
   0.53  -0.69  0.50  
   0.85  0.45  -0.28  
   -0.03  0.58  0.82  

5  1193.45  243.78  126.80  
   -0.92  0.10  0.38  
   -0.26  0.57  -0.78  
   -0.29  -0.81  -0.50  

3  1199.26  -22.32  15.18  
   -0.54  0.24  -0.81  
   -0.14  -0.97  -0.20  
   -0.83  0.01  0.56  

6  1337.67  172.79  -54.47  
   0.25  0.60  -0.76  
   -0.49  -0.60  -0.63  
   -0.84  0.52  0.14  

8  1152.82  -279.05  226.37  
   -0.50  -0.57  0.65  
   0.18  0.67  0.72  
   -0.85  0.47  -0.23  

9  1371.60  -238.87  332.18  
   0.85  0.23  -0.47  
   0.29  0.54  0.79  
   0.43  -0.81  0.40  

7  1092.99  -205.83  -22.32  
   0.65  0.61  0.45  
   -0.74  0.41  0.52  
   0.13  -0.68  0.72  

2  856.36  -41.52  574.63  
   0.81  -0.58  0.02  
   0.58  0.81  0.05  
   -0.05  -0.03  1.00  

3  1199.26  -22.32  14.73  
   -0.54  0.24  -0.81  
   -0.14  -0.97  -0.19  
   -0.83  0.01  0.56  

4  1058.61  147.34  -46.43  
   0.52  -0.70  0.50  
   0.86  0.43  -0.29  
   -0.01  0.58  0.82  

5  1181.40  247.35  139.30  
   -0.87  0.18  0.46  
   -0.29  0.57  -0.77  
   -0.40  -0.80  -0.44  

6  1360.44  183.95  -12.06  
   0.46  0.57  -0.68  
   -0.46  -0.50  -0.73  
   -0.76  0.65  0.03  

8  1152.38  -278.61  226.37  
   -0.50  -0.57  0.65  
   0.18  0.67  0.72  
   -0.85  0.47  -0.23  

9  1371.60  -238.42  332.63  
   0.85  0.23  -0.47  
   0.29  0.54  0.79  
   0.43  -0.81  0.39  

7  1092.99  -205.83  -21.88  
   0.65  0.61  0.45  
   -0.75  0.41  0.52  
   0.13  -0.68  0.72  

2  856.36  -41.97  575.07  
   0.81  -0.58  0.02  
   0.58  0.81  0.05  
   -0.05  -0.03  1.00  

4  1059.95  149.13  -44.20  
   0.50  -0.71  0.50  
   0.87  0.39  -0.31  
   0.02  0.58  0.81  

3  1200.15  -22.77  14.29  
   -0.54  0.23  -0.81  
   -0.14  -0.97  -0.19  
   -0.83  0.01  0.56  

5  1166.22  251.82  152.25  
   -0.80  0.29  0.53  
   -0.31  0.55  -0.78  
   -0.52  -0.78  -0.35  

6  1375.17  195.11  50.90  
   0.67  0.46  -0.58  
   -0.44  -0.39  -0.81  
   -0.60  0.80  -0.06  

8  1152.38  -279.50  226.37  
   -0.50  -0.57  0.65  
   0.18  0.67  0.72  
   -0.85  0.47  -0.23  

7  1092.55  -205.83  -21.88  
   0.65  0.61  0.45  
   -0.75  0.41  0.52  
   0.13  -0.68  0.72  

9  1371.15  -238.87  332.18  
   0.85  0.23  -0.47  
   0.29  0.54  0.79  
   0.43  -0.81  0.39  

3  1199.70  -22.77  14.73  
   -0.55  0.23  -0.81  
   -0.13  -0.97  -0.18  
   -0.83  0.01  0.56  

2  856.36  -41.52  575.07  
   0.81  -0.58  0.02  
   0.58  0.81  0.05  
   -0.05  -0.03  1.00  

5  1148.80  255.84  169.22  
   -0.70  0.42  0.57  
   -0.32  0.54  -0.78  
   -0.64  -0.73  -0.24  

4  1063.53  153.59  -40.63  
   0.47  -0.73  0.49  
   0.88  0.35  -0.32  
   0.06  0.58  0.81  

6  1376.96  203.60  132.16  
   0.83  0.24  -0.50  
   -0.42  -0.32  -0.85  
   -0.36  0.92  -0.17  

8  1152.38  -278.61  226.81  
   -0.50  -0.57  0.65  
   0.17  0.67  0.72  
   -0.85  0.47  -0.23  

9  1371.15  -238.87  332.63  
   0.85  0.23  -0.47  
   0.29  0.54  0.79  
   0.43  -0.81  0.39  

7  1092.99  -205.83  -21.88  
   0.65  0.61  0.45  
   -0.75  0.41  0.52  
   0.13  -0.68  0.72  

2  856.36  -41.52  575.07  
   0.81  -0.58  0.02  
   0.58  0.81  0.05  
   -0.05  -0.03  1.00  

4  1068.88  157.61  -36.61  
   0.47  -0.75  0.47  
   0.88  0.33  -0.34  
   0.10  0.58  0.81  

6  1369.37  210.74  216.54  
   0.92  -0.01  -0.40  
   -0.39  -0.27  -0.88  
   -0.10  0.96  -0.25  

5  1136.75  253.60  183.95  
   -0.60  0.54  0.59  
   -0.30  0.53  -0.79  
   -0.74  -0.65  -0.16  

3  1199.70  -22.77  15.18  
   -0.55  0.22  -0.81  
   -0.13  -0.98  -0.18  
   -0.83  0.00  0.56  

7  1092.55  -205.83  -21.88  
   0.65  0.61  0.45  
   -0.75  0.41  0.52  
   0.13  -0.68  0.72  

8  1152.38  -279.05  226.81  
   -0.50  -0.57  0.65  
   0.17  0.67  0.72  
   -0.85  0.47  -0.23  

9  1371.15  -238.87  332.18  
   0.85  0.23  -0.47  
   0.29  0.54  0.79  
   0.43  -0.81  0.39  

2  856.36  -41.97  574.63  
   0.81  -0.58  0.02  
   0.58  0.81  0.05  
   -0.05  -0.03  1.00  

4  1072.46  159.84  -33.49  
   0.47  -0.76  0.46  
   0.88  0.32  -0.36  
   0.12  0.57  0.81  

3  1199.70  -22.32  15.18  
   -0.55  0.22  -0.80  
   -0.12  -0.98  -0.18  
   -0.82  -0.00  0.57  

7  1092.99  -205.83  -21.88  
   0.65  0.61  0.45  
   -0.75  0.41  0.52  
   0.13  -0.68  0.72  

5  1127.82  251.37  196.45  
   -0.51  0.61  0.61  
   -0.28  0.55  -0.79  
   -0.81  -0.57  -0.12  

6  1354.19  217.44  273.25  
   0.93  -0.19  -0.31  
   -0.35  -0.26  -0.90  
   0.09  0.95  -0.31  

9  1371.15  -238.87  332.63  
   0.85  0.23  -0.47  
   0.29  0.54  0.79  
   0.43  -0.81  0.39  

8  1152.38  -279.05  226.81  
   -0.50  -0.57  0.65  
   0.17  0.67  0.72  
   -0.85  0.47  -0.23  

3  1199.70  -21.88  15.18  
   -0.55  0.22  -0.80  
   -0.12  -0.98  -0.18  
   -0.82  -0.00  0.57  

4  1075.13  161.18  -31.70  
   0.47  -0.76  0.45  
   0.87  0.32  -0.36  
   0.13  0.56  0.81  

2  856.36  -41.52  574.63  
   0.81  -0.58  0.02  
   0.58  0.81  0.05  
   -0.05  -0.03  1.00  

5  1122.02  246.46  202.70  
   -0.44  0.65  0.61  
   -0.25  0.57  -0.78  
   -0.86  -0.50  -0.09  

6  1337.22  220.12  317.00  
   0.92  -0.33  -0.22  
   -0.31  -0.25  -0.92  
   0.25  0.91  -0.33  

7  1092.55  -205.83  -21.88  
   0.65  0.61  0.45  
   -0.75  0.41  0.52  
   0.13  -0.68  0.72  

8  1151.93  -279.05  227.26  
   -0.50  -0.57  0.66  
   0.17  0.67  0.72  
   -0.85  0.47  -0.24  

9  1371.60  -238.87  332.18  
   0.86  0.23  -0.47  
   0.29  0.54  0.79  
   0.43  -0.81  0.39  

2  856.36  -41.97  574.63  
   0.81  -0.58  0.02  
   0.58  0.81  0.05  
   -0.05  -0.03  1.00  

4  1076.47  162.07  -30.81  
   0.47  -0.76  0.44  
   0.87  0.32  -0.37  
   0.14  0.56  0.82  

3  1199.70  -22.32  15.18  
   -0.56  0.21  -0.80  
   -0.12  -0.98  -0.18  
   -0.82  -0.01  0.57  

5  1118.00  242.89  208.06  
   -0.40  0.67  0.62  
   -0.23  0.58  -0.78  
   -0.89  -0.46  -0.08  

8  1152.38  -279.05  226.81  
   -0.50  -0.57  0.66  
   0.17  0.67  0.72  
   -0.85  0.47  -0.24  

7  1092.55  -205.83  -21.88  
   0.65  0.61  0.45  
   -0.75  0.41  0.52  
   0.13  -0.68  0.72  

6  1326.06  225.03  342.45  
   0.90  -0.40  -0.15  
   -0.27  -0.26  -0.93  
   0.34  0.88  -0.34  

9  1371.15  -238.87  332.18  
   0.86  0.23  -0.47  
   0.29  0.54  0.79  
   0.43  -0.81  0.39  

2  856.36  -41.52  575.07  
   0.81  -0.58  0.02  
   0.58  0.81  0.05  
   -0.05  -0.03  1.00  

3  1199.70  -22.32  14.73  
   -0.56  0.21  -0.80  
   -0.12  -0.98  -0.18  
   -0.82  -0.01  0.57  

6  1326.51  226.81  345.58  
   0.90  -0.41  -0.14  
   -0.26  -0.26  -0.93  
   0.34  0.87  -0.34  

5  1119.34  241.99  209.40  
   -0.40  0.67  0.62  
   -0.23  0.58  -0.78  
   -0.89  -0.45  -0.08  

4  1076.92  162.07  -31.25  
   0.47  -0.76  0.44  
   0.87  0.32  -0.37  
   0.14  0.56  0.82  

7  1092.55  -205.38  -21.88  
   0.65  0.61  0.45  
   -0.75  0.41  0.52  
   0.13  -0.68  0.72  

8  1152.38  -279.05  227.26  
   -0.50  -0.57  0.66  
   0.17  0.67  0.72  
   -0.85  0.47  -0.24  

9  1371.15  -239.32  332.63  
   0.86  0.23  -0.47  
   0.29  0.54  0.79  
   0.43  -0.81  0.39  

2  856.36  -41.52  574.63  
   0.81  -0.58  0.02  
   0.58  0.81  0.05  
   -0.05  -0.03  1.00  

4  1077.81  162.07  -31.70  
   0.48  -0.76  0.45  
   0.87  0.33  -0.37  
   0.14  0.56  0.81  

3  1199.70  -22.77  14.73  
   -0.56  0.21  -0.80  
   -0.12  -0.98  -0.18  
   -0.82  -0.01  0.57  

5  1121.12  241.55  209.40  
   -0.40  0.68  0.62  
   -0.22  0.58  -0.78  
   -0.89  -0.45  -0.08  

8  1151.93  -279.05  227.71  
   -0.50  -0.57  0.66  
   0.17  0.68  0.72  
   -0.85  0.47  -0.24  

7  1092.55  -205.83  -22.32  
   0.65  0.61  0.45  
   -0.75  0.41  0.52  
   0.13  -0.68  0.72  

6  1327.84  225.92  346.47  
   0.90  -0.41  -0.13  
   -0.26  -0.26  -0.93  
   0.35  0.87  -0.34  

9  1371.15  -238.87  332.18  
   0.86  0.23  -0.46  
   0.29  0.53  0.79  
   0.43  -0.81  0.39  

2  856.36  -41.52  574.63  
   0.81  -0.58  0.02  
   0.58  0.81  0.05  
   -0.05  -0.03  1.00  

4  1077.81  162.07  -31.70  
   0.48  -0.76  0.45  
   0.87  0.33  -0.37  
   0.14  0.56  0.81  

3  1199.70  -22.77  14.29  
   -0.56  0.21  -0.80  
   -0.12  -0.98  -0.18  
   -0.82  -0.00  0.57  

5  1121.12  241.10  208.95  
   -0.40  0.68  0.62  
   -0.22  0.58  -0.78  
   -0.89  -0.45  -0.08  

6  1327.40  226.37  346.92  
   0.90  -0.42  -0.13  
   -0.26  -0.26  -0.93  
   0.35  0.87  -0.34  

8  1152.38  -279.05  228.15  
   -0.50  -0.57  0.66  
   0.17  0.68  0.72  
   -0.85  0.47  -0.24  

9  1371.15  -238.42  332.63  
   0.86  0.23  -0.46  
   0.29  0.53  0.79  
   0.43  -0.81  0.39  

7  1092.55  -205.83  -21.88  
   0.65  0.61  0.45  
   -0.75  0.41  0.52  
   0.13  -0.68  0.72  

2  856.36  -41.52  574.63  
   0.81  -0.58  0.02  
   0.58  0.81  0.05  
   -0.05  -0.03  1.00  

3  1199.70  -22.77  14.73  
   -0.56  0.21  -0.80  
   -0.12  -0.98  -0.18  
   -0.82  -0.00  0.57  

4  1077.81  162.07  -31.70  
   0.48  -0.76  0.45  
   0.87  0.33  -0.37  
   0.13  0.56  0.81  

6  1327.40  226.37  347.36  
   0.90  -0.42  -0.13  
   -0.26  -0.25  -0.93  
   0.36  0.87  -0.34  

5  1121.12  241.10  209.40  
   -0.40  0.68  0.61  
   -0.22  0.58  -0.78  
   -0.89  -0.45  -0.08  

7  1092.55  -205.83  -21.43  
   0.65  0.61  0.45  
   -0.75  0.41  0.52  
   0.13  -0.68  0.72  

8  1152.38  -279.05  228.15  
   -0.50  -0.57  0.66  
   0.17  0.68  0.72  
   -0.85  0.47  -0.24  

9  1371.15  -239.32  332.18  
   0.86  0.23  -0.46  
   0.29  0.53  0.79  
   0.43  -0.82  0.39  

2  856.36  -41.52  575.07  
   0.81  -0.58  0.02  
   0.58  0.81  0.05  
   -0.05  -0.03  1.00  

4  1077.81  161.63  -31.70  
   0.48  -0.76  0.45  
   0.87  0.33  -0.37  
   0.13  0.56  0.81  

3  1199.70  -22.77  14.73  
   -0.56  0.21  -0.80  
   -0.12  -0.98  -0.18  
   -0.82  -0.00  0.57  

5  1121.12  241.10  209.40  
   -0.40  0.68  0.61  
   -0.22  0.58  -0.78  
   -0.89  -0.45  -0.08  

7  1092.10  -205.83  -21.88  
   0.65  0.61  0.46  
   -0.75  0.41  0.52  
   0.13  -0.68  0.72  

6  1327.40  226.81  347.36  
   0.90  -0.42  -0.13  
   -0.25  -0.25  -0.93  
   0.36  0.87  -0.33  

8  1151.93  -278.16  228.15  
   -0.50  -0.57  0.66  
   0.17  0.68  0.72  
   -0.85  0.47  -0.24  

9  1371.15  -238.87  332.18  
   0.86  0.23  -0.46  
   0.29  0.53  0.79  
   0.43  -0.82  0.39  

4  1077.81  162.07  -31.70  
   0.48  -0.76  0.45  
   0.87  0.33  -0.37  
   0.13  0.56  0.81  

3  1199.70  -22.77  14.73  
   -0.56  0.21  -0.80  
   -0.12  -0.98  -0.18  
   -0.82  -0.00  0.57  

2  856.36  -41.52  575.07  
   0.81  -0.58  0.02  
   0.58  0.81  0.05  
   -0.05  -0.03  1.00  

5  1121.12  241.10  209.40  
   -0.40  0.68  0.61  
   -0.22  0.58  -0.78  
   -0.89  -0.45  -0.08  

6  1326.95  227.26  347.81  
   0.90  -0.42  -0.13  
   -0.25  -0.25  -0.93  
   0.36  0.87  -0.33  

9  1371.15  -238.87  332.18  
   0.86  0.23  -0.46  
   0.29  0.53  0.80  
   0.43  -0.82  0.39  

7  1092.10  -205.83  -21.88  
   0.65  0.61  0.46  
   -0.75  0.41  0.52  
   0.13  -0.68  0.72  

8  1151.93  -278.61  228.15  
   -0.50  -0.57  0.66  
   0.17  0.68  0.72  
   -0.85  0.47  -0.24  

2  856.36  -41.52  575.07  
   0.81  -0.58  0.02  
   0.58  0.81  0.05  
   -0.05  -0.03  1.00  

3  1199.70  -22.77  14.73  
   -0.56  0.21  -0.80  
   -0.12  -0.98  -0.18  
   -0.82  -0.00  0.57  

5  1121.12  241.55  209.40  
   -0.40  0.68  0.61  
   -0.22  0.58  -0.78  
   -0.89  -0.45  -0.08  

4  1077.81  162.07  -31.70  
   0.48  -0.76  0.45  
   0.87  0.33  -0.37  
   0.13  0.56  0.81  

6  1326.95  226.81  347.81  
   0.90  -0.42  -0.13  
   -0.26  -0.25  -0.93  
   0.36  0.87  -0.33  

7  1092.10  -205.83  -21.43  
   0.65  0.61  0.46  
   -0.75  0.41  0.52  
   0.13  -0.68  0.72  

8  1152.38  -278.16  228.60  
   -0.50  -0.57  0.66  
   0.17  0.68  0.72  
   -0.85  0.47  -0.24  

9  1370.71  -238.87  332.18  
   0.86  0.23  -0.46  
   0.29  0.53  0.80  
   0.43  -0.82  0.39  

2  856.36  -41.97  575.07  
   0.81  -0.58  0.02  
   0.58  0.81  0.05  
   -0.05  -0.03  1.00  

3  1199.70  -22.77  14.73  
   -0.56  0.21  -0.80  
   -0.12  -0.98  -0.18  
   -0.82  -0.00  0.57  

6  1330.97  226.37  343.79  
   0.90  -0.40  -0.16  
   -0.27  -0.24  -0.93  
   0.34  0.88  -0.32  

5  1121.57  241.99  208.95  
   -0.41  0.68  0.61  
   -0.22  0.57  -0.79  
   -0.88  -0.46  -0.08  

7  1092.10  -205.83  -21.43  
   0.65  0.61  0.45  
   -0.75  0.41  0.52  
   0.13  -0.68  0.72  

4  1077.81  162.07  -31.70  
   0.48  -0.76  0.45  
   0.87  0.33  -0.37  
   0.13  0.56  0.81  

8  1152.38  -278.61  228.60  
   -0.50  -0.57  0.66  
   0.17  0.68  0.72  
   -0.85  0.47  -0.24  

9  1370.71  -238.87  332.63  
   0.86  0.23  -0.46  
   0.29  0.53  0.80  
   0.43  -0.82  0.39  

3  1199.70  -22.77  14.73  
   -0.56  0.21  -0.80  
   -0.12  -0.98  -0.18  
   -0.82  -0.00  0.57  

4  1077.81  162.07  -31.70  
   0.48  -0.76  0.45  
   0.87  0.33  -0.37  
   0.13  0.56  0.82  

2  856.36  -41.97  574.63  
   0.81  -0.58  0.02  
   0.58  0.81  0.05  
   -0.05  -0.03  1.00  

5  1122.91  246.46  208.95  
   -0.44  0.66  0.61  
   -0.23  0.57  -0.79  
   -0.87  -0.48  -0.10  

6  1338.56  223.69  324.59  
   0.92  -0.32  -0.22  
   -0.31  -0.24  -0.92  
   0.24  0.92  -0.32  

8  1152.38  -278.61  228.15  
   -0.50  -0.57  0.66  
   0.17  0.68  0.72  
   -0.85  0.47  -0.24  

9  1370.71  -239.32  332.18  
   0.86  0.23  -0.46  
   0.29  0.53  0.79  
   0.43  -0.82  0.39  

7  1092.55  -205.83  -21.88  
   0.65  0.61  0.45  
   -0.75  0.41  0.52  
   0.13  -0.68  0.72  

2  856.36  -41.52  575.07  
   0.81  -0.58  0.02  
   0.58  0.81  0.05  
   -0.05  -0.03  1.00  

4  1076.47  162.07  -31.25  
   0.47  -0.76  0.45  
   0.87  0.32  -0.37  
   0.14  0.56  0.81  

5  1126.48  248.69  207.17  
   -0.49  0.63  0.59  
   -0.24  0.56  -0.79  
   -0.84  -0.53  -0.13  

3  1199.70  -22.32  14.73  
   -0.56  0.21  -0.80  
   -0.12  -0.98  -0.18  
   -0.82  -0.00  0.57  

6  1348.38  218.33  290.66  
   0.93  -0.18  -0.31  
   -0.35  -0.26  -0.90  
   0.08  0.95  -0.30  

8  1152.38  -278.16  228.15  
   -0.50  -0.57  0.66  
   0.17  0.68  0.72  
   -0.85  0.47  -0.24  

9  1370.71  -238.87  332.18  
   0.86  0.23  -0.46  
   0.29  0.53  0.79  
   0.43  -0.82  0.39  

7  1092.55  -205.83  -21.88  
   0.65  0.61  0.45  
   -0.75  0.41  0.52  
   0.13  -0.68  0.72  

2  856.36  -41.97  574.63  
   0.81  -0.58  0.02  
   0.58  0.81  0.05  
   -0.05  -0.03  1.00  

4  1074.69  160.73  -31.25  
   0.47  -0.76  0.46  
   0.87  0.32  -0.37  
   0.13  0.57  0.81  

3  1199.70  -22.77  14.73  
   -0.56  0.21  -0.80  
   -0.12  -0.98  -0.18  
   -0.82  -0.01  0.57  

6  1359.10  212.97  237.53  
   0.91  0.02  -0.41  
   -0.39  -0.30  -0.87  
   -0.14  0.95  -0.27  

5  1131.84  252.71  203.15  
   -0.56  0.58  0.60  
   -0.26  0.56  -0.78  
   -0.79  -0.59  -0.17  

7  1092.55  -205.83  -21.88  
   0.65  0.61  0.45  
   -0.75  0.41  0.52  
   0.13  -0.68  0.72  

8  1152.38  -278.61  228.15  
   -0.50  -0.57  0.66  
   0.17  0.68  0.72  
   -0.85  0.47  -0.24  

9  1370.71  -239.32  332.18  
   0.86  0.23  -0.46  
   0.29  0.53  0.79  
   0.43  -0.81  0.39  

2  856.36  -41.97  575.07  
   0.81  -0.58  0.02  
   0.58  0.81  0.05  
   -0.05  -0.03  1.00  

5  1136.30  254.94  196.90  
   -0.62  0.50  0.60  
   -0.29  0.57  -0.77  
   -0.73  -0.65  -0.21  

4  1072.46  159.84  -32.15  
   0.47  -0.75  0.47  
   0.88  0.32  -0.36  
   0.12  0.58  0.81  

3  1199.70  -22.77  14.73  
   -0.56  0.21  -0.80  
   -0.12  -0.98  -0.18  
   -0.82  -0.00  0.57  

6  1361.33  210.74  179.04  
   0.85  0.19  -0.50  
   -0.41  -0.36  -0.84  
   -0.34  0.91  -0.23  

8  1152.38  -278.61  228.15  
   -0.50  -0.57  0.66  
   0.17  0.68  0.72  
   -0.85  0.47  -0.24  

7  1092.55  -205.83  -21.88  
   0.65  0.61  0.45  
   -0.75  0.41  0.52  
   0.13  -0.68  0.72  

9  1371.15  -238.87  332.18  
   0.86  0.23  -0.46  
   0.29  0.53  0.79  
   0.43  -0.82  0.39  

2  856.36  -41.97  575.07  
   0.81  -0.58  0.02  
   0.58  0.81  0.05  
   -0.05  -0.03  1.00  

3  1199.70  -22.77  14.29  
   -0.56  0.22  -0.80  
   -0.12  -0.98  -0.18  
   -0.82  -0.00  0.57  

5  1143.45  257.18  185.74  
   -0.69  0.41  0.60  
   -0.32  0.57  -0.76  
   -0.66  -0.71  -0.26  

4  1069.33  157.61  -33.49  
   0.47  -0.74  0.48  
   0.88  0.33  -0.35  
   0.10  0.59  0.80  

6  1355.97  207.17  122.78  
   0.73  0.35  -0.58  
   -0.43  -0.43  -0.79  
   -0.53  0.83  -0.17  

8  1152.38  -278.61  228.15  
   -0.50  -0.57  0.66  
   0.17  0.68  0.72  
   -0.85  0.47  -0.24  

9  1371.15  -239.32  332.63  
   0.86  0.23  -0.46  
   0.29  0.53  0.79  
   0.43  -0.82  0.39  

7  1092.55  -205.83  -21.88  
   0.65  0.61  0.45  
   -0.75  0.41  0.52  
   0.13  -0.68  0.72  

2  856.36  -41.97  574.63  
   0.81  -0.58  0.02  
   0.58  0.81  0.05  
   -0.05  -0.03  1.00  

3  1200.15  -22.32  14.73  
   -0.56  0.22  -0.80  
   -0.12  -0.98  -0.18  
   -0.82  -0.00  0.57  

4  1067.10  156.72  -35.72  
   0.48  -0.73  0.49  
   0.87  0.35  -0.34  
   0.08  0.59  0.80  

5  1153.27  258.51  174.58  
   -0.75  0.33  0.58  
   -0.33  0.58  -0.75  
   -0.58  -0.75  -0.32  

6  1345.70  204.49  71.88  
   0.60  0.46  -0.65  
   -0.44  -0.49  -0.75  
   -0.67  0.74  -0.09  

8  1152.38  -278.61  227.71  
   -0.50  -0.57  0.66  
   0.17  0.68  0.72  
   -0.85  0.47  -0.24  

7  1092.55  -205.83  -21.43  
   0.65  0.61  0.45  
   -0.75  0.41  0.52  
   0.13  -0.68  0.72  

9  1371.15  -238.87  332.18  
   0.86  0.23  -0.46  
   0.29  0.53  0.79  
   0.43  -0.81  0.39  

2  856.36  -41.97  574.63  
   0.81  -0.58  0.02  
   0.58  0.81  0.05  
   -0.05  -0.03  1.00  

3  1200.15  -23.22  14.73  
   -0.55  0.22  -0.80  
   -0.13  -0.97  -0.18  
   -0.82  -0.00  0.57  

6  1335.43  195.56  24.56  
   0.44  0.54  -0.72  
   -0.46  -0.55  -0.70  
   -0.77  0.63  0.00  

5  1164.43  254.94  162.97  
   -0.81  0.24  0.53  
   -0.32  0.57  -0.75  
   -0.49  -0.78  -0.39  

4  1064.42  154.93  -37.95  
   0.49  -0.72  0.49  
   0.87  0.37  -0.33  
   0.06  0.59  0.81  

7  1092.55  -205.83  -21.43  
   0.65  0.61  0.45  
   -0.75  0.41  0.52  
   0.13  -0.68  0.72  

9  1370.71  -239.32  332.63  
   0.86  0.23  -0.46  
   0.29  0.53  0.79  
   0.43  -0.81  0.39  

8  1152.38  -279.05  227.26  
   -0.50  -0.57  0.66  
   0.17  0.68  0.72  
   -0.85  0.47  -0.24  

2  856.36  -41.97  574.63  
   0.81  -0.58  0.02  
   0.58  0.81  0.05  
   -0.05  -0.03  1.00  

4  1062.63  153.59  -40.63  
   0.50  -0.71  0.49  
   0.86  0.39  -0.32  
   0.04  0.59  0.81  

3  1199.70  -22.77  14.73  
   -0.55  0.23  -0.80  
   -0.13  -0.97  -0.18  
   -0.82  0.00  0.57  

5  1173.81  253.16  154.48  
   -0.85  0.18  0.49  
   -0.31  0.57  -0.76  
   -0.42  -0.80  -0.43  

6  1325.17  187.97  -3.57  
   0.32  0.58  -0.75  
   -0.47  -0.59  -0.66  
   -0.82  0.56  0.08  

9  1370.71  -239.32  332.18  
   0.86  0.23  -0.46  
   0.29  0.53  0.79  
   0.43  -0.81  0.39  

8  1152.82  -278.61  227.71  
   -0.50  -0.57  0.66  
   0.17  0.68  0.72  
   -0.85  0.47  -0.24  

7  1092.99  -205.83  -21.88  
   0.65  0.61  0.45  
   -0.75  0.41  0.52  
   0.13  -0.68  0.72  

3  1199.70  -22.77  15.18  
   -0.55  0.23  -0.80  
   -0.13  -0.97  -0.19  
   -0.82  0.00  0.56  

2  856.36  -41.97  574.63  
   0.81  -0.58  0.02  
   0.58  0.81  0.05  
   -0.05  -0.03  1.00  

4  1062.19  152.25  -41.52  
   0.51  -0.71  0.49  
   0.86  0.40  -0.32  
   0.03  0.58  0.81  

5  1178.72  252.26  148.23  
   -0.88  0.15  0.45  
   -0.29  0.58  -0.76  
   -0.38  -0.80  -0.46  

6  1318.91  182.17  -21.43  
   0.24  0.59  -0.77  
   -0.48  -0.62  -0.63  
   -0.85  0.52  0.14  

8  1152.38  -278.61  228.15  
   -0.50  -0.57  0.66  
   0.17  0.68  0.72  
   -0.85  0.47  -0.24  

7  1092.55  -205.83  -21.43  
   0.65  0.61  0.45  
   -0.75  0.41  0.52  
   0.13  -0.68  0.72  

9  1370.71  -238.87  333.08  
   0.86  0.23  -0.46  
   0.29  0.53  0.79  
   0.43  -0.81  0.39  

2  856.36  -41.97  574.63  
   0.81  -0.58  0.02  
   0.58  0.81  0.05  
   -0.05  -0.03  1.00  

3  1200.15  -22.77  15.18  
   -0.55  0.23  -0.80  
   -0.13  -0.97  -0.19  
   -0.83  0.00  0.56  

5  1183.18  249.58  146.00  
   -0.89  0.14  0.42  
   -0.27  0.58  -0.77  
   -0.35  -0.81  -0.48  

4  1061.29  151.36  -41.97  
   0.51  -0.70  0.49  
   0.86  0.41  -0.31  
   0.02  0.58  0.81  

6  1311.32  176.81  -30.36  
   0.17  0.60  -0.78  
   -0.48  -0.64  -0.59  
   -0.86  0.48  0.18  

8  1152.38  -278.61  227.71  
   -0.50  -0.57  0.66  
   0.17  0.68  0.72  
   -0.85  0.47  -0.24  

7  1092.55  -205.83  -21.43  
   0.65  0.61  0.45  
   -0.75  0.41  0.52  
   0.13  -0.68  0.72  

9  1370.71  -239.32  332.18  
   0.86  0.23  -0.46  
   0.29  0.53  0.79  
   0.43  -0.81  0.39  

4  1061.29  150.91  -41.97  
   0.51  -0.70  0.49  
   0.86  0.41  -0.31  
   0.02  0.58  0.81  

2  856.36  -41.52  574.63  
   0.81  -0.58  0.02  
   0.58  0.81  0.05  
   -0.05  -0.03  1.00  

3  1199.70  -22.32  15.18  
   -0.55  0.23  -0.80  
   -0.13  -0.97  -0.19  
   -0.83  0.00  0.56  

5  1184.97  249.14  144.21  
   -0.91  0.13  0.40  
   -0.26  0.57  -0.78  
   -0.33  -0.81  -0.48  

6  1305.97  170.56  -35.27  
   0.11  0.59  -0.80  
   -0.50  -0.66  -0.56  
   -0.86  0.46  0.22  

7  1092.99  -205.83  -21.43  
   0.65  0.61  0.45  
   -0.75  0.41  0.52  
   0.13  -0.68  0.72  

8  1152.38  -278.61  228.15  
   -0.50  -0.57  0.66  
   0.17  0.68  0.72  
   -0.85  0.47  -0.24  

9  1371.15  -238.87  333.08  
   0.86  0.23  -0.46  
   0.29  0.53  0.79  
   0.43  -0.81  0.39  

2  856.36  -41.97  575.07  
   0.81  -0.58  0.02  
   0.58  0.81  0.05  
   -0.05  -0.03  1.00  

3  1199.70  -22.32  15.18  
   -0.55  0.23  -0.80  
   -0.13  -0.97  -0.19  
   -0.83  0.01  0.56  

4  1060.40  150.47  -42.86  
   0.52  -0.70  0.49  
   0.86  0.42  -0.31  
   0.01  0.58  0.82  

6  1301.95  165.20  -41.08  
   0.07  0.59  -0.81  
   -0.50  -0.68  -0.54  
   -0.86  0.45  0.25  

8  1152.38  -278.61  227.71  
   -0.50  -0.57  0.66  
   0.17  0.68  0.72  
   -0.85  0.47  -0.24  

7  1092.55  -206.28  -21.43  
   0.65  0.61  0.45  
   -0.75  0.41  0.52  
   0.13  -0.68  0.72  

5  1187.20  246.91  141.54  
   -0.92  0.13  0.38  
   -0.24  0.56  -0.79  
   -0.32  -0.82  -0.48  

9  1370.71  -239.32  332.63  
   0.86  0.23  -0.46  
   0.29  0.53  0.79  
   0.43  -0.81  0.39  

3  1199.70  -21.88  15.18  
   -0.55  0.23  -0.80  
   -0.14  -0.97  -0.19  
   -0.83  0.01  0.56  

4  1059.95  150.02  -43.76  
   0.52  -0.70  0.49  
   0.86  0.42  -0.30  
   0.01  0.57  0.82  

2  856.36  -41.97  575.07  
   0.81  -0.58  0.02  
   0.58  0.81  0.05  
   -0.05  -0.03  1.00  

5  1188.09  246.46  138.41  
   -0.92  0.13  0.36  
   -0.24  0.56  -0.79  
   -0.31  -0.82  -0.49  

8  1151.93  -278.61  227.71  
   -0.50  -0.57  0.66  
   0.17  0.68  0.72  
   -0.85  0.47  -0.24  

6  1298.82  162.52  -45.09  
   0.05  0.59  -0.81  
   -0.51  -0.68  -0.53  
   -0.86  0.44  0.27  

7  1092.55  -206.28  -21.88  
   0.65  0.61  0.45  
   -0.75  0.41  0.52  
   0.13  -0.68  0.72  

9  1371.15  -238.87  333.08  
   0.86  0.23  -0.46  
   0.29  0.53  0.79  
   0.43  -0.81  0.39  

2  856.36  -41.97  575.07  
   0.81  -0.58  0.02  
   0.58  0.81  0.05  
   -0.05  -0.03  1.00  

3  1199.70  -22.32  15.18  
   -0.55  0.23  -0.80  
   -0.14  -0.97  -0.19  
   -0.83  0.01  0.56  

6  1299.72  162.07  -47.33  
   0.05  0.59  -0.81  
   -0.51  -0.68  -0.53  
   -0.86  0.43  0.27  

7  1092.55  -206.28  -21.88  
   0.65  0.61  0.45  
   -0.75  0.41  0.52  
   0.13  -0.68  0.72  

5  1188.54  246.01  138.41  
   -0.92  0.12  0.36  
   -0.24  0.56  -0.79  
   -0.30  -0.82  -0.49  

8  1152.38  -278.61  227.71  
   -0.50  -0.57  0.66  
   0.17  0.68  0.72  
   -0.85  0.47  -0.24  

4  1059.06  149.13  -44.20  
   0.52  -0.70  0.49  
   0.86  0.42  -0.30  
   0.00  0.57  0.82  

9  1370.71  -238.87  333.08  
   0.86  0.23  -0.46  
   0.29  0.53  0.79  
   0.43  -0.81  0.39  

2  856.36  -41.97  575.07  
   0.81  -0.58  0.02  
   0.58  0.81  0.05  
   -0.05  -0.03  1.00  

3  1199.70  -22.32  15.63  
   -0.54  0.23  -0.80  
   -0.14  -0.97  -0.19  
   -0.83  0.01  0.56  

4  1059.06  149.13  -44.20  
   0.52  -0.70  0.49  
   0.86  0.42  -0.30  
   0.00  0.57  0.82  

5  1188.09  246.01  137.96  
   -0.92  0.12  0.37  
   -0.24  0.58  -0.78  
   -0.31  -0.81  -0.50  

7  1092.55  -205.83  -21.88  
   0.65  0.61  0.45  
   -0.75  0.41  0.52  
   0.13  -0.68  0.72  

8  1152.38  -278.61  227.26  
   -0.50  -0.57  0.66  
   0.17  0.68  0.72  
   -0.85  0.47  -0.24  

6  1312.66  168.32  -47.33  
   0.12  0.59  -0.80  
   -0.50  -0.66  -0.56  
   -0.86  0.46  0.21  

9  1371.15  -238.87  333.08  
   0.86  0.23  -0.46  
   0.29  0.53  0.79  
   0.43  -0.81  0.39  

2  856.36  -41.97  575.07  
   0.81  -0.58  0.02  
   0.58  0.81  0.05  
   -0.05  -0.03  1.00  

5  1181.84  243.78  141.09  
   -0.89  0.15  0.42  
   -0.26  0.59  -0.76  
   -0.36  -0.79  -0.49  

4  1059.06  148.68  -44.20  
   0.51  -0.71  0.49  
   0.86  0.42  -0.30  
   0.01  0.57  0.82  

3  1199.70  -22.32  15.63  
   -0.54  0.24  -0.80  
   -0.14  -0.97  -0.19  
   -0.83  0.01  0.56  

6  1329.63  175.02  -33.93  
   0.24  0.57  -0.78  
   -0.48  -0.63  -0.61  
   -0.85  0.52  0.12  

8  1152.38  -278.61  227.26  
   -0.50  -0.57  0.66  
   0.17  0.68  0.72  
   -0.85  0.47  -0.24  

9  1371.15  -238.87  333.08  
   0.86  0.23  -0.46  
   0.29  0.53  0.79  
   0.43  -0.81  0.39  

7  1092.55  -205.83  -21.43  
   0.65  0.61  0.45  
   -0.75  0.41  0.52  
   0.13  -0.68  0.72  

2  856.36  -41.97  574.63  
   0.81  -0.58  0.02  
   0.58  0.81  0.05  
   -0.05  -0.03  1.00  

3  1199.70  -22.32  15.63  
   -0.54  0.23  -0.81  
   -0.14  -0.97  -0.19  
   -0.83  0.01  0.56  

4  1059.95  148.68  -43.76  
   0.50  -0.71  0.49  
   0.86  0.40  -0.31  
   0.02  0.57  0.82  

7  1092.55  -205.83  -21.43  
   0.65  0.61  0.45  
   -0.75  0.41  0.52  
   0.13  -0.68  0.72  

6  1342.58  183.51  -6.25  
   0.39  0.56  -0.73  
   -0.46  -0.57  -0.68  
   -0.80  0.60  0.03  

5  1173.81  244.67  147.79  
   -0.86  0.20  0.48  
   -0.28  0.60  -0.75  
   -0.43  -0.78  -0.46  

8  1151.93  -278.61  227.71  
   -0.50  -0.57  0.66  
   0.17  0.68  0.72  
   -0.85  0.47  -0.24  

9  1371.15  -238.87  333.08  
   0.86  0.23  -0.46  
   0.29  0.53  0.79  
   0.43  -0.81  0.39  

3  1199.70  -22.32  15.63  
   -0.54  0.23  -0.81  
   -0.14  -0.97  -0.19  
   -0.83  0.01  0.56  

2  856.36  -41.52  574.63  
   0.81  -0.58  0.02  
   0.58  0.81  0.05  
   -0.05  -0.03  1.00  

4  1059.51  150.02  -42.86  
   0.49  -0.72  0.49  
   0.87  0.38  -0.31  
   0.04  0.58  0.82  

5  1159.97  250.92  156.27  
   -0.80  0.26  0.54  
   -0.31  0.59  -0.75  
   -0.52  -0.77  -0.38  

6  1353.74  192.43  37.06  
   0.56  0.50  -0.66  
   -0.45  -0.49  -0.75  
   -0.70  0.71  -0.05  

8  1152.38  -278.61  228.15  
   -0.49  -0.57  0.66  
   0.17  0.68  0.72  
   -0.85  0.47  -0.24  

7  1092.55  -205.83  -21.43  
   0.65  0.61  0.45  
   -0.75  0.41  0.52  
   0.13  -0.68  0.72  

9  1371.15  -238.42  333.08  
   0.86  0.23  -0.46  
   0.29  0.53  0.79  
   0.43  -0.81  0.39  

2  856.36  -41.52  574.63  
   0.81  -0.58  0.02  
   0.58  0.81  0.05  
   -0.05  -0.03  1.00  

3  1199.70  -22.77  15.18  
   -0.55  0.23  -0.80  
   -0.14  -0.97  -0.19  
   -0.83  0.01  0.56  

5  1146.13  251.37  164.75  
   -0.73  0.35  0.59  
   -0.33  0.58  -0.74  
   -0.60  -0.74  -0.31  

4  1059.95  150.91  -41.97  
   0.47  -0.74  0.49  
   0.88  0.35  -0.31  
   0.06  0.57  0.82  

6  1360.88  201.36  84.83  
   0.73  0.38  -0.57  
   -0.42  -0.41  -0.81  
   -0.54  0.83  -0.14  

9  1371.15  -238.87  333.08  
   0.86  0.23  -0.46  
   0.29  0.53  0.79  
   0.43  -0.81  0.39  

8  1152.38  -278.61  227.71  
   -0.50  -0.57  0.66  
   0.17  0.68  0.72  
   -0.85  0.47  -0.24  

7  1092.99  -205.83  -21.43  
   0.65  0.61  0.45  
   -0.75  0.41  0.52  
   0.13  -0.68  0.72  

2  856.36  -41.52  574.63  
   0.81  -0.58  0.02  
   0.58  0.81  0.05  
   -0.05  -0.03  1.00  

4  1061.29  151.80  -40.18  
   0.45  -0.75  0.48  
   0.89  0.33  -0.32  
   0.08  0.57  0.82  

3  1199.70  -22.32  15.18  
   -0.55  0.23  -0.80  
   -0.13  -0.97  -0.19  
   -0.83  0.01  0.56  

5  1134.07  252.26  175.47  
   -0.66  0.43  0.62  
   -0.33  0.58  -0.74  
   -0.68  -0.69  -0.24  

6  1363.12  212.08  147.34  
   0.86  0.20  -0.46  
   -0.37  -0.35  -0.86  
   -0.34  0.91  -0.23  

7  1092.99  -205.38  -21.88  
   0.65  0.61  0.45  
   -0.75  0.41  0.52  
   0.13  -0.68  0.72  

9  1370.71  -238.42  333.08  
   0.86  0.23  -0.46  
   0.29  0.53  0.79  
   0.43  -0.81  0.39  

8  1152.38  -278.61  227.26  
   -0.50  -0.57  0.66  
   0.17  0.68  0.72  
   -0.85  0.47  -0.24  

2  856.36  -41.97  574.63  
   0.81  -0.58  0.02  
   0.58  0.81  0.05  
   -0.05  -0.03  1.00  

4  1063.08  152.70  -40.18  
   0.44  -0.77  0.47  
   0.89  0.32  -0.32  
   0.10  0.56  0.83  

5  1125.59  250.03  183.95  
   -0.59  0.51  0.63  
   -0.31  0.58  -0.75  
   -0.75  -0.64  -0.18  

3  1200.15  -22.32  15.18  
   -0.55  0.23  -0.80  
   -0.13  -0.97  -0.18  
   -0.83  0.01  0.56  

6  1360.44  217.44  212.53  
   0.93  0.01  -0.36  
   -0.34  -0.30  -0.89  
   -0.12  0.95  -0.28  

9  1370.71  -239.32  333.08  
   0.86  0.23  -0.46  
   0.29  0.53  0.80  
   0.43  -0.81  0.39  

8  1151.93  -278.61  227.71  
   -0.50  -0.57  0.66  
   0.17  0.68  0.72  
   -0.85  0.47  -0.24  

7  1092.99  -205.38  -21.88  
   0.65  0.61  0.45  
   -0.75  0.41  0.52  
   0.14  -0.68  0.72  

2  856.36  -41.52  574.63  
   0.81  -0.58  0.02  
   0.58  0.81  0.05  
   -0.05  -0.03  1.00  

5  1121.12  245.57  192.88  
   -0.52  0.57  0.63  
   -0.28  0.58  -0.76  
   -0.81  -0.58  -0.14  

4  1064.42  154.04  -39.74  
   0.43  -0.78  0.46  
   0.90  0.31  -0.32  
   0.11  0.55  0.83  

7  1092.99  -205.38  -21.88  
   0.65  0.61  0.45  
   -0.75  0.41  0.52  
   0.13  -0.68  0.72  

3  1200.15  -21.88  15.18  
   -0.55  0.22  -0.80  
   -0.13  -0.97  -0.18  
   -0.83  0.00  0.56  

6  1349.72  225.03  264.77  
   0.95  -0.16  -0.26  
   -0.29  -0.28  -0.91  
   0.07  0.95  -0.31  

8  1151.93  -278.61  227.71  
   -0.50  -0.57  0.66  
   0.17  0.68  0.71  
   -0.85  0.47  -0.24  

9  1370.71  -238.87  332.63  
   0.86  0.23  -0.46  
   0.29  0.53  0.80  
   0.43  -0.82  0.39  

2  856.36  -41.52  574.63  
   0.81  -0.58  0.02  
   0.58  0.81  0.05  
   -0.05  -0.03  1.00  

3  1200.15  -21.88  15.18  
   -0.55  0.22  -0.81  
   -0.13  -0.98  -0.18  
   -0.83  0.00  0.56  

4  1066.65  155.38  -38.40  
   0.43  -0.78  0.45  
   0.90  0.30  -0.32  
   0.12  0.54  0.83  

5  1117.10  243.33  196.01  
   -0.47  0.61  0.64  
   -0.27  0.59  -0.76  
   -0.84  -0.53  -0.12  

6  1338.56  229.49  303.16  
   0.94  -0.28  -0.18  
   -0.26  -0.27  -0.93  
   0.21  0.92  -0.33  

8  1152.38  -277.71  228.15  
   -0.50  -0.57  0.66  
   0.17  0.68  0.72  
   -0.85  0.47  -0.24  

7  1092.99  -205.38  -21.88  
   0.65  0.61  0.45  
   -0.75  0.41  0.52  
   0.14  -0.68  0.72  

9  1370.71  -238.42  332.18  
   0.86  0.23  -0.46  
   0.29  0.53  0.80  
   0.43  -0.82  0.39  

2  856.36  -41.52  575.07  
   0.81  -0.58  0.02  
   0.58  0.81  0.05  
   -0.05  -0.03  1.00  

3  1199.70  -21.43  15.18  
   -0.55  0.22  -0.80  
   -0.13  -0.98  -0.18  
   -0.82  0.00  0.57  

5  1115.76  241.99  200.47  
   -0.44  0.63  0.64  
   -0.26  0.59  -0.76  
   -0.86  -0.50  -0.10  

4  1067.54  156.27  -38.40  
   0.43  -0.79  0.45  
   0.90  0.30  -0.33  
   0.12  0.54  0.83  

6  1329.18  235.74  325.93  
   0.92  -0.36  -0.13  
   -0.23  -0.24  -0.94  
   0.31  0.90  -0.30  

7  1092.99  -205.38  -21.88  
   0.65  0.61  0.45  
   -0.75  0.41  0.52  
   0.14  -0.68  0.72  

8  1151.93  -278.16  228.15  
   -0.49  -0.57  0.66  
   0.17  0.68  0.71  
   -0.85  0.47  -0.24  

9  1370.71  -239.32  332.63  
   0.86  0.23  -0.46  
   0.29  0.53  0.80  
   0.43  -0.82  0.39  

2  856.36  -41.52  574.63  
   0.81  -0.58  0.02  
   0.58  0.81  0.05  
   -0.05  -0.03  1.00  

3  1199.70  -21.43  15.18  
   -0.55  0.22  -0.80  
   -0.12  -0.98  -0.18  
   -0.82  0.00  0.57  

5  1113.53  241.55  202.26  
   -0.42  0.65  0.64  
   -0.25  0.59  -0.77  
   -0.87  -0.48  -0.09  

4  1069.33  157.61  -37.06  
   0.43  -0.79  0.44  
   0.89  0.30  -0.33  
   0.13  0.54  0.83  

6  1321.15  237.53  340.22  
   0.91  -0.40  -0.11  
   -0.21  -0.23  -0.95  
   0.36  0.89  -0.29  

7  1092.99  -205.38  -21.88  
   0.65  0.61  0.45  
   -0.75  0.41  0.52  
   0.14  -0.68  0.72  

8  1152.38  -277.71  228.15  
   -0.50  -0.57  0.66  
   0.17  0.68  0.71  
   -0.85  0.47  -0.24  

9  1370.71  -238.87  332.63  
   0.86  0.23  -0.46  
   0.29  0.53  0.80  
   0.43  -0.82  0.39  

2  856.36  -41.97  575.07  
   0.81  -0.58  0.02  
   0.58  0.81  0.05  
   -0.05  -0.03  1.00  

3  1199.70  -21.88  15.18  
   -0.55  0.22  -0.80  
   -0.12  -0.98  -0.18  
   -0.82  0.00  0.57  

4  1070.67  158.06  -36.17  
   0.44  -0.78  0.44  
   0.89  0.31  -0.34  
   0.13  0.54  0.83  

5  1113.98  240.66  203.60  
   -0.41  0.65  0.64  
   -0.24  0.60  -0.77  
   -0.88  -0.47  -0.09  

9  1370.26  -238.87  332.18  
   0.86  0.23  -0.46  
   0.29  0.53  0.80  
   0.43  -0.82  0.39  

6  1321.15  237.53  342.45  
   0.91  -0.41  -0.10  
   -0.21  -0.23  -0.95  
   0.37  0.88  -0.29  

8  1152.38  -278.16  228.15  
   -0.50  -0.57  0.66  
   0.17  0.68  0.71  
   -0.85  0.47  -0.24  

7  1092.99  -205.38  -21.88  
   0.65  0.61  0.45  
   -0.75  0.41  0.52  
   0.14  -0.68  0.72  

2  856.36  -41.52  575.07  
   0.81  -0.58  0.02  
   0.58  0.81  0.05  
   -0.05  -0.03  1.00  

6  1321.59  236.19  344.24  
   0.90  -0.42  -0.11  
   -0.22  -0.22  -0.95  
   0.37  0.88  -0.29  

5  1114.87  240.21  204.04  
   -0.41  0.66  0.63  
   -0.24  0.59  -0.77  
   -0.88  -0.47  -0.09  

3  1199.70  -21.88  15.18  
   -0.55  0.21  -0.80  
   -0.12  -0.98  -0.18  
   -0.82  0.00  0.57  

4  1071.12  158.95  -35.72  
   0.44  -0.78  0.44  
   0.89  0.31  -0.34  
   0.13  0.54  0.83  

8  1151.93  -277.71  227.71  
   -0.50  -0.57  0.66  
   0.17  0.68  0.71  
   -0.85  0.47  -0.24  

7  1092.99  -205.38  -21.88  
   0.65  0.61  0.45  
   -0.75  0.41  0.52  
   0.14  -0.68  0.72  

9  1370.71  -238.87  332.18  
   0.86  0.23  -0.46  
   0.29  0.53  0.80  
   0.43  -0.82  0.39  

2  856.36  -41.97  574.63  
   0.81  -0.58  0.02  
   0.58  0.81  0.05  
   -0.05  -0.03  1.00  

3  1199.70  -21.88  15.18  
   -0.55  0.21  -0.80  
   -0.12  -0.98  -0.17  
   -0.82  0.00  0.57  

4  1071.12  158.95  -36.17  
   0.44  -0.78  0.44  
   0.89  0.31  -0.34  
   0.13  0.54  0.83  

5  1115.32  240.21  204.04  
   -0.41  0.66  0.63  
   -0.24  0.59  -0.77  
   -0.88  -0.47  -0.09  

6  1321.59  236.64  345.13  
   0.90  -0.42  -0.11  
   -0.22  -0.22  -0.95  
   0.38  0.88  -0.29  

7  1092.99  -205.38  -21.88  
   0.65  0.61  0.45  
   -0.75  0.41  0.52  
   0.14  -0.68  0.72  

8  1151.93  -277.71  228.15  
   -0.50  -0.57  0.66  
   0.17  0.68  0.71  
   -0.85  0.47  -0.24  

9  1370.26  -238.42  332.63  
   0.86  0.23  -0.46  
   0.29  0.53  0.80  
   0.43  -0.82  0.39  

2  856.36  -41.52  575.07  
   0.81  -0.58  0.02  
   0.58  0.81  0.05  
   -0.05  -0.03  1.00  

3  1199.70  -21.88  15.18  
   -0.55  0.21  -0.80  
   -0.12  -0.98  -0.17  
   -0.82  0.00  0.57  

4  1071.56  158.95  -35.72  
   0.44  -0.78  0.44  
   0.89  0.31  -0.34  
   0.13  0.54  0.83  

6  1321.15  236.64  345.58  
   0.90  -0.42  -0.11  
   -0.22  -0.22  -0.95  
   0.38  0.88  -0.29  

8  1151.93  -277.71  228.15  
   -0.50  -0.57  0.66  
   0.17  0.68  0.71  
   -0.85  0.47  -0.24  

7  1092.55  -205.38  -21.88  
   0.65  0.61  0.45  
   -0.75  0.41  0.52  
   0.14  -0.68  0.72  

5  1115.32  240.21  204.04  
   -0.41  0.66  0.63  
   -0.24  0.59  -0.77  
   -0.88  -0.47  -0.09  

9  1370.71  -238.42  332.18  
   0.86  0.23  -0.46  
   0.29  0.53  0.80  
   0.42  -0.82  0.39  

2  856.36  -41.52  574.63  
   0.81  -0.58  0.02  
   0.58  0.81  0.05  
   -0.05  -0.03  1.00  

3  1199.70  -21.43  15.18  
   -0.55  0.21  -0.80  
   -0.12  -0.98  -0.17  
   -0.82  0.00  0.57  

4  1071.56  158.95  -35.72  
   0.44  -0.78  0.44  
   0.89  0.31  -0.34  
   0.13  0.54  0.83  

5  1115.32  240.21  204.49  
   -0.41  0.66  0.63  
   -0.24  0.59  -0.77  
   -0.88  -0.47  -0.09  

6  1321.15  236.64  346.03  
   0.90  -0.42  -0.11  
   -0.22  -0.22  -0.95  
   0.38  0.88  -0.29  

7  1092.55  -205.38  -21.43  
   0.65  0.61  0.45  
   -0.75  0.41  0.52  
   0.14  -0.68  0.72  

9  1370.71  -238.42  332.18  
   0.86  0.23  -0.46  
   0.29  0.53  0.80  
   0.42  -0.82  0.39  

8  1151.93  -277.71  228.15  
   -0.50  -0.57  0.66  
   0.17  0.68  0.71  
   -0.85  0.47  -0.24  

2  856.36  -41.97  574.63  
   0.81  -0.58  0.02  
   0.58  0.81  0.05  
   -0.05  -0.03  1.00  

3  1199.70  -21.88  15.18  
   -0.55  0.21  -0.80  
   -0.12  -0.98  -0.17  
   -0.82  0.00  0.57  

4  1072.01  158.50  -35.72  
   0.44  -0.78  0.44  
   0.89  0.31  -0.34  
   0.13  0.54  0.83  

6  1320.70  237.08  346.03  
   0.90  -0.42  -0.11  
   -0.22  -0.22  -0.95  
   0.38  0.88  -0.29  

5  1114.87  240.21  204.04  
   -0.41  0.66  0.63  
   -0.24  0.59  -0.77  
   -0.88  -0.47  -0.09  

8  1151.93  -277.71  228.60  
   -0.50  -0.57  0.66  
   0.17  0.68  0.71  
   -0.85  0.47  -0.24  

7  1092.55  -205.83  -21.43  
   0.65  0.61  0.45  
   -0.75  0.41  0.52  
   0.14  -0.68  0.72  

9  1370.26  -238.87  332.18  
   0.86  0.23  -0.46  
   0.29  0.53  0.80  
   0.42  -0.82  0.39  

2  856.36  -41.97  574.63  
   0.81  -0.58  0.02  
   0.58  0.81  0.05  
   -0.05  -0.03  1.00  

5  1114.87  240.66  204.49  
   -0.41  0.66  0.63  
   -0.24  0.59  -0.77  
   -0.88  -0.46  -0.09  

4  1072.46  158.95  -35.72  
   0.44  -0.78  0.44  
   0.89  0.31  -0.34  
   0.13  0.54  0.83  

3  1199.70  -21.88  15.18  
   -0.56  0.21  -0.80  
   -0.12  -0.98  -0.17  
   -0.82  0.00  0.57  

6  1320.70  237.08  346.47  
   0.90  -0.43  -0.11  
   -0.22  -0.22  -0.95  
   0.38  0.88  -0.29  

7  1092.55  -205.38  -21.43  
   0.65  0.61  0.45  
   -0.75  0.41  0.52  
   0.14  -0.68  0.72  

9  1370.26  -238.42  332.18  
   0.86  0.23  -0.46  
   0.29  0.53  0.80  
   0.42  -0.82  0.39  

8  1151.93  -277.27  228.60  
   -0.50  -0.57  0.66  
   0.17  0.68  0.71  
   -0.85  0.47  -0.24  

2  856.36  -41.97  575.07  
   0.81  -0.58  0.02  
   0.58  0.81  0.05  
   -0.05  -0.03  1.00  

4  1072.46  158.95  -35.72  
   0.44  -0.78  0.44  
   0.89  0.31  -0.34  
   0.13  0.54  0.83  

3  1199.70  -21.88  15.18  
   -0.56  0.21  -0.80  
   -0.12  -0.98  -0.17  
   -0.82  0.00  0.57  

6  1320.25  237.08  347.36  
   0.90  -0.43  -0.10  
   -0.22  -0.22  -0.95  
   0.38  0.88  -0.29  

5  1115.32  240.66  204.04  
   -0.41  0.66  0.64  
   -0.24  0.60  -0.77  
   -0.88  -0.46  -0.09  

7  1092.55  -205.83  -21.43  
   0.65  0.61  0.45  
   -0.75  0.41  0.52  
   0.14  -0.68  0.72  

9  1370.26  -238.87  332.63  
   0.86  0.23  -0.46  
   0.29  0.53  0.80  
   0.42  -0.82  0.39  

8  1151.93  -277.27  228.60  
   -0.50  -0.57  0.66  
   0.17  0.68  0.71  
   -0.85  0.47  -0.24  

2  856.36  -41.97  574.63  
   0.81  -0.58  0.02  
   0.58  0.81  0.05  
   -0.05  -0.03  1.00  

3  1199.70  -21.88  15.18  
   -0.56  0.21  -0.80  
   -0.12  -0.98  -0.17  
   -0.82  0.00  0.57  

4  1072.46  158.95  -35.72  
   0.44  -0.78  0.44  
   0.89  0.31  -0.34  
   0.13  0.54  0.83  

6  1320.25  237.98  347.36  
   0.90  -0.43  -0.10  
   -0.21  -0.22  -0.95  
   0.39  0.88  -0.29  

5  1114.87  240.66  204.94  
   -0.41  0.66  0.64  
   -0.24  0.60  -0.77  
   -0.88  -0.46  -0.09  

7  1092.55  -205.38  -21.43  
   0.65  0.61  0.45  
   -0.75  0.41  0.52  
   0.14  -0.68  0.72  

8  1151.93  -277.71  228.60  
   -0.50  -0.57  0.66  
   0.17  0.68  0.71  
   -0.85  0.47  -0.24  

9  1370.26  -238.42  332.18  
   0.86  0.23  -0.46  
   0.29  0.53  0.80  
   0.42  -0.82  0.39  

2  856.36  -41.97  575.07  
   0.81  -0.58  0.02  
   0.58  0.81  0.05  
   -0.05  -0.03  1.00  

5  1114.87  240.66  204.94  
   -0.40  0.66  0.64  
   -0.24  0.60  -0.77  
   -0.88  -0.46  -0.09  

4  1073.35  159.39  -35.27  
   0.44  -0.78  0.44  
   0.89  0.31  -0.34  
   0.13  0.54  0.83  

3  1199.70  -21.88  15.18  
   -0.56  0.21  -0.80  
   -0.12  -0.98  -0.17  
   -0.82  0.00  0.57  

6  1319.81  237.98  347.36  
   0.90  -0.43  -0.11  
   -0.22  -0.22  -0.95  
   0.39  0.88  -0.29  

7  1092.55  -205.83  -20.98  
   0.65  0.61  0.45  
   -0.75  0.41  0.52  
   0.14  -0.68  0.72  

8  1151.93  -277.71  228.60  
   -0.50  -0.57  0.66  
   0.17  0.68  0.71  
   -0.85  0.47  -0.24  

9  1370.71  -238.42  332.18  
   0.86  0.23  -0.46  
   0.29  0.53  0.80  
   0.42  -0.82  0.39  

2  856.36  -41.97  574.63  
   0.81  -0.58  0.02  
   0.58  0.81  0.05  
   -0.05  -0.03  1.00  

5  1114.87  241.10  204.94  
   -0.40  0.66  0.64  
   -0.24  0.60  -0.77  
   -0.88  -0.46  -0.09  

4  1072.90  159.39  -35.27  
   0.44  -0.78  0.44  
   0.89  0.31  -0.34  
   0.13  0.54  0.83  

6  1319.81  237.98  347.81  
   0.90  -0.43  -0.11  
   -0.22  -0.21  -0.95  
   0.39  0.88  -0.29  

3  1199.70  -21.88  15.18  
   -0.56  0.21  -0.80  
   -0.12  -0.98  -0.17  
   -0.82  0.00  0.57  

8  1152.38  -277.71  228.60  
   -0.50  -0.57  0.66  
   0.17  0.68  0.71  
   -0.85  0.47  -0.24  

7  1092.55  -205.83  -21.43  
   0.65  0.61  0.45  
   -0.75  0.41  0.52  
   0.14  -0.68  0.72  

9  1370.26  -238.87  331.74  
   0.86  0.23  -0.46  
   0.29  0.53  0.80  
   0.42  -0.82  0.39  

2  856.36  -41.52  574.63  
   0.81  -0.58  0.02  
   0.58  0.81  0.05  
   -0.05  -0.03  1.00  

3  1199.70  -21.88  14.73  
   -0.56  0.21  -0.80  
   -0.12  -0.98  -0.17  
   -0.82  0.00  0.57  

4  1072.90  159.39  -35.27  
   0.45  -0.78  0.44  
   0.89  0.31  -0.34  
   0.13  0.54  0.83  

5  1114.87  241.10  204.94  
   -0.40  0.66  0.64  
   -0.24  0.60  -0.77  
   -0.88  -0.46  -0.09  

7  1092.99  -205.83  -21.43  
   0.65  0.61  0.45  
   -0.75  0.41  0.52  
   0.13  -0.68  0.72  

6  1320.25  237.98  347.81  
   0.90  -0.43  -0.11  
   -0.22  -0.21  -0.95  
   0.39  0.88  -0.28  

8  1151.93  -277.27  228.60  
   -0.50  -0.57  0.66  
   0.17  0.68  0.71  
   -0.85  0.47  -0.24  

9  1370.71  -238.42  332.18  
   0.86  0.23  -0.46  
   0.29  0.53  0.80  
   0.42  -0.82  0.39  

2  856.36  -41.97  574.63  
   0.81  -0.58  0.02  
   0.58  0.81  0.05  
   -0.05  -0.03  1.00  

5  1114.87  241.10  204.94  
   -0.40  0.66  0.64  
   -0.24  0.60  -0.77  
   -0.88  -0.46  -0.09  

4  1072.90  159.84  -35.27  
   0.45  -0.78  0.44  
   0.89  0.31  -0.34  
   0.13  0.55  0.83  

3  1199.70  -21.88  14.73  
   -0.56  0.21  -0.80  
   -0.12  -0.98  -0.17  
   -0.82  0.00  0.57  

6  1319.81  237.53  347.81  
   0.89  -0.43  -0.11  
   -0.22  -0.21  -0.95  
   0.39  0.88  -0.28  

9  1370.26  -238.42  332.18  
   0.86  0.23  -0.46  
   0.29  0.53  0.80  
   0.42  -0.82  0.39  

8  1152.38  -277.71  228.15  
   -0.50  -0.57  0.66  
   0.17  0.68  0.71  
   -0.85  0.47  -0.24  

7  1092.99  -205.83  -21.43  
   0.65  0.61  0.45  
   -0.75  0.41  0.52  
   0.13  -0.68  0.72  

2  856.36  -41.52  574.63  
   0.81  -0.58  0.02  
   0.58  0.81  0.05  
   -0.05  -0.03  1.00  

5  1114.87  241.10  204.94  
   -0.40  0.66  0.64  
   -0.24  0.60  -0.77  
   -0.88  -0.46  -0.09  

4  1073.35  159.84  -35.27  
   0.45  -0.78  0.44  
   0.89  0.31  -0.34  
   0.13  0.55  0.83  

3  1199.70  -21.88  14.29  
   -0.56  0.21  -0.80  
   -0.12  -0.98  -0.17  
   -0.82  0.00  0.57  

6  1319.81  237.98  348.26  
   0.89  -0.43  -0.11  
   -0.22  -0.21  -0.95  
   0.39  0.88  -0.28  

9  1370.26  -238.42  332.18  
   0.86  0.23  -0.46  
   0.29  0.53  0.80  
   0.42  -0.82  0.39  

8  1152.38  -277.27  228.15  
   -0.50  -0.57  0.66  
   0.17  0.68  0.71  
   -0.85  0.47  -0.24  

7  1092.99  -205.38  -21.43  
   0.65  0.61  0.45  
   -0.75  0.41  0.52  
   0.13  -0.68  0.72  

