2  1129.61  -37.95  67.42  
   -0.30  0.02  -0.95  
   -0.71  -0.67  0.21  
   -0.64  0.74  0.22  

3  1080.05  -29.02  22.77  
   -0.37  -0.34  -0.87  
   0.34  -0.92  0.21  
   -0.86  -0.22  0.46  

2  1129.16  -40.63  70.54  
   -0.33  -0.01  -0.95  
   -0.86  -0.40  0.30  
   -0.38  0.92  0.12  

3  1080.49  -27.24  20.98  
   -0.35  -0.34  -0.87  
   0.34  -0.91  0.22  
   -0.87  -0.22  0.44  

2  1131.84  -23.22  66.97  
   -0.12  0.15  -0.98  
   -0.60  -0.80  -0.05  
   -0.79  0.59  0.19  

3  1080.94  -25.90  20.98  
   -0.36  -0.34  -0.87  
   0.33  -0.92  0.22  
   -0.87  -0.21  0.44  

2  1126.48  -30.81  63.40  
   -0.39  0.04  -0.92  
   -0.53  -0.83  0.19  
   -0.75  0.56  0.35  

3  1079.60  -25.90  21.43  
   -0.33  -0.32  -0.89  
   0.33  -0.92  0.21  
   -0.89  -0.22  0.40  

2  1126.93  -41.52  62.95  
   -0.41  -0.07  -0.91  
   -0.72  -0.59  0.37  
   -0.56  0.81  0.19  

3  1080.05  -25.45  21.43  
   -0.31  -0.34  -0.89  
   0.33  -0.91  0.24  
   -0.89  -0.22  0.40  

2  1054.60  -29.47  -70.99  
   -0.65  0.09  -0.76  
   -0.37  -0.91  0.21  
   -0.67  0.41  0.62  

3  1080.94  -27.24  19.65  
   -0.41  -0.32  -0.86  
   0.35  -0.92  0.18  
   -0.84  -0.22  0.48  

2  1059.06  -31.25  -64.74  
   -0.54  0.04  -0.84  
   -0.53  -0.79  0.31  
   -0.66  0.61  0.45  

3  1081.39  -26.79  19.20  
   -0.41  -0.32  -0.85  
   0.35  -0.92  0.18  
   -0.84  -0.23  0.49  

2  1061.74  -18.75  -66.53  
   -0.52  -0.00  -0.85  
   -0.08  -0.99  0.06  
   -0.85  0.10  0.52  

3  1081.39  -25.90  19.20  
   -0.41  -0.33  -0.85  
   0.35  -0.92  0.18  
   -0.84  -0.23  0.49  

2  1048.79  -23.66  -73.67  
   -0.81  -0.08  -0.59  
   -0.04  -0.98  0.20  
   -0.59  0.18  0.79  

3  1081.83  -26.34  19.20  
   -0.41  -0.33  -0.85  
   0.35  -0.92  0.19  
   -0.84  -0.22  0.49  

2  1065.31  -26.79  -65.63  
   -0.42  -0.10  -0.90  
   -0.26  -0.94  0.23  
   -0.87  0.33  0.37  

3  1081.39  -26.34  18.75  
   -0.41  -0.33  -0.85  
   0.35  -0.92  0.19  
   -0.84  -0.22  0.49  

2  1069.78  -30.81  -174.13  
   -0.24  0.94  0.23  
   -0.95  -0.28  0.16  
   0.22  -0.18  0.96  

3  1196.13  -20.09  62.51  
   -0.03  -0.19  -0.98  
   0.33  -0.93  0.17  
   -0.94  -0.32  0.09  

2  1069.78  -14.73  -175.47  
   -0.43  0.87  0.24  
   -0.89  -0.36  -0.27  
   -0.15  -0.33  0.93  

3  1196.58  -19.65  62.51  
   -0.03  -0.19  -0.98  
   0.34  -0.93  0.17  
   -0.94  -0.32  0.09  

2  1061.74  -23.66  -171.45  
   -0.36  0.79  0.50  
   -0.90  -0.43  0.03  
   0.24  -0.44  0.86  

3  1197.92  -19.20  64.29  
   -0.02  -0.19  -0.98  
   0.34  -0.93  0.17  
   -0.94  -0.33  0.08  

2  1087.19  -33.49  -176.81  
   -0.16  0.98  -0.07  
   -0.97  -0.14  0.22  
   0.20  0.10  0.97  

3  1198.36  -19.65  64.29  
   -0.02  -0.19  -0.98  
   0.34  -0.92  0.17  
   -0.94  -0.33  0.08  

2  1085.40  -12.95  -174.13  
   -0.45  0.89  -0.08  
   -0.85  -0.45  -0.28  
   -0.28  -0.06  0.96  

3  1198.36  -20.09  64.74  
   -0.01  -0.19  -0.98  
   0.34  -0.92  0.18  
   -0.94  -0.33  0.08  

2  957.26  -45.99  -2.68  
   -0.11  0.45  0.89  
   -0.81  -0.56  0.18  
   0.57  -0.70  0.43  

3  1222.47  -21.43  72.78  
   0.06  -0.17  -0.98  
   0.35  -0.92  0.18  
   -0.94  -0.35  0.00  

2  959.49  -32.15  -9.38  
   -0.42  0.41  0.81  
   -0.78  -0.62  -0.10  
   0.46  -0.68  0.58  

3  1222.92  -21.43  73.67  
   0.06  -0.17  -0.98  
   0.35  -0.92  0.18  
   -0.94  -0.35  -0.00  

2  955.03  -42.42  2.68  
   -0.18  0.38  0.91  
   -0.73  -0.67  0.14  
   0.66  -0.64  0.40  

3  1221.58  -20.54  74.56  
   0.06  -0.17  -0.98  
   0.34  -0.92  0.18  
   -0.94  -0.35  -0.00  

2  963.96  -44.65  -15.18  
   -0.26  0.73  0.63  
   -0.83  -0.51  0.24  
   0.50  -0.46  0.73  

3  1221.58  -20.09  73.67  
   0.06  -0.17  -0.98  
   0.34  -0.92  0.18  
   -0.94  -0.35  0.00  

2  956.82  -27.24  -6.25  
   -0.54  0.38  0.75  
   -0.68  -0.73  -0.12  
   0.50  -0.57  0.65  

3  1221.58  -20.54  73.67  
   0.07  -0.17  -0.98  
   0.35  -0.92  0.18  
   -0.94  -0.35  -0.00  

2  1052.81  -26.79  -78.58  
   -0.56  0.05  -0.82  
   -0.66  -0.63  0.41  
   -0.50  0.77  0.39  

3  1082.72  -28.13  3.57  
   -0.48  -0.30  -0.82  
   0.31  -0.94  0.16  
   -0.82  -0.18  0.54  

2  1058.17  -14.29  -81.71  
   -0.41  0.12  -0.91  
   -0.54  -0.83  0.13  
   -0.74  0.54  0.40  

3  1082.72  -26.79  3.13  
   -0.48  -0.30  -0.82  
   0.31  -0.94  0.16  
   -0.82  -0.18  0.54  

2  1051.02  -21.43  -83.05  
   -0.63  0.04  -0.77  
   -0.57  -0.71  0.42  
   -0.53  0.71  0.47  

3  1083.17  -28.13  3.13  
   -0.47  -0.30  -0.83  
   0.31  -0.94  0.16  
   -0.82  -0.18  0.54  

2  1049.68  -29.47  -79.03  
   -0.67  0.01  -0.74  
   -0.61  -0.58  0.54  
   -0.43  0.81  0.39  

3  1082.72  -28.57  3.13  
   -0.48  -0.30  -0.83  
   0.31  -0.94  0.17  
   -0.82  -0.17  0.54  

2  1060.85  -10.72  -79.47  
   -0.39  0.03  -0.92  
   -0.34  -0.93  0.12  
   -0.86  0.36  0.37  

3  1083.17  -29.02  2.68  
   -0.48  -0.30  -0.83  
   0.31  -0.94  0.17  
   -0.82  -0.17  0.54  

2  981.37  133.50  -87.51  
   -0.58  0.34  -0.74  
   -0.51  -0.86  0.01  
   -0.64  0.38  0.67  

4  883.59  119.66  -92.87  
   0.78  0.18  0.60  
   -0.13  0.98  -0.13  
   -0.61  0.02  0.79  

2  989.41  143.32  -79.47  
   -0.34  0.35  -0.87  
   -0.39  -0.90  -0.21  
   -0.85  0.27  0.44  

4  883.59  120.10  -92.87  
   0.78  0.18  0.60  
   -0.13  0.98  -0.13  
   -0.61  0.03  0.79  

2  973.78  131.27  -87.51  
   -0.70  0.38  -0.61  
   -0.53  -0.84  0.09  
   -0.48  0.39  0.79  

4  882.70  119.66  -92.42  
   0.78  0.18  0.61  
   -0.12  0.98  -0.13  
   -0.62  0.03  0.78  

2  985.84  127.69  -85.72  
   -0.54  0.22  -0.81  
   -0.58  -0.80  0.16  
   -0.61  0.56  0.56  

4  883.15  120.10  -92.87  
   0.78  0.18  0.60  
   -0.12  0.98  -0.13  
   -0.61  0.03  0.79  

2  992.09  143.32  -75.90  
   -0.29  0.25  -0.92  
   -0.24  -0.95  -0.19  
   -0.93  0.17  0.34  

4  883.59  120.10  -92.87  
   0.78  0.17  0.60  
   -0.12  0.98  -0.13  
   -0.61  0.03  0.79  

2  953.24  110.73  -122.34  
   -0.70  0.46  -0.54  
   -0.52  -0.85  -0.05  
   -0.48  0.25  0.84  

4  885.38  117.43  -91.53  
   0.72  0.24  0.65  
   -0.16  0.97  -0.19  
   -0.67  0.03  0.74  

2  964.41  119.66  -114.75  
   -0.45  0.51  -0.74  
   -0.52  -0.82  -0.24  
   -0.73  0.27  0.63  

4  885.82  117.87  -91.53  
   0.73  0.24  0.64  
   -0.16  0.97  -0.18  
   -0.66  0.03  0.75  

2  959.05  97.33  -116.53  
   -0.70  0.33  -0.64  
   -0.61  -0.74  0.28  
   -0.38  0.59  0.72  

4  886.72  116.98  -91.98  
   0.73  0.25  0.63  
   -0.16  0.97  -0.19  
   -0.66  0.03  0.75  

2  965.30  118.76  -113.85  
   -0.54  0.39  -0.74  
   -0.37  -0.91  -0.21  
   -0.76  0.16  0.63  

4  887.16  117.87  -91.98  
   0.73  0.24  0.63  
   -0.16  0.97  -0.19  
   -0.66  0.04  0.75  

2  946.99  105.37  -124.12  
   -0.86  0.34  -0.39  
   -0.41  -0.91  0.11  
   -0.32  0.25  0.91  

4  887.16  117.87  -91.98  
   0.73  0.25  0.63  
   -0.16  0.97  -0.19  
   -0.66  0.03  0.75  

2  901.90  153.14  -96.89  
   -0.38  0.79  0.47  
   -0.66  0.12  -0.74  
   -0.64  -0.60  0.48  

4  930.47  105.37  -102.69  
   0.76  0.41  0.50  
   -0.31  0.91  -0.28  
   -0.57  0.06  0.82  

2  901.90  153.59  -96.44  
   -0.40  0.78  0.48  
   -0.66  0.11  -0.74  
   -0.64  -0.61  0.47  

4  930.47  105.37  -103.14  
   0.76  0.42  0.50  
   -0.31  0.91  -0.28  
   -0.57  0.06  0.82  

2  887.16  141.98  -93.76  
   -0.44  0.52  0.73  
   -0.87  -0.04  -0.49  
   -0.23  -0.86  0.47  

4  927.35  104.03  -101.80  
   0.76  0.40  0.51  
   -0.29  0.91  -0.29  
   -0.58  0.07  0.81  

2  894.31  146.00  -95.55  
   -0.41  0.69  0.59  
   -0.82  0.01  -0.58  
   -0.40  -0.72  0.56  

4  927.79  104.92  -102.24  
   0.76  0.41  0.51  
   -0.30  0.91  -0.29  
   -0.58  0.06  0.81  

2  902.79  154.04  -91.98  
   -0.39  0.82  0.41  
   -0.71  0.02  -0.71  
   -0.59  -0.57  0.58  

4  928.69  108.50  -100.46  
   0.75  0.41  0.51  
   -0.30  0.91  -0.29  
   -0.58  0.07  0.81  

2  852.34  55.81  -100.01  
   -0.49  0.43  0.76  
   -0.72  -0.69  -0.08  
   0.49  -0.59  0.65  

4  934.49  129.93  -95.55  
   0.79  0.36  0.50  
   -0.21  0.92  -0.34  
   -0.58  0.16  0.80  

2  857.70  73.67  -98.67  
   -0.73  0.25  0.63  
   -0.61  -0.64  -0.46  
   0.29  -0.72  0.62  

4  934.94  130.82  -95.55  
   0.79  0.36  0.50  
   -0.21  0.92  -0.34  
   -0.58  0.17  0.80  

2  864.84  48.22  -111.17  
   -0.60  0.61  0.52  
   -0.68  -0.73  0.08  
   0.43  -0.31  0.85  

4  936.28  129.93  -95.55  
   0.79  0.36  0.49  
   -0.20  0.92  -0.34  
   -0.57  0.17  0.80  

2  855.02  69.65  -95.99  
   -0.69  0.15  0.71  
   -0.56  -0.73  -0.39  
   0.46  -0.67  0.58  

4  935.38  129.93  -95.55  
   0.79  0.36  0.50  
   -0.21  0.92  -0.34  
   -0.58  0.16  0.80  

2  858.59  46.88  -105.37  
   -0.52  0.55  0.65  
   -0.67  -0.74  0.09  
   0.53  -0.39  0.75  

4  935.83  130.82  -95.55  
   0.79  0.36  0.49  
   -0.21  0.92  -0.34  
   -0.57  0.17  0.80  

2  851.00  94.65  113.41  
   0.08  -0.31  0.95  
   0.00  -0.95  -0.31  
   1.00  0.03  -0.08  

4  944.31  130.82  -96.44  
   0.74  0.45  0.51  
   -0.30  0.89  -0.35  
   -0.61  0.10  0.79  

2  856.80  109.84  104.92  
   -0.02  -0.61  0.79  
   0.12  -0.79  -0.61  
   0.99  0.08  0.09  

4  944.31  131.27  -96.44  
   0.73  0.45  0.51  
   -0.30  0.89  -0.35  
   -0.61  0.10  0.79  

2  851.00  87.06  117.87  
   0.23  -0.09  0.97  
   0.10  -0.99  -0.11  
   0.97  0.12  -0.22  

4  944.31  130.37  -96.44  
   0.74  0.45  0.51  
   -0.30  0.89  -0.35  
   -0.61  0.10  0.79  

2  855.91  108.50  104.48  
   0.01  -0.54  0.84  
   0.12  -0.83  -0.54  
   0.99  0.10  0.05  

4  944.31  130.37  -95.99  
   0.74  0.45  0.51  
   -0.30  0.89  -0.35  
   -0.61  0.11  0.79  

2  850.11  91.98  119.66  
   0.29  -0.18  0.94  
   0.02  -0.98  -0.19  
   0.96  0.07  -0.28  

4  944.31  130.82  -95.99  
   0.74  0.45  0.51  
   -0.30  0.89  -0.35  
   -0.61  0.11  0.79  

2  955.92  300.93  224.58  
   -0.83  -0.55  0.09  
   0.18  -0.41  -0.90  
   0.53  -0.73  0.44  

5  916.19  250.48  184.84  
   -0.19  0.80  0.56  
   -0.24  0.52  -0.82  
   -0.95  -0.29  0.10  

2  958.16  301.82  228.15  
   -0.81  -0.59  0.03  
   0.21  -0.34  -0.92  
   0.55  -0.74  0.40  

5  917.08  250.92  185.74  
   -0.19  0.81  0.55  
   -0.23  0.51  -0.83  
   -0.96  -0.28  0.09  

2  946.55  299.14  233.96  
   -0.69  -0.62  0.37  
   -0.01  -0.50  -0.86  
   0.73  -0.60  0.34  

5  918.42  251.37  186.63  
   -0.19  0.82  0.54  
   -0.22  0.50  -0.84  
   -0.96  -0.27  0.08  

2  962.17  304.06  240.66  
   -0.70  -0.71  -0.02  
   0.16  -0.12  -0.98  
   0.69  -0.69  0.20  

5  918.86  251.37  186.63  
   -0.19  0.82  0.54  
   -0.21  0.50  -0.84  
   -0.96  -0.27  0.08  

2  948.33  301.82  250.48  
   -0.37  -0.86  0.34  
   -0.10  -0.32  -0.94  
   0.92  -0.38  0.03  

5  919.76  250.92  186.18  
   -0.19  0.83  0.53  
   -0.21  0.49  -0.84  
   -0.96  -0.27  0.09  

2  913.51  275.93  266.10  
   -0.36  0.47  0.81  
   0.92  0.33  0.22  
   -0.16  0.82  -0.55  

5  951.90  300.48  155.82  
   -0.24  0.86  0.44  
   -0.45  0.31  -0.84  
   -0.86  -0.40  0.32  

2  923.33  283.07  280.84  
   -0.19  0.75  0.64  
   0.97  0.25  0.00  
   -0.16  0.62  -0.77  

5  951.90  299.59  157.16  
   -0.25  0.86  0.45  
   -0.43  0.32  -0.84  
   -0.87  -0.41  0.29  

2  918.42  258.96  265.66  
   -0.66  0.29  0.69  
   0.74  0.44  0.51  
   -0.16  0.85  -0.51  

5  951.46  299.14  156.72  
   -0.25  0.86  0.45  
   -0.44  0.32  -0.84  
   -0.86  -0.41  0.30  

2  911.72  288.88  258.07  
   -0.12  0.35  0.93  
   0.93  0.37  -0.02  
   -0.35  0.86  -0.37  

5  951.90  298.25  156.72  
   -0.24  0.87  0.43  
   -0.44  0.30  -0.85  
   -0.87  -0.39  0.31  

2  913.95  284.41  274.59  
   -0.27  0.56  0.78  
   0.89  0.45  -0.02  
   -0.37  0.69  -0.62  

5  949.23  296.91  158.95  
   -0.25  0.86  0.45  
   -0.43  0.32  -0.84  
   -0.87  -0.40  0.29  

2  1297.48  148.68  213.42  
   -0.93  -0.15  -0.34  
   -0.09  -0.78  0.62  
   -0.36  0.61  0.71  

6  1280.52  215.21  221.46  
   0.91  0.19  -0.37  
   -0.35  0.84  -0.41  
   0.23  0.51  0.83  

2  1311.77  166.09  212.53  
   -0.74  -0.10  -0.66  
   -0.10  -0.96  0.27  
   -0.66  0.27  0.70  

6  1281.41  213.87  218.33  
   0.91  0.19  -0.37  
   -0.35  0.83  -0.44  
   0.22  0.53  0.82  

2  1297.48  136.62  233.51  
   -0.90  -0.34  -0.26  
   -0.14  -0.33  0.93  
   -0.41  0.88  0.25  

6  1281.41  215.21  217.44  
   0.91  0.19  -0.36  
   -0.35  0.83  -0.44  
   0.22  0.53  0.82  

2  1319.81  162.97  212.97  
   -0.56  -0.22  -0.80  
   -0.19  -0.90  0.38  
   -0.80  0.37  0.47  

6  1281.41  215.21  213.87  
   0.91  0.19  -0.36  
   -0.35  0.83  -0.44  
   0.21  0.53  0.82  

2  1292.57  144.21  203.15  
   -0.87  -0.49  -0.04  
   0.28  -0.58  0.77  
   -0.40  0.66  0.64  

6  1280.96  216.10  213.87  
   0.91  0.20  -0.35  
   -0.35  0.82  -0.45  
   0.20  0.53  0.82  

2  1294.36  206.28  335.31  
   0.46  0.19  -0.87  
   -0.68  -0.56  -0.48  
   -0.58  0.81  -0.12  

6  1251.94  183.06  294.68  
   0.80  0.11  -0.59  
   -0.36  0.88  -0.31  
   0.49  0.46  0.74  

2  1289.45  217.44  343.35  
   0.70  0.22  -0.68  
   -0.49  -0.55  -0.68  
   -0.53  0.80  -0.28  

6  1252.39  184.40  294.68  
   0.80  0.09  -0.60  
   -0.35  0.87  -0.34  
   0.49  0.48  0.73  

2  1291.23  209.85  349.60  
   0.65  -0.14  -0.75  
   -0.64  -0.62  -0.44  
   -0.41  0.77  -0.49  

6  1251.94  186.18  294.68  
   0.80  0.08  -0.60  
   -0.35  0.87  -0.35  
   0.49  0.49  0.72  

2  1289.89  221.90  332.63  
   0.32  0.48  -0.82  
   -0.44  -0.69  -0.58  
   -0.84  0.54  -0.01  

6  1252.39  187.52  294.68  
   0.80  0.08  -0.60  
   -0.35  0.87  -0.34  
   0.49  0.48  0.72  

2  1290.79  216.99  336.20  
   0.61  0.11  -0.78  
   -0.50  -0.71  -0.49  
   -0.61  0.69  -0.38  

6  1250.16  190.65  296.47  
   0.80  0.07  -0.60  
   -0.34  0.87  -0.35  
   0.50  0.48  0.72  

2  1054.60  -43.76  -77.24  
   0.20  -0.56  -0.80  
   0.79  0.58  -0.21  
   0.58  -0.59  0.56  

3  1081.39  -40.18  5.36  
   -0.45  -0.36  -0.82  
   0.37  -0.91  0.20  
   -0.81  -0.22  0.54  

2  1047.45  -52.69  -85.72  
   0.56  -0.54  -0.62  
   0.72  0.69  0.05  
   0.40  -0.48  0.78  

3  1081.39  -40.63  5.36  
   -0.44  -0.37  -0.82  
   0.37  -0.91  0.20  
   -0.82  -0.21  0.54  

2  1047.45  -37.50  -74.12  
   0.14  -0.68  -0.72  
   0.72  0.57  -0.39  
   0.67  -0.47  0.57  

3  1080.94  -41.08  5.80  
   -0.44  -0.37  -0.82  
   0.37  -0.91  0.21  
   -0.82  -0.21  0.54  

2  1041.20  -33.49  -85.72  
   0.30  -0.84  -0.46  
   0.80  0.49  -0.36  
   0.53  -0.25  0.81  

3  1080.49  -41.08  5.80  
   -0.45  -0.37  -0.82  
   0.37  -0.91  0.20  
   -0.81  -0.21  0.54  

2  1042.54  -52.24  -91.53  
   0.61  -0.62  -0.49  
   0.74  0.68  0.05  
   0.30  -0.39  0.87  

3  1080.94  -41.08  5.36  
   -0.45  -0.37  -0.81  
   0.37  -0.91  0.20  
   -0.81  -0.21  0.54  

2  984.05  -173.24  -79.03  
   0.26  -0.51  -0.82  
   0.77  0.62  -0.14  
   0.58  -0.59  0.56  

7  869.75  -182.17  -86.62  
   0.71  0.06  0.70  
   -0.21  0.97  0.13  
   -0.67  -0.24  0.70  

2  982.27  -184.40  -83.05  
   0.51  -0.44  -0.74  
   0.77  0.62  0.17  
   0.38  -0.65  0.65  

7  869.75  -182.61  -86.62  
   0.71  0.05  0.70  
   -0.21  0.97  0.14  
   -0.67  -0.24  0.70  

2  974.68  -167.88  -87.51  
   0.30  -0.76  -0.58  
   0.79  0.53  -0.29  
   0.53  -0.37  0.76  

7  869.75  -183.06  -86.17  
   0.72  0.05  0.69  
   -0.21  0.97  0.14  
   -0.66  -0.24  0.71  

2  977.80  -180.83  -86.17  
   0.52  -0.60  -0.60  
   0.79  0.61  0.08  
   0.32  -0.52  0.79  

7  870.20  -183.06  -86.62  
   0.72  0.05  0.69  
   -0.20  0.97  0.14  
   -0.66  -0.24  0.71  

2  988.07  -184.84  -76.80  
   0.37  -0.43  -0.82  
   0.83  0.54  0.09  
   0.41  -0.72  0.56  

7  871.09  -183.95  -87.06  
   0.73  0.05  0.68  
   -0.20  0.97  0.14  
   -0.66  -0.24  0.72  

2  947.89  -187.52  -121.89  
   0.60  -0.66  -0.46  
   0.78  0.61  0.14  
   0.19  -0.44  0.88  

7  874.66  -182.17  -86.62  
   0.74  0.03  0.67  
   -0.18  0.97  0.15  
   -0.65  -0.23  0.72  

2  938.96  -201.36  -124.12  
   0.71  -0.67  -0.24  
   0.69  0.57  0.45  
   -0.16  -0.48  0.86  

7  875.11  -181.72  -86.62  
   0.74  0.02  0.67  
   -0.17  0.97  0.16  
   -0.65  -0.23  0.72  

2  955.03  -187.97  -116.53  
   0.51  -0.59  -0.62  
   0.81  0.57  0.12  
   0.29  -0.56  0.77  

7  875.11  -182.17  -85.72  
   0.74  0.03  0.67  
   -0.18  0.97  0.15  
   -0.64  -0.23  0.73  

2  933.60  -167.43  -125.02  
   0.60  -0.79  -0.14  
   0.71  0.61  -0.36  
   0.36  0.12  0.92  

7  875.11  -182.61  -85.72  
   0.74  0.03  0.67  
   -0.18  0.97  0.15  
   -0.64  -0.24  0.73  

2  943.42  -194.22  -126.36  
   0.66  -0.67  -0.34  
   0.75  0.61  0.26  
   0.03  -0.42  0.91  

7  874.66  -182.61  -85.72  
   0.74  0.03  0.67  
   -0.18  0.97  0.16  
   -0.65  -0.24  0.72  

2  872.43  -220.12  -99.12  
   -0.03  -0.61  0.79  
   0.49  0.68  0.55  
   -0.87  0.40  0.28  

7  898.33  -168.77  -102.24  
   0.78  -0.03  0.63  
   -0.09  0.98  0.16  
   -0.62  -0.19  0.76  

2  877.79  -232.62  -91.53  
   -0.11  -0.77  0.63  
   0.23  0.60  0.77  
   -0.97  0.23  0.11  

7  898.33  -169.66  -101.80  
   0.78  -0.03  0.63  
   -0.10  0.98  0.16  
   -0.62  -0.19  0.76  

2  868.41  -208.95  -98.23  
   0.02  -0.43  0.90  
   0.63  0.71  0.33  
   -0.78  0.56  0.28  

7  898.33  -169.22  -101.80  
   0.78  -0.03  0.63  
   -0.09  0.98  0.16  
   -0.62  -0.18  0.76  

2  869.75  -223.24  -89.30  
   -0.13  -0.53  0.84  
   0.37  0.76  0.54  
   -0.92  0.38  0.10  

7  897.43  -169.66  -100.91  
   0.78  -0.02  0.63  
   -0.10  0.98  0.16  
   -0.62  -0.19  0.76  

2  880.02  -233.96  -95.99  
   0.20  -0.76  0.62  
   0.14  0.65  0.75  
   -0.97  -0.06  0.24  

7  897.88  -171.00  -100.46  
   0.78  -0.03  0.63  
   -0.10  0.98  0.16  
   -0.62  -0.19  0.76  

2  1017.98  -120.10  -154.93  
   0.90  -0.04  0.43  
   0.06  1.00  -0.04  
   -0.43  0.06  0.90  

7  1067.54  -196.45  -120.55  
   0.96  -0.01  0.28  
   -0.06  0.96  0.26  
   -0.28  -0.27  0.92  

2  1008.61  -109.84  -152.70  
   0.76  -0.01  0.65  
   0.26  0.92  -0.30  
   -0.60  0.40  0.70  

7  1066.65  -196.90  -121.00  
   0.96  -0.02  0.29  
   -0.06  0.96  0.26  
   -0.28  -0.27  0.92  

2  1003.70  -126.36  -150.02  
   0.68  -0.09  0.73  
   0.08  1.00  0.05  
   -0.73  0.02  0.68  

7  1066.20  -197.79  -121.00  
   0.96  -0.01  0.29  
   -0.06  0.96  0.26  
   -0.28  -0.27  0.92  

2  1029.59  -127.69  -154.93  
   0.99  0.03  0.15  
   -0.04  1.00  0.05  
   -0.14  -0.06  0.99  

7  1067.54  -199.13  -120.55  
   0.96  -0.01  0.29  
   -0.07  0.96  0.26  
   -0.28  -0.27  0.92  

2  1012.18  -112.51  -150.02  
   0.84  0.01  0.54  
   0.17  0.95  -0.28  
   -0.52  0.32  0.79  

7  1067.54  -198.69  -121.00  
   0.96  -0.01  0.29  
   -0.07  0.96  0.26  
   -0.28  -0.27  0.92  

2  965.30  -150.91  8.93  
   -0.02  -0.18  0.98  
   0.46  0.87  0.17  
   -0.89  0.45  0.06  

7  1130.05  -183.06  -130.37  
   0.98  -0.02  0.17  
   -0.03  0.97  0.23  
   -0.17  -0.23  0.96  

2  969.32  -167.88  17.86  
   -0.18  -0.46  0.87  
   0.02  0.88  0.47  
   -0.98  0.10  -0.15  

7  1130.50  -183.95  -129.93  
   0.98  -0.02  0.17  
   -0.02  0.97  0.23  
   -0.17  -0.23  0.96  

2  970.66  -171.00  26.34  
   -0.15  -0.57  0.81  
   -0.24  0.81  0.53  
   -0.96  -0.11  -0.26  

7  1130.94  -184.40  -130.37  
   0.99  -0.02  0.17  
   -0.02  0.97  0.23  
   -0.17  -0.23  0.96  

2  967.09  -133.05  7.59  
   0.18  0.11  0.98  
   0.34  0.93  -0.16  
   -0.92  0.36  0.13  

7  1131.84  -184.84  -129.48  
   0.99  -0.02  0.17  
   -0.02  0.97  0.23  
   -0.17  -0.24  0.96  

2  965.75  -147.79  27.68  
   -0.29  -0.10  0.95  
   -0.05  0.99  0.09  
   -0.96  -0.03  -0.29  

7  1130.94  -184.84  -129.03  
   0.99  -0.02  0.17  
   -0.02  0.97  0.23  
   -0.17  -0.24  0.96  

2  988.52  -339.33  226.81  
   0.41  0.84  -0.37  
   0.01  0.40  0.92  
   0.91  -0.38  0.15  

8  908.60  -286.64  197.79  
   -0.39  -0.46  0.79  
   0.26  0.77  0.58  
   -0.88  0.43  -0.18  

2  971.55  -345.13  228.15  
   0.40  0.92  -0.03  
   -0.10  0.07  0.99  
   0.91  -0.39  0.12  

8  909.49  -284.41  197.35  
   -0.39  -0.45  0.80  
   0.26  0.78  0.57  
   -0.88  0.43  -0.19  

2  989.86  -337.54  237.08  
   0.16  0.83  -0.53  
   0.09  0.52  0.85  
   0.98  -0.19  0.01  

8  909.49  -283.52  196.90  
   -0.39  -0.47  0.79  
   0.24  0.78  0.58  
   -0.89  0.42  -0.19  

2  970.21  -342.45  231.73  
   0.27  0.96  -0.06  
   -0.03  0.07  1.00  
   0.96  -0.27  0.04  

8  908.60  -281.73  197.35  
   -0.39  -0.45  0.81  
   0.25  0.79  0.56  
   -0.88  0.42  -0.20  

2  969.32  -341.11  240.21  
   0.18  0.98  -0.05  
   0.16  0.02  0.99  
   0.97  -0.19  -0.15  

8  909.04  -280.84  197.35  
   -0.39  -0.45  0.80  
   0.24  0.79  0.56  
   -0.89  0.41  -0.20  

2  951.90  -257.62  242.44  
   0.71  0.60  0.37  
   0.63  -0.31  -0.71  
   -0.31  0.74  -0.59  

8  942.53  -314.77  154.04  
   -0.37  -0.63  0.69  
   0.38  0.57  0.73  
   -0.85  0.53  0.03  

2  937.62  -263.87  229.49  
   0.36  0.57  0.74  
   0.69  0.37  -0.62  
   -0.63  0.73  -0.26  

8  943.87  -317.45  152.70  
   -0.38  -0.65  0.66  
   0.39  0.54  0.75  
   -0.84  0.54  0.05  

2  953.69  -256.73  234.85  
   0.66  0.68  0.34  
   0.52  -0.08  -0.85  
   -0.55  0.73  -0.40  

8  943.42  -317.45  154.48  
   -0.39  -0.63  0.67  
   0.39  0.55  0.74  
   -0.84  0.54  0.03  

2  958.16  -260.30  248.69  
   0.71  0.66  0.22  
   0.57  -0.36  -0.74  
   -0.41  0.65  -0.64  

8  941.19  -317.00  157.61  
   -0.40  -0.61  0.68  
   0.38  0.56  0.73  
   -0.83  0.55  0.01  

2  940.30  -263.43  232.17  
   0.37  0.64  0.67  
   0.57  0.41  -0.71  
   -0.73  0.65  -0.22  

8  941.19  -317.90  156.72  
   -0.40  -0.63  0.67  
   0.38  0.55  0.74  
   -0.83  0.55  0.02  

2  1280.52  -187.97  238.42  
   0.67  -0.62  -0.40  
   0.07  0.60  -0.80  
   0.74  0.51  0.45  

9  1251.50  -268.78  230.83  
   0.88  0.00  -0.48  
   0.26  0.84  0.47  
   0.40  -0.54  0.74  

2  1276.50  -202.70  217.88  
   0.88  -0.37  -0.29  
   0.24  0.88  -0.40  
   0.41  0.29  0.87  

9  1250.60  -267.89  232.17  
   0.88  -0.00  -0.48  
   0.27  0.83  0.49  
   0.40  -0.56  0.73  

2  1282.75  -191.10  241.55  
   0.60  -0.64  -0.48  
   -0.02  0.59  -0.81  
   0.80  0.50  0.34  

9  1251.50  -269.68  231.28  
   0.88  0.00  -0.48  
   0.26  0.83  0.49  
   0.40  -0.56  0.73  

2  1284.54  -204.49  225.03  
   0.80  -0.27  -0.54  
   0.00  0.89  -0.45  
   0.60  0.36  0.71  

9  1251.94  -268.34  231.28  
   0.88  -0.00  -0.48  
   0.27  0.83  0.49  
   0.40  -0.56  0.73  

2  1281.86  -186.63  248.25  
   0.66  -0.62  -0.42  
   -0.15  0.43  -0.89  
   0.73  0.65  0.20  

9  1253.28  -268.34  231.73  
   0.88  0.01  -0.48  
   0.27  0.83  0.49  
   0.40  -0.56  0.73  

2  1287.66  -305.40  279.50  
   0.10  0.73  -0.68  
   0.09  0.67  0.73  
   0.99  -0.14  0.01  

9  1255.07  -260.30  226.81  
   0.86  -0.12  -0.49  
   0.23  0.96  0.17  
   0.45  -0.26  0.85  

2  1280.96  -309.41  257.62  
   0.04  0.88  -0.47  
   -0.24  0.47  0.85  
   0.97  0.08  0.23  

9  1256.85  -258.51  221.46  
   0.87  -0.13  -0.47  
   0.23  0.96  0.15  
   0.44  -0.24  0.87  

2  1297.93  -298.25  271.91  
   0.02  0.55  -0.83  
   -0.00  0.83  0.55  
   1.00  -0.01  0.02  

9  1257.75  -257.62  221.01  
   0.87  -0.14  -0.47  
   0.24  0.96  0.15  
   0.43  -0.24  0.87  

2  1289.89  -305.84  254.94  
   0.12  0.79  -0.60  
   -0.43  0.58  0.69  
   0.89  0.18  0.41  

9  1259.09  -257.62  218.78  
   0.87  -0.14  -0.47  
   0.24  0.96  0.16  
   0.43  -0.25  0.87  

2  1294.36  -303.61  265.66  
   -0.12  0.74  -0.66  
   0.02  0.67  0.74  
   0.99  0.07  -0.09  

9  1261.76  -256.28  216.10  
   0.87  -0.14  -0.47  
   0.24  0.96  0.16  
   0.42  -0.25  0.87  

