4  959.05  163.41  -99.12  
   0.44  0.77  0.47  
   -0.69  0.62  -0.37  
   -0.57  -0.16  0.80  

2  705.45  -33.93  568.37  
   0.22  -0.97  0.06  
   0.98  0.21  -0.04  
   0.03  0.06  1.00  

3  1093.89  -4.02  -8.04  
   -0.50  0.04  -0.87  
   -0.05  -1.00  -0.02  
   -0.87  0.03  0.50  

5  1179.61  250.92  58.04  
   -0.96  -0.19  0.19  
   -0.25  0.88  -0.39  
   -0.10  -0.43  -0.90  

6  1184.52  204.94  -200.92  
   -0.13  0.96  0.25  
   -0.38  0.19  -0.91  
   -0.92  -0.21  0.34  

9  1158.63  -257.62  -206.28  
   -0.27  -0.89  0.38  
   0.44  0.23  0.87  
   -0.86  0.40  0.33  

8  1137.20  -298.25  41.08  
   -0.85  0.49  0.19  
   0.52  0.75  0.40  
   0.05  0.44  -0.90  

7  941.19  -168.32  -111.62  
   0.26  -0.81  0.52  
   0.74  0.51  0.43  
   -0.62  0.27  0.74  

2  705.45  -33.49  568.37  
   0.22  -0.97  0.06  
   0.98  0.21  -0.04  
   0.02  0.06  1.00  

3  1093.89  -4.46  -8.04  
   -0.50  0.04  -0.87  
   -0.05  -1.00  -0.02  
   -0.87  0.03  0.50  

4  957.71  162.52  -99.12  
   0.44  0.76  0.47  
   -0.69  0.62  -0.37  
   -0.57  -0.16  0.80  

5  1177.38  254.05  57.15  
   -0.96  -0.20  0.20  
   -0.26  0.88  -0.40  
   -0.10  -0.44  -0.89  

6  1183.63  205.83  -200.92  
   -0.12  0.96  0.26  
   -0.39  0.20  -0.90  
   -0.91  -0.21  0.35  

7  940.74  -167.88  -111.17  
   0.26  -0.81  0.52  
   0.74  0.52  0.43  
   -0.62  0.27  0.74  

8  1135.86  -300.04  39.74  
   -0.85  0.50  0.19  
   0.53  0.75  0.40  
   0.05  0.44  -0.90  

9  1158.18  -258.07  -205.83  
   -0.27  -0.88  0.38  
   0.45  0.24  0.86  
   -0.85  0.40  0.33  

3  1093.44  -4.46  -8.93  
   -0.50  0.04  -0.87  
   -0.05  -1.00  -0.02  
   -0.87  0.03  0.50  

2  705.45  -33.49  568.37  
   0.22  -0.97  0.06  
   0.98  0.21  -0.04  
   0.02  0.06  1.00  

4  956.82  162.07  -99.57  
   0.44  0.76  0.47  
   -0.69  0.63  -0.36  
   -0.58  -0.17  0.80  

5  1175.15  257.18  55.81  
   -0.96  -0.21  0.20  
   -0.28  0.87  -0.40  
   -0.09  -0.44  -0.89  

6  1181.84  208.06  -201.36  
   -0.12  0.95  0.28  
   -0.40  0.21  -0.89  
   -0.91  -0.21  0.35  

8  1134.07  -301.38  38.84  
   -0.84  0.51  0.19  
   0.54  0.74  0.40  
   0.06  0.44  -0.90  

7  939.40  -167.43  -111.17  
   0.26  -0.81  0.52  
   0.74  0.52  0.43  
   -0.62  0.27  0.73  

9  1155.50  -258.51  -207.62  
   -0.27  -0.87  0.40  
   0.45  0.25  0.85  
   -0.85  0.41  0.33  

2  705.45  -33.49  568.37  
   0.22  -0.97  0.06  
   0.98  0.21  -0.04  
   0.02  0.06  1.00  

3  1092.99  -4.91  -9.38  
   -0.50  0.04  -0.86  
   -0.05  -1.00  -0.02  
   -0.86  0.03  0.50  

4  955.03  160.29  -100.01  
   0.45  0.75  0.48  
   -0.68  0.64  -0.36  
   -0.58  -0.17  0.80  

5  1169.34  263.43  55.36  
   -0.94  -0.24  0.22  
   -0.31  0.86  -0.40  
   -0.09  -0.45  -0.89  

6  1179.17  212.53  -200.92  
   -0.10  0.95  0.31  
   -0.41  0.24  -0.88  
   -0.91  -0.21  0.37  

8  1130.50  -304.95  38.84  
   -0.83  0.52  0.20  
   0.55  0.73  0.40  
   0.06  0.44  -0.90  

7  937.17  -166.99  -110.73  
   0.27  -0.80  0.53  
   0.74  0.53  0.42  
   -0.62  0.28  0.73  

9  1150.59  -261.19  -205.38  
   -0.27  -0.86  0.43  
   0.46  0.28  0.84  
   -0.85  0.42  0.32  

2  705.45  -33.49  568.37  
   0.22  -0.97  0.06  
   0.98  0.21  -0.04  
   0.02  0.06  1.00  

4  952.35  158.06  -100.46  
   0.46  0.73  0.50  
   -0.68  0.66  -0.34  
   -0.57  -0.18  0.80  

3  1093.44  -5.36  -11.61  
   -0.51  0.03  -0.86  
   -0.05  -1.00  -0.01  
   -0.86  0.03  0.51  

5  1162.65  271.91  54.47  
   -0.93  -0.28  0.24  
   -0.36  0.84  -0.40  
   -0.09  -0.45  -0.89  

8  1120.68  -312.09  35.27  
   -0.80  0.56  0.21  
   0.59  0.70  0.39  
   0.08  0.44  -0.90  

9  1140.77  -267.00  -208.51  
   -0.26  -0.84  0.48  
   0.48  0.32  0.82  
   -0.84  0.44  0.32  

6  1173.81  220.12  -201.36  
   -0.08  0.93  0.35  
   -0.42  0.29  -0.86  
   -0.90  -0.22  0.37  

7  933.60  -165.20  -110.73  
   0.28  -0.79  0.55  
   0.74  0.54  0.40  
   -0.62  0.29  0.73  

2  705.45  -33.49  568.37  
   0.22  -0.97  0.06  
   0.98  0.21  -0.04  
   0.02  0.06  1.00  

4  947.89  154.48  -100.91  
   0.48  0.72  0.51  
   -0.67  0.67  -0.32  
   -0.57  -0.19  0.80  

3  1092.99  -6.25  -12.95  
   -0.52  0.02  -0.85  
   -0.04  -1.00  -0.00  
   -0.85  0.03  0.52  

5  1154.16  281.29  50.45  
   -0.91  -0.33  0.25  
   -0.40  0.82  -0.40  
   -0.08  -0.46  -0.88  

7  928.69  -162.52  -112.51  
   0.29  -0.77  0.57  
   0.74  0.56  0.38  
   -0.61  0.31  0.73  

6  1164.88  226.81  -204.49  
   -0.06  0.92  0.40  
   -0.44  0.33  -0.83  
   -0.89  -0.23  0.38  

8  1106.83  -323.70  27.68  
   -0.76  0.61  0.23  
   0.64  0.65  0.41  
   0.10  0.46  -0.88  

9  1130.05  -274.59  -216.10  
   -0.22  -0.81  0.54  
   0.52  0.38  0.77  
   -0.83  0.45  0.34  

5  1151.04  284.41  49.11  
   -0.90  -0.34  0.26  
   -0.42  0.81  -0.40  
   -0.07  -0.47  -0.88  

6  1162.65  226.81  -204.94  
   -0.06  0.91  0.41  
   -0.45  0.34  -0.82  
   -0.89  -0.23  0.39  

2  705.45  -33.49  567.93  
   0.22  -0.97  0.06  
   0.98  0.21  -0.04  
   0.02  0.06  1.00  

4  947.44  153.14  -101.35  
   0.48  0.71  0.51  
   -0.67  0.67  -0.31  
   -0.57  -0.19  0.80  

3  1092.55  -7.14  -13.39  
   -0.52  0.02  -0.85  
   -0.04  -1.00  -0.00  
   -0.85  0.03  0.53  

7  927.79  -162.07  -112.51  
   0.30  -0.77  0.57  
   0.73  0.57  0.38  
   -0.61  0.31  0.73  

8  1103.26  -327.72  26.34  
   -0.75  0.62  0.24  
   0.66  0.64  0.40  
   0.10  0.46  -0.88  

9  1126.93  -277.27  -214.76  
   -0.21  -0.80  0.56  
   0.52  0.39  0.76  
   -0.83  0.45  0.34  

2  705.45  -33.49  567.93  
   0.22  -0.97  0.06  
   0.98  0.21  -0.04  
   0.02  0.06  1.00  

3  1092.55  -7.14  -13.39  
   -0.52  0.02  -0.85  
   -0.04  -1.00  -0.00  
   -0.85  0.03  0.52  

4  947.89  152.70  -101.35  
   0.48  0.71  0.51  
   -0.67  0.67  -0.31  
   -0.56  -0.19  0.80  

5  1151.04  284.86  48.67  
   -0.90  -0.34  0.26  
   -0.42  0.81  -0.40  
   -0.07  -0.47  -0.88  

7  928.24  -162.52  -112.07  
   0.30  -0.77  0.57  
   0.73  0.57  0.38  
   -0.61  0.30  0.73  

6  1163.09  226.37  -204.94  
   -0.06  0.91  0.41  
   -0.45  0.34  -0.82  
   -0.89  -0.23  0.39  

8  1104.16  -327.27  27.24  
   -0.75  0.62  0.23  
   0.66  0.64  0.40  
   0.10  0.45  -0.89  

9  1126.93  -277.71  -215.21  
   -0.21  -0.80  0.56  
   0.52  0.39  0.76  
   -0.83  0.45  0.33  

3  1092.55  -8.04  -13.39  
   -0.53  0.02  -0.85  
   -0.04  -1.00  -0.00  
   -0.85  0.03  0.53  

4  947.89  152.70  -101.35  
   0.48  0.71  0.51  
   -0.67  0.68  -0.31  
   -0.56  -0.19  0.80  

2  705.45  -33.49  568.37  
   0.22  -0.97  0.06  
   0.98  0.21  -0.04  
   0.02  0.06  1.00  

5  1150.59  284.86  48.22  
   -0.90  -0.35  0.26  
   -0.43  0.81  -0.39  
   -0.07  -0.46  -0.88  

6  1162.20  229.05  -205.83  
   -0.06  0.91  0.42  
   -0.45  0.35  -0.82  
   -0.89  -0.24  0.39  

9  1126.48  -276.82  -216.10  
   -0.22  -0.80  0.56  
   0.52  0.39  0.76  
   -0.83  0.45  0.33  

8  1104.60  -326.83  26.34  
   -0.75  0.62  0.23  
   0.65  0.64  0.40  
   0.10  0.45  -0.89  

7  928.24  -162.07  -112.51  
   0.30  -0.77  0.57  
   0.73  0.56  0.38  
   -0.61  0.31  0.73  

2  705.45  -33.49  568.37  
   0.22  -0.97  0.06  
   0.98  0.21  -0.04  
   0.02  0.06  1.00  

3  1092.55  -6.70  -13.39  
   -0.53  0.02  -0.85  
   -0.03  -1.00  -0.00  
   -0.85  0.03  0.53  

5  1149.70  286.20  49.56  
   -0.90  -0.35  0.26  
   -0.43  0.81  -0.39  
   -0.07  -0.46  -0.88  

4  947.44  154.04  -100.46  
   0.49  0.71  0.51  
   -0.66  0.68  -0.31  
   -0.57  -0.19  0.80  

6  1161.31  232.17  -204.94  
   -0.06  0.91  0.42  
   -0.44  0.35  -0.82  
   -0.89  -0.23  0.38  

9  1127.82  -273.69  -218.33  
   -0.22  -0.80  0.56  
   0.52  0.38  0.76  
   -0.82  0.46  0.33  

8  1106.39  -325.04  23.66  
   -0.75  0.62  0.22  
   0.65  0.64  0.41  
   0.11  0.45  -0.88  

7  929.13  -160.73  -113.85  
   0.29  -0.77  0.57  
   0.74  0.56  0.38  
   -0.61  0.31  0.73  

2  705.45  -33.49  568.37  
   0.22  -0.97  0.06  
   0.98  0.21  -0.04  
   0.02  0.06  1.00  

3  1092.55  -6.70  -12.95  
   -0.52  0.03  -0.85  
   -0.04  -1.00  -0.01  
   -0.85  0.03  0.52  

4  950.12  155.82  -100.46  
   0.48  0.73  0.49  
   -0.67  0.66  -0.32  
   -0.56  -0.17  0.81  

5  1158.63  272.36  51.79  
   -0.92  -0.30  0.23  
   -0.37  0.84  -0.39  
   -0.08  -0.44  -0.89  

6  1167.56  222.35  -203.15  
   -0.08  0.93  0.36  
   -0.42  0.30  -0.86  
   -0.91  -0.22  0.36  

9  1133.62  -264.32  -221.01  
   -0.26  -0.82  0.52  
   0.51  0.34  0.79  
   -0.82  0.47  0.32  

8  1118.00  -316.11  22.32  
   -0.79  0.59  0.19  
   0.61  0.68  0.41  
   0.11  0.44  -0.89  

7  931.37  -161.18  -114.75  
   0.28  -0.78  0.56  
   0.74  0.54  0.39  
   -0.61  0.31  0.73  

2  705.45  -33.49  567.93  
   0.22  -0.97  0.06  
   0.98  0.21  -0.04  
   0.02  0.06  1.00  

6  1177.38  205.83  -205.83  
   -0.15  0.96  0.24  
   -0.34  0.18  -0.92  
   -0.93  -0.22  0.30  

5  1175.59  242.44  55.36  
   -0.96  -0.21  0.18  
   -0.26  0.90  -0.35  
   -0.08  -0.39  -0.92  

3  1092.99  -8.04  -11.61  
   -0.51  0.03  -0.86  
   -0.04  -1.00  -0.01  
   -0.86  0.03  0.51  

4  955.03  155.82  -101.35  
   0.46  0.76  0.46  
   -0.70  0.63  -0.33  
   -0.54  -0.17  0.82  

7  936.28  -164.75  -116.09  
   0.26  -0.80  0.54  
   0.75  0.52  0.41  
   -0.61  0.30  0.73  

8  1134.52  -302.27  24.56  
   -0.83  0.53  0.16  
   0.55  0.73  0.41  
   0.11  0.43  -0.90  

9  1144.79  -253.60  -219.67  
   -0.31  -0.84  0.45  
   0.47  0.28  0.84  
   -0.83  0.47  0.31  

3  1094.33  -7.59  -10.27  
   -0.50  0.03  -0.87  
   -0.04  -1.00  -0.01  
   -0.87  0.03  0.50  

4  957.71  156.27  -101.80  
   0.45  0.77  0.45  
   -0.71  0.62  -0.34  
   -0.54  -0.17  0.82  

2  705.45  -33.49  567.93  
   0.22  -0.97  0.06  
   0.98  0.21  -0.04  
   0.02  0.06  1.00  

6  1181.40  201.36  -204.04  
   -0.14  0.97  0.22  
   -0.36  0.16  -0.92  
   -0.92  -0.21  0.32  

5  1179.17  238.87  56.26  
   -0.97  -0.18  0.18  
   -0.24  0.90  -0.37  
   -0.09  -0.40  -0.91  

8  1140.77  -294.68  22.32  
   -0.85  0.51  0.14  
   0.52  0.75  0.42  
   0.11  0.42  -0.90  

7  938.06  -163.41  -116.09  
   0.25  -0.81  0.54  
   0.76  0.51  0.41  
   -0.60  0.30  0.74  

9  1149.70  -247.35  -222.35  
   -0.32  -0.84  0.43  
   0.46  0.25  0.85  
   -0.83  0.47  0.31  

2  705.45  -33.49  568.37  
   0.22  -0.97  0.06  
   0.98  0.21  -0.04  
   0.02  0.06  1.00  

4  955.92  158.50  -100.91  
   0.45  0.76  0.46  
   -0.71  0.62  -0.34  
   -0.54  -0.17  0.82  

3  1093.89  -6.70  -9.38  
   -0.50  0.03  -0.87  
   -0.04  -1.00  -0.02  
   -0.87  0.03  0.50  

5  1176.93  247.80  51.35  
   -0.97  -0.19  0.18  
   -0.25  0.87  -0.42  
   -0.08  -0.45  -0.89  

6  1183.63  199.13  -209.40  
   -0.13  0.97  0.21  
   -0.40  0.15  -0.90  
   -0.91  -0.20  0.37  

8  1137.20  -296.91  21.43  
   -0.84  0.51  0.16  
   0.53  0.73  0.43  
   0.10  0.44  -0.89  

7  937.62  -161.63  -116.98  
   0.25  -0.80  0.54  
   0.76  0.51  0.41  
   -0.60  0.30  0.74  

9  1154.61  -246.01  -223.69  
   -0.29  -0.86  0.41  
   0.47  0.25  0.85  
   -0.83  0.44  0.33  

6  1179.61  195.56  -214.76  
   -0.15  0.97  0.21  
   -0.42  0.13  -0.90  
   -0.89  -0.22  0.39  

5  1179.61  248.69  41.52  
   -0.97  -0.19  0.16  
   -0.24  0.86  -0.45  
   -0.06  -0.47  -0.88  

2  705.45  -33.49  568.37  
   0.22  -0.97  0.06  
   0.98  0.21  -0.04  
   0.02  0.06  1.00  

3  1092.55  -4.91  -8.93  
   -0.50  0.04  -0.87  
   -0.04  -1.00  -0.02  
   -0.87  0.03  0.50  

4  955.03  158.06  -101.35  
   0.44  0.77  0.46  
   -0.71  0.61  -0.34  
   -0.55  -0.18  0.82  

7  934.94  -159.39  -116.98  
   0.25  -0.80  0.54  
   0.76  0.51  0.40  
   -0.60  0.31  0.74  

8  1135.41  -298.25  18.31  
   -0.84  0.52  0.16  
   0.54  0.72  0.43  
   0.11  0.45  -0.89  

9  1148.36  -246.91  -226.81  
   -0.29  -0.85  0.44  
   0.48  0.26  0.83  
   -0.82  0.46  0.34  

2  705.45  -33.49  568.37  
   0.22  -0.97  0.06  
   0.98  0.21  -0.04  
   0.02  0.06  1.00  

3  1091.65  -7.59  -9.38  
   -0.50  0.03  -0.87  
   -0.04  -1.00  -0.01  
   -0.87  0.03  0.50  

4  958.16  158.06  -101.35  
   0.43  0.78  0.45  
   -0.72  0.60  -0.35  
   -0.54  -0.18  0.82  

5  1181.40  245.57  43.31  
   -0.97  -0.17  0.16  
   -0.23  0.86  -0.45  
   -0.06  -0.47  -0.88  

6  1180.95  189.76  -212.97  
   -0.16  0.97  0.19  
   -0.42  0.11  -0.90  
   -0.89  -0.22  0.39  

8  1123.35  -308.07  19.20  
   -0.80  0.58  0.16  
   0.58  0.69  0.42  
   0.13  0.43  -0.89  

9  1129.16  -256.28  -221.90  
   -0.30  -0.82  0.48  
   0.50  0.29  0.81  
   -0.81  0.49  0.32  

7  930.03  -158.06  -116.09  
   0.29  -0.78  0.56  
   0.75  0.55  0.37  
   -0.59  0.32  0.74  

2  705.45  -33.49  568.82  
   0.22  -0.97  0.06  
   0.98  0.21  -0.04  
   0.02  0.06  1.00  

3  1093.44  -12.50  -8.04  
   -0.49  0.01  -0.87  
   -0.03  -1.00  0.01  
   -0.87  0.03  0.49  

5  1186.31  237.98  47.33  
   -0.97  -0.15  0.17  
   -0.21  0.87  -0.45  
   -0.09  -0.47  -0.88  

4  963.96  154.93  -104.48  
   0.43  0.79  0.44  
   -0.73  0.59  -0.35  
   -0.54  -0.17  0.83  

6  1193.01  181.27  -209.40  
   -0.14  0.98  0.16  
   -0.42  0.09  -0.90  
   -0.90  -0.20  0.40  

7  930.03  -160.29  -114.75  
   0.30  -0.77  0.56  
   0.74  0.56  0.36  
   -0.60  0.31  0.74  

9  1123.80  -262.98  -219.67  
   -0.31  -0.81  0.50  
   0.51  0.30  0.80  
   -0.80  0.50  0.32  

8  1119.78  -314.32  21.43  
   -0.79  0.59  0.16  
   0.60  0.68  0.42  
   0.14  0.43  -0.89  

2  705.45  -33.49  568.37  
   0.22  -0.97  0.06  
   0.98  0.21  -0.04  
   0.02  0.06  1.00  

4  963.51  152.70  -104.48  
   0.43  0.79  0.44  
   -0.73  0.59  -0.35  
   -0.53  -0.17  0.83  

3  1093.89  -14.73  -8.04  
   -0.49  0.00  -0.87  
   -0.04  -1.00  0.02  
   -0.87  0.04  0.49  

5  1186.31  236.64  48.67  
   -0.97  -0.14  0.18  
   -0.21  0.87  -0.45  
   -0.09  -0.48  -0.87  

8  1115.76  -319.68  25.00  
   -0.78  0.61  0.16  
   0.62  0.68  0.40  
   0.13  0.41  -0.90  

6  1193.90  178.59  -208.06  
   -0.14  0.98  0.16  
   -0.43  0.09  -0.90  
   -0.89  -0.19  0.41  

7  928.24  -163.41  -112.96  
   0.31  -0.76  0.57  
   0.74  0.57  0.36  
   -0.60  0.31  0.74  

9  1117.10  -270.57  -213.87  
   -0.31  -0.80  0.51  
   0.50  0.32  0.81  
   -0.81  0.51  0.30  

2  705.45  -33.49  568.37  
   0.22  -0.97  0.06  
   0.98  0.21  -0.04  
   0.02  0.06  1.00  

4  962.17  151.36  -104.92  
   0.43  0.78  0.45  
   -0.73  0.60  -0.34  
   -0.53  -0.18  0.83  

3  1092.55  -16.97  -8.93  
   -0.51  -0.01  -0.86  
   -0.04  -1.00  0.03  
   -0.86  0.05  0.50  

7  925.12  -165.20  -111.62  
   0.31  -0.75  0.58  
   0.73  0.58  0.36  
   -0.61  0.31  0.73  

6  1189.43  183.95  -206.72  
   -0.14  0.97  0.17  
   -0.41  0.10  -0.91  
   -0.90  -0.20  0.39  

5  1183.63  235.74  51.79  
   -0.97  -0.15  0.18  
   -0.22  0.88  -0.43  
   -0.09  -0.46  -0.88  

8  1113.09  -319.24  31.25  
   -0.77  0.62  0.15  
   0.62  0.69  0.38  
   0.13  0.39  -0.91  

9  1111.75  -275.48  -208.51  
   -0.33  -0.80  0.51  
   0.48  0.32  0.81  
   -0.81  0.51  0.28  

2  705.45  -33.93  568.37  
   0.22  -0.97  0.06  
   0.98  0.21  -0.04  
   0.02  0.06  1.00  

6  1188.99  199.58  -199.58  
   -0.11  0.98  0.18  
   -0.37  0.13  -0.92  
   -0.92  -0.17  0.35  

5  1176.49  239.32  59.38  
   -0.96  -0.19  0.21  
   -0.26  0.89  -0.38  
   -0.11  -0.42  -0.90  

4  960.39  150.47  -103.58  
   0.44  0.77  0.46  
   -0.71  0.61  -0.34  
   -0.54  -0.18  0.82  

3  1092.10  -19.20  -10.72  
   -0.52  -0.01  -0.85  
   -0.03  -1.00  0.04  
   -0.85  0.05  0.52  

8  1105.05  -320.58  41.08  
   -0.76  0.63  0.17  
   0.65  0.69  0.33  
   0.09  0.36  -0.93  

9  1109.96  -292.89  -204.04  
   -0.29  -0.80  0.53  
   0.44  0.38  0.82  
   -0.85  0.47  0.24  

7  921.54  -166.54  -108.05  
   0.34  -0.74  0.59  
   0.72  0.60  0.35  
   -0.61  0.30  0.73  

3  1092.10  -20.09  -10.72  
   -0.53  -0.02  -0.84  
   -0.03  -1.00  0.04  
   -0.84  0.05  0.53  

4  958.16  151.36  -100.01  
   0.45  0.76  0.47  
   -0.70  0.63  -0.34  
   -0.55  -0.17  0.82  

2  705.45  -33.49  568.37  
   0.22  -0.97  0.06  
   0.98  0.21  -0.04  
   0.02  0.06  1.00  

5  1173.81  236.19  71.44  
   -0.95  -0.21  0.21  
   -0.27  0.91  -0.31  
   -0.13  -0.35  -0.93  

6  1188.54  218.33  -192.43  
   -0.09  0.98  0.15  
   -0.29  0.12  -0.95  
   -0.95  -0.13  0.28  

7  920.20  -170.11  -104.92  
   0.35  -0.72  0.59  
   0.71  0.62  0.34  
   -0.62  0.30  0.73  

8  1102.82  -317.45  56.26  
   -0.76  0.63  0.17  
   0.65  0.71  0.26  
   0.04  0.31  -0.95  

9  1109.51  -307.18  -189.76  
   -0.28  -0.82  0.50  
   0.36  0.39  0.85  
   -0.89  0.42  0.18  

2  705.45  -33.49  567.93  
   0.22  -0.97  0.06  
   0.98  0.21  -0.04  
   0.02  0.06  1.00  

7  918.86  -172.79  -102.69  
   0.36  -0.72  0.60  
   0.70  0.63  0.34  
   -0.62  0.30  0.73  

3  1091.21  -19.65  -11.61  
   -0.55  -0.02  -0.84  
   -0.03  -1.00  0.04  
   -0.84  0.05  0.55  

5  1169.34  235.30  78.58  
   -0.95  -0.24  0.20  
   -0.28  0.92  -0.25  
   -0.13  -0.30  -0.95  

6  1184.08  232.17  -187.08  
   -0.09  0.99  0.13  
   -0.24  0.10  -0.96  
   -0.96  -0.12  0.23  

4  954.14  151.80  -95.99  
   0.47  0.75  0.47  
   -0.68  0.65  -0.34  
   -0.56  -0.17  0.81  

8  1102.82  -311.65  66.97  
   -0.76  0.62  0.17  
   0.65  0.73  0.23  
   0.01  0.28  -0.96  

9  1109.07  -315.22  -180.38  
   -0.29  -0.83  0.48  
   0.30  0.40  0.87  
   -0.91  0.40  0.14  

2  705.45  -33.93  568.37  
   0.22  -0.97  0.06  
   0.98  0.21  -0.04  
   0.02  0.06  1.00  

4  953.69  153.59  -91.98  
   0.49  0.74  0.47  
   -0.67  0.66  -0.34  
   -0.56  -0.14  0.82  

3  1090.76  -19.65  -11.61  
   -0.55  -0.02  -0.83  
   -0.03  -1.00  0.04  
   -0.83  0.05  0.55  

6  1184.08  238.42  -177.70  
   -0.08  0.99  0.11  
   -0.22  0.09  -0.97  
   -0.97  -0.10  0.21  

5  1164.43  233.06  88.85  
   -0.94  -0.24  0.22  
   -0.29  0.93  -0.22  
   -0.15  -0.27  -0.95  

9  1109.96  -317.45  -172.79  
   -0.29  -0.84  0.46  
   0.28  0.39  0.88  
   -0.92  0.38  0.12  

7  918.42  -174.13  -101.35  
   0.37  -0.71  0.60  
   0.70  0.64  0.33  
   -0.61  0.29  0.73  

8  1102.37  -308.97  71.88  
   -0.77  0.62  0.17  
   0.64  0.74  0.20  
   -0.00  0.27  -0.96  

2  705.45  -33.49  567.93  
   0.22  -0.97  0.06  
   0.98  0.21  -0.04  
   0.02  0.06  1.00  

3  1091.21  -19.65  -11.61  
   -0.56  -0.02  -0.83  
   -0.03  -1.00  0.04  
   -0.83  0.05  0.55  

4  952.80  154.48  -89.74  
   0.50  0.73  0.46  
   -0.66  0.67  -0.34  
   -0.56  -0.13  0.82  

6  1184.52  245.57  -169.66  
   -0.05  0.99  0.11  
   -0.20  0.09  -0.97  
   -0.98  -0.07  0.19  

5  1159.07  233.96  96.44  
   -0.94  -0.25  0.24  
   -0.30  0.93  -0.19  
   -0.18  -0.25  -0.95  

7  919.31  -174.13  -100.91  
   0.38  -0.71  0.59  
   0.70  0.64  0.32  
   -0.61  0.29  0.74  

8  1101.03  -306.73  76.35  
   -0.77  0.61  0.18  
   0.64  0.74  0.20  
   -0.02  0.27  -0.96  

9  1110.85  -318.34  -169.66  
   -0.28  -0.85  0.45  
   0.26  0.38  0.88  
   -0.92  0.37  0.12  

2  705.45  -33.49  568.37  
   0.22  -0.97  0.06  
   0.98  0.21  -0.04  
   0.02  0.06  1.00  

3  1089.87  -18.31  -13.84  
   -0.57  -0.01  -0.82  
   -0.02  -1.00  0.03  
   -0.82  0.04  0.57  

4  943.87  153.59  -85.28  
   0.54  0.69  0.47  
   -0.63  0.71  -0.32  
   -0.56  -0.12  0.82  

5  1146.13  238.87  107.16  
   -0.92  -0.30  0.25  
   -0.34  0.93  -0.14  
   -0.19  -0.21  -0.96  

6  1172.91  262.98  -160.29  
   -0.04  0.99  0.15  
   -0.16  0.14  -0.98  
   -0.99  -0.07  0.15  

7  916.19  -173.68  -100.91  
   0.39  -0.70  0.60  
   0.70  0.65  0.30  
   -0.60  0.30  0.74  

8  1096.12  -309.41  76.80  
   -0.75  0.63  0.19  
   0.66  0.73  0.18  
   -0.02  0.26  -0.97  

9  1102.82  -322.81  -167.43  
   -0.28  -0.83  0.48  
   0.27  0.41  0.87  
   -0.92  0.37  0.11  

2  705.45  -33.49  567.93  
   0.22  -0.97  0.06  
   0.98  0.21  -0.04  
   0.02  0.06  1.00  

5  1139.87  240.21  115.64  
   -0.91  -0.33  0.26  
   -0.36  0.93  -0.10  
   -0.21  -0.18  -0.96  

4  942.08  154.04  -82.15  
   0.56  0.68  0.47  
   -0.61  0.73  -0.32  
   -0.56  -0.10  0.82  

3  1088.98  -17.86  -14.73  
   -0.58  -0.01  -0.81  
   -0.02  -1.00  0.03  
   -0.81  0.03  0.58  

6  1166.22  274.14  -146.89  
   -0.03  0.98  0.19  
   -0.13  0.18  -0.98  
   -0.99  -0.05  0.12  

7  915.29  -174.13  -100.01  
   0.41  -0.69  0.60  
   0.69  0.66  0.29  
   -0.60  0.29  0.75  

9  1099.24  -328.17  -161.18  
   -0.27  -0.83  0.48  
   0.25  0.42  0.87  
   -0.93  0.36  0.09  

8  1091.21  -309.86  83.49  
   -0.74  0.64  0.20  
   0.67  0.72  0.16  
   -0.04  0.26  -0.97  

7  915.74  -175.02  -99.57  
   0.41  -0.69  0.59  
   0.69  0.66  0.30  
   -0.60  0.29  0.75  

4  942.53  154.93  -80.81  
   0.57  0.68  0.46  
   -0.60  0.73  -0.33  
   -0.56  -0.09  0.82  

6  1167.11  276.82  -141.54  
   -0.02  0.98  0.19  
   -0.11  0.19  -0.98  
   -0.99  -0.04  0.10  

5  1138.09  238.42  120.10  
   -0.91  -0.33  0.26  
   -0.36  0.93  -0.08  
   -0.22  -0.17  -0.96  

2  705.45  -33.49  567.93  
   0.22  -0.97  0.06  
   0.98  0.21  -0.04  
   0.02  0.06  1.00  

3  1088.98  -17.86  -14.73  
   -0.58  -0.01  -0.81  
   -0.02  -1.00  0.03  
   -0.81  0.03  0.58  

8  1089.87  -307.63  88.40  
   -0.74  0.64  0.21  
   0.67  0.73  0.15  
   -0.06  0.25  -0.97  

9  1097.46  -327.72  -152.25  
   -0.27  -0.83  0.48  
   0.25  0.42  0.87  
   -0.93  0.36  0.09  

2  705.45  -33.49  568.37  
   0.22  -0.97  0.06  
   0.98  0.21  -0.04  
   0.02  0.06  1.00  

3  1088.53  -16.97  -14.29  
   -0.58  -0.01  -0.81  
   -0.02  -1.00  0.03  
   -0.81  0.03  0.58  

4  942.98  155.38  -81.26  
   0.56  0.69  0.46  
   -0.61  0.72  -0.34  
   -0.56  -0.10  0.82  

5  1140.77  244.67  112.96  
   -0.91  -0.31  0.28  
   -0.36  0.92  -0.15  
   -0.21  -0.23  -0.95  

6  1172.02  267.44  -151.36  
   0.01  0.97  0.23  
   -0.16  0.23  -0.96  
   -0.99  -0.03  0.16  

9  1109.96  -316.56  -160.29  
   -0.22  -0.84  0.50  
   0.32  0.43  0.85  
   -0.92  0.34  0.17  

8  1088.53  -315.66  83.05  
   -0.74  0.62  0.25  
   0.67  0.71  0.22  
   -0.05  0.33  -0.94  

7  918.86  -175.02  -98.67  
   0.39  -0.71  0.58  
   0.69  0.64  0.33  
   -0.61  0.27  0.74  

4  946.10  155.38  -84.83  
   0.54  0.71  0.46  
   -0.63  0.70  -0.34  
   -0.56  -0.10  0.82  

2  705.45  -33.49  568.37  
   0.22  -0.97  0.06  
   0.98  0.21  -0.04  
   0.02  0.06  1.00  

3  1089.42  -15.63  -12.50  
   -0.57  -0.00  -0.82  
   -0.02  -1.00  0.02  
   -0.82  0.03  0.57  

5  1145.68  247.80  101.80  
   -0.92  -0.28  0.28  
   -0.35  0.91  -0.22  
   -0.20  -0.30  -0.93  

6  1185.86  254.94  -161.18  
   0.03  0.97  0.23  
   -0.21  0.23  -0.95  
   -0.98  -0.02  0.21  

7  922.88  -175.47  -99.12  
   0.36  -0.73  0.58  
   0.69  0.63  0.37  
   -0.63  0.26  0.73  

8  1092.55  -323.25  71.88  
   -0.76  0.58  0.29  
   0.65  0.70  0.30  
   -0.03  0.42  -0.91  

9  1131.39  -300.93  -173.24  
   -0.15  -0.81  0.56  
   0.40  0.47  0.79  
   -0.90  0.35  0.26  

2  705.45  -33.49  568.37  
   0.22  -0.97  0.06  
   0.98  0.21  -0.04  
   0.02  0.06  1.00  

3  1090.76  -15.63  -11.16  
   -0.56  -0.00  -0.83  
   -0.02  -1.00  0.02  
   -0.83  0.03  0.56  

5  1153.27  244.23  95.55  
   -0.93  -0.24  0.27  
   -0.31  0.91  -0.26  
   -0.19  -0.33  -0.92  

6  1193.90  239.76  -167.43  
   0.03  0.98  0.20  
   -0.25  0.20  -0.95  
   -0.97  -0.02  0.25  

4  949.23  155.82  -86.62  
   0.52  0.73  0.45  
   -0.64  0.68  -0.36  
   -0.57  -0.11  0.82  

7  924.67  -174.58  -100.01  
   0.34  -0.75  0.57  
   0.69  0.61  0.39  
   -0.64  0.26  0.72  

9  1139.87  -290.21  -182.61  
   -0.16  -0.83  0.54  
   0.42  0.43  0.80  
   -0.89  0.35  0.28  

8  1103.26  -321.02  60.72  
   -0.78  0.56  0.27  
   0.62  0.71  0.34  
   -0.00  0.44  -0.90  

2  705.45  -33.49  567.93  
   0.22  -0.97  0.06  
   0.98  0.21  -0.04  
   0.02  0.06  1.00  

3  1089.87  -14.73  -11.61  
   -0.56  0.00  -0.83  
   -0.03  -1.00  0.01  
   -0.83  0.03  0.56  

4  946.99  154.48  -87.96  
   0.50  0.73  0.46  
   -0.65  0.67  -0.35  
   -0.57  -0.12  0.81  

5  1151.04  254.94  81.26  
   -0.93  -0.22  0.29  
   -0.32  0.87  -0.37  
   -0.17  -0.44  -0.88  

6  1197.47  218.78  -179.04  
   0.04  0.98  0.18  
   -0.37  0.18  -0.91  
   -0.93  -0.03  0.37  

9  1140.32  -277.71  -193.77  
   -0.17  -0.83  0.53  
   0.51  0.39  0.77  
   -0.84  0.40  0.36  

8  1103.26  -326.38  48.67  
   -0.79  0.55  0.28  
   0.62  0.68  0.39  
   0.03  0.48  -0.88  

7  924.67  -174.13  -100.91  
   0.32  -0.76  0.57  
   0.69  0.59  0.40  
   -0.64  0.27  0.72  

2  705.45  -33.49  567.93  
   0.22  -0.97  0.06  
   0.98  0.21  -0.04  
   0.02  0.06  1.00  

6  1215.33  178.15  -171.00  
   0.15  0.97  0.21  
   -0.64  0.26  -0.72  
   -0.75  -0.03  0.66  

4  947.44  153.59  -90.64  
   0.49  0.73  0.47  
   -0.65  0.67  -0.36  
   -0.58  -0.13  0.80  

5  1141.66  286.20  56.26  
   -0.91  -0.19  0.38  
   -0.39  0.71  -0.58  
   -0.16  -0.68  -0.72  

3  1089.87  -13.39  -11.16  
   -0.55  0.01  -0.83  
   -0.03  -1.00  0.01  
   -0.83  0.03  0.55  

8  1089.87  -350.04  23.22  
   -0.79  0.46  0.42  
   0.62  0.52  0.59  
   0.05  0.72  -0.69  

7  926.46  -174.13  -100.91  
   0.29  -0.78  0.56  
   0.69  0.57  0.44  
   -0.66  0.26  0.70  

9  1177.83  -240.21  -187.08  
   0.03  -0.86  0.51  
   0.74  0.36  0.57  
   -0.67  0.36  0.65  

2  705.45  -33.49  568.37  
   0.22  -0.97  0.06  
   0.98  0.21  -0.04  
   0.02  0.06  1.00  

3  1091.21  -12.95  -10.72  
   -0.55  0.01  -0.84  
   -0.03  -1.00  0.01  
   -0.84  0.03  0.55  

4  949.67  153.14  -91.98  
   0.48  0.74  0.47  
   -0.65  0.66  -0.37  
   -0.59  -0.13  0.80  

5  1130.50  311.65  35.72  
   -0.87  -0.06  0.49  
   -0.45  0.49  -0.74  
   -0.19  -0.87  -0.46  

6  1250.16  139.75  -117.87  
   0.31  0.94  0.12  
   -0.84  0.33  -0.42  
   -0.43  0.03  0.90  

7  929.58  -172.79  -102.24  
   0.27  -0.79  0.55  
   0.70  0.55  0.46  
   -0.67  0.26  0.70  

9  1223.37  -196.45  -133.05  
   0.23  -0.90  0.37  
   0.91  0.34  0.25  
   -0.35  0.28  0.89  

8  1080.94  -367.90  -5.36  
   -0.80  0.26  0.54  
   0.59  0.29  0.75  
   0.04  0.92  -0.38  

3  1092.99  -13.84  -7.14  
   -0.53  0.01  -0.85  
   -0.03  -1.00  0.01  
   -0.85  0.03  0.53  

4  958.16  154.93  -94.65  
   0.48  0.75  0.45  
   -0.66  0.65  -0.38  
   -0.58  -0.11  0.81  

2  705.45  -33.49  568.37  
   0.22  -0.97  0.06  
   0.98  0.21  -0.04  
   0.02  0.06  1.00  

5  1123.80  324.59  34.83  
   -0.82  0.14  0.55  
   -0.49  0.32  -0.81  
   -0.29  -0.94  -0.19  

6  1271.59  118.76  -25.45  
   0.38  0.92  0.01  
   -0.92  0.38  -0.12  
   -0.11  0.04  0.99  

7  934.49  -173.24  -104.48  
   0.27  -0.81  0.52  
   0.71  0.54  0.46  
   -0.65  0.24  0.72  

9  1247.92  -172.79  -46.88  
   0.29  -0.93  0.22  
   0.96  0.29  -0.03  
   -0.04  0.22  0.98  

8  1084.96  -368.80  -14.29  
   -0.83  -0.00  0.55  
   0.55  0.11  0.83  
   -0.06  0.99  -0.09  

2  705.45  -33.49  567.93  
   0.22  -0.97  0.06  
   0.98  0.21  -0.04  
   0.02  0.06  1.00  

3  1094.78  -12.95  -3.57  
   -0.52  0.01  -0.86  
   -0.03  -1.00  0.01  
   -0.86  0.03  0.52  

4  967.09  157.61  -101.80  
   0.47  0.77  0.42  
   -0.68  0.62  -0.39  
   -0.56  -0.11  0.82  

6  1265.34  104.03  76.35  
   0.35  0.93  0.06  
   -0.93  0.34  0.14  
   0.11  -0.10  0.99  

5  1123.35  322.36  52.69  
   -0.75  0.40  0.52  
   -0.47  0.22  -0.85  
   -0.46  -0.89  0.02  

8  1100.58  -361.21  2.23  
   -0.83  -0.34  0.43  
   0.47  -0.02  0.88  
   -0.29  0.94  0.18  

7  945.21  -175.02  -111.17  
   0.28  -0.83  0.48  
   0.73  0.51  0.46  
   -0.62  0.22  0.75  

9  1245.69  -146.00  64.29  
   0.19  -0.97  0.16  
   0.96  0.15  -0.22  
   0.19  0.20  0.96  

2  705.45  -33.49  568.37  
   0.22  -0.97  0.06  
   0.98  0.21  -0.04  
   0.02  0.06  1.00  

4  974.23  157.16  -108.05  
   0.46  0.79  0.41  
   -0.70  0.61  -0.38  
   -0.54  -0.11  0.83  

3  1096.57  -11.16  -0.45  
   -0.50  0.03  -0.87  
   -0.05  -1.00  -0.01  
   -0.86  0.04  0.50  

5  1122.91  323.25  54.92  
   -0.69  0.55  0.46  
   -0.48  0.12  -0.87  
   -0.54  -0.82  0.18  

6  1248.82  96.89  122.78  
   0.31  0.93  0.21  
   -0.91  0.23  0.35  
   0.28  -0.30  0.91  

8  1117.10  -351.38  13.84  
   -0.80  -0.53  0.29  
   0.41  -0.13  0.90  
   -0.44  0.84  0.32  

7  959.05  -176.81  -119.66  
   0.24  -0.87  0.44  
   0.76  0.45  0.48  
   -0.61  0.22  0.76  

9  1236.32  -130.37  118.32  
   0.12  -0.98  0.16  
   0.94  0.06  -0.35  
   0.33  0.19  0.92  

2  705.45  -33.49  568.37  
   0.22  -0.97  0.06  
   0.98  0.21  -0.04  
   0.02  0.06  1.00  

3  1096.57  -10.27  0.00  
   -0.49  0.04  -0.87  
   -0.05  -1.00  -0.01  
   -0.87  0.04  0.49  

6  1239.89  104.03  137.07  
   0.30  0.93  0.20  
   -0.89  0.21  0.40  
   0.33  -0.30  0.90  

4  979.14  156.72  -113.41  
   0.45  0.79  0.41  
   -0.71  0.60  -0.37  
   -0.54  -0.13  0.83  

7  963.51  -175.47  -123.68  
   0.23  -0.87  0.43  
   0.77  0.43  0.47  
   -0.60  0.22  0.77  

5  1119.34  328.17  52.24  
   -0.65  0.62  0.44  
   -0.50  0.09  -0.86  
   -0.57  -0.78  0.25  

8  1118.44  -350.94  15.63  
   -0.76  -0.60  0.25  
   0.42  -0.17  0.89  
   -0.49  0.78  0.38  

9  1226.05  -135.28  135.73  
   0.10  -0.99  0.10  
   0.92  0.05  -0.40  
   0.39  0.13  0.91  

2  705.45  -33.49  568.37  
   0.22  -0.97  0.06  
   0.98  0.21  -0.04  
   0.02  0.06  1.00  

4  976.46  157.61  -112.07  
   0.45  0.79  0.42  
   -0.71  0.60  -0.37  
   -0.55  -0.13  0.83  

5  1118.89  325.49  58.04  
   -0.66  0.59  0.47  
   -0.49  0.14  -0.86  
   -0.57  -0.80  0.20  

3  1095.67  -10.27  0.00  
   -0.49  0.04  -0.87  
   -0.05  -1.00  -0.02  
   -0.87  0.04  0.49  

6  1246.58  103.14  125.91  
   0.33  0.94  0.13  
   -0.91  0.27  0.33  
   0.27  -0.23  0.93  

9  1232.30  -137.52  123.23  
   0.14  -0.98  0.12  
   0.93  0.09  -0.36  
   0.34  0.16  0.93  

7  957.26  -174.13  -120.10  
   0.24  -0.86  0.45  
   0.76  0.45  0.47  
   -0.61  0.23  0.76  

8  1113.09  -351.83  16.52  
   -0.78  -0.55  0.30  
   0.43  -0.13  0.89  
   -0.46  0.82  0.34  

2  705.45  -33.49  568.37  
   0.22  -0.97  0.06  
   0.98  0.21  -0.04  
   0.02  0.06  1.00  

4  970.66  156.27  -108.50  
   0.45  0.78  0.43  
   -0.70  0.61  -0.37  
   -0.55  -0.14  0.82  

3  1094.33  -10.27  0.00  
   -0.49  0.04  -0.87  
   -0.05  -1.00  -0.02  
   -0.87  0.04  0.49  

6  1258.19  95.55  72.78  
   0.34  0.93  0.11  
   -0.93  0.32  0.17  
   0.12  -0.16  0.98  

5  1123.80  319.24  58.94  
   -0.72  0.47  0.50  
   -0.45  0.22  -0.86  
   -0.52  -0.85  0.06  

8  1102.82  -354.51  25.00  
   -0.81  -0.41  0.43  
   0.45  0.04  0.89  
   -0.38  0.91  0.15  

7  952.35  -175.91  -115.19  
   0.25  -0.85  0.47  
   0.74  0.48  0.47  
   -0.62  0.23  0.75  

9  1253.28  -140.20  64.29  
   0.26  -0.96  0.13  
   0.96  0.24  -0.17  
   0.13  0.16  0.98  

2  705.45  -33.49  568.37  
   0.22  -0.97  0.06  
   0.98  0.21  -0.04  
   0.02  0.06  1.00  

3  1092.99  -10.27  -0.45  
   -0.49  0.05  -0.87  
   -0.06  -1.00  -0.02  
   -0.87  0.04  0.49  

4  964.41  155.82  -105.37  
   0.44  0.78  0.45  
   -0.70  0.61  -0.36  
   -0.56  -0.16  0.82  

6  1275.16  105.82  -27.24  
   0.39  0.90  0.20  
   -0.90  0.41  -0.12  
   -0.19  -0.13  0.97  

5  1133.18  310.31  55.36  
   -0.81  0.22  0.54  
   -0.42  0.41  -0.81  
   -0.40  -0.88  -0.25  

7  947.89  -175.47  -112.07  
   0.26  -0.83  0.49  
   0.73  0.50  0.47  
   -0.64  0.24  0.73  

8  1094.78  -353.17  37.95  
   -0.82  -0.13  0.56  
   0.50  0.31  0.81  
   -0.27  0.94  -0.19  

9  1269.36  -168.32  -26.79  
   0.37  -0.89  0.25  
   0.91  0.41  0.12  
   -0.21  0.18  0.96  

2  705.45  -33.49  568.37  
   0.22  -0.97  0.06  
   0.98  0.21  -0.04  
   0.02  0.06  1.00  

4  962.62  155.38  -105.37  
   0.44  0.77  0.46  
   -0.70  0.61  -0.36  
   -0.56  -0.17  0.81  

5  1145.23  287.54  66.97  
   -0.87  0.05  0.49  
   -0.35  0.63  -0.69  
   -0.34  -0.78  -0.53  

6  1279.62  129.48  -103.14  
   0.35  0.92  0.18  
   -0.78  0.39  -0.49  
   -0.52  0.04  0.85  

3  1092.55  -11.16  -2.68  
   -0.49  0.04  -0.87  
   -0.06  -1.00  -0.02  
   -0.87  0.05  0.50  

7  944.31  -176.36  -109.84  
   0.27  -0.82  0.51  
   0.71  0.53  0.46  
   -0.65  0.24  0.73  

8  1101.92  -335.31  58.49  
   -0.84  0.17  0.51  
   0.50  0.60  0.63  
   -0.20  0.79  -0.58  

9  1258.19  -209.85  -117.87  
   0.29  -0.87  0.40  
   0.72  0.47  0.52  
   -0.64  0.14  0.76  

2  705.45  -33.49  567.93  
   0.22  -0.97  0.06  
   0.98  0.21  -0.04  
   0.02  0.06  1.00  

5  1173.36  234.85  74.56  
   -0.93  0.08  0.37  
   -0.17  0.78  -0.60  
   -0.33  -0.62  -0.71  

4  966.64  155.38  -106.71  
   0.42  0.80  0.43  
   -0.73  0.58  -0.36  
   -0.54  -0.17  0.82  

3  1093.44  -12.50  -4.46  
   -0.49  0.04  -0.87  
   -0.07  -1.00  -0.01  
   -0.87  0.05  0.49  

6  1274.27  116.98  -148.68  
   0.22  0.97  0.04  
   -0.61  0.17  -0.78  
   -0.76  0.14  0.63  

7  946.55  -178.59  -110.28  
   0.26  -0.83  0.50  
   0.72  0.51  0.47  
   -0.64  0.24  0.73  

9  1253.28  -212.08  -154.93  
   0.14  -0.95  0.29  
   0.57  0.31  0.75  
   -0.81  0.06  0.59  

8  1133.62  -301.38  61.17  
   -0.91  0.21  0.37  
   0.39  0.73  0.55  
   -0.16  0.65  -0.75  

2  705.45  -33.49  568.37  
   0.22  -0.97  0.06  
   0.98  0.21  -0.04  
   0.02  0.06  1.00  

3  1096.12  -14.29  -7.14  
   -0.48  0.04  -0.88  
   -0.07  -1.00  -0.01  
   -0.87  0.06  0.48  

4  969.32  153.59  -108.94  
   0.39  0.82  0.42  
   -0.75  0.55  -0.36  
   -0.53  -0.18  0.83  

5  1190.33  215.65  57.15  
   -0.96  0.08  0.27  
   -0.11  0.79  -0.60  
   -0.26  -0.61  -0.75  

6  1271.59  109.84  -186.63  
   0.14  0.99  0.00  
   -0.55  0.08  -0.83  
   -0.82  0.12  0.56  

8  1155.06  -285.30  42.86  
   -0.94  0.23  0.24  
   0.33  0.77  0.54  
   -0.06  0.59  -0.81  

7  947.44  -178.59  -112.07  
   0.23  -0.84  0.50  
   0.75  0.48  0.46  
   -0.62  0.27  0.74  

9  1244.35  -197.79  -196.90  
   -0.01  -0.97  0.25  
   0.52  0.21  0.83  
   -0.85  0.14  0.50  

2  705.45  -33.49  568.37  
   0.22  -0.97  0.06  
   0.98  0.21  -0.04  
   0.02  0.06  1.00  

3  1095.67  -14.29  -7.59  
   -0.48  0.04  -0.88  
   -0.08  -1.00  -0.01  
   -0.88  0.06  0.48  

4  968.42  153.14  -109.84  
   0.38  0.82  0.43  
   -0.76  0.54  -0.37  
   -0.53  -0.19  0.83  

5  1193.90  220.56  42.42  
   -0.97  0.04  0.24  
   -0.12  0.78  -0.61  
   -0.21  -0.62  -0.76  

6  1264.89  115.64  -201.36  
   0.10  0.99  -0.02  
   -0.56  0.04  -0.83  
   -0.82  0.09  0.56  

8  1160.41  -283.52  32.59  
   -0.95  0.25  0.20  
   0.32  0.77  0.55  
   -0.02  0.58  -0.81  

7  946.55  -177.70  -113.41  
   0.21  -0.84  0.50  
   0.75  0.46  0.46  
   -0.62  0.28  0.73  

9  1239.44  -197.35  -211.19  
   -0.05  -0.98  0.20  
   0.53  0.14  0.84  
   -0.85  0.15  0.51  

2  705.45  -33.49  568.37  
   0.22  -0.97  0.06  
   0.98  0.21  -0.04  
   0.02  0.06  1.00  

4  966.64  154.48  -108.50  
   0.38  0.81  0.44  
   -0.75  0.55  -0.37  
   -0.54  -0.19  0.82  

3  1094.78  -12.95  -8.48  
   -0.48  0.05  -0.87  
   -0.08  -1.00  -0.02  
   -0.87  0.06  0.49  

5  1191.22  233.96  37.50  
   -0.97  -0.03  0.24  
   -0.17  0.79  -0.59  
   -0.17  -0.61  -0.77  

8  1156.84  -290.21  23.22  
   -0.93  0.32  0.19  
   0.37  0.77  0.52  
   0.03  0.55  -0.83  

6  1249.71  138.86  -213.87  
   0.05  1.00  0.02  
   -0.54  0.05  -0.84  
   -0.84  0.03  0.54  

7  944.76  -175.47  -113.41  
   0.21  -0.83  0.51  
   0.75  0.47  0.46  
   -0.62  0.29  0.73  

9  1219.35  -215.65  -224.14  
   -0.11  -0.97  0.24  
   0.50  0.15  0.85  
   -0.86  0.21  0.47  

2  705.45  -33.49  568.37  
   0.22  -0.97  0.06  
   0.98  0.21  -0.04  
   0.02  0.06  1.00  

3  1093.44  -12.06  -8.48  
   -0.49  0.05  -0.87  
   -0.07  -1.00  -0.02  
   -0.87  0.05  0.49  

5  1192.11  228.60  41.08  
   -0.97  -0.05  0.23  
   -0.17  0.83  -0.52  
   -0.16  -0.55  -0.82  

4  966.19  156.27  -107.60  
   0.38  0.81  0.44  
   -0.74  0.55  -0.38  
   -0.55  -0.19  0.81  

6  1240.78  157.61  -218.78  
   0.00  1.00  -0.01  
   -0.46  -0.01  -0.89  
   -0.89  0.01  0.46  

9  1205.51  -233.51  -229.94  
   -0.18  -0.95  0.24  
   0.42  0.15  0.90  
   -0.89  0.26  0.37  

8  1156.39  -282.62  28.13  
   -0.92  0.35  0.16  
   0.38  0.81  0.45  
   0.03  0.48  -0.88  

7  942.08  -174.58  -112.51  
   0.22  -0.83  0.51  
   0.75  0.48  0.46  
   -0.63  0.29  0.73  

4  964.85  155.38  -108.05  
   0.38  0.81  0.46  
   -0.74  0.56  -0.38  
   -0.56  -0.19  0.80  

3  1093.44  -11.61  -8.48  
   -0.49  0.05  -0.87  
   -0.07  -1.00  -0.02  
   -0.87  0.05  0.49  

2  705.45  -33.49  568.37  
   0.22  -0.97  0.06  
   0.98  0.21  -0.04  
   0.02  0.06  1.00  

5  1189.88  237.98  33.93  
   -0.97  -0.09  0.23  
   -0.20  0.82  -0.54  
   -0.14  -0.57  -0.81  

7  941.64  -173.68  -112.51  
   0.21  -0.83  0.52  
   0.75  0.48  0.46  
   -0.63  0.29  0.72  

8  1150.59  -292.45  20.54  
   -0.91  0.37  0.18  
   0.41  0.76  0.50  
   0.04  0.53  -0.85  

6  1237.21  163.41  -224.14  
   -0.00  1.00  0.01  
   -0.48  0.01  -0.88  
   -0.88  -0.01  0.48  

9  1206.40  -227.26  -229.94  
   -0.14  -0.96  0.24  
   0.49  0.14  0.86  
   -0.86  0.24  0.45  

2  705.45  -33.49  567.93  
   0.22  -0.97  0.06  
   0.98  0.21  -0.04  
   0.02  0.06  1.00  

4  961.28  154.93  -107.16  
   0.39  0.78  0.48  
   -0.72  0.59  -0.37  
   -0.58  -0.20  0.79  

3  1093.44  -10.72  -9.82  
   -0.50  0.04  -0.86  
   -0.06  -1.00  -0.01  
   -0.86  0.04  0.51  

5  1181.84  254.50  33.93  
   -0.95  -0.17  0.25  
   -0.28  0.82  -0.50  
   -0.12  -0.55  -0.83  

6  1230.51  179.04  -228.60  
   0.00  1.00  0.04  
   -0.48  0.04  -0.88  
   -0.88  -0.02  0.48  

7  936.28  -170.11  -111.62  
   0.24  -0.80  0.54  
   0.74  0.51  0.43  
   -0.63  0.30  0.72  

8  1139.87  -303.16  20.98  
   -0.87  0.45  0.19  
   0.49  0.75  0.45  
   0.06  0.48  -0.87  

9  1187.20  -256.28  -237.53  
   -0.15  -0.95  0.28  
   0.45  0.19  0.87  
   -0.88  0.26  0.39  

2  705.45  -33.49  568.37  
   0.22  -0.97  0.06  
   0.98  0.21  -0.04  
   0.02  0.06  1.00  

4  957.26  154.93  -104.92  
   0.41  0.76  0.50  
   -0.70  0.61  -0.36  
   -0.58  -0.20  0.79  

5  1172.02  263.43  41.52  
   -0.93  -0.24  0.27  
   -0.34  0.84  -0.43  
   -0.12  -0.49  -0.86  

6  1216.67  220.12  -225.47  
   0.01  1.00  0.07  
   -0.41  0.07  -0.91  
   -0.91  -0.02  0.41  

3  1092.99  -11.16  -12.06  
   -0.52  0.03  -0.85  
   -0.05  -1.00  -0.00  
   -0.85  0.04  0.52  

7  929.58  -167.88  -109.84  
   0.27  -0.78  0.57  
   0.73  0.55  0.40  
   -0.62  0.31  0.72  

8  1125.14  -311.20  29.02  
   -0.83  0.53  0.20  
   0.56  0.74  0.37  
   0.05  0.42  -0.91  

9  1168.00  -289.32  -234.85  
   -0.16  -0.94  0.30  
   0.37  0.23  0.90  
   -0.91  0.25  0.32  

2  705.45  -33.49  568.37  
   0.22  -0.97  0.06  
   0.98  0.21  -0.04  
   0.02  0.06  1.00  

3  1092.99  -11.16  -13.39  
   -0.53  0.02  -0.85  
   -0.05  -1.00  0.00  
   -0.85  0.04  0.53  

4  952.35  152.25  -102.69  
   0.44  0.74  0.51  
   -0.69  0.64  -0.33  
   -0.58  -0.21  0.79  

6  1203.72  238.87  -221.46  
   0.00  1.00  0.06  
   -0.37  0.06  -0.93  
   -0.93  -0.02  0.37  

5  1163.09  269.23  47.33  
   -0.92  -0.29  0.27  
   -0.38  0.84  -0.38  
   -0.12  -0.45  -0.88  

7  927.35  -167.43  -108.05  
   0.29  -0.76  0.58  
   0.72  0.57  0.39  
   -0.63  0.30  0.72  

8  1113.98  -315.22  37.50  
   -0.80  0.56  0.22  
   0.60  0.73  0.33  
   0.02  0.40  -0.92  

9  1161.31  -305.84  -225.47  
   -0.13  -0.94  0.30  
   0.33  0.24  0.91  
   -0.93  0.22  0.28  

2  705.45  -33.49  568.37  
   0.22  -0.97  0.06  
   0.98  0.21  -0.04  
   0.02  0.06  1.00  

4  938.51  147.34  -96.44  
   0.49  0.68  0.54  
   -0.66  0.70  -0.28  
   -0.57  -0.22  0.79  

5  1146.57  270.57  54.92  
   -0.90  -0.37  0.24  
   -0.43  0.85  -0.29  
   -0.10  -0.36  -0.93  

3  1091.65  -11.61  -16.97  
   -0.56  0.02  -0.83  
   -0.05  -1.00  0.01  
   -0.83  0.04  0.56  

6  1180.06  267.89  -221.46  
   -0.02  1.00  0.06  
   -0.29  0.05  -0.96  
   -0.96  -0.04  0.28  

7  921.99  -167.88  -104.48  
   0.32  -0.73  0.60  
   0.71  0.60  0.36  
   -0.62  0.31  0.72  

8  1106.83  -312.54  50.90  
   -0.78  0.59  0.21  
   0.62  0.74  0.25  
   -0.01  0.33  -0.94  

9  1149.70  -335.31  -212.08  
   -0.13  -0.95  0.27  
   0.21  0.23  0.95  
   -0.97  0.19  0.17  

4  930.47  146.89  -90.19  
   0.56  0.63  0.54  
   -0.61  0.75  -0.24  
   -0.56  -0.20  0.81  

2  705.45  -33.49  568.37  
   0.22  -0.97  0.06  
   0.98  0.21  -0.04  
   0.02  0.06  1.00  

3  1088.53  -11.61  -18.75  
   -0.59  0.02  -0.81  
   -0.05  -1.00  0.01  
   -0.81  0.04  0.59  

6  1163.09  303.16  -200.47  
   -0.00  1.00  0.09  
   -0.18  0.09  -0.98  
   -0.98  -0.02  0.18  

5  1128.27  275.48  75.01  
   -0.86  -0.44  0.25  
   -0.48  0.85  -0.19  
   -0.13  -0.28  -0.95  

8  1093.89  -314.77  63.85  
   -0.75  0.62  0.22  
   0.66  0.73  0.20  
   -0.04  0.29  -0.95  

7  916.19  -170.11  -102.24  
   0.37  -0.71  0.61  
   0.71  0.63  0.31  
   -0.60  0.32  0.73  

9  1134.52  -357.19  -193.33  
   -0.14  -0.96  0.24  
   0.14  0.22  0.96  
   -0.98  0.17  0.11  

2  705.45  -33.49  568.37  
   0.22  -0.97  0.06  
   0.98  0.21  -0.04  
   0.02  0.06  1.00  

3  1088.53  -12.06  -20.09  
   -0.60  0.02  -0.80  
   -0.04  -1.00  0.00  
   -0.80  0.03  0.60  

4  929.13  149.57  -85.28  
   0.58  0.62  0.53  
   -0.59  0.77  -0.25  
   -0.56  -0.16  0.81  

5  1126.93  266.55  91.08  
   -0.86  -0.43  0.25  
   -0.47  0.87  -0.11  
   -0.17  -0.21  -0.96  

6  1161.31  318.79  -178.59  
   0.01  1.00  0.08  
   -0.09  0.08  -0.99  
   -1.00  -0.00  0.09  

7  917.08  -171.45  -101.80  
   0.38  -0.70  0.60  
   0.71  0.64  0.30  
   -0.60  0.32  0.74  

8  1094.78  -310.31  72.33  
   -0.76  0.61  0.22  
   0.65  0.74  0.17  
   -0.06  0.27  -0.96  

9  1135.41  -361.21  -180.83  
   -0.15  -0.97  0.21  
   0.10  0.19  0.98  
   -0.98  0.16  0.07  

2  705.45  -33.49  568.37  
   0.22  -0.97  0.06  
   0.98  0.21  -0.04  
   0.02  0.06  1.00  

6  1162.20  326.83  -165.65  
   0.02  1.00  0.08  
   -0.04  0.08  -1.00  
   -1.00  0.02  0.04  

4  929.13  151.36  -82.15  
   0.60  0.61  0.51  
   -0.57  0.78  -0.26  
   -0.56  -0.14  0.82  

5  1123.35  263.43  103.58  
   -0.86  -0.44  0.26  
   -0.47  0.88  -0.06  
   -0.20  -0.18  -0.96  

3  1088.53  -11.16  -20.09  
   -0.61  0.02  -0.80  
   -0.04  -1.00  0.00  
   -0.80  0.03  0.61  

7  917.53  -171.45  -101.80  
   0.38  -0.70  0.60  
   0.71  0.64  0.29  
   -0.59  0.32  0.74  

8  1095.67  -307.18  75.46  
   -0.76  0.61  0.22  
   0.65  0.75  0.15  
   -0.07  0.26  -0.96  

9  1136.30  -362.99  -178.59  
   -0.15  -0.97  0.20  
   0.08  0.19  0.98  
   -0.99  0.16  0.05  

2  705.45  -33.49  567.93  
   0.22  -0.97  0.06  
   0.98  0.21  -0.04  
   0.02  0.06  1.00  

4  927.79  151.36  -79.92  
   0.62  0.60  0.51  
   -0.56  0.79  -0.26  
   -0.55  -0.12  0.82  

3  1088.53  -10.72  -20.09  
   -0.61  0.02  -0.79  
   -0.03  -1.00  -0.00  
   -0.79  0.03  0.61  

6  1159.52  338.88  -152.25  
   0.04  0.99  0.11  
   0.00  0.11  -0.99  
   -1.00  0.04  0.00  

5  1117.10  263.43  112.51  
   -0.84  -0.46  0.28  
   -0.48  0.87  -0.03  
   -0.23  -0.16  -0.96  

8  1091.21  -308.07  80.81  
   -0.75  0.62  0.24  
   0.66  0.74  0.14  
   -0.10  0.26  -0.96  

9  1137.20  -373.26  -172.34  
   -0.12  -0.97  0.20  
   0.04  0.19  0.98  
   -0.99  0.13  0.02  

7  916.63  -171.90  -101.80  
   0.40  -0.69  0.60  
   0.71  0.65  0.28  
   -0.58  0.31  0.75  

2  705.45  -33.49  567.93  
   0.22  -0.97  0.06  
   0.98  0.21  -0.04  
   0.02  0.06  1.00  

4  929.13  152.70  -79.47  
   0.62  0.61  0.50  
   -0.56  0.79  -0.27  
   -0.55  -0.11  0.82  

3  1088.08  -10.27  -20.54  
   -0.61  0.03  -0.79  
   -0.03  -1.00  -0.01  
   -0.79  0.02  0.61  

6  1161.31  339.33  -150.91  
   0.05  0.99  0.12  
   0.01  0.12  -0.99  
   -1.00  0.05  -0.00  

5  1117.10  263.43  113.85  
   -0.84  -0.46  0.28  
   -0.48  0.88  -0.03  
   -0.23  -0.16  -0.96  

8  1091.21  -306.73  83.05  
   -0.75  0.61  0.25  
   0.65  0.74  0.13  
   -0.10  0.26  -0.96  

7  917.97  -171.90  -100.91  
   0.40  -0.70  0.60  
   0.71  0.65  0.28  
   -0.58  0.31  0.75  

9  1138.54  -373.26  -169.22  
   -0.12  -0.97  0.20  
   0.04  0.20  0.98  
   -0.99  0.12  0.01  

2  705.45  -33.93  568.37  
   0.22  -0.97  0.06  
   0.98  0.21  -0.04  
   0.03  0.06  1.00  

4  932.26  153.14  -83.49  
   0.58  0.64  0.50  
   -0.59  0.76  -0.28  
   -0.56  -0.13  0.82  

5  1127.37  274.14  87.96  
   -0.87  -0.39  0.29  
   -0.46  0.86  -0.21  
   -0.17  -0.32  -0.93  

3  1088.98  -9.38  -19.65  
   -0.60  0.02  -0.80  
   -0.04  -1.00  -0.00  
   -0.80  0.03  0.60  

6  1178.27  296.91  -180.83  
   0.09  0.98  0.17  
   -0.18  0.18  -0.97  
   -0.98  0.06  0.19  

8  1094.78  -320.13  60.28  
   -0.76  0.59  0.26  
   0.65  0.71  0.27  
   -0.02  0.38  -0.92  

9  1147.46  -338.44  -198.24  
   -0.08  -0.95  0.29  
   0.24  0.26  0.94  
   -0.97  0.15  0.21  

7  920.20  -172.34  -101.35  
   0.35  -0.73  0.59  
   0.71  0.62  0.34  
   -0.61  0.30  0.73  

2  705.45  -33.49  567.93  
   0.22  -0.97  0.06  
   0.98  0.21  -0.04  
   0.02  0.06  1.00  

3  1089.42  -11.61  -18.31  
   -0.58  0.02  -0.81  
   -0.04  -1.00  -0.00  
   -0.81  0.03  0.58  

4  937.62  150.47  -88.85  
   0.53  0.69  0.50  
   -0.62  0.71  -0.32  
   -0.58  -0.14  0.80  

5  1133.18  292.89  51.79  
   -0.88  -0.31  0.36  
   -0.46  0.74  -0.49  
   -0.12  -0.60  -0.79  

6  1208.63  225.03  -202.26  
   0.18  0.97  0.18  
   -0.51  0.24  -0.82  
   -0.84  0.06  0.54  

7  924.67  -172.34  -100.91  
   0.27  -0.77  0.58  
   0.69  0.57  0.43  
   -0.67  0.28  0.69  

8  1089.42  -345.13  25.00  
   -0.77  0.53  0.37  
   0.64  0.57  0.51  
   0.06  0.63  -0.78  

9  1183.63  -276.82  -209.40  
   0.08  -0.93  0.37  
   0.58  0.35  0.74  
   -0.81  0.15  0.57  

4  942.53  150.02  -93.76  
   0.48  0.72  0.51  
   -0.65  0.68  -0.34  
   -0.59  -0.16  0.79  

3  1091.21  -10.72  -16.07  
   -0.57  0.02  -0.82  
   -0.04  -1.00  -0.00  
   -0.82  0.03  0.57  

2  705.45  -33.49  568.37  
   0.22  -0.97  0.06  
   0.98  0.21  -0.04  
   0.02  0.06  1.00  

5  1127.82  315.66  13.39  
   -0.87  -0.22  0.45  
   -0.49  0.52  -0.70  
   -0.08  -0.82  -0.56  

6  1237.65  165.20  -179.49  
   0.29  0.95  0.13  
   -0.79  0.31  -0.53  
   -0.54  0.05  0.84  

8  1078.71  -367.46  -18.75  
   -0.75  0.45  0.48  
   0.64  0.34  0.69  
   0.15  0.82  -0.55  

7  926.90  -171.45  -103.14  
   0.23  -0.79  0.57  
   0.70  0.55  0.47  
   -0.68  0.29  0.67  

9  1193.45  -224.14  -196.01  
   0.17  -0.86  0.49  
   0.85  0.38  0.37  
   -0.51  0.35  0.79  

2  705.45  -33.49  568.37  
   0.22  -0.97  0.06  
   0.98  0.21  -0.04  
   0.02  0.06  1.00  

4  943.42  148.68  -96.89  
   0.46  0.73  0.51  
   -0.66  0.66  -0.35  
   -0.59  -0.17  0.79  

3  1091.21  -11.16  -15.63  
   -0.56  0.02  -0.83  
   -0.04  -1.00  -0.00  
   -0.83  0.03  0.56  

5  1122.46  327.27  -6.25  
   -0.86  -0.09  0.51  
   -0.51  0.33  -0.80  
   -0.09  -0.94  -0.33  

6  1251.94  131.27  -116.98  
   0.33  0.94  0.06  
   -0.91  0.34  -0.24  
   -0.24  0.02  0.97  

8  1070.22  -377.28  -55.36  
   -0.78  0.26  0.57  
   0.59  0.05  0.80  
   0.18  0.96  -0.19  

9  1201.94  -186.18  -140.20  
   0.18  -0.86  0.47  
   0.97  0.23  0.04  
   -0.14  0.45  0.88  

7  926.46  -168.32  -105.82  
   0.22  -0.80  0.56  
   0.71  0.52  0.47  
   -0.67  0.30  0.68  

2  705.45  -33.49  568.37  
   0.22  -0.97  0.06  
   0.98  0.21  -0.04  
   0.02  0.06  1.00  

4  951.01  150.91  -102.24  
   0.46  0.74  0.49  
   -0.68  0.65  -0.35  
   -0.58  -0.17  0.80  

5  1123.80  327.27  9.38  
   -0.85  0.09  0.52  
   -0.49  0.27  -0.83  
   -0.22  -0.96  -0.18  

3  1091.65  -11.61  -13.84  
   -0.55  0.02  -0.83  
   -0.04  -1.00  0.00  
   -0.83  0.03  0.55  

6  1251.50  114.30  -53.13  
   0.29  0.95  0.07  
   -0.95  0.30  -0.09  
   -0.11  -0.04  0.99  

8  1080.05  -373.26  -44.20  
   -0.84  0.03  0.54  
   0.54  -0.02  0.84  
   0.04  1.00  0.01  

7  930.03  -170.11  -108.05  
   0.23  -0.81  0.54  
   0.71  0.52  0.47  
   -0.66  0.28  0.70  

9  1213.10  -171.45  -74.56  
   0.14  -0.92  0.35  
   0.99  0.14  -0.03  
   -0.02  0.36  0.93  

2  705.45  -33.49  568.37  
   0.22  -0.97  0.06  
   0.98  0.21  -0.04  
   0.02  0.06  1.00  

4  959.94  152.25  -108.94  
   0.45  0.76  0.46  
   -0.69  0.62  -0.36  
   -0.56  -0.16  0.81  

5  1126.03  325.04  20.54  
   -0.81  0.29  0.50  
   -0.47  0.18  -0.86  
   -0.35  -0.94  -0.01  

3  1093.89  -11.61  -10.72  
   -0.54  0.02  -0.84  
   -0.04  -1.00  -0.00  
   -0.84  0.04  0.54  

6  1246.58  100.91  12.95  
   0.26  0.95  0.16  
   -0.97  0.25  0.08  
   0.04  -0.18  0.98  

9  1214.44  -158.06  -12.50  
   0.08  -0.93  0.35  
   0.99  0.03  -0.14  
   0.12  0.36  0.93  

8  1092.10  -367.01  -37.06  
   -0.86  -0.22  0.46  
   0.50  -0.13  0.86  
   -0.13  0.97  0.22  

7  937.17  -171.00  -115.19  
   0.23  -0.83  0.51  
   0.74  0.49  0.47  
   -0.64  0.27  0.72  

3  1092.55  -10.72  -10.72  
   -0.53  0.03  -0.84  
   -0.05  -1.00  -0.01  
   -0.84  0.03  0.54  

2  705.45  -33.49  568.37  
   0.22  -0.97  0.06  
   0.98  0.21  -0.04  
   0.02  0.06  1.00  

5  1122.02  323.70  28.57  
   -0.76  0.46  0.47  
   -0.47  0.11  -0.87  
   -0.45  -0.88  0.13  

4  962.17  153.14  -115.19  
   0.44  0.77  0.46  
   -0.71  0.61  -0.35  
   -0.55  -0.17  0.82  

6  1237.65  93.76  69.65  
   0.24  0.92  0.30  
   -0.95  0.17  0.25  
   0.18  -0.35  0.92  

8  1102.37  -358.97  -29.47  
   -0.83  -0.41  0.36  
   0.47  -0.19  0.86  
   -0.29  0.89  0.36  

9  1215.78  -143.77  44.65  
   0.06  -0.96  0.27  
   0.97  -0.01  -0.26  
   0.25  0.27  0.93  

7  946.55  -170.11  -125.02  
   0.21  -0.85  0.48  
   0.76  0.45  0.47  
   -0.61  0.27  0.74  

2  705.45  -33.49  568.37  
   0.22  -0.97  0.06  
   0.98  0.21  -0.04  
   0.03  0.06  1.00  

3  1091.65  -8.48  -9.38  
   -0.52  0.06  -0.85  
   -0.06  -1.00  -0.03  
   -0.85  0.04  0.53  

4  963.51  152.70  -120.55  
   0.44  0.77  0.46  
   -0.72  0.61  -0.33  
   -0.54  -0.18  0.82  

5  1113.53  325.49  33.04  
   -0.69  0.56  0.47  
   -0.51  0.09  -0.86  
   -0.52  -0.83  0.22  

8  1108.62  -354.96  -21.88  
   -0.79  -0.53  0.31  
   0.48  -0.22  0.85  
   -0.39  0.82  0.43  

6  1237.65  102.69  111.17  
   0.30  0.91  0.28  
   -0.90  0.18  0.39  
   0.31  -0.37  0.87  

7  954.58  -169.66  -132.61  
   0.20  -0.86  0.46  
   0.78  0.43  0.46  
   -0.60  0.27  0.75  

9  1220.24  -142.43  90.64  
   0.09  -0.98  0.18  
   0.93  0.02  -0.38  
   0.37  0.20  0.91  

2  705.45  -33.93  567.93  
   0.22  -0.97  0.06  
   0.98  0.21  -0.04  
   0.03  0.06  1.00  

3  1091.21  -7.14  -9.38  
   -0.52  0.07  -0.85  
   -0.07  -1.00  -0.04  
   -0.85  0.04  0.52  

4  963.96  152.25  -123.68  
   0.44  0.77  0.46  
   -0.72  0.61  -0.33  
   -0.54  -0.19  0.82  

5  1109.96  325.93  37.50  
   -0.66  0.60  0.46  
   -0.52  0.09  -0.85  
   -0.55  -0.80  0.25  

6  1238.10  105.82  134.39  
   0.33  0.91  0.24  
   -0.87  0.19  0.45  
   0.37  -0.36  0.86  

9  1215.78  -147.79  123.68  
   0.12  -0.99  0.09  
   0.90  0.07  -0.44  
   0.43  0.13  0.89  

7  958.60  -168.77  -135.28  
   0.20  -0.87  0.45  
   0.78  0.42  0.46  
   -0.60  0.26  0.76  

8  1106.39  -354.51  -7.14  
   -0.74  -0.61  0.27  
   0.48  -0.20  0.85  
   -0.47  0.76  0.44  

2  705.45  -33.93  568.37  
   0.22  -0.97  0.06  
   0.98  0.21  -0.04  
   0.03  0.06  1.00  

3  1090.76  -7.59  -9.82  
   -0.52  0.07  -0.85  
   -0.07  -1.00  -0.04  
   -0.85  0.04  0.52  

4  966.64  152.25  -125.91  
   0.44  0.77  0.46  
   -0.72  0.61  -0.34  
   -0.54  -0.18  0.82  

5  1109.51  323.25  44.65  
   -0.63  0.63  0.45  
   -0.51  0.10  -0.86  
   -0.58  -0.77  0.26  

7  960.39  -168.77  -136.62  
   0.20  -0.87  0.45  
   0.78  0.42  0.46  
   -0.59  0.26  0.76  

6  1241.67  105.82  151.80  
   0.35  0.92  0.20  
   -0.85  0.21  0.49  
   0.40  -0.34  0.85  

8  1107.28  -353.17  -1.79  
   -0.72  -0.64  0.26  
   0.48  -0.19  0.86  
   -0.50  0.75  0.44  

9  1218.90  -149.13  139.75  
   0.14  -0.99  0.06  
   0.87  0.10  -0.48  
   0.47  0.12  0.88  

3  1090.31  -7.59  -9.38  
   -0.51  0.07  -0.86  
   -0.07  -1.00  -0.04  
   -0.86  0.04  0.52  

4  967.98  152.25  -126.80  
   0.44  0.78  0.45  
   -0.72  0.60  -0.34  
   -0.54  -0.18  0.82  

2  705.45  -33.49  568.37  
   0.22  -0.97  0.06  
   0.98  0.21  -0.04  
   0.02  0.06  1.00  

5  1111.75  320.58  47.33  
   -0.63  0.64  0.43  
   -0.50  0.10  -0.86  
   -0.60  -0.76  0.26  

8  1109.07  -351.83  -0.89  
   -0.72  -0.65  0.25  
   0.48  -0.19  0.86  
   -0.51  0.73  0.45  

7  962.62  -168.77  -138.41  
   0.20  -0.87  0.45  
   0.78  0.42  0.46  
   -0.59  0.26  0.77  

6  1241.23  103.14  157.61  
   0.34  0.92  0.19  
   -0.84  0.21  0.50  
   0.41  -0.33  0.85  

9  1220.24  -148.23  148.23  
   0.15  -0.99  0.05  
   0.86  0.11  -0.50  
   0.49  0.12  0.86  

2  705.45  -33.49  568.37  
   0.22  -0.97  0.06  
   0.98  0.21  -0.04  
   0.02  0.06  1.00  

3  1090.76  -7.59  -9.38  
   -0.51  0.07  -0.86  
   -0.07  -1.00  -0.04  
   -0.86  0.04  0.51  

4  968.42  152.25  -127.69  
   0.43  0.78  0.45  
   -0.72  0.60  -0.34  
   -0.54  -0.18  0.82  

5  1113.53  318.34  48.22  
   -0.63  0.65  0.43  
   -0.49  0.10  -0.87  
   -0.60  -0.76  0.26  

6  1243.01  99.57  161.63  
   0.35  0.92  0.19  
   -0.84  0.21  0.50  
   0.42  -0.33  0.84  

8  1110.41  -351.38  0.89  
   -0.72  -0.65  0.25  
   0.47  -0.18  0.86  
   -0.51  0.74  0.44  

7  962.62  -168.77  -138.41  
   0.20  -0.87  0.45  
   0.78  0.42  0.46  
   -0.59  0.26  0.77  

9  1222.92  -145.55  150.47  
   0.16  -0.98  0.06  
   0.86  0.11  -0.49  
   0.48  0.13  0.87  

2  705.45  -33.49  568.37  
   0.22  -0.97  0.06  
   0.98  0.21  -0.04  
   0.03  0.06  1.00  

6  1246.14  95.10  159.84  
   0.35  0.92  0.19  
   -0.85  0.23  0.48  
   0.40  -0.33  0.86  

5  1115.76  314.32  52.69  
   -0.64  0.64  0.43  
   -0.47  0.11  -0.87  
   -0.61  -0.76  0.23  

4  968.87  151.80  -127.69  
   0.43  0.78  0.45  
   -0.72  0.60  -0.34  
   -0.54  -0.18  0.83  

3  1091.65  -8.04  -8.48  
   -0.50  0.08  -0.86  
   -0.07  -1.00  -0.05  
   -0.86  0.04  0.51  

8  1115.32  -349.15  3.13  
   -0.73  -0.63  0.25  
   0.45  -0.18  0.87  
   -0.51  0.75  0.42  

7  963.51  -169.22  -137.07  
   0.20  -0.87  0.45  
   0.79  0.41  0.46  
   -0.59  0.26  0.77  

9  1228.72  -141.54  147.34  
   0.16  -0.98  0.07  
   0.87  0.11  -0.48  
   0.46  0.14  0.88  

2  705.45  -33.49  568.37  
   0.22  -0.97  0.06  
   0.98  0.21  -0.04  
   0.02  0.06  1.00  

3  1091.65  -8.04  -7.59  
   -0.50  0.08  -0.86  
   -0.07  -1.00  -0.05  
   -0.86  0.04  0.50  

4  969.76  151.80  -127.25  
   0.43  0.78  0.44  
   -0.73  0.60  -0.34  
   -0.53  -0.17  0.83  

5  1119.34  312.09  53.58  
   -0.65  0.63  0.42  
   -0.46  0.12  -0.88  
   -0.61  -0.77  0.21  

6  1246.14  89.74  154.04  
   0.35  0.92  0.20  
   -0.86  0.23  0.45  
   0.37  -0.33  0.87  

8  1120.68  -343.79  5.36  
   -0.75  -0.62  0.23  
   0.43  -0.18  0.88  
   -0.50  0.76  0.40  

9  1230.96  -133.05  144.21  
   0.15  -0.99  0.08  
   0.89  0.09  -0.45  
   0.44  0.14  0.89  

7  964.41  -169.66  -136.62  
   0.20  -0.87  0.45  
   0.79  0.41  0.46  
   -0.58  0.26  0.77  

2  705.45  -33.49  567.93  
   0.22  -0.97  0.06  
   0.98  0.21  -0.04  
   0.02  0.06  1.00  

4  969.32  152.25  -126.80  
   0.44  0.78  0.44  
   -0.73  0.60  -0.34  
   -0.53  -0.17  0.83  

3  1090.31  -7.14  -6.25  
   -0.50  0.09  -0.86  
   -0.08  -1.00  -0.06  
   -0.86  0.04  0.50  

6  1243.46  87.06  147.34  
   0.34  0.92  0.22  
   -0.88  0.22  0.43  
   0.35  -0.34  0.87  

5  1118.44  311.65  54.02  
   -0.66  0.63  0.42  
   -0.45  0.12  -0.89  
   -0.60  -0.77  0.20  

7  964.41  -169.22  -136.18  
   0.19  -0.88  0.44  
   0.79  0.40  0.46  
   -0.58  0.27  0.77  

8  1124.25  -342.45  3.57  
   -0.76  -0.61  0.22  
   0.41  -0.20  0.89  
   -0.50  0.77  0.40  

9  1226.49  -127.69  137.96  
   0.11  -0.99  0.11  
   0.90  0.06  -0.44  
   0.43  0.14  0.89  

2  705.45  -33.49  567.93  
   0.22  -0.97  0.06  
   0.98  0.21  -0.04  
   0.02  0.06  1.00  

6  1243.01  83.94  143.32  
   0.33  0.92  0.23  
   -0.88  0.21  0.42  
   0.33  -0.34  0.88  

3  1090.31  -6.70  -5.36  
   -0.50  0.09  -0.86  
   -0.08  -0.99  -0.06  
   -0.86  0.04  0.50  

5  1120.23  311.20  54.47  
   -0.67  0.62  0.42  
   -0.44  0.13  -0.89  
   -0.60  -0.78  0.19  

4  968.42  152.25  -126.36  
   0.44  0.78  0.44  
   -0.73  0.60  -0.34  
   -0.53  -0.17  0.83  

7  964.85  -168.77  -135.73  
   0.19  -0.88  0.44  
   0.79  0.40  0.46  
   -0.58  0.27  0.77  

9  1223.37  -124.12  132.16  
   0.08  -0.99  0.12  
   0.91  0.03  -0.42  
   0.41  0.14  0.90  

8  1126.03  -341.11  2.23  
   -0.77  -0.61  0.21  
   0.40  -0.21  0.89  
   -0.50  0.77  0.40  

2  705.45  -33.49  568.37  
   0.22  -0.97  0.06  
   0.98  0.21  -0.04  
   0.02  0.06  1.00  

3  1090.76  -6.70  -4.02  
   -0.49  0.09  -0.86  
   -0.08  -0.99  -0.06  
   -0.87  0.04  0.50  

4  967.98  152.70  -121.44  
   0.46  0.77  0.44  
   -0.72  0.61  -0.33  
   -0.53  -0.16  0.84  

5  1114.87  312.09  64.74  
   -0.67  0.56  0.49  
   -0.44  0.23  -0.87  
   -0.60  -0.80  0.09  

6  1258.19  87.96  112.07  
   0.41  0.91  0.11  
   -0.89  0.36  0.29  
   0.22  -0.22  0.95  

8  1105.50  -348.26  22.77  
   -0.76  -0.54  0.36  
   0.45  -0.03  0.89  
   -0.47  0.84  0.27  

7  959.49  -169.66  -126.36  
   0.23  -0.86  0.46  
   0.77  0.45  0.46  
   -0.60  0.25  0.76  

9  1244.80  -133.05  102.69  
   0.24  -0.96  0.11  
   0.94  0.20  -0.27  
   0.24  0.17  0.96  

2  705.45  -33.49  568.37  
   0.22  -0.97  0.06  
   0.98  0.21  -0.04  
   0.02  0.06  1.00  

3  1091.65  -6.70  -1.34  
   -0.49  0.08  -0.87  
   -0.08  -1.00  -0.05  
   -0.87  0.04  0.50  

4  963.51  153.59  -115.19  
   0.48  0.76  0.45  
   -0.70  0.63  -0.33  
   -0.53  -0.16  0.83  

7  953.24  -172.79  -118.76  
   0.28  -0.83  0.48  
   0.73  0.51  0.46  
   -0.62  0.23  0.75  

5  1107.73  311.20  73.22  
   -0.69  0.45  0.56  
   -0.44  0.35  -0.83  
   -0.57  -0.82  -0.05  

6  1270.69  100.01  77.24  
   0.47  0.88  0.03  
   -0.88  0.46  0.07  
   0.05  -0.06  1.00  

8  1079.15  -354.96  46.43  
   -0.74  -0.36  0.57  
   0.52  0.24  0.82  
   -0.43  0.90  0.01  

9  1266.23  -168.32  47.77  
   0.45  -0.89  0.05  
   0.89  0.45  0.01  
   -0.03  0.04  1.00  

2  705.45  -33.49  568.37  
   0.22  -0.97  0.06  
   0.98  0.21  -0.04  
   0.02  0.06  1.00  

3  1093.89  -7.14  0.45  
   -0.49  0.07  -0.87  
   -0.07  -1.00  -0.05  
   -0.87  0.04  0.50  

5  1086.30  294.68  119.21  
   -0.65  0.38  0.66  
   -0.37  0.60  -0.71  
   -0.67  -0.70  -0.25  

4  965.30  158.06  -105.37  
   0.52  0.73  0.44  
   -0.65  0.67  -0.35  
   -0.55  -0.11  0.83  

6  1268.46  122.34  43.76  
   0.53  0.83  -0.17  
   -0.81  0.44  -0.39  
   -0.25  0.34  0.91  

9  1261.32  -202.26  26.34  
   0.54  -0.84  0.03  
   0.75  0.50  0.44  
   -0.38  -0.22  0.90  

8  1055.04  -336.20  108.94  
   -0.69  -0.25  0.68  
   0.48  0.55  0.68  
   -0.54  0.80  -0.26  

7  956.82  -177.25  -109.39  
   0.36  -0.80  0.47  
   0.69  0.57  0.45  
   -0.63  0.16  0.76  

2  705.89  -33.49  567.93  
   0.22  -0.97  0.06  
   0.98  0.21  -0.04  
   0.02  0.06  1.00  

3  1096.12  -5.36  2.68  
   -0.49  0.08  -0.87  
   -0.06  -1.00  -0.05  
   -0.87  0.03  0.49  

4  964.85  166.09  -93.32  
   0.56  0.72  0.42  
   -0.61  0.69  -0.39  
   -0.57  -0.04  0.82  

5  1067.99  259.85  168.32  
   -0.61  0.40  0.69  
   -0.22  0.75  -0.62  
   -0.77  -0.53  -0.37  

8  1031.83  -292.45  167.43  
   -0.64  -0.23  0.73  
   0.34  0.77  0.54  
   -0.69  0.59  -0.41  

7  959.49  -183.95  -95.99  
   0.41  -0.81  0.42  
   0.64  0.58  0.50  
   -0.65  0.06  0.76  

6  1266.23  119.21  67.42  
   0.54  0.65  -0.53  
   -0.72  0.03  -0.70  
   -0.44  0.76  0.48  

9  1246.58  -205.83  62.06  
   0.60  -0.74  -0.30  
   0.54  0.10  0.83  
   -0.59  -0.66  0.46  

2  705.45  -33.49  567.93  
   0.22  -0.97  0.06  
   0.98  0.21  -0.04  
   0.02  0.06  1.00  

4  970.66  171.90  -85.28  
   0.56  0.73  0.39  
   -0.58  0.69  -0.43  
   -0.58  0.02  0.81  

5  1055.04  249.58  188.42  
   -0.51  0.49  0.71  
   -0.17  0.75  -0.64  
   -0.84  -0.45  -0.30  

3  1097.91  -4.46  2.23  
   -0.49  0.07  -0.87  
   -0.06  -1.00  -0.05  
   -0.87  0.03  0.49  

6  1276.95  102.69  134.84  
   0.63  0.43  -0.65  
   -0.72  0.00  -0.70  
   -0.29  0.91  0.31  

8  1009.50  -294.68  177.70  
   -0.52  -0.36  0.77  
   0.32  0.75  0.58  
   -0.79  0.55  -0.28  

9  1249.26  -198.69  141.98  
   0.74  -0.43  -0.52  
   0.57  0.00  0.82  
   -0.35  -0.90  0.25  

7  961.28  -185.29  -91.08  
   0.45  -0.81  0.39  
   0.62  0.59  0.51  
   -0.65  0.01  0.76  

2  705.45  -33.49  567.93  
   0.22  -0.97  0.06  
   0.98  0.21  -0.04  
   0.02  0.06  1.00  

3  1099.24  -5.36  2.68  
   -0.49  0.06  -0.87  
   -0.05  -1.00  -0.04  
   -0.87  0.03  0.49  

4  973.34  173.24  -82.60  
   0.57  0.73  0.38  
   -0.57  0.69  -0.45  
   -0.58  0.04  0.81  

7  965.30  -188.86  -87.51  
   0.47  -0.80  0.37  
   0.60  0.60  0.53  
   -0.64  -0.03  0.76  

6  1274.71  97.78  190.20  
   0.68  0.23  -0.69  
   -0.72  0.04  -0.69  
   -0.13  0.97  0.19  

5  1042.99  247.35  199.13  
   -0.43  0.55  0.71  
   -0.15  0.74  -0.66  
   -0.89  -0.39  -0.23  

8  992.09  -296.02  186.18  
   -0.43  -0.46  0.78  
   0.30  0.74  0.60  
   -0.85  0.49  -0.18  

9  1238.10  -194.22  200.03  
   0.79  -0.28  -0.55  
   0.58  0.05  0.81  
   -0.19  -0.96  0.21  

2  705.45  -33.49  568.37  
   0.22  -0.97  0.06  
   0.98  0.21  -0.04  
   0.02  0.06  1.00  

5  1021.56  250.03  212.97  
   -0.34  0.52  0.78  
   -0.17  0.79  -0.59  
   -0.92  -0.34  -0.18  

4  976.01  174.58  -77.24  
   0.59  0.73  0.35  
   -0.55  0.68  -0.48  
   -0.59  0.09  0.80  

6  1267.12  122.78  255.39  
   0.77  0.05  -0.63  
   -0.63  0.17  -0.75  
   0.07  0.98  0.16  

3  1100.58  -6.25  2.23  
   -0.48  0.05  -0.87  
   -0.05  -1.00  -0.03  
   -0.87  0.03  0.49  

8  977.35  -289.32  196.01  
   -0.35  -0.43  0.83  
   0.32  0.78  0.54  
   -0.88  0.46  -0.14  

7  967.53  -189.76  -84.39  
   0.48  -0.81  0.34  
   0.59  0.59  0.55  
   -0.65  -0.06  0.76  

9  1233.64  -207.62  247.80  
   0.87  -0.16  -0.47  
   0.50  0.21  0.84  
   -0.04  -0.96  0.26  

3  1101.92  -5.36  3.57  
   -0.48  0.05  -0.88  
   -0.04  -1.00  -0.03  
   -0.88  0.02  0.48  

4  976.01  176.81  -72.33  
   0.62  0.70  0.35  
   -0.52  0.71  -0.48  
   -0.58  0.11  0.80  

2  705.45  -33.49  568.37  
   0.22  -0.97  0.06  
   0.98  0.21  -0.04  
   0.02  0.06  1.00  

5  998.34  256.28  223.69  
   -0.27  0.35  0.90  
   -0.25  0.88  -0.41  
   -0.93  -0.33  -0.15  

6  1259.09  230.83  335.31  
   0.88  -0.32  -0.35  
   -0.24  0.33  -0.91  
   0.40  0.89  0.21  

9  1228.72  -301.82  310.75  
   0.96  0.25  -0.13  
   0.08  0.21  0.97  
   0.27  -0.95  0.18  

8  968.87  -272.36  205.38  
   -0.30  -0.24  0.92  
   0.34  0.88  0.33  
   -0.89  0.42  -0.18  

7  969.32  -188.86  -83.49  
   0.51  -0.80  0.33  
   0.58  0.60  0.55  
   -0.64  -0.09  0.77  

2  705.45  -33.49  567.93  
   0.22  -0.97  0.06  
   0.98  0.21  -0.04  
   0.02  0.06  1.00  

3  1103.26  -3.57  4.46  
   -0.48  0.06  -0.88  
   -0.04  -1.00  -0.04  
   -0.88  0.02  0.48  

4  980.48  179.04  -67.87  
   0.63  0.70  0.34  
   -0.51  0.70  -0.50  
   -0.59  0.15  0.80  

5  1001.02  251.37  229.94  
   -0.25  0.31  0.92  
   -0.24  0.90  -0.36  
   -0.94  -0.31  -0.15  

8  986.73  -283.52  203.15  
   -0.30  -0.37  0.88  
   0.32  0.83  0.46  
   -0.90  0.42  -0.13  

7  976.91  -188.86  -81.71  
   0.50  -0.81  0.30  
   0.60  0.58  0.56  
   -0.62  -0.10  0.77  

6  1205.06  306.29  434.43  
   0.62  -0.75  -0.22  
   0.12  0.37  -0.92  
   0.77  0.55  0.32  

9  1186.31  -356.29  402.28  
   0.69  0.70  -0.21  
   -0.12  0.39  0.91  
   0.72  -0.60  0.35  

2  705.45  -33.49  567.93  
   0.22  -0.97  0.06  
   0.98  0.21  -0.04  
   0.02  0.06  1.00  

4  1006.82  179.49  -66.97  
   0.63  0.74  0.23  
   -0.53  0.63  -0.57  
   -0.57  0.23  0.79  

5  994.77  276.82  221.46  
   -0.08  0.61  0.79  
   -0.27  0.75  -0.61  
   -0.96  -0.26  0.11  

6  1147.91  293.79  485.77  
   0.36  -0.41  -0.84  
   0.10  0.91  -0.40  
   0.93  0.07  0.37  

3  1107.28  -4.91  10.27  
   -0.45  0.06  -0.89  
   -0.05  -1.00  -0.04  
   -0.89  0.02  0.45  

8  988.52  -296.02  198.24  
   -0.18  -0.63  0.76  
   0.28  0.71  0.65  
   -0.94  0.33  0.05  

7  1001.46  -191.99  -83.94  
   0.49  -0.85  0.22  
   0.65  0.52  0.56  
   -0.59  -0.13  0.80  

9  1147.91  -329.51  453.18  
   0.45  0.40  -0.80  
   -0.04  0.90  0.43  
   0.89  -0.16  0.42  

2  705.45  -33.49  567.93  
   0.22  -0.97  0.06  
   0.98  0.21  -0.04  
   0.02  0.06  1.00  

4  1012.18  178.15  -69.21  
   0.63  0.75  0.22  
   -0.55  0.63  -0.55  
   -0.55  0.23  0.80  

3  1109.96  -6.25  14.29  
   -0.43  0.06  -0.90  
   -0.05  -1.00  -0.05  
   -0.90  0.03  0.43  

5  996.11  298.70  210.29  
   -0.04  0.73  0.68  
   -0.34  0.63  -0.70  
   -0.94  -0.26  0.22  

6  1150.59  275.48  471.93  
   0.38  -0.12  -0.92  
   -0.03  0.99  -0.14  
   0.92  0.09  0.37  

8  1002.36  -317.45  190.65  
   -0.19  -0.67  0.72  
   0.35  0.64  0.68  
   -0.92  0.38  0.11  

7  1007.27  -190.65  -83.94  
   0.46  -0.86  0.23  
   0.66  0.51  0.55  
   -0.59  -0.10  0.80  

9  1187.20  -328.17  424.61  
   0.54  0.27  -0.80  
   0.04  0.94  0.34  
   0.84  -0.22  0.50  

3  1110.85  -4.91  14.73  
   -0.42  0.07  -0.90  
   -0.05  -1.00  -0.05  
   -0.90  0.03  0.43  

2  705.45  -33.49  568.37  
   0.22  -0.97  0.06  
   0.98  0.21  -0.04  
   0.02  0.06  1.00  

4  994.77  175.91  -64.29  
   0.64  0.71  0.28  
   -0.51  0.67  -0.54  
   -0.58  0.20  0.79  

5  1024.68  259.41  237.08  
   -0.28  0.39  0.88  
   -0.26  0.85  -0.46  
   -0.92  -0.36  -0.13  

9  1255.07  -353.17  377.28  
   0.76  0.45  -0.47  
   -0.09  0.79  0.61  
   0.64  -0.42  0.64  

6  1237.65  303.61  427.73  
   0.64  -0.52  -0.57  
   0.14  0.81  -0.57  
   0.76  0.28  0.58  

8  1026.47  -297.36  208.95  
   -0.39  -0.38  0.84  
   0.35  0.78  0.52  
   -0.85  0.49  -0.18  

7  992.98  -193.33  -78.58  
   0.46  -0.84  0.27  
   0.62  0.53  0.58  
   -0.63  -0.10  0.77  

2  705.45  -33.49  568.37  
   0.22  -0.97  0.06  
   0.98  0.21  -0.04  
   0.02  0.06  1.00  

3  1110.85  -5.36  14.73  
   -0.42  0.07  -0.90  
   -0.06  -1.00  -0.05  
   -0.90  0.03  0.43  

4  998.79  175.91  -63.40  
   0.65  0.71  0.25  
   -0.51  0.66  -0.56  
   -0.56  0.24  0.79  

6  1264.00  272.36  427.29  
   0.70  -0.66  -0.28  
   0.08  0.46  -0.88  
   0.71  0.60  0.37  

7  995.66  -194.67  -78.13  
   0.48  -0.84  0.26  
   0.61  0.53  0.59  
   -0.63  -0.12  0.77  

5  1043.43  230.39  246.46  
   -0.36  0.34  0.87  
   -0.16  0.89  -0.42  
   -0.92  -0.29  -0.27  

8  1037.18  -272.80  218.78  
   -0.43  -0.39  0.81  
   0.24  0.82  0.52  
   -0.87  0.42  -0.26  

9  1256.41  -322.81  400.94  
   0.74  0.61  -0.30  
   -0.05  0.48  0.87  
   0.67  -0.63  0.38  

5  1038.97  225.47  250.03  
   -0.29  0.45  0.84  
   -0.12  0.86  -0.50  
   -0.95  -0.25  -0.20  

2  705.45  -33.49  568.37  
   0.22  -0.97  0.06  
   0.98  0.21  -0.04  
   0.02  0.06  1.00  

3  1118.44  -7.14  17.86  
   -0.40  0.07  -0.91  
   -0.06  -1.00  -0.05  
   -0.92  0.03  0.40  

4  1010.84  176.36  -62.95  
   0.67  0.72  0.20  
   -0.52  0.64  -0.56  
   -0.53  0.27  0.80  

6  1232.30  254.05  466.58  
   0.59  -0.77  -0.26  
   0.03  0.34  -0.94  
   0.81  0.54  0.22  

8  1021.56  -277.27  220.12  
   -0.31  -0.57  0.76  
   0.21  0.74  0.64  
   -0.93  0.36  -0.12  

7  1007.27  -195.11  -77.69  
   0.50  -0.84  0.22  
   0.62  0.53  0.59  
   -0.61  -0.16  0.78  

9  1203.72  -313.88  451.40  
   0.56  0.73  -0.38  
   -0.00  0.46  0.89  
   0.83  -0.50  0.26  

