2  682.67  -32.59  568.37  
   0.95  -0.31  0.07  
   0.31  0.95  0.00  
   -0.07  0.02  1.00  

7  991.64  -196.01  -22.32  
   0.86  -0.08  0.50  
   -0.24  0.81  0.54  
   -0.45  -0.58  0.68  

6  1090.31  245.57  468.36  
   0.30  -0.90  -0.32  
   0.21  0.39  -0.90  
   0.93  0.20  0.31  

5  988.52  179.93  238.87  
   -0.17  0.55  0.82  
   -0.19  0.79  -0.58  
   -0.97  -0.26  -0.03  

3  1113.98  -37.50  64.29  
   -0.43  -0.03  -0.90  
   -0.12  -0.99  0.09  
   -0.89  0.15  0.42  

4  1020.66  141.09  -16.97  
   0.86  -0.36  0.37  
   0.51  0.69  -0.51  
   -0.07  0.63  0.78  

8  967.98  -239.32  235.74  
   -0.17  -0.52  0.84  
   0.13  0.83  0.54  
   -0.98  0.20  -0.08  

9  1072.90  -295.57  480.86  
   0.37  0.89  -0.28  
   0.01  0.30  0.95  
   0.93  -0.35  0.10  

2  682.67  -32.59  568.37  
   0.95  -0.31  0.07  
   0.31  0.95  0.00  
   -0.07  0.02  1.00  

3  1113.98  -37.50  64.74  
   -0.43  -0.03  -0.90  
   -0.12  -0.99  0.08  
   -0.89  0.15  0.42  

4  1020.66  141.09  -16.97  
   0.86  -0.36  0.37  
   0.51  0.69  -0.51  
   -0.07  0.62  0.78  

5  988.52  179.93  238.87  
   -0.17  0.55  0.82  
   -0.19  0.79  -0.58  
   -0.97  -0.26  -0.03  

6  1089.87  245.57  468.36  
   0.30  -0.90  -0.32  
   0.21  0.39  -0.90  
   0.93  0.20  0.31  

7  992.09  -196.01  -22.32  
   0.86  -0.08  0.50  
   -0.24  0.81  0.54  
   -0.45  -0.58  0.68  

8  970.21  -239.32  236.19  
   -0.18  -0.51  0.84  
   0.13  0.83  0.54  
   -0.97  0.21  -0.08  

9  1076.47  -296.02  479.08  
   0.36  0.88  -0.30  
   0.01  0.32  0.95  
   0.93  -0.35  0.11  

2  682.67  -32.59  568.37  
   0.95  -0.31  0.07  
   0.31  0.95  0.00  
   -0.07  0.02  1.00  

5  988.52  179.93  238.87  
   -0.17  0.55  0.82  
   -0.19  0.79  -0.58  
   -0.97  -0.26  -0.03  

6  1089.87  246.01  468.81  
   0.30  -0.90  -0.32  
   0.21  0.39  -0.90  
   0.93  0.20  0.31  

4  1020.66  141.54  -16.97  
   0.86  -0.36  0.37  
   0.51  0.69  -0.51  
   -0.07  0.63  0.78  

3  1113.98  -37.06  64.74  
   -0.43  -0.02  -0.90  
   -0.12  -0.99  0.08  
   -0.89  0.14  0.42  

8  977.35  -247.35  230.83  
   -0.16  -0.55  0.82  
   0.14  0.81  0.57  
   -0.98  0.21  -0.05  

7  993.43  -196.01  -21.88  
   0.86  -0.08  0.50  
   -0.24  0.81  0.54  
   -0.45  -0.58  0.67  

9  1091.21  -296.91  476.40  
   0.35  0.84  -0.42  
   0.01  0.44  0.90  
   0.94  -0.32  0.15  

4  1020.66  141.09  -16.97  
   0.85  -0.36  0.37  
   0.51  0.69  -0.51  
   -0.07  0.62  0.78  

3  1113.98  -36.61  65.19  
   -0.43  -0.02  -0.90  
   -0.12  -0.99  0.08  
   -0.90  0.14  0.42  

2  682.67  -32.59  568.37  
   0.95  -0.31  0.07  
   0.31  0.95  0.00  
   -0.07  0.02  1.00  

5  988.52  179.93  238.87  
   -0.17  0.55  0.82  
   -0.20  0.79  -0.58  
   -0.97  -0.26  -0.03  

6  1089.42  246.01  468.81  
   0.30  -0.90  -0.31  
   0.21  0.38  -0.90  
   0.93  0.20  0.31  

8  972.44  -243.33  229.49  
   -0.12  -0.51  0.85  
   0.16  0.83  0.53  
   -0.98  0.20  -0.02  

7  993.87  -196.01  -21.88  
   0.86  -0.09  0.50  
   -0.23  0.81  0.54  
   -0.45  -0.59  0.67  

9  1071.12  -308.97  476.85  
   0.31  0.88  -0.35  
   -0.05  0.38  0.92  
   0.95  -0.27  0.16  

2  682.67  -32.59  568.37  
   0.95  -0.31  0.07  
   0.31  0.95  0.00  
   -0.07  0.02  1.00  

3  1113.98  -37.06  65.19  
   -0.43  -0.03  -0.90  
   -0.12  -0.99  0.09  
   -0.89  0.14  0.42  

4  1021.11  141.54  -16.97  
   0.86  -0.36  0.37  
   0.51  0.69  -0.51  
   -0.07  0.62  0.78  

5  988.96  179.93  239.32  
   -0.17  0.55  0.82  
   -0.19  0.79  -0.58  
   -0.97  -0.26  -0.02  

6  1090.31  246.46  469.26  
   0.30  -0.90  -0.32  
   0.21  0.39  -0.90  
   0.93  0.20  0.30  

8  959.94  -233.51  229.94  
   -0.09  -0.45  0.89  
   0.14  0.88  0.46  
   -0.99  0.16  -0.02  

7  991.64  -195.56  -22.32  
   0.86  -0.07  0.51  
   -0.25  0.81  0.53  
   -0.45  -0.58  0.68  

9  1046.56  -304.50  481.76  
   0.29  0.93  -0.25  
   -0.05  0.27  0.96  
   0.96  -0.26  0.13  

2  682.67  -32.59  568.37  
   0.95  -0.31  0.07  
   0.31  0.95  0.00  
   -0.07  0.02  1.00  

6  1089.87  246.01  469.26  
   0.30  -0.90  -0.32  
   0.21  0.39  -0.90  
   0.93  0.20  0.30  

4  1020.22  141.54  -16.97  
   0.86  -0.36  0.37  
   0.51  0.69  -0.51  
   -0.07  0.63  0.78  

3  1113.09  -36.61  65.19  
   -0.43  -0.02  -0.90  
   -0.12  -0.99  0.08  
   -0.89  0.14  0.43  

5  988.96  180.83  239.32  
   -0.17  0.55  0.81  
   -0.19  0.79  -0.58  
   -0.97  -0.26  -0.03  

9  1075.13  -295.13  477.74  
   0.35  0.90  -0.25  
   -0.03  0.28  0.96  
   0.94  -0.32  0.12  

8  975.12  -233.96  233.51  
   -0.15  -0.47  0.87  
   0.12  0.86  0.49  
   -0.98  0.17  -0.07  

7  992.98  -195.56  -22.77  
   0.86  -0.09  0.50  
   -0.24  0.81  0.54  
   -0.45  -0.58  0.67  

2  682.67  -32.59  568.37  
   0.95  -0.31  0.07  
   0.31  0.95  0.00  
   -0.07  0.02  1.00  

3  1113.53  -34.83  64.74  
   -0.43  -0.01  -0.90  
   -0.12  -0.99  0.07  
   -0.89  0.14  0.42  

4  1017.98  142.88  -16.07  
   0.85  -0.37  0.38  
   0.52  0.69  -0.51  
   -0.07  0.63  0.77  

6  1088.98  246.91  469.26  
   0.31  -0.90  -0.31  
   0.21  0.38  -0.90  
   0.93  0.21  0.30  

5  987.18  180.38  239.76  
   -0.17  0.55  0.82  
   -0.19  0.80  -0.57  
   -0.97  -0.26  -0.03  

8  984.05  -241.99  233.96  
   -0.20  -0.49  0.85  
   0.16  0.84  0.52  
   -0.97  0.24  -0.09  

7  994.32  -194.67  -21.88  
   0.86  -0.10  0.50  
   -0.23  0.80  0.55  
   -0.46  -0.59  0.67  

9  1107.28  -307.18  468.81  
   0.43  0.84  -0.32  
   -0.02  0.37  0.93  
   0.90  -0.39  0.18  

3  1113.53  -36.17  65.19  
   -0.43  -0.02  -0.90  
   -0.12  -0.99  0.08  
   -0.89  0.14  0.42  

6  1089.42  247.35  469.26  
   0.31  -0.90  -0.31  
   0.21  0.38  -0.90  
   0.93  0.21  0.30  

5  987.62  180.83  239.32  
   -0.17  0.55  0.82  
   -0.20  0.79  -0.58  
   -0.97  -0.26  -0.03  

2  682.67  -32.59  568.37  
   0.95  -0.31  0.07  
   0.31  0.95  0.00  
   -0.07  0.02  1.00  

4  1018.43  142.43  -16.52  
   0.85  -0.36  0.38  
   0.52  0.69  -0.51  
   -0.07  0.63  0.78  

7  992.09  -195.11  -21.88  
   0.86  -0.09  0.50  
   -0.24  0.80  0.55  
   -0.45  -0.59  0.67  

9  1072.46  -321.92  470.15  
   0.39  0.88  -0.28  
   -0.06  0.32  0.94  
   0.92  -0.35  0.18  

8  963.07  -243.33  228.60  
   -0.14  -0.43  0.89  
   0.20  0.87  0.45  
   -0.97  0.24  -0.03  

2  683.12  -32.59  568.37  
   0.95  -0.31  0.07  
   0.31  0.95  0.00  
   -0.07  0.02  1.00  

4  1021.11  141.54  -16.52  
   0.86  -0.36  0.36  
   0.51  0.69  -0.51  
   -0.07  0.63  0.78  

3  1113.53  -38.40  65.19  
   -0.43  -0.03  -0.90  
   -0.12  -0.99  0.09  
   -0.89  0.14  0.43  

5  989.41  180.83  239.32  
   -0.17  0.56  0.81  
   -0.20  0.79  -0.59  
   -0.97  -0.26  -0.02  

6  1091.21  245.57  469.70  
   0.30  -0.89  -0.33  
   0.21  0.40  -0.89  
   0.93  0.20  0.30  

7  990.30  -195.56  -21.88  
   0.86  -0.06  0.50  
   -0.26  0.80  0.54  
   -0.44  -0.59  0.68  

8  952.35  -232.62  229.94  
   -0.09  -0.41  0.91  
   0.15  0.90  0.42  
   -0.98  0.18  -0.02  

9  1042.09  -306.29  479.08  
   0.31  0.91  -0.26  
   -0.04  0.29  0.96  
   0.95  -0.28  0.13  

2  682.67  -32.59  568.37  
   0.95  -0.31  0.07  
   0.31  0.95  0.00  
   -0.07  0.02  1.00  

3  1113.53  -37.50  65.19  
   -0.43  -0.02  -0.90  
   -0.12  -0.99  0.08  
   -0.89  0.14  0.42  

4  1019.77  141.09  -16.52  
   0.85  -0.36  0.37  
   0.51  0.69  -0.51  
   -0.07  0.63  0.78  

5  989.41  180.38  239.32  
   -0.17  0.56  0.81  
   -0.20  0.79  -0.59  
   -0.97  -0.26  -0.02  

6  1089.87  246.01  469.70  
   0.30  -0.90  -0.33  
   0.21  0.40  -0.89  
   0.93  0.20  0.30  

7  994.32  -196.45  -20.98  
   0.87  -0.08  0.49  
   -0.24  0.80  0.56  
   -0.44  -0.60  0.67  

8  974.68  -235.74  235.30  
   -0.16  -0.46  0.87  
   0.13  0.87  0.48  
   -0.98  0.19  -0.08  

9  1083.17  -298.70  478.63  
   0.37  0.88  -0.29  
   -0.02  0.32  0.95  
   0.93  -0.35  0.14  

2  682.67  -32.59  568.37  
   0.95  -0.31  0.07  
   0.31  0.95  0.00  
   -0.07  0.02  1.00  

3  1113.53  -35.27  66.08  
   -0.43  -0.00  -0.90  
   -0.13  -0.99  0.07  
   -0.89  0.14  0.42  

6  1088.98  246.46  469.26  
   0.31  -0.90  -0.31  
   0.21  0.39  -0.90  
   0.93  0.21  0.31  

5  987.62  180.38  239.76  
   -0.17  0.55  0.82  
   -0.20  0.79  -0.58  
   -0.97  -0.26  -0.03  

4  1017.98  141.54  -16.52  
   0.85  -0.37  0.38  
   0.52  0.69  -0.50  
   -0.07  0.63  0.78  

8  985.39  -244.67  234.40  
   -0.21  -0.46  0.86  
   0.19  0.85  0.50  
   -0.96  0.27  -0.09  

7  995.66  -196.45  -20.98  
   0.86  -0.10  0.49  
   -0.23  0.79  0.57  
   -0.45  -0.60  0.66  

9  1112.64  -310.31  466.13  
   0.45  0.83  -0.32  
   -0.03  0.37  0.93  
   0.89  -0.41  0.19  

2  683.12  -32.59  568.37  
   0.95  -0.31  0.07  
   0.31  0.95  0.00  
   -0.07  0.02  1.00  

4  1018.43  141.09  -16.07  
   0.85  -0.37  0.38  
   0.52  0.69  -0.51  
   -0.07  0.63  0.78  

3  1113.09  -36.17  65.63  
   -0.43  -0.01  -0.90  
   -0.12  -0.99  0.07  
   -0.89  0.14  0.43  

5  987.62  180.38  239.76  
   -0.17  0.55  0.81  
   -0.20  0.79  -0.58  
   -0.97  -0.26  -0.03  

6  1089.42  246.91  469.26  
   0.31  -0.90  -0.32  
   0.21  0.39  -0.90  
   0.93  0.21  0.31  

7  993.87  -195.56  -21.88  
   0.86  -0.09  0.50  
   -0.24  0.80  0.56  
   -0.45  -0.60  0.66  

9  1074.24  -324.59  467.47  
   0.38  0.88  -0.26  
   -0.08  0.31  0.95  
   0.92  -0.34  0.19  

8  965.30  -244.23  227.71  
   -0.14  -0.41  0.90  
   0.21  0.88  0.43  
   -0.97  0.25  -0.04  

2  683.12  -32.59  567.93  
   0.95  -0.31  0.07  
   0.31  0.95  0.00  
   -0.07  0.02  1.00  

6  1090.31  246.46  469.70  
   0.30  -0.90  -0.33  
   0.20  0.40  -0.90  
   0.93  0.21  0.30  

5  988.52  180.83  239.76  
   -0.17  0.56  0.81  
   -0.20  0.79  -0.58  
   -0.97  -0.26  -0.02  

3  1112.64  -36.61  65.63  
   -0.43  -0.02  -0.90  
   -0.12  -0.99  0.08  
   -0.89  0.14  0.43  

4  1019.32  141.98  -16.07  
   0.85  -0.37  0.37  
   0.52  0.69  -0.51  
   -0.07  0.63  0.78  

7  992.53  -195.11  -22.32  
   0.86  -0.08  0.50  
   -0.24  0.80  0.55  
   -0.45  -0.60  0.67  

8  959.49  -235.30  229.49  
   -0.11  -0.41  0.90  
   0.17  0.89  0.43  
   -0.98  0.20  -0.02  

9  1054.60  -313.43  473.72  
   0.33  0.91  -0.26  
   -0.06  0.30  0.95  
   0.94  -0.30  0.16  

2  683.12  -32.59  567.93  
   0.95  -0.31  0.07  
   0.31  0.95  0.00  
   -0.07  0.02  1.00  

3  1112.64  -35.72  64.74  
   -0.43  -0.01  -0.90  
   -0.12  -0.99  0.07  
   -0.89  0.14  0.43  

4  1017.98  141.54  -16.07  
   0.85  -0.37  0.38  
   0.52  0.69  -0.51  
   -0.07  0.63  0.78  

5  988.07  180.83  240.21  
   -0.17  0.56  0.81  
   -0.20  0.79  -0.58  
   -0.97  -0.26  -0.03  

6  1090.31  246.46  469.70  
   0.31  -0.90  -0.32  
   0.20  0.39  -0.90  
   0.93  0.21  0.30  

9  1099.24  -303.61  471.49  
   0.41  0.86  -0.32  
   -0.02  0.36  0.93  
   0.91  -0.37  0.17  

8  981.82  -239.76  233.96  
   -0.19  -0.47  0.86  
   0.16  0.85  0.50  
   -0.97  0.23  -0.09  

7  995.21  -196.01  -21.43  
   0.86  -0.10  0.49  
   -0.23  0.80  0.56  
   -0.45  -0.60  0.66  

2  682.67  -32.59  568.37  
   0.95  -0.31  0.07  
   0.31  0.95  0.00  
   -0.07  0.02  1.00  

4  1016.64  141.98  -16.07  
   0.85  -0.37  0.38  
   0.53  0.68  -0.50  
   -0.07  0.63  0.77  

3  1112.64  -35.27  65.19  
   -0.43  0.00  -0.90  
   -0.13  -0.99  0.06  
   -0.89  0.14  0.43  

5  986.73  180.38  240.21  
   -0.17  0.55  0.81  
   -0.20  0.79  -0.58  
   -0.96  -0.26  -0.03  

6  1088.98  246.91  469.70  
   0.31  -0.90  -0.31  
   0.21  0.39  -0.90  
   0.93  0.21  0.30  

9  1107.73  -321.92  463.90  
   0.43  0.85  -0.30  
   -0.07  0.37  0.93  
   0.90  -0.38  0.22  

8  984.05  -248.25  230.83  
   -0.21  -0.45  0.87  
   0.21  0.85  0.48  
   -0.95  0.29  -0.08  

7  995.66  -196.90  -21.88  
   0.86  -0.11  0.50  
   -0.22  0.80  0.56  
   -0.46  -0.59  0.66  

2  683.12  -32.15  567.93  
   0.95  -0.31  0.07  
   0.31  0.95  0.00  
   -0.07  0.02  1.00  

4  1018.88  141.09  -16.52  
   0.85  -0.37  0.37  
   0.52  0.69  -0.51  
   -0.07  0.63  0.78  

3  1112.64  -36.61  64.74  
   -0.44  -0.01  -0.90  
   -0.12  -0.99  0.07  
   -0.89  0.14  0.43  

6  1090.31  246.46  469.26  
   0.31  -0.89  -0.33  
   0.21  0.40  -0.89  
   0.93  0.21  0.31  

5  987.62  180.38  239.76  
   -0.17  0.56  0.81  
   -0.20  0.79  -0.58  
   -0.96  -0.26  -0.03  

8  962.17  -244.67  226.37  
   -0.12  -0.43  0.90  
   0.21  0.87  0.44  
   -0.97  0.24  -0.02  

7  993.43  -196.45  -22.77  
   0.86  -0.10  0.50  
   -0.23  0.80  0.55  
   -0.46  -0.59  0.66  

9  1063.53  -328.17  468.81  
   0.35  0.89  -0.28  
   -0.09  0.33  0.94  
   0.93  -0.31  0.19  

2  682.67  -32.59  568.37  
   0.95  -0.31  0.07  
   0.31  0.95  0.00  
   -0.07  0.02  1.00  

3  1112.64  -37.95  64.74  
   -0.44  -0.02  -0.90  
   -0.12  -0.99  0.08  
   -0.89  0.14  0.43  

4  1018.88  141.09  -16.52  
   0.85  -0.36  0.37  
   0.52  0.69  -0.51  
   -0.07  0.63  0.78  

5  988.52  181.27  239.32  
   -0.17  0.56  0.81  
   -0.20  0.79  -0.59  
   -0.97  -0.26  -0.02  

8  963.96  -237.08  229.94  
   -0.12  -0.45  0.89  
   0.15  0.88  0.46  
   -0.98  0.18  -0.04  

6  1090.76  246.01  469.70  
   0.30  -0.89  -0.33  
   0.20  0.40  -0.89  
   0.93  0.20  0.31  

7  992.98  -196.45  -22.32  
   0.86  -0.09  0.50  
   -0.24  0.80  0.55  
   -0.45  -0.59  0.67  

9  1057.72  -308.52  476.40  
   0.33  0.89  -0.30  
   -0.04  0.33  0.94  
   0.94  -0.30  0.14  

2  683.12  -32.59  567.93  
   0.95  -0.31  0.07  
   0.31  0.95  0.00  
   -0.07  0.02  1.00  

4  1017.09  140.64  -16.52  
   0.85  -0.37  0.38  
   0.52  0.69  -0.50  
   -0.08  0.63  0.78  

3  1113.09  -36.61  64.74  
   -0.44  -0.00  -0.90  
   -0.13  -0.99  0.07  
   -0.89  0.14  0.43  

6  1089.87  246.01  469.26  
   0.31  -0.89  -0.33  
   0.21  0.40  -0.89  
   0.93  0.21  0.31  

7  996.55  -198.24  -20.98  
   0.86  -0.11  0.49  
   -0.22  0.79  0.57  
   -0.45  -0.60  0.66  

8  985.84  -242.44  234.85  
   -0.20  -0.48  0.86  
   0.16  0.84  0.51  
   -0.97  0.24  -0.09  

5  987.62  180.83  239.32  
   -0.17  0.56  0.81  
   -0.20  0.79  -0.58  
   -0.97  -0.26  -0.03  

9  1105.94  -306.29  470.59  
   0.41  0.85  -0.34  
   -0.02  0.38  0.92  
   0.91  -0.37  0.18  

2  683.12  -32.59  568.37  
   0.95  -0.31  0.07  
   0.31  0.95  0.00  
   -0.07  0.02  1.00  

5  987.18  180.83  239.32  
   -0.17  0.56  0.81  
   -0.20  0.79  -0.58  
   -0.96  -0.26  -0.03  

3  1113.53  -36.61  64.74  
   -0.44  -0.00  -0.90  
   -0.13  -0.99  0.06  
   -0.89  0.14  0.43  

4  1017.54  140.20  -16.97  
   0.85  -0.37  0.38  
   0.52  0.69  -0.50  
   -0.08  0.62  0.78  

6  1089.87  246.46  469.26  
   0.31  -0.90  -0.32  
   0.21  0.39  -0.89  
   0.93  0.21  0.31  

8  980.48  -254.94  228.15  
   -0.19  -0.43  0.88  
   0.24  0.85  0.47  
   -0.95  0.30  -0.06  

7  996.11  -197.79  -21.43  
   0.86  -0.12  0.49  
   -0.22  0.79  0.57  
   -0.46  -0.60  0.66  

9  1102.37  -336.65  458.99  
   0.42  0.86  -0.30  
   -0.10  0.37  0.92  
   0.90  -0.36  0.24  

4  1019.77  139.30  -16.97  
   0.85  -0.37  0.37  
   0.52  0.69  -0.51  
   -0.07  0.62  0.78  

2  682.67  -32.59  568.37  
   0.95  -0.31  0.07  
   0.31  0.95  0.00  
   -0.07  0.02  1.00  

3  1113.98  -37.95  65.19  
   -0.44  -0.01  -0.90  
   -0.12  -0.99  0.07  
   -0.89  0.14  0.43  

5  988.52  180.38  239.32  
   -0.17  0.56  0.81  
   -0.20  0.78  -0.59  
   -0.97  -0.26  -0.02  

6  1091.21  245.12  469.26  
   0.30  -0.89  -0.34  
   0.21  0.41  -0.89  
   0.93  0.20  0.31  

7  994.77  -198.24  -22.32  
   0.86  -0.09  0.50  
   -0.24  0.80  0.56  
   -0.45  -0.60  0.67  

9  1053.26  -335.76  467.92  
   0.32  0.90  -0.30  
   -0.10  0.35  0.93  
   0.94  -0.27  0.20  

8  958.16  -248.69  224.58  
   -0.10  -0.43  0.90  
   0.23  0.87  0.44  
   -0.97  0.25  0.01  

2  682.67  -32.59  568.37  
   0.95  -0.31  0.07  
   0.31  0.95  0.00  
   -0.07  0.02  1.00  

3  1113.98  -38.40  65.19  
   -0.44  -0.02  -0.90  
   -0.12  -0.99  0.08  
   -0.89  0.14  0.43  

4  1020.22  139.30  -16.52  
   0.85  -0.37  0.37  
   0.51  0.69  -0.51  
   -0.07  0.62  0.78  

6  1090.76  245.57  469.26  
   0.30  -0.89  -0.34  
   0.21  0.41  -0.89  
   0.93  0.20  0.31  

5  989.41  180.83  239.32  
   -0.17  0.57  0.81  
   -0.20  0.78  -0.59  
   -0.97  -0.26  -0.02  

8  963.07  -239.76  231.73  
   -0.10  -0.46  0.88  
   0.16  0.87  0.47  
   -0.98  0.19  -0.02  

7  994.32  -197.79  -20.98  
   0.87  -0.08  0.49  
   -0.24  0.79  0.56  
   -0.44  -0.60  0.67  

9  1056.83  -312.99  476.85  
   0.31  0.89  -0.33  
   -0.04  0.36  0.93  
   0.95  -0.28  0.15  

2  682.67  -32.59  568.37  
   0.95  -0.31  0.07  
   0.31  0.95  0.00  
   -0.07  0.02  1.00  

3  1112.64  -36.61  65.63  
   -0.43  -0.00  -0.90  
   -0.13  -0.99  0.06  
   -0.89  0.15  0.43  

4  1017.98  139.75  -16.52  
   0.85  -0.37  0.38  
   0.52  0.69  -0.50  
   -0.07  0.62  0.78  

5  988.07  180.83  239.32  
   -0.17  0.56  0.81  
   -0.20  0.78  -0.59  
   -0.96  -0.26  -0.02  

6  1090.31  245.57  469.26  
   0.31  -0.89  -0.33  
   0.21  0.40  -0.89  
   0.93  0.20  0.31  

8  985.39  -243.78  236.64  
   -0.20  -0.49  0.85  
   0.17  0.83  0.52  
   -0.97  0.25  -0.08  

7  995.66  -197.79  -18.75  
   0.87  -0.11  0.48  
   -0.22  0.79  0.57  
   -0.44  -0.61  0.66  

9  1105.50  -308.52  471.93  
   0.41  0.84  -0.37  
   -0.02  0.41  0.91  
   0.91  -0.36  0.19  

2  683.12  -32.59  568.37  
   0.95  -0.31  0.07  
   0.31  0.95  0.00  
   -0.07  0.02  1.00  

3  1112.19  -36.61  65.63  
   -0.43  0.00  -0.90  
   -0.13  -0.99  0.06  
   -0.89  0.15  0.43  

4  1016.64  139.30  -16.97  
   0.85  -0.37  0.38  
   0.52  0.69  -0.50  
   -0.08  0.62  0.78  

6  1089.87  246.01  468.81  
   0.31  -0.89  -0.33  
   0.21  0.40  -0.89  
   0.93  0.21  0.31  

8  981.37  -252.71  231.28  
   -0.20  -0.45  0.87  
   0.23  0.84  0.49  
   -0.95  0.29  -0.06  

5  987.18  180.83  239.32  
   -0.17  0.56  0.81  
   -0.20  0.79  -0.59  
   -0.96  -0.26  -0.02  

7  995.66  -198.69  -20.09  
   0.86  -0.11  0.49  
   -0.22  0.79  0.57  
   -0.45  -0.60  0.66  

9  1105.50  -328.17  463.90  
   0.42  0.84  -0.34  
   -0.07  0.40  0.91  
   0.90  -0.36  0.23  

2  683.12  -32.59  568.37  
   0.95  -0.31  0.07  
   0.31  0.95  0.00  
   -0.07  0.02  1.00  

4  1019.32  139.30  -16.97  
   0.85  -0.37  0.37  
   0.52  0.69  -0.51  
   -0.07  0.62  0.78  

3  1113.09  -38.40  65.19  
   -0.44  -0.01  -0.90  
   -0.13  -0.99  0.07  
   -0.89  0.15  0.43  

6  1090.76  245.57  469.26  
   0.30  -0.89  -0.33  
   0.21  0.40  -0.89  
   0.93  0.20  0.31  

5  988.52  180.83  238.87  
   -0.17  0.56  0.81  
   -0.20  0.78  -0.59  
   -0.96  -0.26  -0.02  

8  960.39  -243.78  227.71  
   -0.10  -0.43  0.90  
   0.20  0.88  0.44  
   -0.97  0.22  -0.01  

7  994.32  -197.79  -20.54  
   0.86  -0.09  0.50  
   -0.24  0.79  0.56  
   -0.44  -0.60  0.66  

9  1055.94  -324.59  472.83  
   0.32  0.90  -0.30  
   -0.08  0.35  0.94  
   0.94  -0.28  0.18  

2  683.12  -32.59  568.37  
   0.95  -0.31  0.07  
   0.31  0.95  0.00  
   -0.07  0.02  1.00  

3  1113.53  -37.95  65.19  
   -0.44  -0.01  -0.90  
   -0.13  -0.99  0.07  
   -0.89  0.15  0.43  

5  989.41  181.27  238.87  
   -0.17  0.57  0.81  
   -0.20  0.78  -0.59  
   -0.97  -0.26  -0.02  

4  1020.66  139.75  -16.97  
   0.85  -0.37  0.37  
   0.51  0.69  -0.51  
   -0.07  0.62  0.78  

6  1090.76  245.57  470.15  
   0.30  -0.89  -0.34  
   0.21  0.41  -0.89  
   0.93  0.20  0.31  

8  969.32  -237.98  233.96  
   -0.12  -0.47  0.87  
   0.14  0.86  0.49  
   -0.98  0.18  -0.04  

9  1071.12  -300.48  479.97  
   0.33  0.88  -0.35  
   -0.01  0.37  0.93  
   0.94  -0.30  0.13  

7  995.21  -197.79  -20.09  
   0.87  -0.09  0.49  
   -0.24  0.79  0.56  
   -0.44  -0.61  0.66  

2  682.67  -32.59  568.37  
   0.95  -0.31  0.07  
   0.31  0.95  0.00  
   -0.07  0.02  1.00  

3  1113.09  -35.72  66.08  
   -0.43  0.01  -0.90  
   -0.13  -0.99  0.06  
   -0.89  0.15  0.43  

6  1089.42  246.46  469.26  
   0.31  -0.90  -0.32  
   0.21  0.39  -0.90  
   0.93  0.21  0.31  

5  987.18  180.83  238.87  
   -0.17  0.56  0.81  
   -0.20  0.79  -0.58  
   -0.96  -0.26  -0.02  

4  1017.98  139.75  -16.52  
   0.85  -0.37  0.38  
   0.53  0.69  -0.50  
   -0.07  0.62  0.78  

7  997.89  -198.24  -19.65  
   0.87  -0.12  0.48  
   -0.22  0.79  0.58  
   -0.45  -0.61  0.66  

8  989.41  -241.99  236.64  
   -0.20  -0.50  0.84  
   0.16  0.83  0.53  
   -0.97  0.24  -0.09  

9  1111.75  -301.82  471.93  
   0.41  0.83  -0.38  
   -0.01  0.42  0.91  
   0.91  -0.37  0.18  

2  682.67  -32.59  568.37  
   0.95  -0.31  0.07  
   0.31  0.95  0.00  
   -0.07  0.02  1.00  

3  1113.09  -35.72  66.08  
   -0.43  0.01  -0.90  
   -0.13  -0.99  0.06  
   -0.89  0.14  0.43  

4  1017.09  139.75  -16.97  
   0.85  -0.37  0.38  
   0.53  0.69  -0.50  
   -0.07  0.62  0.78  

5  987.18  180.38  239.76  
   -0.17  0.56  0.81  
   -0.20  0.79  -0.58  
   -0.96  -0.26  -0.02  

6  1089.42  246.46  469.70  
   0.31  -0.90  -0.32  
   0.21  0.39  -0.90  
   0.93  0.21  0.31  

9  1098.80  -331.29  464.34  
   0.40  0.86  -0.32  
   -0.10  0.39  0.92  
   0.91  -0.34  0.24  

8  980.03  -251.82  229.49  
   -0.18  -0.44  0.88  
   0.23  0.85  0.47  
   -0.96  0.29  -0.05  

7  997.45  -198.24  -20.09  
   0.86  -0.12  0.49  
   -0.22  0.79  0.58  
   -0.45  -0.61  0.65  

2  682.67  -32.59  568.37  
   0.95  -0.31  0.07  
   0.31  0.95  0.00  
   -0.07  0.02  1.00  

4  1021.11  139.75  -16.52  
   0.85  -0.37  0.37  
   0.51  0.69  -0.51  
   -0.07  0.62  0.78  

3  1113.98  -38.40  65.63  
   -0.44  -0.01  -0.90  
   -0.12  -0.99  0.07  
   -0.89  0.14  0.43  

6  1090.76  246.01  470.15  
   0.30  -0.89  -0.34  
   0.20  0.41  -0.89  
   0.93  0.20  0.31  

8  958.16  -244.23  225.92  
   -0.09  -0.41  0.91  
   0.21  0.88  0.42  
   -0.97  0.23  0.01  

5  989.41  180.83  238.87  
   -0.17  0.57  0.81  
   -0.20  0.78  -0.59  
   -0.97  -0.26  -0.02  

7  995.21  -198.24  -21.43  
   0.86  -0.09  0.49  
   -0.24  0.79  0.56  
   -0.44  -0.60  0.66  

9  1049.24  -332.18  470.59  
   0.30  0.91  -0.28  
   -0.10  0.32  0.94  
   0.95  -0.26  0.19  

2  682.67  -32.59  568.37  
   0.95  -0.31  0.07  
   0.31  0.95  0.00  
   -0.07  0.02  1.00  

3  1113.53  -38.84  65.19  
   -0.44  -0.01  -0.90  
   -0.12  -0.99  0.08  
   -0.89  0.14  0.43  

4  1021.56  139.30  -16.97  
   0.86  -0.37  0.37  
   0.51  0.69  -0.51  
   -0.07  0.62  0.78  

6  1090.76  246.91  469.26  
   0.30  -0.89  -0.34  
   0.21  0.41  -0.89  
   0.93  0.19  0.31  

5  989.86  181.27  238.87  
   -0.17  0.57  0.80  
   -0.20  0.78  -0.59  
   -0.97  -0.26  -0.02  

7  996.11  -198.24  -20.54  
   0.87  -0.09  0.49  
   -0.23  0.79  0.57  
   -0.44  -0.61  0.66  

8  970.66  -237.53  232.62  
   -0.12  -0.46  0.88  
   0.14  0.87  0.48  
   -0.98  0.18  -0.04  

9  1070.67  -304.50  479.08  
   0.33  0.88  -0.34  
   -0.02  0.36  0.93  
   0.94  -0.30  0.14  

2  683.12  -32.59  568.37  
   0.95  -0.31  0.07  
   0.31  0.95  0.00  
   -0.07  0.02  1.00  

3  1114.43  -36.61  65.19  
   -0.44  0.01  -0.90  
   -0.13  -0.99  0.06  
   -0.89  0.15  0.43  

4  1017.98  139.30  -16.97  
   0.85  -0.37  0.38  
   0.53  0.69  -0.50  
   -0.07  0.62  0.78  

6  1090.31  246.91  468.81  
   0.31  -0.89  -0.33  
   0.21  0.40  -0.89  
   0.93  0.21  0.31  

5  987.62  181.27  238.87  
   -0.17  0.56  0.81  
   -0.20  0.79  -0.58  
   -0.96  -0.26  -0.02  

8  990.75  -246.91  233.51  
   -0.20  -0.48  0.85  
   0.18  0.84  0.51  
   -0.96  0.26  -0.08  

7  999.68  -199.13  -20.09  
   0.87  -0.13  0.48  
   -0.21  0.79  0.58  
   -0.45  -0.61  0.65  

9  1112.64  -313.43  467.92  
   0.41  0.84  -0.36  
   -0.04  0.41  0.91  
   0.91  -0.36  0.20  

2  683.12  -32.59  568.37  
   0.95  -0.31  0.07  
   0.31  0.95  0.00  
   -0.07  0.02  1.00  

3  1113.98  -37.06  64.74  
   -0.44  0.00  -0.90  
   -0.13  -0.99  0.06  
   -0.89  0.14  0.44  

4  1017.54  139.30  -17.41  
   0.85  -0.37  0.38  
   0.53  0.69  -0.50  
   -0.07  0.62  0.78  

6  1090.31  246.46  468.81  
   0.31  -0.89  -0.33  
   0.21  0.40  -0.89  
   0.93  0.21  0.31  

5  987.62  180.38  239.32  
   -0.17  0.56  0.81  
   -0.20  0.79  -0.58  
   -0.96  -0.26  -0.02  

7  997.45  -199.13  -21.88  
   0.86  -0.12  0.49  
   -0.22  0.79  0.57  
   -0.46  -0.60  0.65  

8  977.80  -252.71  227.26  
   -0.17  -0.43  0.88  
   0.24  0.85  0.46  
   -0.96  0.29  -0.04  

9  1091.65  -337.99  461.66  
   0.39  0.87  -0.31  
   -0.11  0.38  0.92  
   0.91  -0.33  0.24  

2  683.12  -32.59  568.37  
   0.95  -0.31  0.07  
   0.31  0.95  0.00  
   -0.07  0.02  1.00  

3  1113.98  -37.50  65.19  
   -0.44  -0.01  -0.90  
   -0.13  -0.99  0.07  
   -0.89  0.14  0.44  

4  1019.77  139.75  -16.07  
   0.85  -0.37  0.37  
   0.52  0.69  -0.51  
   -0.07  0.62  0.78  

6  1090.31  245.57  469.26  
   0.30  -0.89  -0.34  
   0.21  0.41  -0.89  
   0.93  0.20  0.31  

5  988.52  180.83  239.32  
   -0.17  0.57  0.81  
   -0.20  0.78  -0.59  
   -0.97  -0.26  -0.02  

7  995.66  -198.24  -21.88  
   0.86  -0.10  0.49  
   -0.23  0.79  0.56  
   -0.45  -0.60  0.66  

8  963.07  -244.67  226.81  
   -0.10  -0.43  0.90  
   0.20  0.87  0.44  
   -0.97  0.23  0.00  

9  1057.72  -328.61  470.59  
   0.31  0.89  -0.32  
   -0.08  0.36  0.93  
   0.95  -0.26  0.19  

2  683.12  -32.59  568.37  
   0.95  -0.31  0.07  
   0.31  0.95  0.00  
   -0.07  0.02  1.00  

4  1019.77  139.75  -16.52  
   0.85  -0.37  0.37  
   0.52  0.69  -0.51  
   -0.07  0.62  0.78  

3  1113.53  -37.50  64.74  
   -0.44  -0.01  -0.90  
   -0.13  -0.99  0.07  
   -0.89  0.14  0.44  

5  988.96  181.27  239.32  
   -0.17  0.57  0.81  
   -0.20  0.78  -0.59  
   -0.97  -0.26  -0.02  

6  1090.31  246.01  469.26  
   0.30  -0.89  -0.34  
   0.21  0.41  -0.89  
   0.93  0.20  0.31  

7  996.11  -198.24  -20.98  
   0.87  -0.10  0.49  
   -0.23  0.79  0.56  
   -0.44  -0.60  0.67  

9  1069.33  -320.13  474.61  
   0.32  0.88  -0.36  
   -0.06  0.40  0.92  
   0.95  -0.27  0.18  

8  970.21  -245.12  230.83  
   -0.12  -0.47  0.88  
   0.19  0.86  0.48  
   -0.98  0.22  -0.01  

2  683.12  -32.59  568.37  
   0.95  -0.31  0.07  
   0.31  0.95  0.00  
   -0.07  0.02  1.00  

3  1113.53  -37.50  64.74  
   -0.44  -0.00  -0.90  
   -0.13  -0.99  0.07  
   -0.89  0.14  0.44  

4  1019.32  139.75  -16.52  
   0.85  -0.37  0.37  
   0.52  0.69  -0.51  
   -0.07  0.62  0.78  

7  996.11  -198.69  -20.98  
   0.87  -0.11  0.49  
   -0.22  0.79  0.57  
   -0.45  -0.60  0.66  

5  988.96  180.83  239.32  
   -0.17  0.57  0.81  
   -0.20  0.78  -0.59  
   -0.96  -0.26  -0.02  

6  1090.76  246.01  469.26  
   0.30  -0.89  -0.34  
   0.21  0.41  -0.89  
   0.93  0.20  0.31  

8  976.01  -255.84  227.26  
   -0.15  -0.47  0.87  
   0.24  0.84  0.49  
   -0.96  0.28  -0.02  

9  1085.85  -340.67  463.00  
   0.36  0.86  -0.37  
   -0.10  0.42  0.90  
   0.93  -0.29  0.24  

3  1113.53  -37.95  65.19  
   -0.44  -0.00  -0.90  
   -0.13  -0.99  0.07  
   -0.89  0.14  0.44  

4  1019.32  139.30  -16.52  
   0.85  -0.37  0.37  
   0.52  0.69  -0.51  
   -0.07  0.62  0.78  

2  682.67  -32.59  568.37  
   0.95  -0.31  0.07  
   0.31  0.95  0.00  
   -0.07  0.02  1.00  

6  1090.31  245.57  469.26  
   0.30  -0.89  -0.34  
   0.21  0.41  -0.89  
   0.93  0.20  0.31  

5  988.52  180.83  239.76  
   -0.17  0.57  0.81  
   -0.20  0.78  -0.59  
   -0.96  -0.26  -0.02  

7  995.66  -199.13  -20.98  
   0.86  -0.11  0.49  
   -0.22  0.79  0.57  
   -0.45  -0.60  0.66  

8  974.68  -257.18  227.26  
   -0.15  -0.46  0.87  
   0.24  0.84  0.49  
   -0.96  0.29  -0.02  

9  1086.74  -344.69  461.22  
   0.36  0.86  -0.37  
   -0.11  0.43  0.90  
   0.93  -0.28  0.25  

2  683.12  -32.59  568.37  
   0.95  -0.31  0.07  
   0.31  0.95  0.00  
   -0.07  0.02  1.00  

3  1113.09  -37.95  65.19  
   -0.44  -0.00  -0.90  
   -0.13  -0.99  0.07  
   -0.89  0.14  0.44  

4  1019.32  139.30  -16.52  
   0.85  -0.37  0.37  
   0.52  0.69  -0.51  
   -0.07  0.62  0.78  

8  968.87  -245.12  231.28  
   -0.13  -0.47  0.87  
   0.18  0.85  0.49  
   -0.97  0.22  -0.02  

6  1090.31  245.57  468.81  
   0.31  -0.89  -0.34  
   0.21  0.41  -0.89  
   0.93  0.20  0.31  

5  988.52  180.83  239.32  
   -0.17  0.57  0.81  
   -0.20  0.78  -0.59  
   -0.96  -0.26  -0.02  

7  995.21  -198.24  -20.09  
   0.87  -0.10  0.49  
   -0.23  0.79  0.57  
   -0.44  -0.60  0.66  

9  1072.90  -319.24  473.72  
   0.34  0.87  -0.37  
   -0.05  0.41  0.91  
   0.94  -0.29  0.18  

2  682.67  -32.59  568.37  
   0.95  -0.31  0.07  
   0.31  0.95  0.00  
   -0.07  0.02  1.00  

5  988.52  180.83  239.32  
   -0.17  0.57  0.81  
   -0.20  0.78  -0.59  
   -0.96  -0.26  -0.02  

3  1112.64  -37.95  65.19  
   -0.44  -0.01  -0.90  
   -0.13  -0.99  0.07  
   -0.89  0.14  0.44  

4  1018.88  138.86  -16.07  
   0.85  -0.37  0.37  
   0.52  0.69  -0.51  
   -0.07  0.62  0.78  

6  1090.31  246.01  468.81  
   0.31  -0.89  -0.34  
   0.21  0.41  -0.89  
   0.93  0.20  0.31  

7  994.32  -198.24  -20.09  
   0.87  -0.09  0.49  
   -0.23  0.79  0.57  
   -0.44  -0.60  0.67  

8  963.96  -242.89  230.83  
   -0.11  -0.47  0.88  
   0.18  0.86  0.48  
   -0.98  0.21  -0.01  

9  1062.19  -314.77  477.29  
   0.31  0.87  -0.37  
   -0.05  0.40  0.91  
   0.95  -0.27  0.17  

2  682.67  -32.59  568.37  
   0.95  -0.31  0.07  
   0.31  0.95  0.00  
   -0.07  0.02  1.00  

5  988.52  180.83  239.32  
   -0.17  0.57  0.80  
   -0.20  0.78  -0.59  
   -0.96  -0.26  -0.02  

3  1111.75  -38.40  65.63  
   -0.44  -0.01  -0.90  
   -0.13  -0.99  0.07  
   -0.89  0.15  0.44  

4  1019.32  139.30  -16.97  
   0.85  -0.37  0.37  
   0.52  0.69  -0.51  
   -0.07  0.62  0.78  

6  1090.76  245.12  469.26  
   0.31  -0.89  -0.34  
   0.21  0.41  -0.89  
   0.93  0.20  0.31  

7  992.98  -198.24  -19.65  
   0.87  -0.09  0.49  
   -0.24  0.79  0.56  
   -0.44  -0.61  0.66  

8  963.51  -245.57  229.94  
   -0.11  -0.46  0.88  
   0.19  0.86  0.47  
   -0.98  0.22  -0.01  

9  1059.51  -320.13  474.61  
   0.31  0.88  -0.36  
   -0.06  0.40  0.91  
   0.95  -0.26  0.18  

2  683.12  -32.59  568.37  
   0.95  -0.31  0.07  
   0.31  0.95  0.00  
   -0.07  0.02  1.00  

3  1111.75  -38.40  65.19  
   -0.44  -0.00  -0.90  
   -0.13  -0.99  0.07  
   -0.89  0.15  0.44  

4  1018.43  139.30  -16.07  
   0.85  -0.37  0.37  
   0.52  0.69  -0.51  
   -0.07  0.62  0.78  

5  988.07  180.83  239.32  
   -0.17  0.57  0.81  
   -0.20  0.78  -0.59  
   -0.96  -0.26  -0.02  

6  1090.76  245.57  469.26  
   0.31  -0.89  -0.34  
   0.21  0.41  -0.89  
   0.93  0.20  0.31  

7  995.66  -199.13  -19.20  
   0.87  -0.11  0.49  
   -0.22  0.79  0.57  
   -0.45  -0.61  0.66  

8  978.25  -247.80  232.17  
   -0.17  -0.48  0.86  
   0.18  0.84  0.51  
   -0.97  0.24  -0.05  

9  1092.99  -316.56  469.70  
   0.38  0.84  -0.38  
   -0.04  0.43  0.90  
   0.92  -0.33  0.20  

3  1112.19  -37.95  65.63  
   -0.44  0.00  -0.90  
   -0.13  -0.99  0.06  
   -0.89  0.14  0.44  

6  1089.87  246.01  468.36  
   0.31  -0.89  -0.33  
   0.21  0.40  -0.89  
   0.93  0.21  0.31  

5  987.62  181.27  239.32  
   -0.17  0.56  0.81  
   -0.20  0.78  -0.59  
   -0.96  -0.26  -0.02  

4  1017.98  138.86  -16.97  
   0.85  -0.37  0.37  
   0.52  0.69  -0.50  
   -0.07  0.62  0.78  

2  683.12  -32.59  568.37  
   0.95  -0.31  0.07  
   0.31  0.95  0.00  
   -0.07  0.02  1.00  

8  972.44  -245.57  230.83  
   -0.14  -0.48  0.86  
   0.18  0.84  0.50  
   -0.97  0.23  -0.03  

7  996.11  -199.13  -20.09  
   0.87  -0.11  0.49  
   -0.22  0.79  0.57  
   -0.45  -0.60  0.66  

9  1083.62  -315.66  473.72  
   0.36  0.85  -0.38  
   -0.04  0.42  0.91  
   0.93  -0.31  0.19  

3  1112.64  -38.84  65.19  
   -0.45  -0.01  -0.89  
   -0.12  -0.99  0.07  
   -0.89  0.14  0.44  

2  682.67  -32.59  568.37  
   0.95  -0.31  0.07  
   0.31  0.95  0.00  
   -0.07  0.02  1.00  

4  1020.66  139.30  -16.97  
   0.86  -0.36  0.37  
   0.51  0.69  -0.51  
   -0.07  0.62  0.78  

5  989.41  181.72  239.32  
   -0.17  0.57  0.80  
   -0.20  0.78  -0.60  
   -0.96  -0.26  -0.02  

8  957.26  -244.67  227.26  
   -0.08  -0.46  0.89  
   0.19  0.87  0.46  
   -0.98  0.21  0.02  

9  1050.13  -321.92  474.17  
   0.29  0.89  -0.36  
   -0.06  0.39  0.92  
   0.95  -0.24  0.17  

6  1091.21  246.01  469.26  
   0.30  -0.89  -0.35  
   0.20  0.41  -0.89  
   0.93  0.20  0.31  

7  993.87  -197.79  -20.54  
   0.86  -0.09  0.49  
   -0.24  0.79  0.56  
   -0.44  -0.60  0.67  

2  683.12  -32.59  567.93  
   0.95  -0.31  0.07  
   0.31  0.95  0.00  
   -0.07  0.02  1.00  

4  1020.22  139.30  -16.52  
   0.86  -0.36  0.37  
   0.51  0.69  -0.51  
   -0.07  0.62  0.78  

3  1112.64  -38.84  65.19  
   -0.45  -0.01  -0.89  
   -0.12  -0.99  0.07  
   -0.89  0.14  0.44  

5  989.41  181.72  239.32  
   -0.17  0.57  0.80  
   -0.20  0.78  -0.60  
   -0.97  -0.26  -0.02  

7  993.87  -197.79  -20.54  
   0.87  -0.09  0.49  
   -0.24  0.79  0.56  
   -0.44  -0.60  0.67  

6  1091.21  246.01  469.70  
   0.30  -0.89  -0.35  
   0.20  0.42  -0.89  
   0.93  0.20  0.31  

8  959.94  -239.76  229.49  
   -0.09  -0.46  0.88  
   0.16  0.87  0.47  
   -0.98  0.18  -0.00  

9  1053.26  -312.09  477.29  
   0.30  0.88  -0.36  
   -0.04  0.38  0.92  
   0.95  -0.27  0.15  

2  683.12  -32.59  568.37  
   0.95  -0.31  0.07  
   0.31  0.95  0.00  
   -0.07  0.02  1.00  

3  1112.19  -38.40  64.74  
   -0.45  -0.01  -0.89  
   -0.13  -0.99  0.07  
   -0.89  0.14  0.44  

4  1018.88  139.75  -16.97  
   0.85  -0.36  0.37  
   0.51  0.69  -0.51  
   -0.07  0.62  0.78  

5  988.96  181.72  239.32  
   -0.17  0.57  0.80  
   -0.20  0.78  -0.60  
   -0.96  -0.26  -0.02  

6  1091.21  246.01  469.26  
   0.30  -0.89  -0.35  
   0.20  0.41  -0.89  
   0.93  0.20  0.31  

9  1071.56  -305.40  478.63  
   0.33  0.86  -0.38  
   -0.01  0.40  0.91  
   0.94  -0.30  0.15  

7  994.77  -198.69  -20.09  
   0.87  -0.10  0.49  
   -0.23  0.79  0.57  
   -0.44  -0.60  0.66  

8  969.76  -240.21  233.06  
   -0.12  -0.49  0.86  
   0.14  0.85  0.50  
   -0.98  0.19  -0.04  

2  682.67  -32.59  568.37  
   0.95  -0.31  0.07  
   0.31  0.95  0.00  
   -0.07  0.02  1.00  

4  1018.43  139.75  -16.52  
   0.85  -0.36  0.37  
   0.52  0.69  -0.51  
   -0.07  0.62  0.78  

3  1112.19  -37.95  64.74  
   -0.45  -0.00  -0.89  
   -0.13  -0.99  0.07  
   -0.89  0.14  0.44  

5  988.52  181.72  239.76  
   -0.17  0.57  0.80  
   -0.20  0.78  -0.59  
   -0.96  -0.26  -0.02  

8  973.78  -249.14  230.39  
   -0.15  -0.48  0.87  
   0.20  0.84  0.50  
   -0.97  0.25  -0.03  

6  1091.21  246.01  468.81  
   0.31  -0.89  -0.34  
   0.20  0.41  -0.89  
   0.93  0.20  0.31  

7  995.21  -198.69  -20.98  
   0.86  -0.11  0.49  
   -0.22  0.79  0.57  
   -0.45  -0.60  0.66  

9  1082.28  -324.15  469.26  
   0.35  0.85  -0.38  
   -0.06  0.42  0.90  
   0.93  -0.30  0.20  

2  682.67  -32.59  568.37  
   0.95  -0.31  0.07  
   0.31  0.95  0.00  
   -0.07  0.02  1.00  

6  1090.76  246.01  469.26  
   0.31  -0.89  -0.34  
   0.20  0.41  -0.89  
   0.93  0.20  0.31  

3  1112.64  -38.40  64.74  
   -0.45  -0.01  -0.89  
   -0.13  -0.99  0.07  
   -0.89  0.14  0.44  

4  1018.43  139.75  -16.52  
   0.85  -0.36  0.37  
   0.51  0.69  -0.51  
   -0.07  0.62  0.78  

5  988.52  181.27  239.32  
   -0.17  0.57  0.80  
   -0.20  0.78  -0.60  
   -0.96  -0.26  -0.02  

7  994.77  -199.13  -21.43  
   0.86  -0.10  0.49  
   -0.23  0.80  0.56  
   -0.45  -0.60  0.66  

8  965.75  -247.35  228.15  
   -0.12  -0.48  0.87  
   0.19  0.85  0.49  
   -0.97  0.22  -0.01  

9  1067.99  -320.13  473.27  
   0.33  0.86  -0.38  
   -0.05  0.42  0.91  
   0.94  -0.28  0.18  

3  1112.19  -37.95  65.19  
   -0.45  -0.01  -0.89  
   -0.13  -0.99  0.07  
   -0.89  0.14  0.44  

4  1019.77  139.75  -16.97  
   0.86  -0.36  0.37  
   0.51  0.69  -0.51  
   -0.07  0.62  0.78  

2  683.12  -32.59  568.37  
   0.95  -0.31  0.07  
   0.31  0.95  0.00  
   -0.07  0.02  1.00  

5  988.52  182.17  239.32  
   -0.17  0.57  0.80  
   -0.20  0.78  -0.60  
   -0.96  -0.26  -0.02  

6  1090.76  246.46  469.70  
   0.30  -0.89  -0.34  
   0.20  0.41  -0.89  
   0.93  0.20  0.31  

7  994.32  -198.24  -20.54  
   0.87  -0.10  0.49  
   -0.23  0.80  0.56  
   -0.44  -0.60  0.67  

8  964.41  -241.10  230.83  
   -0.10  -0.48  0.87  
   0.15  0.86  0.49  
   -0.98  0.18  -0.02  

9  1061.74  -306.29  479.08  
   0.31  0.87  -0.38  
   -0.02  0.41  0.91  
   0.95  -0.28  0.14  

2  683.12  -32.59  568.37  
   0.95  -0.31  0.07  
   0.31  0.95  0.00  
   -0.07  0.02  1.00  

3  1112.64  -37.95  65.19  
   -0.45  -0.01  -0.90  
   -0.13  -0.99  0.07  
   -0.89  0.14  0.44  

4  1019.32  139.75  -16.52  
   0.85  -0.36  0.37  
   0.51  0.69  -0.51  
   -0.07  0.62  0.78  

5  988.52  181.72  239.76  
   -0.17  0.57  0.80  
   -0.20  0.78  -0.60  
   -0.97  -0.26  -0.02  

6  1090.76  246.01  469.26  
   0.31  -0.89  -0.34  
   0.20  0.41  -0.89  
   0.93  0.20  0.31  

7  995.21  -198.24  -20.54  
   0.87  -0.10  0.49  
   -0.22  0.79  0.57  
   -0.44  -0.60  0.66  

8  973.34  -246.46  232.17  
   -0.14  -0.49  0.86  
   0.18  0.84  0.51  
   -0.97  0.22  -0.03  

9  1080.05  -314.77  474.61  
   0.34  0.85  -0.39  
   -0.04  0.43  0.90  
   0.94  -0.30  0.18  

2  683.12  -32.59  568.37  
   0.95  -0.31  0.07  
   0.31  0.95  0.00  
   -0.07  0.02  1.00  

5  988.52  181.72  239.32  
   -0.17  0.57  0.80  
   -0.20  0.78  -0.60  
   -0.96  -0.26  -0.02  

4  1018.88  139.30  -16.97  
   0.85  -0.37  0.37  
   0.52  0.69  -0.51  
   -0.07  0.62  0.78  

3  1112.64  -37.95  65.63  
   -0.45  -0.00  -0.90  
   -0.13  -0.99  0.07  
   -0.89  0.14  0.44  

6  1090.31  246.46  469.70  
   0.31  -0.89  -0.34  
   0.20  0.41  -0.89  
   0.93  0.20  0.31  

8  967.53  -250.03  228.60  
   -0.12  -0.48  0.87  
   0.20  0.84  0.50  
   -0.97  0.24  -0.01  

9  1074.24  -324.15  471.49  
   0.34  0.86  -0.39  
   -0.06  0.43  0.90  
   0.94  -0.28  0.20  

7  995.21  -198.24  -20.09  
   0.87  -0.10  0.49  
   -0.22  0.79  0.57  
   -0.45  -0.60  0.66  

2  683.12  -32.59  567.93  
   0.95  -0.31  0.07  
   0.31  0.95  0.00  
   -0.07  0.02  1.00  

3  1111.75  -38.40  65.63  
   -0.45  -0.01  -0.89  
   -0.13  -0.99  0.07  
   -0.89  0.14  0.44  

4  1019.32  139.75  -16.97  
   0.85  -0.36  0.37  
   0.51  0.69  -0.51  
   -0.07  0.62  0.78  

5  988.96  181.27  239.32  
   -0.17  0.57  0.80  
   -0.20  0.78  -0.60  
   -0.96  -0.26  -0.02  

8  961.73  -243.78  229.05  
   -0.10  -0.49  0.87  
   0.16  0.85  0.49  
   -0.98  0.19  -0.00  

7  993.87  -198.24  -20.09  
   0.87  -0.09  0.49  
   -0.23  0.79  0.56  
   -0.44  -0.60  0.67  

6  1091.21  246.01  469.70  
   0.31  -0.89  -0.34  
   0.20  0.41  -0.89  
   0.93  0.20  0.31  

9  1059.06  -311.20  477.74  
   0.30  0.87  -0.39  
   -0.03  0.42  0.91  
   0.95  -0.27  0.15  

2  683.12  -32.59  568.37  
   0.95  -0.31  0.07  
   0.31  0.95  0.00  
   -0.07  0.02  1.00  

6  1091.21  245.57  469.70  
   0.30  -0.89  -0.34  
   0.20  0.41  -0.89  
   0.93  0.20  0.31  

5  988.96  182.17  239.32  
   -0.17  0.57  0.80  
   -0.20  0.78  -0.60  
   -0.96  -0.26  -0.02  

3  1111.75  -38.40  65.63  
   -0.45  -0.00  -0.90  
   -0.13  -0.99  0.07  
   -0.89  0.14  0.44  

4  1019.32  139.30  -16.52  
   0.85  -0.37  0.37  
   0.51  0.69  -0.51  
   -0.07  0.62  0.78  

7  995.21  -199.13  -19.65  
   0.87  -0.10  0.48  
   -0.23  0.79  0.57  
   -0.44  -0.60  0.67  

9  1082.72  -302.27  478.63  
   0.34  0.85  -0.41  
   -0.00  0.43  0.90  
   0.94  -0.31  0.15  

8  975.57  -242.44  234.85  
   -0.14  -0.51  0.85  
   0.14  0.84  0.53  
   -0.98  0.19  -0.05  

4  1018.88  139.30  -16.97  
   0.85  -0.37  0.37  
   0.52  0.69  -0.51  
   -0.07  0.62  0.78  

2  683.12  -32.59  567.93  
   0.95  -0.31  0.07  
   0.31  0.95  0.00  
   -0.07  0.02  1.00  

3  1111.75  -37.06  66.08  
   -0.44  0.00  -0.90  
   -0.13  -0.99  0.06  
   -0.89  0.14  0.44  

5  988.07  181.27  239.32  
   -0.17  0.57  0.80  
   -0.20  0.78  -0.59  
   -0.96  -0.26  -0.02  

6  1090.31  246.01  469.26  
   0.31  -0.89  -0.34  
   0.21  0.41  -0.89  
   0.93  0.20  0.31  

9  1090.31  -311.65  473.72  
   0.36  0.84  -0.41  
   -0.03  0.45  0.89  
   0.93  -0.31  0.19  

8  976.91  -249.14  231.28  
   -0.15  -0.51  0.85  
   0.18  0.83  0.53  
   -0.97  0.24  -0.03  

7  996.11  -198.69  -20.09  
   0.87  -0.11  0.48  
   -0.22  0.79  0.57  
   -0.45  -0.60  0.66  

2  682.67  -32.59  568.37  
   0.95  -0.31  0.07  
   0.31  0.95  0.00  
   -0.07  0.02  1.00  

3  1111.75  -37.95  66.08  
   -0.45  -0.00  -0.89  
   -0.13  -0.99  0.07  
   -0.89  0.14  0.44  

4  1019.77  139.75  -16.07  
   0.86  -0.37  0.37  
   0.51  0.69  -0.51  
   -0.07  0.62  0.78  

6  1090.31  246.01  469.26  
   0.30  -0.89  -0.34  
   0.20  0.41  -0.89  
   0.93  0.20  0.31  

5  988.52  181.72  239.76  
   -0.17  0.57  0.80  
   -0.20  0.78  -0.60  
   -0.96  -0.26  -0.02  

7  994.77  -198.24  -20.54  
   0.87  -0.09  0.49  
   -0.23  0.79  0.56  
   -0.44  -0.60  0.67  

8  958.60  -246.46  227.71  
   -0.08  -0.48  0.87  
   0.18  0.85  0.49  
   -0.98  0.20  0.02  

9  1051.47  -319.68  476.40  
   0.29  0.87  -0.39  
   -0.05  0.42  0.91  
   0.96  -0.24  0.16  

2  683.12  -32.59  568.37  
   0.95  -0.31  0.07  
   0.31  0.95  0.00  
   -0.07  0.02  1.00  

6  1091.21  246.01  469.70  
   0.30  -0.89  -0.35  
   0.20  0.42  -0.89  
   0.93  0.20  0.31  

4  1020.22  139.30  -16.52  
   0.86  -0.36  0.36  
   0.51  0.69  -0.51  
   -0.07  0.62  0.78  

5  988.96  181.72  239.32  
   -0.17  0.58  0.80  
   -0.20  0.77  -0.60  
   -0.96  -0.26  -0.01  

3  1111.75  -38.40  66.53  
   -0.45  -0.01  -0.89  
   -0.13  -0.99  0.07  
   -0.89  0.14  0.44  

7  994.32  -198.24  -19.65  
   0.87  -0.08  0.49  
   -0.24  0.79  0.56  
   -0.43  -0.60  0.67  

9  1047.90  -309.86  480.86  
   0.28  0.87  -0.40  
   -0.02  0.42  0.91  
   0.96  -0.24  0.13  

8  958.16  -240.21  230.83  
   -0.08  -0.49  0.87  
   0.14  0.86  0.50  
   -0.99  0.16  0.01  

2  682.67  -32.59  568.37  
   0.95  -0.31  0.07  
   0.31  0.95  0.00  
   -0.07  0.02  1.00  

3  1111.75  -38.84  66.08  
   -0.45  -0.00  -0.89  
   -0.13  -0.99  0.07  
   -0.88  0.15  0.44  

4  1019.77  138.86  -16.52  
   0.86  -0.36  0.37  
   0.51  0.69  -0.51  
   -0.07  0.62  0.78  

6  1091.21  246.01  469.26  
   0.30  -0.89  -0.35  
   0.20  0.42  -0.89  
   0.93  0.20  0.31  

5  988.96  181.27  239.32  
   -0.17  0.58  0.80  
   -0.20  0.77  -0.60  
   -0.96  -0.26  -0.01  

7  995.21  -199.58  -18.75  
   0.87  -0.09  0.48  
   -0.23  0.79  0.57  
   -0.43  -0.61  0.67  

9  1074.69  -305.40  479.97  
   0.33  0.85  -0.41  
   -0.01  0.43  0.90  
   0.94  -0.30  0.15  

8  970.66  -243.78  233.96  
   -0.13  -0.51  0.85  
   0.14  0.84  0.52  
   -0.98  0.19  -0.03  

2  682.67  -32.59  568.37  
   0.95  -0.31  0.07  
   0.31  0.95  0.00  
   -0.07  0.02  1.00  

4  1019.77  138.41  -16.52  
   0.86  -0.36  0.37  
   0.51  0.69  -0.51  
   -0.07  0.62  0.78  

3  1111.75  -39.29  65.63  
   -0.45  -0.00  -0.89  
   -0.13  -0.99  0.07  
   -0.88  0.15  0.44  

5  988.96  181.72  239.32  
   -0.17  0.57  0.80  
   -0.20  0.77  -0.60  
   -0.96  -0.26  -0.02  

6  1091.21  246.01  469.26  
   0.30  -0.89  -0.35  
   0.21  0.42  -0.89  
   0.93  0.20  0.31  

7  995.21  -200.03  -19.65  
   0.87  -0.10  0.49  
   -0.23  0.79  0.57  
   -0.44  -0.60  0.66  

9  1076.92  -314.77  475.95  
   0.34  0.85  -0.40  
   -0.03  0.43  0.90  
   0.94  -0.29  0.17  

8  971.10  -249.58  230.83  
   -0.13  -0.49  0.86  
   0.18  0.84  0.51  
   -0.97  0.22  -0.02  

2  682.67  -32.59  568.37  
   0.95  -0.31  0.07  
   0.31  0.95  0.00  
   -0.07  0.02  1.00  

3  1112.19  -39.74  65.19  
   -0.45  -0.01  -0.89  
   -0.13  -0.99  0.07  
   -0.88  0.15  0.44  

5  988.96  181.72  239.32  
   -0.17  0.58  0.80  
   -0.20  0.77  -0.60  
   -0.96  -0.26  -0.01  

4  1020.22  137.96  -16.97  
   0.86  -0.36  0.37  
   0.51  0.69  -0.51  
   -0.07  0.62  0.78  

6  1091.65  245.57  468.81  
   0.30  -0.89  -0.35  
   0.21  0.42  -0.88  
   0.93  0.19  0.31  

9  1065.76  -321.02  475.06  
   0.32  0.87  -0.38  
   -0.05  0.42  0.91  
   0.95  -0.27  0.18  

8  965.75  -248.69  229.49  
   -0.11  -0.48  0.87  
   0.19  0.85  0.50  
   -0.98  0.22  -0.00  

7  995.21  -200.03  -20.09  
   0.87  -0.10  0.49  
   -0.23  0.79  0.57  
   -0.44  -0.60  0.66  

2  682.67  -32.59  568.37  
   0.95  -0.31  0.07  
   0.31  0.95  0.00  
   -0.07  0.02  1.00  

5  989.41  181.27  238.42  
   -0.17  0.58  0.80  
   -0.20  0.77  -0.60  
   -0.96  -0.26  -0.01  

4  1020.22  137.96  -17.41  
   0.86  -0.36  0.37  
   0.51  0.70  -0.51  
   -0.07  0.62  0.78  

3  1113.09  -39.29  65.19  
   -0.45  -0.00  -0.89  
   -0.13  -0.99  0.07  
   -0.88  0.15  0.44  

6  1091.65  245.57  468.81  
   0.30  -0.89  -0.35  
   0.21  0.42  -0.88  
   0.93  0.19  0.31  

9  1080.05  -309.86  476.85  
   0.35  0.85  -0.39  
   -0.02  0.42  0.91  
   0.94  -0.31  0.16  

8  973.78  -245.12  233.06  
   -0.14  -0.50  0.86  
   0.15  0.84  0.51  
   -0.98  0.20  -0.04  

7  996.11  -200.03  -20.09  
   0.87  -0.10  0.49  
   -0.23  0.79  0.57  
   -0.44  -0.60  0.66  

3  1113.53  -38.84  65.19  
   -0.45  -0.00  -0.90  
   -0.13  -0.99  0.07  
   -0.89  0.15  0.44  

2  683.12  -32.59  567.93  
   0.95  -0.31  0.07  
   0.31  0.95  0.00  
   -0.07  0.02  1.00  

4  1020.66  138.41  -16.97  
   0.86  -0.36  0.37  
   0.51  0.69  -0.51  
   -0.07  0.62  0.78  

5  989.41  181.27  238.87  
   -0.17  0.58  0.80  
   -0.20  0.77  -0.60  
   -0.96  -0.26  -0.01  

9  1081.83  -305.40  477.74  
   0.35  0.85  -0.40  
   -0.01  0.43  0.90  
   0.94  -0.31  0.16  

8  974.68  -243.78  233.96  
   -0.14  -0.50  0.85  
   0.14  0.84  0.52  
   -0.98  0.20  -0.04  

6  1091.65  245.57  468.81  
   0.30  -0.89  -0.35  
   0.21  0.42  -0.88  
   0.93  0.20  0.31  

7  996.55  -199.58  -20.09  
   0.87  -0.10  0.49  
   -0.23  0.79  0.57  
   -0.44  -0.60  0.66  

3  1113.53  -38.40  66.08  
   -0.44  -0.00  -0.90  
   -0.13  -0.99  0.07  
   -0.89  0.15  0.44  

2  682.67  -32.59  568.37  
   0.95  -0.31  0.07  
   0.31  0.95  0.00  
   -0.07  0.02  1.00  

4  1020.66  138.41  -16.52  
   0.86  -0.37  0.36  
   0.51  0.69  -0.51  
   -0.07  0.62  0.78  

6  1091.21  246.01  468.81  
   0.30  -0.89  -0.35  
   0.21  0.42  -0.89  
   0.93  0.20  0.31  

5  988.96  181.27  238.87  
   -0.17  0.57  0.80  
   -0.20  0.77  -0.60  
   -0.96  -0.26  -0.02  

8  971.55  -241.55  233.06  
   -0.13  -0.49  0.86  
   0.14  0.85  0.51  
   -0.98  0.19  -0.04  

7  996.55  -199.13  -20.09  
   0.87  -0.10  0.49  
   -0.23  0.79  0.57  
   -0.44  -0.60  0.66  

9  1077.81  -303.61  480.42  
   0.34  0.85  -0.39  
   -0.01  0.42  0.91  
   0.94  -0.31  0.15  

