3  1247.48  -23.66  8.04  
   -0.52  -0.04  -0.85  
   -0.02  -1.00  0.06  
   -0.85  0.05  0.52  

2  856.36  -39.29  578.64  
   0.68  -0.73  -0.04  
   0.73  0.68  0.00  
   0.02  -0.03  1.00  

4  1138.54  170.11  -35.72  
   0.69  -0.65  0.32  
   0.68  0.43  -0.60  
   0.25  0.63  0.74  

5  1112.64  325.49  197.79  
   -0.34  0.02  0.94  
   -0.74  0.61  -0.29  
   -0.58  -0.79  -0.20  

6  1349.72  366.56  185.74  
   0.96  0.23  -0.15  
   -0.18  0.10  -0.98  
   -0.21  0.97  0.14  

7  1107.73  -204.49  -53.13  
   0.64  0.67  0.37  
   -0.70  0.31  0.65  
   0.32  -0.67  0.67  

9  1364.01  -384.42  162.07  
   0.93  -0.32  -0.16  
   0.19  0.06  0.98  
   -0.30  -0.95  0.12  

8  1096.12  -350.49  187.08  
   -0.40  -0.08  0.91  
   0.68  0.64  0.36  
   -0.61  0.76  -0.20  

3  1248.37  -24.11  6.70  
   -0.53  -0.04  -0.85  
   -0.02  -1.00  0.06  
   -0.85  0.05  0.53  

2  856.36  -39.29  578.64  
   0.68  -0.73  -0.04  
   0.73  0.68  0.00  
   0.02  -0.03  1.00  

4  1139.43  169.22  -36.61  
   0.69  -0.65  0.32  
   0.68  0.43  -0.60  
   0.25  0.63  0.74  

5  1114.43  325.04  196.90  
   -0.35  0.02  0.94  
   -0.73  0.61  -0.29  
   -0.58  -0.79  -0.20  

6  1351.95  366.12  183.51  
   0.96  0.24  -0.16  
   -0.18  0.10  -0.98  
   -0.22  0.97  0.14  

7  1108.17  -205.38  -54.02  
   0.64  0.67  0.38  
   -0.70  0.31  0.64  
   0.32  -0.68  0.67  

8  1096.57  -351.38  186.63  
   -0.40  -0.08  0.91  
   0.68  0.64  0.36  
   -0.61  0.76  -0.20  

9  1364.01  -385.32  159.39  
   0.93  -0.32  -0.16  
   0.19  0.07  0.98  
   -0.30  -0.94  0.12  

2  855.91  -39.29  578.64  
   0.68  -0.73  -0.04  
   0.73  0.68  0.00  
   0.02  -0.03  1.00  

3  1249.26  -25.00  5.80  
   -0.53  -0.04  -0.85  
   -0.02  -1.00  0.06  
   -0.85  0.05  0.53  

5  1115.76  325.49  196.01  
   -0.35  0.02  0.94  
   -0.74  0.61  -0.29  
   -0.58  -0.79  -0.20  

6  1353.74  366.56  181.72  
   0.96  0.24  -0.16  
   -0.19  0.10  -0.98  
   -0.22  0.97  0.14  

4  1140.32  169.22  -37.06  
   0.69  -0.65  0.32  
   0.68  0.43  -0.60  
   0.25  0.63  0.74  

8  1097.46  -351.38  185.74  
   -0.40  -0.08  0.91  
   0.68  0.64  0.36  
   -0.61  0.76  -0.20  

7  1108.17  -205.38  -54.02  
   0.64  0.67  0.38  
   -0.70  0.31  0.64  
   0.32  -0.68  0.67  

9  1365.35  -385.32  158.95  
   0.93  -0.32  -0.16  
   0.19  0.06  0.98  
   -0.30  -0.94  0.12  

2  856.36  -39.29  578.64  
   0.68  -0.73  -0.04  
   0.73  0.68  0.00  
   0.02  -0.03  1.00  

3  1250.16  -25.45  5.36  
   -0.53  -0.04  -0.85  
   -0.03  -1.00  0.06  
   -0.85  0.05  0.53  

4  1141.21  168.77  -37.50  
   0.70  -0.64  0.32  
   0.68  0.43  -0.60  
   0.24  0.63  0.74  

5  1116.66  325.93  195.56  
   -0.35  0.02  0.94  
   -0.74  0.61  -0.29  
   -0.58  -0.79  -0.20  

6  1355.08  365.67  181.72  
   0.96  0.24  -0.16  
   -0.19  0.10  -0.98  
   -0.22  0.97  0.14  

7  1109.07  -205.83  -54.02  
   0.64  0.67  0.38  
   -0.70  0.31  0.64  
   0.31  -0.68  0.67  

8  1097.91  -351.83  185.29  
   -0.40  -0.08  0.91  
   0.68  0.64  0.36  
   -0.61  0.76  -0.20  

9  1365.35  -385.76  158.50  
   0.93  -0.32  -0.16  
   0.19  0.07  0.98  
   -0.30  -0.94  0.12  

2  856.36  -39.29  578.64  
   0.68  -0.73  -0.04  
   0.73  0.68  0.00  
   0.02  -0.03  1.00  

3  1251.50  -25.90  4.91  
   -0.53  -0.03  -0.85  
   -0.03  -1.00  0.06  
   -0.85  0.05  0.53  

4  1142.11  168.32  -38.40  
   0.70  -0.64  0.32  
   0.68  0.44  -0.60  
   0.24  0.63  0.74  

5  1117.55  325.93  194.67  
   -0.35  0.03  0.94  
   -0.74  0.61  -0.29  
   -0.58  -0.79  -0.19  

6  1356.42  365.67  180.83  
   0.96  0.24  -0.16  
   -0.19  0.10  -0.98  
   -0.22  0.97  0.14  

9  1366.24  -386.21  158.50  
   0.93  -0.32  -0.16  
   0.19  0.07  0.98  
   -0.30  -0.94  0.12  

8  1099.24  -353.17  184.84  
   -0.40  -0.08  0.91  
   0.68  0.64  0.36  
   -0.61  0.76  -0.20  

7  1110.41  -206.28  -54.47  
   0.64  0.67  0.38  
   -0.70  0.31  0.64  
   0.31  -0.68  0.67  

4  1143.00  167.88  -38.84  
   0.70  -0.64  0.32  
   0.67  0.44  -0.60  
   0.24  0.63  0.74  

2  856.36  -39.29  578.64  
   0.68  -0.73  -0.04  
   0.73  0.68  0.00  
   0.02  -0.03  1.00  

3  1252.39  -25.45  5.36  
   -0.53  -0.03  -0.85  
   -0.03  -1.00  0.06  
   -0.85  0.05  0.53  

5  1118.44  325.93  194.22  
   -0.35  0.03  0.94  
   -0.74  0.61  -0.29  
   -0.58  -0.79  -0.19  

6  1356.87  365.67  180.83  
   0.96  0.24  -0.16  
   -0.19  0.11  -0.98  
   -0.21  0.97  0.15  

8  1100.14  -353.17  184.84  
   -0.40  -0.08  0.91  
   0.68  0.64  0.36  
   -0.61  0.76  -0.20  

9  1368.03  -385.32  158.95  
   0.93  -0.32  -0.17  
   0.20  0.06  0.98  
   -0.30  -0.95  0.12  

7  1111.75  -206.28  -54.47  
   0.64  0.67  0.37  
   -0.70  0.31  0.64  
   0.32  -0.68  0.67  

3  1252.39  -25.90  5.36  
   -0.53  -0.03  -0.85  
   -0.03  -1.00  0.06  
   -0.85  0.05  0.52  

2  856.36  -39.29  578.64  
   0.68  -0.73  -0.04  
   0.73  0.68  0.00  
   0.02  -0.03  1.00  

5  1118.44  325.93  194.22  
   -0.35  0.03  0.94  
   -0.74  0.61  -0.29  
   -0.58  -0.79  -0.19  

4  1143.45  168.32  -38.84  
   0.70  -0.64  0.32  
   0.67  0.44  -0.60  
   0.24  0.63  0.74  

6  1359.10  365.22  180.83  
   0.96  0.23  -0.16  
   -0.19  0.11  -0.98  
   -0.21  0.97  0.15  

7  1112.19  -206.72  -54.47  
   0.64  0.67  0.37  
   -0.70  0.31  0.65  
   0.32  -0.67  0.67  

8  1100.58  -353.62  183.51  
   -0.40  -0.09  0.91  
   0.68  0.64  0.36  
   -0.61  0.76  -0.20  

9  1368.92  -384.87  158.95  
   0.93  -0.32  -0.17  
   0.20  0.06  0.98  
   -0.30  -0.95  0.12  

2  856.36  -38.84  578.64  
   0.68  -0.73  -0.04  
   0.73  0.68  0.00  
   0.02  -0.03  1.00  

3  1252.84  -25.90  5.36  
   -0.53  -0.03  -0.85  
   -0.03  -1.00  0.06  
   -0.85  0.05  0.52  

4  1143.89  168.32  -38.40  
   0.70  -0.64  0.32  
   0.67  0.44  -0.60  
   0.25  0.63  0.74  

5  1118.00  325.93  194.22  
   -0.35  0.03  0.94  
   -0.74  0.61  -0.29  
   -0.58  -0.79  -0.19  

6  1357.76  365.22  180.83  
   0.96  0.23  -0.16  
   -0.19  0.11  -0.98  
   -0.21  0.97  0.15  

7  1112.64  -206.28  -54.47  
   0.64  0.67  0.37  
   -0.70  0.31  0.65  
   0.32  -0.67  0.67  

8  1100.58  -353.17  183.95  
   -0.40  -0.09  0.91  
   0.68  0.64  0.36  
   -0.61  0.76  -0.20  

9  1368.92  -384.42  159.84  
   0.93  -0.32  -0.17  
   0.20  0.06  0.98  
   -0.30  -0.95  0.12  

2  856.36  -38.84  578.64  
   0.68  -0.73  -0.04  
   0.73  0.68  0.00  
   0.02  -0.03  1.00  

4  1143.89  168.32  -38.40  
   0.70  -0.64  0.32  
   0.67  0.44  -0.60  
   0.25  0.63  0.74  

3  1252.84  -25.45  5.80  
   -0.53  -0.03  -0.85  
   -0.03  -1.00  0.06  
   -0.85  0.05  0.52  

5  1118.44  325.49  194.22  
   -0.35  0.03  0.94  
   -0.74  0.61  -0.29  
   -0.58  -0.79  -0.19  

6  1357.76  364.78  181.72  
   0.96  0.23  -0.16  
   -0.19  0.11  -0.98  
   -0.21  0.97  0.15  

8  1101.03  -353.62  183.95  
   -0.40  -0.09  0.91  
   0.68  0.64  0.36  
   -0.61  0.76  -0.20  

7  1112.19  -206.28  -54.47  
   0.64  0.67  0.37  
   -0.70  0.31  0.65  
   0.32  -0.67  0.67  

9  1369.37  -383.98  159.84  
   0.93  -0.32  -0.17  
   0.20  0.06  0.98  
   -0.30  -0.95  0.12  

2  856.36  -38.84  578.64  
   0.68  -0.73  -0.04  
   0.73  0.68  0.00  
   0.02  -0.03  1.00  

4  1143.89  168.32  -38.40  
   0.70  -0.64  0.32  
   0.67  0.44  -0.60  
   0.25  0.63  0.74  

3  1252.84  -25.45  5.80  
   -0.52  -0.03  -0.85  
   -0.03  -1.00  0.06  
   -0.85  0.05  0.52  

5  1118.00  325.93  194.22  
   -0.35  0.03  0.94  
   -0.73  0.61  -0.30  
   -0.58  -0.79  -0.19  

7  1112.19  -206.28  -54.02  
   0.64  0.67  0.37  
   -0.70  0.31  0.65  
   0.32  -0.67  0.67  

6  1358.21  364.33  182.17  
   0.96  0.23  -0.17  
   -0.19  0.10  -0.98  
   -0.21  0.97  0.14  

8  1101.92  -354.06  183.95  
   -0.41  -0.09  0.91  
   0.68  0.63  0.37  
   -0.61  0.77  -0.20  

9  1371.15  -382.64  160.29  
   0.93  -0.31  -0.18  
   0.21  0.06  0.98  
   -0.29  -0.95  0.12  

2  856.36  -39.29  578.64  
   0.68  -0.73  -0.04  
   0.73  0.68  0.00  
   0.02  -0.03  1.00  

3  1252.84  -25.45  5.80  
   -0.52  -0.03  -0.85  
   -0.03  -1.00  0.06  
   -0.85  0.05  0.52  

5  1121.12  327.72  192.43  
   -0.36  0.05  0.93  
   -0.73  0.61  -0.32  
   -0.58  -0.79  -0.18  

4  1143.89  168.32  -38.40  
   0.70  -0.64  0.32  
   0.67  0.44  -0.60  
   0.25  0.63  0.74  

6  1360.88  361.65  181.72  
   0.96  0.23  -0.18  
   -0.21  0.10  -0.97  
   -0.20  0.97  0.15  

7  1112.64  -206.72  -54.02  
   0.64  0.67  0.37  
   -0.70  0.31  0.65  
   0.32  -0.68  0.67  

8  1107.73  -363.44  176.36  
   -0.44  -0.14  0.89  
   0.68  0.60  0.42  
   -0.59  0.79  -0.17  

9  1380.53  -377.28  157.61  
   0.92  -0.30  -0.24  
   0.27  0.07  0.96  
   -0.27  -0.95  0.15  

2  856.36  -38.84  578.64  
   0.68  -0.73  -0.04  
   0.73  0.68  0.00  
   0.02  -0.03  1.00  

3  1252.39  -25.45  6.25  
   -0.52  -0.03  -0.85  
   -0.03  -1.00  0.06  
   -0.85  0.05  0.52  

5  1125.59  330.40  190.65  
   -0.38  0.08  0.92  
   -0.72  0.60  -0.35  
   -0.58  -0.80  -0.17  

4  1144.79  168.32  -37.95  
   0.70  -0.64  0.31  
   0.67  0.44  -0.60  
   0.25  0.63  0.74  

8  1115.32  -366.56  171.45  
   -0.46  -0.16  0.87  
   0.68  0.57  0.46  
   -0.58  0.80  -0.16  

7  1112.64  -206.72  -54.47  
   0.65  0.66  0.37  
   -0.69  0.32  0.65  
   0.31  -0.68  0.67  

6  1366.69  354.51  183.06  
   0.95  0.22  -0.22  
   -0.25  0.11  -0.96  
   -0.19  0.97  0.15  

9  1387.67  -365.22  154.48  
   0.91  -0.30  -0.29  
   0.33  0.08  0.94  
   -0.26  -0.95  0.17  

2  856.36  -39.29  578.64  
   0.68  -0.73  -0.04  
   0.73  0.68  0.00  
   0.02  -0.03  1.00  

4  1144.79  168.32  -37.95  
   0.70  -0.64  0.31  
   0.67  0.44  -0.60  
   0.25  0.63  0.74  

3  1252.39  -25.45  6.70  
   -0.52  -0.04  -0.85  
   -0.03  -1.00  0.06  
   -0.85  0.05  0.52  

5  1129.61  332.63  188.86  
   -0.39  0.11  0.91  
   -0.72  0.59  -0.38  
   -0.58  -0.80  -0.16  

6  1371.15  344.69  181.72  
   0.94  0.21  -0.26  
   -0.29  0.10  -0.95  
   -0.18  0.97  0.16  

7  1113.09  -206.28  -54.02  
   0.66  0.66  0.37  
   -0.69  0.33  0.65  
   0.31  -0.68  0.67  

8  1121.12  -371.03  166.99  
   -0.48  -0.18  0.86  
   0.67  0.55  0.50  
   -0.57  0.81  -0.14  

9  1393.92  -356.74  153.59  
   0.89  -0.29  -0.34  
   0.38  0.09  0.92  
   -0.24  -0.95  0.19  

2  856.36  -39.29  578.64  
   0.68  -0.73  -0.04  
   0.73  0.68  0.00  
   0.02  -0.03  1.00  

5  1133.62  336.20  186.18  
   -0.41  0.14  0.90  
   -0.71  0.58  -0.41  
   -0.58  -0.80  -0.14  

3  1252.39  -25.45  6.70  
   -0.52  -0.04  -0.85  
   -0.03  -1.00  0.06  
   -0.85  0.05  0.52  

4  1145.23  168.32  -37.50  
   0.71  -0.64  0.31  
   0.66  0.45  -0.60  
   0.24  0.63  0.74  

7  1113.09  -206.72  -54.47  
   0.66  0.66  0.37  
   -0.69  0.33  0.65  
   0.30  -0.68  0.67  

6  1375.62  336.65  183.06  
   0.93  0.20  -0.31  
   -0.33  0.10  -0.94  
   -0.16  0.97  0.16  

8  1127.82  -373.71  159.84  
   -0.50  -0.22  0.84  
   0.66  0.53  0.53  
   -0.56  0.82  -0.12  

9  1397.50  -347.36  151.36  
   0.87  -0.28  -0.40  
   0.44  0.10  0.89  
   -0.21  -0.95  0.21  

2  856.36  -39.29  578.64  
   0.68  -0.73  -0.04  
   0.73  0.68  0.00  
   0.02  -0.03  1.00  

5  1139.87  339.77  180.83  
   -0.43  0.19  0.88  
   -0.69  0.55  -0.46  
   -0.58  -0.81  -0.10  

4  1145.68  168.77  -37.50  
   0.71  -0.63  0.31  
   0.66  0.45  -0.60  
   0.24  0.63  0.74  

3  1251.94  -25.45  7.59  
   -0.52  -0.04  -0.85  
   -0.02  -1.00  0.06  
   -0.85  0.05  0.52  

6  1379.64  325.93  186.18  
   0.91  0.19  -0.37  
   -0.40  0.10  -0.91  
   -0.13  0.98  0.17  

7  1112.64  -206.28  -54.47  
   0.66  0.65  0.37  
   -0.69  0.34  0.65  
   0.30  -0.68  0.67  

9  1401.96  -328.61  159.84  
   0.84  -0.26  -0.48  
   0.52  0.11  0.85  
   -0.17  -0.96  0.22  

8  1132.73  -379.07  154.04  
   -0.52  -0.27  0.81  
   0.65  0.49  0.58  
   -0.55  0.83  -0.08  

2  856.36  -39.29  578.64  
   0.68  -0.73  -0.04  
   0.73  0.68  0.00  
   0.02  -0.03  1.00  

3  1251.50  -25.45  7.59  
   -0.52  -0.04  -0.85  
   -0.02  -1.00  0.06  
   -0.85  0.05  0.52  

4  1145.68  169.22  -37.50  
   0.71  -0.63  0.31  
   0.66  0.45  -0.60  
   0.24  0.63  0.74  

5  1144.79  344.24  175.47  
   -0.45  0.25  0.86  
   -0.68  0.52  -0.51  
   -0.58  -0.81  -0.07  

6  1384.10  311.20  188.42  
   0.88  0.17  -0.45  
   -0.47  0.11  -0.88  
   -0.10  0.98  0.18  

7  1112.64  -205.83  -54.47  
   0.67  0.65  0.36  
   -0.68  0.34  0.65  
   0.29  -0.68  0.67  

8  1138.09  -381.74  146.00  
   -0.54  -0.31  0.78  
   0.64  0.45  0.62  
   -0.54  0.84  -0.04  

9  1404.19  -313.43  162.97  
   0.80  -0.24  -0.55  
   0.59  0.12  0.80  
   -0.13  -0.96  0.24  

4  1145.68  169.66  -38.40  
   0.72  -0.63  0.30  
   0.66  0.46  -0.60  
   0.24  0.63  0.74  

2  856.36  -39.29  578.64  
   0.68  -0.73  -0.04  
   0.73  0.68  0.00  
   0.02  -0.03  1.00  

3  1251.50  -25.45  7.59  
   -0.52  -0.04  -0.85  
   -0.02  -1.00  0.06  
   -0.86  0.05  0.52  

5  1152.82  346.47  170.56  
   -0.47  0.31  0.82  
   -0.66  0.49  -0.57  
   -0.58  -0.81  -0.02  

6  1386.33  292.00  191.99  
   0.83  0.14  -0.53  
   -0.55  0.11  -0.83  
   -0.06  0.98  0.17  

8  1143.45  -384.42  143.77  
   -0.55  -0.35  0.76  
   0.63  0.42  0.65  
   -0.54  0.84  -0.01  

7  1112.64  -205.83  -54.47  
   0.67  0.64  0.36  
   -0.68  0.35  0.64  
   0.29  -0.68  0.67  

9  1404.19  -299.14  168.77  
   0.76  -0.23  -0.61  
   0.64  0.12  0.76  
   -0.10  -0.97  0.24  

2  856.36  -39.29  578.64  
   0.68  -0.73  -0.03  
   0.73  0.68  0.00  
   0.02  -0.03  1.00  

3  1251.05  -25.45  7.59  
   -0.52  -0.04  -0.86  
   -0.02  -1.00  0.06  
   -0.86  0.05  0.51  

4  1145.68  169.66  -37.50  
   0.72  -0.62  0.30  
   0.65  0.47  -0.60  
   0.23  0.63  0.74  

5  1160.86  350.49  165.20  
   -0.49  0.37  0.79  
   -0.64  0.45  -0.62  
   -0.58  -0.81  0.02  

8  1145.68  -388.44  137.52  
   -0.56  -0.38  0.73  
   0.62  0.38  0.68  
   -0.54  0.84  0.02  

6  1388.12  279.05  200.47  
   0.78  0.11  -0.61  
   -0.62  0.12  -0.78  
   -0.02  0.99  0.16  

7  1113.09  -205.83  -55.36  
   0.68  0.64  0.36  
   -0.68  0.35  0.64  
   0.28  -0.68  0.67  

9  1402.85  -287.54  173.24  
   0.72  -0.21  -0.67  
   0.70  0.13  0.71  
   -0.06  -0.97  0.23  

2  856.36  -39.29  578.64  
   0.68  -0.73  -0.04  
   0.73  0.68  0.00  
   0.02  -0.03  1.00  

4  1146.57  169.22  -38.40  
   0.73  -0.62  0.30  
   0.65  0.47  -0.60  
   0.23  0.63  0.74  

3  1250.60  -25.45  8.04  
   -0.52  -0.04  -0.85  
   -0.02  -1.00  0.06  
   -0.86  0.05  0.51  

6  1391.69  258.07  200.92  
   0.73  0.10  -0.68  
   -0.69  0.13  -0.72  
   0.01  0.99  0.16  

7  1113.09  -205.83  -55.36  
   0.68  0.64  0.36  
   -0.68  0.36  0.64  
   0.28  -0.68  0.68  

5  1168.90  355.40  162.07  
   -0.51  0.43  0.74  
   -0.63  0.41  -0.67  
   -0.59  -0.81  0.06  

8  1151.04  -388.44  133.95  
   -0.57  -0.42  0.70  
   0.61  0.35  0.71  
   -0.54  0.84  0.06  

9  1400.62  -273.69  180.38  
   0.67  -0.19  -0.72  
   0.74  0.13  0.66  
   -0.03  -0.97  0.23  

2  856.36  -39.29  578.64  
   0.68  -0.73  -0.04  
   0.73  0.68  0.00  
   0.02  -0.03  1.00  

4  1147.02  169.66  -38.40  
   0.73  -0.61  0.30  
   0.64  0.48  -0.60  
   0.22  0.63  0.75  

3  1250.60  -25.45  8.04  
   -0.52  -0.04  -0.85  
   -0.02  -1.00  0.06  
   -0.86  0.05  0.51  

6  1391.69  243.78  204.94  
   0.66  0.09  -0.74  
   -0.75  0.14  -0.65  
   0.05  0.99  0.16  

5  1179.17  355.40  155.38  
   -0.54  0.48  0.69  
   -0.60  0.35  -0.72  
   -0.59  -0.80  0.10  

7  1112.64  -206.28  -56.26  
   0.68  0.63  0.36  
   -0.68  0.37  0.64  
   0.27  -0.68  0.68  

8  1155.50  -388.89  130.82  
   -0.59  -0.45  0.67  
   0.60  0.32  0.73  
   -0.54  0.83  0.08  

9  1399.28  -265.21  181.27  
   0.63  -0.18  -0.76  
   0.78  0.13  0.61  
   -0.01  -0.97  0.23  

2  856.36  -39.29  578.64  
   0.68  -0.73  -0.04  
   0.73  0.68  0.00  
   0.02  -0.03  1.00  

3  1250.60  -25.45  8.04  
   -0.52  -0.04  -0.85  
   -0.02  -1.00  0.06  
   -0.86  0.05  0.51  

8  1162.20  -391.57  125.91  
   -0.60  -0.48  0.64  
   0.59  0.28  0.76  
   -0.54  0.83  0.11  

6  1392.58  225.03  205.38  
   0.60  0.09  -0.80  
   -0.80  0.15  -0.58  
   0.07  0.98  0.16  

5  1189.43  356.74  151.36  
   -0.56  0.52  0.64  
   -0.58  0.31  -0.75  
   -0.59  -0.80  0.13  

4  1148.36  169.22  -38.84  
   0.74  -0.61  0.29  
   0.64  0.49  -0.60  
   0.22  0.63  0.75  

7  1113.09  -206.28  -55.81  
   0.69  0.63  0.36  
   -0.67  0.37  0.64  
   0.27  -0.68  0.68  

9  1396.16  -250.92  189.31  
   0.57  -0.17  -0.80  
   0.82  0.14  0.56  
   0.02  -0.98  0.22  

2  855.91  -39.29  578.64  
   0.68  -0.73  -0.04  
   0.73  0.68  0.00  
   0.02  -0.03  1.00  

4  1149.25  168.77  -39.74  
   0.75  -0.60  0.29  
   0.63  0.50  -0.59  
   0.21  0.63  0.75  

3  1250.16  -25.90  8.48  
   -0.52  -0.05  -0.85  
   -0.02  -1.00  0.06  
   -0.86  0.05  0.51  

6  1393.03  209.40  208.51  
   0.54  0.09  -0.84  
   -0.84  0.16  -0.52  
   0.08  0.98  0.16  

5  1198.81  354.51  150.02  
   -0.59  0.55  0.60  
   -0.55  0.27  -0.79  
   -0.59  -0.79  0.15  

7  1113.09  -206.28  -56.26  
   0.69  0.62  0.36  
   -0.67  0.38  0.64  
   0.26  -0.68  0.68  

8  1169.79  -392.01  122.34  
   -0.62  -0.50  0.60  
   0.57  0.24  0.79  
   -0.54  0.83  0.13  

9  1395.71  -242.44  191.99  
   0.53  -0.16  -0.83  
   0.85  0.14  0.51  
   0.04  -0.98  0.21  

2  856.36  -39.29  578.64  
   0.68  -0.73  -0.04  
   0.73  0.68  0.00  
   0.02  -0.03  1.00  

3  1249.71  -25.90  8.48  
   -0.52  -0.05  -0.85  
   -0.02  -1.00  0.07  
   -0.86  0.05  0.51  

4  1149.70  168.32  -40.18  
   0.75  -0.59  0.29  
   0.63  0.50  -0.59  
   0.21  0.63  0.75  

5  1205.06  354.06  148.68  
   -0.60  0.56  0.57  
   -0.54  0.24  -0.81  
   -0.59  -0.79  0.16  

6  1392.14  200.92  211.63  
   0.50  0.08  -0.86  
   -0.86  0.16  -0.49  
   0.10  0.98  0.15  

8  1179.61  -388.89  121.44  
   -0.64  -0.53  0.56  
   0.54  0.21  0.81  
   -0.55  0.82  0.15  

7  1113.53  -206.28  -56.26  
   0.70  0.62  0.35  
   -0.66  0.39  0.64  
   0.26  -0.68  0.69  

9  1395.26  -229.05  197.35  
   0.48  -0.15  -0.86  
   0.88  0.15  0.46  
   0.06  -0.98  0.20  

2  855.91  -39.29  578.64  
   0.68  -0.73  -0.04  
   0.73  0.68  0.00  
   0.02  -0.03  1.00  

4  1149.70  168.32  -40.63  
   0.75  -0.59  0.29  
   0.62  0.51  -0.59  
   0.20  0.63  0.75  

3  1249.71  -26.34  8.93  
   -0.52  -0.05  -0.85  
   -0.02  -1.00  0.07  
   -0.86  0.05  0.51  

5  1211.76  353.62  146.89  
   -0.61  0.59  0.53  
   -0.52  0.21  -0.83  
   -0.60  -0.78  0.18  

6  1392.14  191.10  212.97  
   0.46  0.08  -0.89  
   -0.88  0.17  -0.44  
   0.12  0.98  0.15  

7  1114.43  -207.17  -56.70  
   0.71  0.61  0.35  
   -0.66  0.40  0.64  
   0.25  -0.68  0.69  

8  1183.63  -388.44  122.34  
   -0.65  -0.54  0.54  
   0.52  0.20  0.83  
   -0.55  0.82  0.15  

9  1396.16  -221.01  201.36  
   0.45  -0.15  -0.88  
   0.89  0.15  0.43  
   0.07  -0.98  0.20  

2  856.36  -39.29  578.64  
   0.68  -0.73  -0.04  
   0.73  0.68  0.00  
   0.02  -0.03  1.00  

3  1249.71  -25.90  8.93  
   -0.52  -0.05  -0.85  
   -0.02  -1.00  0.07  
   -0.86  0.05  0.51  

4  1150.14  169.22  -41.52  
   0.76  -0.58  0.29  
   0.62  0.52  -0.59  
   0.20  0.63  0.76  

6  1390.80  183.95  216.54  
   0.41  0.08  -0.91  
   -0.90  0.19  -0.39  
   0.14  0.98  0.15  

5  1217.56  354.96  143.77  
   -0.62  0.61  0.50  
   -0.51  0.17  -0.84  
   -0.60  -0.78  0.20  

7  1115.76  -206.72  -57.15  
   0.71  0.61  0.35  
   -0.66  0.41  0.64  
   0.25  -0.68  0.69  

8  1191.22  -383.98  121.44  
   -0.66  -0.56  0.50  
   0.50  0.17  0.85  
   -0.56  0.81  0.17  

9  1395.26  -212.08  203.60  
   0.41  -0.14  -0.90  
   0.91  0.15  0.39  
   0.08  -0.98  0.19  

2  856.36  -39.29  578.64  
   0.68  -0.73  -0.04  
   0.73  0.68  0.00  
   0.02  -0.03  1.00  

6  1388.12  183.95  224.14  
   0.39  0.08  -0.92  
   -0.91  0.20  -0.37  
   0.15  0.98  0.15  

5  1222.03  354.06  142.43  
   -0.62  0.62  0.48  
   -0.50  0.15  -0.85  
   -0.60  -0.77  0.22  

4  1150.59  169.22  -41.97  
   0.76  -0.58  0.29  
   0.62  0.52  -0.59  
   0.19  0.62  0.76  

3  1249.26  -25.45  8.93  
   -0.52  -0.05  -0.85  
   -0.02  -1.00  0.06  
   -0.86  0.05  0.51  

7  1117.10  -206.72  -57.15  
   0.72  0.60  0.34  
   -0.65  0.41  0.63  
   0.24  -0.68  0.69  

9  1392.58  -206.72  208.51  
   0.38  -0.14  -0.91  
   0.92  0.15  0.36  
   0.09  -0.98  0.18  

8  1192.56  -383.98  121.44  
   -0.66  -0.57  0.49  
   0.49  0.16  0.85  
   -0.57  0.80  0.18  

2  856.36  -39.29  578.64  
   0.68  -0.73  -0.04  
   0.73  0.68  0.00  
   0.02  -0.03  1.00  

4  1150.59  169.66  -41.97  
   0.76  -0.58  0.29  
   0.62  0.52  -0.58  
   0.19  0.63  0.76  

5  1224.71  353.62  142.88  
   -0.63  0.63  0.46  
   -0.49  0.14  -0.86  
   -0.60  -0.76  0.22  

3  1249.26  -25.00  8.93  
   -0.52  -0.05  -0.85  
   -0.02  -1.00  0.06  
   -0.86  0.05  0.52  

6  1387.23  180.38  225.92  
   0.37  0.09  -0.93  
   -0.92  0.20  -0.34  
   0.16  0.98  0.15  

8  1195.69  -384.42  120.10  
   -0.66  -0.59  0.46  
   0.48  0.14  0.86  
   -0.58  0.79  0.19  

7  1118.00  -206.28  -58.49  
   0.72  0.60  0.34  
   -0.65  0.42  0.63  
   0.24  -0.68  0.69  

9  1389.91  -201.81  212.53  
   0.36  -0.13  -0.92  
   0.93  0.15  0.34  
   0.10  -0.98  0.18  

2  856.36  -39.29  578.64  
   0.68  -0.73  -0.04  
   0.73  0.68  0.00  
   0.02  -0.03  1.00  

5  1225.15  352.72  142.43  
   -0.63  0.63  0.46  
   -0.49  0.13  -0.86  
   -0.60  -0.76  0.22  

4  1151.04  170.11  -41.97  
   0.76  -0.58  0.29  
   0.62  0.53  -0.58  
   0.18  0.63  0.76  

3  1249.26  -25.00  8.93  
   -0.52  -0.05  -0.85  
   -0.01  -1.00  0.06  
   -0.85  0.04  0.52  

6  1386.33  178.59  227.71  
   0.36  0.09  -0.93  
   -0.92  0.20  -0.34  
   0.16  0.97  0.15  

8  1196.13  -383.98  120.55  
   -0.66  -0.60  0.45  
   0.48  0.13  0.87  
   -0.58  0.79  0.20  

7  1118.44  -206.28  -58.49  
   0.73  0.60  0.34  
   -0.65  0.43  0.63  
   0.23  -0.68  0.69  

9  1386.78  -196.90  215.21  
   0.34  -0.14  -0.93  
   0.94  0.15  0.32  
   0.10  -0.98  0.18  

3  1248.82  -25.00  8.48  
   -0.52  -0.05  -0.85  
   -0.01  -1.00  0.06  
   -0.85  0.04  0.52  

2  856.36  -39.29  578.64  
   0.68  -0.73  -0.04  
   0.73  0.68  0.00  
   0.02  -0.03  1.00  

4  1150.59  171.00  -41.97  
   0.77  -0.57  0.29  
   0.62  0.53  -0.58  
   0.18  0.63  0.76  

5  1226.05  353.17  141.98  
   -0.63  0.64  0.45  
   -0.49  0.13  -0.86  
   -0.61  -0.76  0.23  

8  1196.13  -383.53  120.55  
   -0.65  -0.61  0.45  
   0.47  0.13  0.87  
   -0.59  0.78  0.20  

7  1118.44  -206.28  -58.94  
   0.73  0.59  0.34  
   -0.65  0.43  0.63  
   0.23  -0.68  0.70  

6  1385.44  176.81  227.71  
   0.35  0.09  -0.93  
   -0.92  0.21  -0.32  
   0.16  0.97  0.16  

9  1384.99  -195.56  214.76  
   0.33  -0.15  -0.93  
   0.94  0.15  0.31  
   0.10  -0.98  0.19  

2  856.36  -39.29  578.64  
   0.68  -0.73  -0.04  
   0.73  0.68  0.00  
   0.02  -0.03  1.00  

4  1150.14  171.45  -41.97  
   0.77  -0.57  0.30  
   0.62  0.53  -0.58  
   0.17  0.63  0.76  

3  1248.37  -23.66  8.04  
   -0.52  -0.04  -0.85  
   -0.01  -1.00  0.06  
   -0.85  0.04  0.52  

5  1226.94  353.62  141.54  
   -0.63  0.64  0.44  
   -0.48  0.13  -0.87  
   -0.61  -0.76  0.23  

7  1117.55  -205.38  -58.49  
   0.73  0.59  0.34  
   -0.65  0.43  0.63  
   0.23  -0.68  0.70  

6  1384.55  177.25  228.60  
   0.34  0.09  -0.93  
   -0.92  0.21  -0.32  
   0.16  0.97  0.16  

9  1384.10  -193.77  215.21  
   0.33  -0.15  -0.93  
   0.94  0.15  0.30  
   0.10  -0.98  0.19  

8  1196.13  -383.53  121.00  
   -0.65  -0.61  0.45  
   0.47  0.13  0.87  
   -0.59  0.78  0.20  

2  856.36  -39.29  578.64  
   0.68  -0.73  -0.04  
   0.73  0.68  0.00  
   0.02  -0.03  1.00  

3  1248.37  -24.11  7.59  
   -0.52  -0.04  -0.85  
   -0.01  -1.00  0.06  
   -0.85  0.04  0.52  

4  1149.70  171.00  -42.42  
   0.77  -0.57  0.30  
   0.62  0.53  -0.58  
   0.17  0.63  0.76  

6  1383.21  176.36  229.05  
   0.34  0.09  -0.94  
   -0.93  0.21  -0.32  
   0.16  0.97  0.15  

5  1226.05  353.17  141.54  
   -0.63  0.64  0.44  
   -0.48  0.13  -0.87  
   -0.61  -0.76  0.23  

8  1196.58  -383.08  121.44  
   -0.65  -0.61  0.44  
   0.47  0.13  0.87  
   -0.59  0.78  0.20  

7  1117.55  -206.28  -59.38  
   0.73  0.59  0.35  
   -0.65  0.43  0.63  
   0.22  -0.68  0.69  

9  1383.66  -192.88  215.21  
   0.32  -0.15  -0.93  
   0.94  0.15  0.30  
   0.10  -0.98  0.19  

2  856.36  -39.29  578.64  
   0.68  -0.73  -0.04  
   0.73  0.68  0.00  
   0.02  -0.03  1.00  

3  1248.37  -24.11  6.70  
   -0.52  -0.04  -0.85  
   -0.02  -1.00  0.06  
   -0.85  0.04  0.52  

4  1149.70  171.45  -42.42  
   0.77  -0.57  0.30  
   0.62  0.53  -0.58  
   0.17  0.63  0.76  

5  1226.49  353.17  141.98  
   -0.63  0.64  0.44  
   -0.48  0.13  -0.87  
   -0.61  -0.76  0.23  

7  1117.55  -206.28  -59.83  
   0.73  0.59  0.35  
   -0.65  0.43  0.63  
   0.22  -0.68  0.69  

8  1197.02  -382.19  121.44  
   -0.65  -0.62  0.44  
   0.47  0.13  0.88  
   -0.60  0.78  0.20  

6  1383.66  175.91  229.05  
   0.34  0.09  -0.94  
   -0.93  0.21  -0.32  
   0.16  0.97  0.15  

9  1383.66  -191.99  215.65  
   0.32  -0.15  -0.93  
   0.94  0.15  0.30  
   0.10  -0.98  0.19  

2  856.36  -39.74  578.64  
   0.68  -0.73  -0.04  
   0.73  0.68  0.00  
   0.02  -0.03  1.00  

3  1248.82  -23.66  6.70  
   -0.53  -0.04  -0.85  
   -0.02  -1.00  0.06  
   -0.85  0.04  0.52  

5  1226.49  353.17  141.54  
   -0.63  0.64  0.44  
   -0.48  0.13  -0.87  
   -0.61  -0.76  0.23  

4  1149.70  171.00  -43.31  
   0.77  -0.57  0.30  
   0.62  0.53  -0.58  
   0.17  0.63  0.76  

6  1383.21  176.36  229.05  
   0.34  0.09  -0.94  
   -0.93  0.21  -0.32  
   0.16  0.97  0.15  

7  1118.00  -206.28  -59.83  
   0.73  0.59  0.35  
   -0.65  0.43  0.63  
   0.22  -0.69  0.69  

9  1383.66  -191.99  215.65  
   0.32  -0.15  -0.93  
   0.94  0.15  0.30  
   0.10  -0.98  0.19  

8  1196.58  -382.19  121.89  
   -0.65  -0.62  0.44  
   0.47  0.13  0.88  
   -0.60  0.78  0.20  

2  856.36  -39.29  578.20  
   0.68  -0.73  -0.04  
   0.73  0.68  0.00  
   0.02  -0.03  1.00  

3  1248.37  -23.66  6.70  
   -0.53  -0.04  -0.85  
   -0.02  -1.00  0.06  
   -0.85  0.04  0.52  

4  1149.70  171.45  -43.31  
   0.77  -0.57  0.31  
   0.62  0.53  -0.58  
   0.17  0.63  0.76  

5  1226.49  353.17  141.54  
   -0.63  0.64  0.44  
   -0.48  0.13  -0.87  
   -0.61  -0.76  0.23  

6  1383.66  175.02  228.60  
   0.34  0.09  -0.94  
   -0.93  0.20  -0.32  
   0.16  0.97  0.15  

8  1196.58  -381.74  122.34  
   -0.65  -0.62  0.44  
   0.46  0.13  0.88  
   -0.60  0.78  0.20  

7  1118.00  -206.28  -59.83  
   0.73  0.59  0.35  
   -0.65  0.43  0.63  
   0.22  -0.69  0.69  

9  1383.21  -191.54  215.65  
   0.32  -0.15  -0.93  
   0.94  0.15  0.30  
   0.10  -0.98  0.19  

2  856.36  -39.29  578.64  
   0.68  -0.73  -0.04  
   0.73  0.68  0.00  
   0.02  -0.03  1.00  

3  1248.82  -23.66  6.25  
   -0.53  -0.04  -0.85  
   -0.02  -1.00  0.06  
   -0.85  0.04  0.52  

6  1384.10  175.02  228.60  
   0.34  0.09  -0.94  
   -0.93  0.20  -0.32  
   0.16  0.97  0.16  

5  1226.49  352.28  141.98  
   -0.63  0.64  0.44  
   -0.48  0.13  -0.87  
   -0.61  -0.76  0.23  

4  1149.70  171.45  -42.86  
   0.77  -0.57  0.31  
   0.62  0.53  -0.58  
   0.17  0.63  0.76  

8  1196.58  -382.19  121.89  
   -0.65  -0.62  0.44  
   0.46  0.13  0.88  
   -0.60  0.78  0.20  

9  1383.21  -191.99  215.65  
   0.32  -0.15  -0.93  
   0.94  0.15  0.30  
   0.09  -0.98  0.19  

7  1117.55  -206.28  -59.38  
   0.73  0.59  0.35  
   -0.65  0.43  0.63  
   0.22  -0.69  0.69  

2  856.36  -39.29  578.64  
   0.68  -0.73  -0.04  
   0.73  0.68  0.00  
   0.02  -0.03  1.00  

4  1149.25  171.45  -42.86  
   0.77  -0.56  0.31  
   0.62  0.53  -0.58  
   0.17  0.63  0.75  

3  1248.82  -23.66  6.25  
   -0.53  -0.04  -0.85  
   -0.02  -1.00  0.06  
   -0.85  0.04  0.52  

5  1226.05  351.83  142.88  
   -0.63  0.64  0.45  
   -0.48  0.13  -0.87  
   -0.61  -0.76  0.22  

6  1384.55  175.02  228.60  
   0.34  0.10  -0.93  
   -0.93  0.20  -0.32  
   0.16  0.97  0.16  

7  1117.55  -206.72  -59.38  
   0.73  0.59  0.35  
   -0.65  0.43  0.63  
   0.22  -0.69  0.69  

8  1196.58  -381.30  121.89  
   -0.65  -0.61  0.44  
   0.46  0.13  0.88  
   -0.60  0.78  0.20  

9  1383.66  -191.54  215.21  
   0.32  -0.15  -0.93  
   0.94  0.15  0.30  
   0.09  -0.98  0.19  

2  856.36  -39.29  578.64  
   0.68  -0.73  -0.04  
   0.73  0.68  0.00  
   0.02  -0.03  1.00  

3  1248.82  -23.66  6.70  
   -0.52  -0.04  -0.85  
   -0.02  -1.00  0.06  
   -0.85  0.04  0.52  

4  1149.70  171.45  -42.86  
   0.77  -0.56  0.31  
   0.62  0.53  -0.58  
   0.17  0.64  0.75  

6  1384.99  175.47  226.81  
   0.35  0.10  -0.93  
   -0.92  0.20  -0.32  
   0.16  0.97  0.16  

5  1226.05  351.38  143.32  
   -0.63  0.63  0.45  
   -0.48  0.14  -0.86  
   -0.61  -0.76  0.22  

7  1117.10  -206.28  -59.83  
   0.73  0.59  0.35  
   -0.65  0.43  0.63  
   0.22  -0.69  0.69  

8  1196.58  -381.74  122.34  
   -0.65  -0.61  0.44  
   0.47  0.14  0.87  
   -0.60  0.78  0.20  

9  1383.66  -191.54  215.21  
   0.33  -0.15  -0.93  
   0.94  0.15  0.30  
   0.09  -0.98  0.19  

2  856.36  -39.29  578.64  
   0.68  -0.73  -0.04  
   0.73  0.68  0.00  
   0.02  -0.03  1.00  

4  1149.70  171.45  -41.97  
   0.77  -0.57  0.30  
   0.62  0.52  -0.59  
   0.17  0.64  0.75  

3  1248.82  -23.66  7.14  
   -0.52  -0.04  -0.85  
   -0.02  -1.00  0.06  
   -0.85  0.04  0.52  

5  1224.71  350.49  145.11  
   -0.63  0.62  0.47  
   -0.49  0.15  -0.86  
   -0.61  -0.77  0.21  

6  1386.78  177.25  224.14  
   0.37  0.11  -0.92  
   -0.92  0.20  -0.34  
   0.15  0.97  0.18  

7  1116.66  -206.28  -59.38  
   0.72  0.59  0.35  
   -0.65  0.42  0.63  
   0.23  -0.69  0.69  

9  1385.89  -193.77  212.97  
   0.35  -0.16  -0.93  
   0.93  0.14  0.33  
   0.08  -0.98  0.19  

8  1192.56  -379.96  125.02  
   -0.65  -0.60  0.46  
   0.47  0.16  0.87  
   -0.60  0.78  0.18  

2  856.36  -39.29  578.64  
   0.68  -0.73  -0.04  
   0.73  0.68  0.00  
   0.02  -0.03  1.00  

3  1249.26  -24.11  7.14  
   -0.52  -0.04  -0.86  
   -0.02  -1.00  0.06  
   -0.86  0.04  0.52  

4  1150.14  171.00  -41.52  
   0.77  -0.57  0.30  
   0.62  0.52  -0.59  
   0.18  0.64  0.75  

5  1222.03  350.94  147.34  
   -0.62  0.61  0.49  
   -0.50  0.17  -0.85  
   -0.60  -0.77  0.20  

6  1389.91  179.93  225.47  
   0.40  0.11  -0.91  
   -0.91  0.19  -0.37  
   0.14  0.97  0.18  

7  1117.10  -206.28  -59.38  
   0.72  0.60  0.35  
   -0.65  0.42  0.63  
   0.23  -0.69  0.69  

8  1188.54  -381.74  127.69  
   -0.65  -0.58  0.49  
   0.48  0.18  0.86  
   -0.59  0.79  0.16  

9  1389.46  -200.03  208.95  
   0.39  -0.15  -0.91  
   0.92  0.13  0.37  
   0.06  -0.98  0.19  

2  856.36  -39.29  578.64  
   0.68  -0.73  -0.04  
   0.73  0.68  0.00  
   0.02  -0.03  1.00  

3  1249.26  -24.11  7.14  
   -0.52  -0.04  -0.86  
   -0.02  -1.00  0.06  
   -0.86  0.05  0.51  

4  1150.14  170.11  -41.08  
   0.77  -0.57  0.30  
   0.62  0.52  -0.59  
   0.18  0.64  0.75  

6  1392.58  185.29  221.46  
   0.43  0.12  -0.90  
   -0.89  0.19  -0.40  
   0.13  0.97  0.19  

5  1218.90  348.70  149.13  
   -0.62  0.60  0.51  
   -0.51  0.19  -0.84  
   -0.60  -0.78  0.18  

7  1115.76  -207.17  -58.04  
   0.72  0.60  0.35  
   -0.65  0.41  0.64  
   0.24  -0.69  0.69  

9  1393.48  -209.85  205.38  
   0.43  -0.16  -0.89  
   0.90  0.12  0.42  
   0.03  -0.98  0.20  

8  1183.63  -382.64  131.27  
   -0.64  -0.56  0.53  
   0.50  0.22  0.84  
   -0.59  0.80  0.13  

2  856.36  -39.29  578.64  
   0.68  -0.73  -0.03  
   0.73  0.68  0.00  
   0.02  -0.03  1.00  

4  1150.14  169.66  -40.63  
   0.76  -0.57  0.30  
   0.62  0.51  -0.59  
   0.19  0.64  0.75  

3  1249.26  -24.56  7.59  
   -0.52  -0.04  -0.86  
   -0.02  -1.00  0.06  
   -0.86  0.05  0.51  

5  1212.65  348.26  152.25  
   -0.61  0.57  0.55  
   -0.53  0.24  -0.82  
   -0.60  -0.79  0.16  

6  1396.60  192.88  217.44  
   0.48  0.13  -0.87  
   -0.87  0.19  -0.46  
   0.10  0.97  0.20  

7  1115.76  -207.17  -56.26  
   0.71  0.61  0.35  
   -0.66  0.39  0.64  
   0.25  -0.69  0.68  

9  1398.84  -221.46  199.13  
   0.51  -0.18  -0.84  
   0.86  0.09  0.50  
   -0.01  -0.98  0.20  

8  1176.93  -379.51  141.09  
   -0.63  -0.52  0.58  
   0.51  0.29  0.81  
   -0.59  0.81  0.08  

2  856.36  -39.29  578.64  
   0.68  -0.73  -0.04  
   0.73  0.68  0.00  
   0.02  -0.03  1.00  

3  1249.26  -25.00  7.59  
   -0.51  -0.04  -0.86  
   -0.02  -1.00  0.06  
   -0.86  0.05  0.51  

4  1150.14  169.22  -40.18  
   0.76  -0.58  0.30  
   0.62  0.51  -0.60  
   0.20  0.64  0.74  

5  1205.51  350.04  156.72  
   -0.59  0.53  0.61  
   -0.55  0.28  -0.79  
   -0.59  -0.80  0.13  

6  1399.73  207.62  215.21  
   0.54  0.14  -0.83  
   -0.83  0.18  -0.52  
   0.08  0.97  0.21  

7  1115.32  -207.17  -54.92  
   0.71  0.61  0.35  
   -0.66  0.38  0.65  
   0.26  -0.69  0.67  

8  1168.90  -378.62  146.00  
   -0.62  -0.47  0.63  
   0.53  0.35  0.77  
   -0.58  0.81  0.04  

9  1405.09  -235.74  190.65  
   0.58  -0.21  -0.79  
   0.82  0.08  0.57  
   -0.06  -0.98  0.21  

2  856.36  -39.29  578.64  
   0.68  -0.73  -0.04  
   0.73  0.68  0.00  
   0.02  -0.03  1.00  

5  1197.02  349.15  158.95  
   -0.57  0.49  0.65  
   -0.57  0.33  -0.75  
   -0.58  -0.81  0.09  

3  1249.26  -25.00  7.59  
   -0.51  -0.04  -0.86  
   -0.02  -1.00  0.06  
   -0.86  0.05  0.51  

4  1150.14  169.22  -39.29  
   0.76  -0.58  0.30  
   0.62  0.50  -0.60  
   0.20  0.64  0.74  

6  1401.07  222.35  208.95  
   0.61  0.15  -0.78  
   -0.79  0.18  -0.58  
   0.05  0.97  0.23  

8  1160.86  -374.15  154.04  
   -0.60  -0.41  0.69  
   0.55  0.41  0.73  
   -0.58  0.81  -0.02  

7  1115.32  -207.17  -54.47  
   0.70  0.62  0.36  
   -0.66  0.37  0.65  
   0.27  -0.69  0.67  

9  1409.10  -252.26  183.06  
   0.65  -0.23  -0.73  
   0.76  0.06  0.65  
   -0.11  -0.97  0.21  

2  856.36  -39.29  578.64  
   0.68  -0.73  -0.04  
   0.73  0.68  0.00  
   0.02  -0.03  1.00  

4  1149.70  169.22  -38.84  
   0.75  -0.59  0.30  
   0.63  0.49  -0.60  
   0.21  0.64  0.74  

3  1249.71  -25.45  7.59  
   -0.51  -0.04  -0.86  
   -0.02  -1.00  0.06  
   -0.86  0.05  0.51  

5  1190.33  346.92  163.41  
   -0.56  0.45  0.70  
   -0.60  0.37  -0.71  
   -0.58  -0.81  0.06  

8  1152.82  -374.60  157.16  
   -0.58  -0.36  0.73  
   0.58  0.45  0.68  
   -0.58  0.81  -0.06  

6  1404.19  235.74  204.04  
   0.67  0.17  -0.72  
   -0.74  0.18  -0.64  
   0.02  0.97  0.25  

7  1115.32  -207.17  -53.58  
   0.69  0.62  0.36  
   -0.66  0.36  0.65  
   0.28  -0.69  0.67  

9  1410.00  -273.69  175.47  
   0.71  -0.25  -0.66  
   0.69  0.06  0.72  
   -0.14  -0.97  0.21  

4  1149.70  168.77  -38.84  
   0.75  -0.60  0.30  
   0.63  0.48  -0.61  
   0.22  0.64  0.74  

3  1249.71  -25.45  8.04  
   -0.51  -0.04  -0.86  
   -0.02  -1.00  0.06  
   -0.86  0.05  0.51  

2  856.36  -39.29  578.20  
   0.68  -0.73  -0.04  
   0.73  0.68  0.00  
   0.02  -0.03  1.00  

6  1402.41  256.28  200.03  
   0.74  0.18  -0.65  
   -0.67  0.18  -0.72  
   -0.02  0.97  0.26  

5  1178.72  347.81  170.56  
   -0.53  0.39  0.76  
   -0.62  0.43  -0.65  
   -0.58  -0.82  0.01  

8  1147.02  -372.37  161.63  
   -0.56  -0.32  0.76  
   0.60  0.49  0.64  
   -0.58  0.81  -0.08  

9  1410.00  -286.64  172.79  
   0.76  -0.26  -0.60  
   0.63  0.07  0.77  
   -0.16  -0.96  0.21  

7  1115.32  -207.17  -53.58  
   0.69  0.63  0.36  
   -0.67  0.36  0.66  
   0.29  -0.69  0.66  

2  855.91  -39.29  578.64  
   0.68  -0.73  -0.04  
   0.73  0.68  0.00  
   0.02  -0.03  1.00  

3  1249.71  -25.45  8.48  
   -0.51  -0.04  -0.86  
   -0.02  -1.00  0.06  
   -0.86  0.05  0.51  

5  1171.58  343.35  175.47  
   -0.51  0.34  0.79  
   -0.64  0.47  -0.61  
   -0.58  -0.82  -0.02  

4  1148.80  168.77  -37.95  
   0.74  -0.60  0.30  
   0.63  0.48  -0.61  
   0.22  0.64  0.73  

6  1403.75  270.57  194.67  
   0.79  0.20  -0.57  
   -0.61  0.18  -0.78  
   -0.05  0.96  0.26  

7  1114.87  -207.17  -53.13  
   0.68  0.63  0.36  
   -0.67  0.35  0.66  
   0.29  -0.69  0.66  

8  1139.87  -371.92  165.20  
   -0.54  -0.27  0.80  
   0.62  0.52  0.59  
   -0.57  0.81  -0.11  

9  1408.66  -308.97  168.77  
   0.81  -0.27  -0.52  
   0.56  0.07  0.83  
   -0.18  -0.96  0.21  

2  856.36  -39.29  578.64  
   0.68  -0.73  -0.04  
   0.73  0.68  0.00  
   0.02  -0.03  1.00  

3  1249.71  -25.90  8.04  
   -0.51  -0.04  -0.86  
   -0.02  -1.00  0.06  
   -0.86  0.05  0.51  

4  1148.80  168.77  -37.50  
   0.74  -0.61  0.30  
   0.64  0.47  -0.61  
   0.23  0.64  0.73  

5  1162.20  338.88  183.51  
   -0.48  0.26  0.84  
   -0.66  0.52  -0.54  
   -0.58  -0.81  -0.08  

6  1399.73  291.11  190.65  
   0.86  0.22  -0.47  
   -0.51  0.17  -0.85  
   -0.11  0.96  0.26  

7  1114.87  -207.62  -53.58  
   0.68  0.64  0.36  
   -0.67  0.34  0.66  
   0.30  -0.69  0.66  

9  1406.43  -324.59  163.41  
   0.85  -0.28  -0.44  
   0.48  0.07  0.87  
   -0.22  -0.96  0.20  

8  1134.52  -366.56  170.11  
   -0.52  -0.22  0.83  
   0.63  0.55  0.54  
   -0.58  0.80  -0.15  

2  856.36  -39.29  578.64  
   0.68  -0.73  -0.04  
   0.73  0.68  0.00  
   0.02  -0.03  1.00  

4  1148.36  169.22  -36.17  
   0.73  -0.62  0.30  
   0.64  0.46  -0.61  
   0.24  0.64  0.73  

3  1249.71  -25.90  8.48  
   -0.51  -0.04  -0.86  
   -0.02  -1.00  0.06  
   -0.86  0.05  0.51  

6  1393.03  311.65  187.97  
   0.90  0.23  -0.37  
   -0.41  0.17  -0.90  
   -0.15  0.96  0.25  

5  1151.93  334.42  190.65  
   -0.44  0.19  0.88  
   -0.68  0.56  -0.47  
   -0.58  -0.81  -0.12  

7  1114.87  -207.62  -53.13  
   0.68  0.64  0.36  
   -0.67  0.34  0.66  
   0.30  -0.69  0.66  

8  1130.05  -364.33  175.02  
   -0.50  -0.17  0.85  
   0.65  0.58  0.49  
   -0.58  0.80  -0.17  

9  1401.96  -346.03  158.06  
   0.88  -0.30  -0.36  
   0.40  0.07  0.91  
   -0.25  -0.95  0.19  

4  1147.46  168.77  -36.17  
   0.72  -0.62  0.30  
   0.65  0.45  -0.61  
   0.25  0.64  0.73  

2  856.36  -39.29  578.64  
   0.68  -0.73  -0.04  
   0.73  0.68  0.00  
   0.02  -0.03  1.00  

3  1250.16  -25.90  8.48  
   -0.51  -0.04  -0.86  
   -0.02  -1.00  0.06  
   -0.86  0.05  0.51  

5  1144.79  329.95  193.33  
   -0.42  0.14  0.90  
   -0.70  0.58  -0.42  
   -0.58  -0.80  -0.15  

6  1386.78  331.29  185.29  
   0.93  0.23  -0.28  
   -0.33  0.18  -0.93  
   -0.17  0.95  0.25  

8  1125.59  -360.31  177.70  
   -0.48  -0.11  0.87  
   0.67  0.60  0.44  
   -0.57  0.79  -0.21  

7  1114.87  -207.62  -53.13  
   0.67  0.65  0.36  
   -0.67  0.33  0.66  
   0.30  -0.69  0.66  

9  1397.94  -361.21  148.68  
   0.90  -0.33  -0.29  
   0.33  0.07  0.94  
   -0.29  -0.94  0.18  

2  856.36  -39.29  578.64  
   0.68  -0.73  -0.04  
   0.73  0.68  0.00  
   0.02  -0.03  1.00  

4  1147.02  169.66  -35.72  
   0.72  -0.63  0.30  
   0.65  0.45  -0.61  
   0.25  0.64  0.73  

3  1250.16  -25.90  8.48  
   -0.51  -0.04  -0.86  
   -0.02  -1.00  0.06  
   -0.86  0.04  0.51  

5  1138.09  329.95  196.01  
   -0.39  0.09  0.91  
   -0.72  0.59  -0.36  
   -0.57  -0.80  -0.17  

6  1380.53  349.15  188.42  
   0.95  0.22  -0.20  
   -0.25  0.19  -0.95  
   -0.17  0.95  0.24  

7  1115.32  -207.17  -53.13  
   0.67  0.65  0.36  
   -0.68  0.33  0.66  
   0.31  -0.69  0.66  

9  1391.25  -375.05  146.00  
   0.91  -0.34  -0.22  
   0.26  0.07  0.96  
   -0.32  -0.94  0.16  

8  1119.34  -358.97  179.93  
   -0.45  -0.06  0.89  
   0.69  0.61  0.39  
   -0.57  0.79  -0.23  

2  856.36  -39.29  578.64  
   0.68  -0.73  -0.04  
   0.73  0.68  0.00  
   0.02  -0.03  1.00  

5  1134.52  325.93  200.47  
   -0.37  0.04  0.93  
   -0.73  0.60  -0.32  
   -0.57  -0.80  -0.20  

3  1250.60  -25.90  8.04  
   -0.51  -0.04  -0.86  
   -0.02  -1.00  0.06  
   -0.86  0.04  0.51  

4  1146.13  169.66  -35.72  
   0.71  -0.63  0.30  
   0.65  0.44  -0.61  
   0.25  0.64  0.73  

6  1374.73  369.69  188.86  
   0.97  0.22  -0.11  
   -0.15  0.21  -0.97  
   -0.19  0.95  0.23  

7  1114.87  -206.72  -54.02  
   0.67  0.65  0.37  
   -0.68  0.33  0.66  
   0.31  -0.68  0.66  

9  1381.42  -399.60  136.18  
   0.92  -0.37  -0.13  
   0.18  0.09  0.98  
   -0.35  -0.93  0.15  

8  1112.64  -356.74  180.83  
   -0.43  -0.02  0.90  
   0.70  0.62  0.35  
   -0.57  0.78  -0.25  

2  856.36  -39.29  578.64  
   0.68  -0.73  -0.04  
   0.73  0.68  0.00  
   0.02  -0.03  1.00  

3  1250.60  -25.00  8.48  
   -0.51  -0.04  -0.86  
   -0.02  -1.00  0.05  
   -0.86  0.04  0.51  

4  1145.68  170.11  -35.72  
   0.71  -0.63  0.31  
   0.65  0.44  -0.61  
   0.25  0.64  0.73  

5  1129.16  323.70  203.60  
   -0.35  -0.02  0.94  
   -0.74  0.61  -0.27  
   -0.57  -0.79  -0.23  

6  1366.24  387.55  187.52  
   0.98  0.21  -0.02  
   -0.07  0.21  -0.98  
   -0.20  0.95  0.22  

8  1107.73  -353.62  183.95  
   -0.39  0.03  0.92  
   0.72  0.63  0.28  
   -0.57  0.78  -0.27  

7  1114.87  -206.28  -53.58  
   0.66  0.65  0.37  
   -0.68  0.32  0.65  
   0.31  -0.68  0.66  

9  1370.71  -414.34  135.73  
   0.93  -0.38  -0.04  
   0.08  0.10  0.99  
   -0.37  -0.92  0.12  

2  856.36  -39.29  578.64  
   0.68  -0.73  -0.04  
   0.73  0.68  0.00  
   0.02  -0.03  1.00  

5  1123.80  316.56  208.51  
   -0.32  -0.08  0.94  
   -0.75  0.62  -0.21  
   -0.57  -0.78  -0.26  

3  1250.60  -24.56  8.04  
   -0.52  -0.03  -0.86  
   -0.02  -1.00  0.05  
   -0.86  0.04  0.51  

4  1144.79  170.11  -35.72  
   0.71  -0.64  0.31  
   0.66  0.44  -0.61  
   0.26  0.64  0.73  

6  1353.74  403.62  187.08  
   0.97  0.22  0.07  
   0.03  0.20  -0.98  
   -0.23  0.95  0.19  

7  1113.98  -206.72  -54.92  
   0.65  0.66  0.37  
   -0.69  0.32  0.65  
   0.31  -0.68  0.66  

9  1354.19  -440.23  130.82  
   0.92  -0.39  0.07  
   -0.02  0.12  0.99  
   -0.40  -0.91  0.10  

8  1101.03  -350.04  185.74  
   -0.35  0.09  0.93  
   0.74  0.64  0.22  
   -0.57  0.77  -0.29  

2  856.36  -39.29  578.64  
   0.68  -0.73  -0.04  
   0.73  0.68  0.00  
   0.02  -0.03  1.00  

4  1144.79  169.22  -36.17  
   0.70  -0.65  0.31  
   0.66  0.43  -0.62  
   0.27  0.63  0.73  

3  1251.05  -25.00  7.14  
   -0.52  -0.03  -0.85  
   -0.02  -1.00  0.05  
   -0.85  0.04  0.52  

5  1115.32  308.97  214.76  
   -0.28  -0.15  0.95  
   -0.77  0.63  -0.12  
   -0.58  -0.76  -0.29  

6  1334.10  424.16  187.52  
   0.95  0.23  0.19  
   0.15  0.19  -0.97  
   -0.26  0.95  0.15  

7  1114.43  -205.83  -54.92  
   0.64  0.67  0.37  
   -0.69  0.31  0.65  
   0.32  -0.68  0.66  

8  1092.10  -341.56  190.65  
   -0.31  0.14  0.94  
   0.75  0.64  0.15  
   -0.58  0.75  -0.31  

9  1334.54  -458.54  131.71  
   0.90  -0.40  0.17  
   -0.13  0.13  0.98  
   -0.41  -0.91  0.07  

2  856.36  -39.29  578.64  
   0.68  -0.73  -0.04  
   0.73  0.68  0.00  
   0.02  -0.03  1.00  

4  1144.34  168.77  -36.61  
   0.69  -0.66  0.31  
   0.67  0.42  -0.61  
   0.27  0.63  0.73  

3  1252.39  -25.00  5.80  
   -0.53  -0.03  -0.85  
   -0.02  -1.00  0.04  
   -0.85  0.04  0.52  

5  1106.39  303.61  215.65  
   -0.23  -0.23  0.95  
   -0.78  0.62  -0.04  
   -0.58  -0.75  -0.32  

6  1313.56  444.70  187.97  
   0.92  0.23  0.30  
   0.26  0.18  -0.95  
   -0.28  0.95  0.11  

7  1113.53  -206.72  -54.47  
   0.63  0.68  0.38  
   -0.71  0.29  0.65  
   0.33  -0.67  0.66  

9  1308.65  -484.88  133.95  
   0.88  -0.39  0.28  
   -0.24  0.16  0.96  
   -0.42  -0.91  0.05  

8  1082.28  -338.44  191.10  
   -0.25  0.20  0.95  
   0.77  0.64  0.07  
   -0.59  0.75  -0.31  

2  856.36  -39.29  578.64  
   0.68  -0.73  -0.04  
   0.73  0.68  0.00  
   0.02  -0.03  1.00  

3  1253.73  -25.90  4.02  
   -0.53  -0.03  -0.85  
   -0.02  -1.00  0.05  
   -0.85  0.04  0.53  

4  1144.79  167.43  -38.84  
   0.68  -0.66  0.31  
   0.68  0.41  -0.61  
   0.28  0.62  0.73  

5  1101.03  298.70  216.54  
   -0.18  -0.28  0.94  
   -0.79  0.61  0.03  
   -0.58  -0.74  -0.33  

6  1294.80  463.90  188.86  
   0.89  0.23  0.40  
   0.37  0.18  -0.91  
   -0.28  0.96  0.07  

7  1112.19  -206.28  -57.60  
   0.61  0.69  0.38  
   -0.72  0.28  0.64  
   0.33  -0.66  0.67  

9  1287.66  -500.96  132.16  
   0.85  -0.38  0.37  
   -0.33  0.17  0.93  
   -0.42  -0.91  0.02  

8  1072.90  -333.52  190.20  
   -0.20  0.24  0.95  
   0.78  0.63  0.01  
   -0.60  0.74  -0.31  

2  856.36  -39.29  578.64  
   0.68  -0.73  -0.04  
   0.73  0.68  0.00  
   0.02  -0.03  1.00  

4  1146.57  166.99  -39.29  
   0.67  -0.67  0.31  
   0.68  0.41  -0.60  
   0.28  0.61  0.74  

3  1255.07  -26.34  4.02  
   -0.53  -0.03  -0.85  
   -0.02  -1.00  0.05  
   -0.85  0.05  0.53  

6  1276.95  478.18  193.33  
   0.85  0.21  0.48  
   0.46  0.16  -0.88  
   -0.26  0.96  0.04  

5  1097.46  295.13  216.10  
   -0.15  -0.32  0.93  
   -0.80  0.60  0.07  
   -0.58  -0.73  -0.35  

7  1111.30  -204.94  -58.04  
   0.59  0.70  0.39  
   -0.73  0.27  0.63  
   0.33  -0.66  0.68  

8  1064.42  -331.29  188.42  
   -0.16  0.27  0.95  
   0.79  0.62  -0.04  
   -0.60  0.74  -0.31  

9  1267.57  -515.69  135.73  
   0.82  -0.36  0.43  
   -0.39  0.18  0.90  
   -0.41  -0.91  0.01  

2  856.36  -39.29  578.64  
   0.68  -0.73  -0.04  
   0.73  0.68  0.00  
   0.02  -0.03  1.00  

3  1255.51  -27.68  3.13  
   -0.53  -0.03  -0.85  
   -0.02  -1.00  0.05  
   -0.85  0.05  0.53  

6  1258.64  492.03  200.03  
   0.80  0.21  0.56  
   0.54  0.13  -0.83  
   -0.25  0.97  -0.00  

5  1092.55  291.55  216.99  
   -0.12  -0.35  0.93  
   -0.80  0.58  0.12  
   -0.59  -0.73  -0.35  

4  1145.23  165.20  -41.52  
   0.66  -0.68  0.31  
   0.69  0.41  -0.59  
   0.28  0.61  0.74  

7  1108.62  -203.60  -60.28  
   0.58  0.71  0.40  
   -0.75  0.26  0.61  
   0.33  -0.65  0.68  

8  1057.27  -328.17  188.42  
   -0.12  0.30  0.95  
   0.79  0.61  -0.09  
   -0.60  0.74  -0.31  

9  1246.14  -533.10  138.41  
   0.78  -0.36  0.51  
   -0.48  0.17  0.86  
   -0.40  -0.92  -0.04  

2  856.36  -39.29  578.64  
   0.68  -0.73  -0.04  
   0.73  0.68  0.00  
   0.02  -0.03  1.00  

3  1255.96  -28.13  2.68  
   -0.53  -0.03  -0.85  
   -0.02  -1.00  0.06  
   -0.85  0.05  0.53  

4  1143.89  165.65  -43.31  
   0.65  -0.69  0.31  
   0.71  0.40  -0.58  
   0.28  0.60  0.75  

5  1086.74  289.77  216.10  
   -0.09  -0.39  0.92  
   -0.81  0.57  0.16  
   -0.58  -0.73  -0.36  

6  1240.78  502.74  201.81  
   0.76  0.20  0.61  
   0.60  0.12  -0.79  
   -0.23  0.97  -0.03  

7  1105.94  -202.26  -61.61  
   0.56  0.72  0.41  
   -0.76  0.25  0.60  
   0.33  -0.65  0.69  

9  1227.83  -543.82  144.66  
   0.75  -0.35  0.56  
   -0.55  0.16  0.82  
   -0.37  -0.92  -0.07  

8  1052.36  -325.49  187.97  
   -0.10  0.32  0.94  
   0.79  0.60  -0.12  
   -0.60  0.74  -0.31  

4  1142.11  165.20  -46.43  
   0.63  -0.71  0.32  
   0.72  0.40  -0.57  
   0.27  0.59  0.76  

2  856.36  -39.29  578.64  
   0.68  -0.73  -0.04  
   0.73  0.68  0.00  
   0.02  -0.03  1.00  

5  1082.28  285.75  214.76  
   -0.06  -0.42  0.91  
   -0.81  0.55  0.20  
   -0.59  -0.72  -0.37  

3  1257.30  -29.47  1.34  
   -0.53  -0.04  -0.84  
   -0.02  -1.00  0.06  
   -0.84  0.05  0.53  

6  1223.81  509.89  201.36  
   0.72  0.20  0.66  
   0.66  0.11  -0.74  
   -0.23  0.97  -0.05  

7  1105.05  -201.36  -62.95  
   0.55  0.73  0.41  
   -0.77  0.24  0.60  
   0.34  -0.64  0.69  

8  1049.24  -321.47  187.52  
   -0.08  0.34  0.94  
   0.79  0.59  -0.15  
   -0.60  0.73  -0.32  

9  1213.99  -552.30  148.68  
   0.72  -0.34  0.60  
   -0.59  0.15  0.79  
   -0.36  -0.93  -0.10  

2  856.36  -39.29  578.64  
   0.68  -0.73  -0.04  
   0.73  0.68  0.00  
   0.02  -0.03  1.00  

3  1259.09  -29.47  0.89  
   -0.54  -0.04  -0.84  
   -0.02  -1.00  0.06  
   -0.84  0.05  0.53  

4  1141.21  164.31  -46.88  
   0.62  -0.72  0.32  
   0.74  0.39  -0.55  
   0.27  0.58  0.77  

5  1080.49  283.07  215.21  
   -0.04  -0.43  0.90  
   -0.81  0.55  0.23  
   -0.59  -0.72  -0.37  

6  1211.76  514.80  205.38  
   0.68  0.20  0.70  
   0.70  0.10  -0.71  
   -0.22  0.97  -0.07  

8  1047.45  -317.90  187.97  
   -0.06  0.35  0.93  
   0.79  0.59  -0.17  
   -0.61  0.73  -0.32  

7  1105.05  -200.03  -63.85  
   0.54  0.74  0.41  
   -0.77  0.23  0.59  
   0.34  -0.64  0.69  

9  1205.95  -554.09  154.93  
   0.70  -0.34  0.63  
   -0.63  0.13  0.77  
   -0.34  -0.93  -0.13  

2  856.36  -39.29  578.64  
   0.68  -0.73  -0.04  
   0.73  0.68  0.00  
   0.02  -0.03  1.00  

4  1140.32  162.52  -49.56  
   0.60  -0.72  0.33  
   0.75  0.38  -0.54  
   0.26  0.57  0.78  

3  1260.87  -30.36  -0.45  
   -0.54  -0.04  -0.84  
   -0.02  -1.00  0.07  
   -0.84  0.06  0.54  

5  1079.15  277.71  215.65  
   -0.02  -0.48  0.88  
   -0.80  0.53  0.27  
   -0.59  -0.70  -0.39  

6  1197.47  517.92  207.62  
   0.63  0.22  0.74  
   0.75  0.09  -0.66  
   -0.22  0.97  -0.10  

7  1104.16  -197.79  -66.53  
   0.52  0.74  0.42  
   -0.79  0.22  0.58  
   0.34  -0.63  0.70  

8  1045.22  -315.66  187.52  
   -0.04  0.38  0.92  
   0.79  0.58  -0.20  
   -0.62  0.72  -0.33  

9  1192.11  -562.12  158.95  
   0.66  -0.35  0.66  
   -0.67  0.11  0.73  
   -0.33  -0.93  -0.16  

2  856.36  -39.29  578.64  
   0.68  -0.73  -0.04  
   0.73  0.68  0.00  
   0.02  -0.03  1.00  

3  1262.21  -30.36  -1.34  
   -0.54  -0.04  -0.84  
   -0.02  -1.00  0.07  
   -0.84  0.06  0.54  

4  1138.09  162.07  -51.35  
   0.59  -0.73  0.34  
   0.77  0.37  -0.52  
   0.26  0.57  0.78  

5  1075.13  274.59  216.10  
   -0.00  -0.50  0.87  
   -0.80  0.52  0.29  
   -0.60  -0.70  -0.40  

6  1181.84  522.39  210.74  
   0.59  0.23  0.78  
   0.78  0.08  -0.62  
   -0.20  0.97  -0.13  

7  1102.37  -197.35  -67.87  
   0.50  0.75  0.42  
   -0.80  0.21  0.57  
   0.34  -0.62  0.70  

8  1042.09  -311.20  187.52  
   -0.03  0.39  0.92  
   0.78  0.58  -0.22  
   -0.62  0.71  -0.32  

9  1181.84  -562.12  164.75  
   0.63  -0.36  0.69  
   -0.71  0.09  0.70  
   -0.31  -0.93  -0.20  

3  1262.66  -29.91  -1.79  
   -0.54  -0.04  -0.84  
   -0.02  -1.00  0.07  
   -0.84  0.05  0.54  

2  856.36  -39.29  578.64  
   0.68  -0.73  -0.03  
   0.73  0.68  0.00  
   0.02  -0.03  1.00  

4  1134.52  160.29  -52.69  
   0.57  -0.74  0.35  
   0.78  0.36  -0.51  
   0.25  0.56  0.79  

5  1071.56  273.69  214.31  
   0.02  -0.53  0.85  
   -0.80  0.50  0.33  
   -0.60  -0.69  -0.42  

6  1166.22  527.74  211.19  
   0.54  0.25  0.81  
   0.82  0.07  -0.57  
   -0.20  0.97  -0.17  

8  1040.76  -307.63  187.97  
   -0.02  0.40  0.91  
   0.78  0.58  -0.24  
   -0.63  0.71  -0.33  

7  1101.48  -195.56  -68.31  
   0.50  0.76  0.43  
   -0.80  0.21  0.56  
   0.34  -0.62  0.71  

9  1172.91  -566.59  168.32  
   0.61  -0.37  0.70  
   -0.73  0.07  0.68  
   -0.30  -0.93  -0.22  

2  856.36  -39.29  578.64  
   0.68  -0.73  -0.04  
   0.73  0.68  0.00  
   0.02  -0.03  1.00  

3  1262.66  -29.47  -2.23  
   -0.54  -0.04  -0.84  
   -0.02  -1.00  0.06  
   -0.84  0.05  0.54  

4  1130.94  159.84  -54.92  
   0.55  -0.75  0.36  
   0.80  0.36  -0.49  
   0.24  0.56  0.80  

5  1067.54  273.69  211.63  
   0.03  -0.56  0.83  
   -0.81  0.47  0.35  
   -0.59  -0.68  -0.43  

6  1148.80  534.44  209.40  
   0.48  0.27  0.83  
   0.86  0.07  -0.51  
   -0.20  0.96  -0.20  

7  1101.48  -194.22  -68.76  
   0.49  0.76  0.43  
   -0.80  0.21  0.56  
   0.33  -0.62  0.71  

9  1171.13  -567.48  171.90  
   0.60  -0.38  0.70  
   -0.75  0.05  0.66  
   -0.29  -0.92  -0.25  

8  1040.76  -307.63  187.08  
   -0.02  0.41  0.91  
   0.78  0.58  -0.24  
   -0.63  0.71  -0.33  

2  856.36  -39.29  578.64  
   0.68  -0.73  -0.04  
   0.73  0.68  0.00  
   0.02  -0.03  1.00  

4  1126.93  156.72  -56.26  
   0.53  -0.76  0.37  
   0.82  0.35  -0.46  
   0.22  0.55  0.80  

6  1131.39  538.01  206.28  
   0.43  0.31  0.85  
   0.88  0.07  -0.47  
   -0.20  0.95  -0.24  

5  1063.08  272.36  209.40  
   0.05  -0.59  0.81  
   -0.81  0.45  0.37  
   -0.58  -0.68  -0.45  

3  1262.21  -28.13  -3.13  
   -0.54  -0.03  -0.84  
   -0.03  -1.00  0.06  
   -0.84  0.05  0.54  

7  1100.58  -193.77  -69.21  
   0.49  0.76  0.43  
   -0.80  0.21  0.56  
   0.33  -0.62  0.71  

8  1041.65  -307.63  187.08  
   -0.01  0.42  0.91  
   0.78  0.57  -0.25  
   -0.62  0.70  -0.34  

9  1166.22  -571.95  176.36  
   0.58  -0.40  0.71  
   -0.77  0.03  0.64  
   -0.28  -0.92  -0.29  

2  856.36  -39.29  578.64  
   0.68  -0.73  -0.04  
   0.73  0.68  0.00  
   0.02  -0.03  1.00  

3  1262.66  -27.68  -4.46  
   -0.54  -0.03  -0.84  
   -0.03  -1.00  0.05  
   -0.84  0.06  0.54  

4  1123.80  154.04  -58.94  
   0.52  -0.76  0.39  
   0.83  0.34  -0.45  
   0.21  0.55  0.81  

5  1060.40  269.23  207.62  
   0.07  -0.61  0.79  
   -0.81  0.43  0.40  
   -0.58  -0.67  -0.47  

8  1040.76  -305.84  186.18  
   -0.01  0.43  0.90  
   0.78  0.57  -0.26  
   -0.62  0.70  -0.34  

7  1099.69  -192.43  -70.54  
   0.49  0.76  0.43  
   -0.81  0.21  0.55  
   0.33  -0.62  0.71  

9  1159.97  -575.07  179.04  
   0.56  -0.41  0.72  
   -0.79  0.02  0.62  
   -0.26  -0.91  -0.31  

6  1117.55  538.91  207.17  
   0.38  0.32  0.87  
   0.90  0.06  -0.42  
   -0.19  0.94  -0.27  

2  856.36  -39.29  578.64  
   0.68  -0.73  -0.04  
   0.73  0.68  0.00  
   0.02  -0.03  1.00  

5  1056.38  266.55  208.51  
   0.09  -0.62  0.78  
   -0.81  0.41  0.42  
   -0.58  -0.66  -0.46  

3  1263.10  -27.24  -5.36  
   -0.54  -0.03  -0.84  
   -0.03  -1.00  0.05  
   -0.84  0.05  0.54  

4  1121.57  154.04  -60.28  
   0.50  -0.77  0.39  
   0.84  0.32  -0.43  
   0.21  0.55  0.81  

6  1104.60  538.46  212.08  
   0.34  0.33  0.88  
   0.92  0.05  -0.38  
   -0.17  0.94  -0.29  

7  1097.91  -189.76  -72.78  
   0.47  0.77  0.43  
   -0.82  0.20  0.54  
   0.33  -0.61  0.72  

8  1037.63  -302.72  183.95  
   0.01  0.45  0.89  
   0.78  0.55  -0.29  
   -0.62  0.70  -0.34  

9  1146.13  -576.41  183.06  
   0.52  -0.42  0.74  
   -0.82  0.00  0.58  
   -0.24  -0.91  -0.34  

2  856.36  -39.29  578.64  
   0.68  -0.73  -0.04  
   0.73  0.68  0.00  
   0.02  -0.03  1.00  

3  1263.10  -27.24  -6.25  
   -0.54  -0.03  -0.84  
   -0.03  -1.00  0.05  
   -0.84  0.05  0.54  

4  1118.89  151.36  -61.61  
   0.48  -0.78  0.40  
   0.85  0.31  -0.42  
   0.20  0.54  0.81  

6  1088.53  534.89  215.21  
   0.31  0.33  0.89  
   0.94  0.05  -0.35  
   -0.16  0.94  -0.30  

5  1050.13  260.75  207.17  
   0.11  -0.64  0.76  
   -0.80  0.40  0.45  
   -0.59  -0.66  -0.46  

7  1096.57  -187.08  -74.56  
   0.46  0.77  0.44  
   -0.82  0.19  0.54  
   0.33  -0.61  0.72  

8  1033.16  -299.14  182.17  
   0.03  0.46  0.89  
   0.78  0.55  -0.31  
   -0.63  0.70  -0.34  

9  1133.18  -577.75  185.29  
   0.49  -0.43  0.76  
   -0.84  -0.01  0.54  
   -0.23  -0.90  -0.36  

2  855.91  -39.29  578.64  
   0.68  -0.73  -0.04  
   0.73  0.68  0.00  
   0.02  -0.03  1.00  

3  1263.10  -26.34  -6.70  
   -0.55  -0.03  -0.84  
   -0.03  -1.00  0.05  
   -0.84  0.05  0.54  

4  1116.66  149.57  -64.29  
   0.47  -0.78  0.41  
   0.86  0.30  -0.41  
   0.20  0.54  0.81  

6  1076.03  532.66  217.88  
   0.28  0.34  0.90  
   0.95  0.04  -0.31  
   -0.14  0.94  -0.31  

5  1045.22  258.07  207.62  
   0.13  -0.65  0.75  
   -0.79  0.39  0.47  
   -0.60  -0.66  -0.46  

8  1030.93  -297.36  180.83  
   0.04  0.46  0.89  
   0.78  0.54  -0.32  
   -0.63  0.70  -0.34  

7  1095.67  -184.40  -75.46  
   0.45  0.78  0.44  
   -0.83  0.18  0.53  
   0.33  -0.60  0.73  

9  1125.14  -579.09  186.63  
   0.47  -0.43  0.77  
   -0.85  -0.01  0.52  
   -0.22  -0.90  -0.37  

2  855.91  -39.29  578.64  
   0.68  -0.73  -0.04  
   0.73  0.68  0.00  
   0.02  -0.03  1.00  

6  1068.88  532.66  216.10  
   0.26  0.34  0.90  
   0.95  0.05  -0.29  
   -0.15  0.94  -0.31  

3  1263.55  -25.90  -7.59  
   -0.55  -0.03  -0.84  
   -0.03  -1.00  0.05  
   -0.84  0.05  0.54  

5  1043.43  256.28  204.94  
   0.14  -0.66  0.74  
   -0.79  0.38  0.48  
   -0.59  -0.66  -0.47  

4  1115.32  148.23  -66.08  
   0.45  -0.79  0.42  
   0.87  0.29  -0.40  
   0.19  0.54  0.82  

7  1094.78  -182.61  -77.24  
   0.45  0.78  0.44  
   -0.83  0.18  0.53  
   0.33  -0.60  0.73  

8  1030.93  -296.02  179.49  
   0.04  0.47  0.88  
   0.78  0.53  -0.33  
   -0.62  0.70  -0.35  

9  1120.23  -579.98  186.63  
   0.45  -0.43  0.78  
   -0.86  -0.00  0.50  
   -0.22  -0.90  -0.38  

2  855.91  -39.29  578.64  
   0.68  -0.73  -0.04  
   0.73  0.68  0.00  
   0.02  -0.03  1.00  

3  1264.00  -25.45  -7.59  
   -0.55  -0.02  -0.84  
   -0.03  -1.00  0.05  
   -0.84  0.05  0.54  

4  1112.19  147.79  -66.53  
   0.44  -0.79  0.42  
   0.88  0.29  -0.39  
   0.18  0.54  0.82  

5  1042.54  254.50  205.38  
   0.14  -0.67  0.73  
   -0.79  0.37  0.49  
   -0.60  -0.65  -0.47  

6  1066.20  531.32  216.54  
   0.25  0.36  0.90  
   0.96  0.05  -0.29  
   -0.15  0.93  -0.33  

8  1030.93  -295.13  180.38  
   0.04  0.48  0.88  
   0.78  0.53  -0.33  
   -0.63  0.69  -0.36  

9  1119.78  -577.75  188.86  
   0.45  -0.44  0.78  
   -0.87  -0.01  0.50  
   -0.21  -0.90  -0.39  

7  1093.89  -181.27  -77.69  
   0.45  0.78  0.44  
   -0.83  0.18  0.53  
   0.33  -0.60  0.73  

3  1263.55  -25.00  -8.04  
   -0.55  -0.02  -0.84  
   -0.03  -1.00  0.05  
   -0.84  0.06  0.54  

2  856.36  -39.29  578.64  
   0.68  -0.73  -0.04  
   0.73  0.68  0.00  
   0.02  -0.03  1.00  

4  1111.75  146.89  -67.42  
   0.44  -0.79  0.43  
   0.88  0.28  -0.38  
   0.18  0.54  0.82  

5  1043.43  252.26  206.28  
   0.13  -0.67  0.73  
   -0.79  0.37  0.49  
   -0.60  -0.64  -0.48  

6  1067.10  529.53  218.78  
   0.25  0.37  0.90  
   0.96  0.04  -0.28  
   -0.14  0.93  -0.34  

8  1032.27  -292.89  183.06  
   0.03  0.49  0.87  
   0.77  0.54  -0.33  
   -0.63  0.68  -0.37  

9  1122.02  -577.30  193.33  
   0.45  -0.45  0.77  
   -0.87  -0.02  0.49  
   -0.21  -0.89  -0.40  

7  1093.44  -181.72  -77.69  
   0.45  0.78  0.44  
   -0.83  0.18  0.53  
   0.33  -0.60  0.73  

2  855.91  -39.29  578.64  
   0.68  -0.73  -0.04  
   0.73  0.68  0.00  
   0.02  -0.03  1.00  

5  1042.54  251.37  205.83  
   0.13  -0.68  0.72  
   -0.79  0.37  0.49  
   -0.60  -0.64  -0.49  

4  1109.96  145.11  -68.76  
   0.43  -0.79  0.43  
   0.88  0.28  -0.37  
   0.17  0.54  0.82  

3  1263.10  -24.11  -8.48  
   -0.54  -0.02  -0.84  
   -0.04  -1.00  0.05  
   -0.84  0.06  0.54  

9  1120.68  -574.63  196.45  
   0.45  -0.45  0.77  
   -0.87  -0.03  0.49  
   -0.20  -0.89  -0.41  

6  1064.87  528.64  215.65  
   0.24  0.38  0.89  
   0.96  0.05  -0.28  
   -0.15  0.93  -0.35  

8  1031.83  -292.00  183.95  
   0.03  0.49  0.87  
   0.77  0.54  -0.33  
   -0.64  0.68  -0.37  

7  1092.99  -181.27  -77.24  
   0.45  0.78  0.44  
   -0.83  0.18  0.53  
   0.33  -0.60  0.72  

3  1263.10  -24.56  -8.93  
   -0.54  -0.02  -0.84  
   -0.04  -1.00  0.05  
   -0.84  0.06  0.54  

4  1108.62  143.77  -70.54  
   0.43  -0.79  0.43  
   0.89  0.28  -0.36  
   0.16  0.54  0.83  

2  855.91  -39.29  578.64  
   0.68  -0.73  -0.04  
   0.73  0.68  0.00  
   0.02  -0.03  1.00  

5  1039.86  249.58  203.60  
   0.14  -0.69  0.71  
   -0.79  0.36  0.50  
   -0.60  -0.63  -0.49  

6  1060.40  527.30  212.53  
   0.23  0.38  0.90  
   0.96  0.06  -0.27  
   -0.16  0.92  -0.35  

7  1091.21  -181.27  -78.13  
   0.44  0.78  0.44  
   -0.83  0.17  0.53  
   0.34  -0.60  0.72  

8  1028.25  -290.66  183.95  
   0.04  0.50  0.87  
   0.77  0.54  -0.34  
   -0.64  0.68  -0.36  

9  1113.09  -575.96  198.69  
   0.43  -0.45  0.78  
   -0.88  -0.03  0.47  
   -0.19  -0.89  -0.41  

2  856.36  -39.29  578.64  
   0.68  -0.73  -0.04  
   0.73  0.68  0.00  
   0.02  -0.03  1.00  

3  1262.66  -24.56  -8.93  
   -0.54  -0.02  -0.84  
   -0.04  -1.00  0.05  
   -0.84  0.06  0.54  

4  1106.83  142.43  -72.33  
   0.42  -0.79  0.44  
   0.89  0.28  -0.35  
   0.16  0.54  0.83  

5  1038.08  248.25  201.81  
   0.14  -0.69  0.71  
   -0.79  0.35  0.50  
   -0.60  -0.63  -0.49  

8  1025.57  -287.54  183.06  
   0.04  0.50  0.87  
   0.76  0.54  -0.35  
   -0.64  0.68  -0.36  

7  1089.42  -179.49  -79.47  
   0.43  0.78  0.45  
   -0.84  0.16  0.52  
   0.34  -0.60  0.72  

9  1105.05  -574.18  202.26  
   0.41  -0.46  0.79  
   -0.89  -0.03  0.45  
   -0.18  -0.89  -0.42  

6  1054.60  525.96  211.19  
   0.22  0.38  0.90  
   0.96  0.06  -0.26  
   -0.16  0.92  -0.36  

2  856.36  -39.29  578.20  
   0.68  -0.73  -0.04  
   0.73  0.68  0.00  
   0.02  -0.03  1.00  

3  1261.76  -25.00  -8.93  
   -0.54  -0.02  -0.84  
   -0.04  -1.00  0.05  
   -0.84  0.07  0.54  

4  1106.39  141.54  -72.78  
   0.42  -0.79  0.44  
   0.89  0.28  -0.35  
   0.15  0.54  0.83  

5  1037.63  248.25  200.92  
   0.15  -0.69  0.70  
   -0.79  0.35  0.50  
   -0.59  -0.63  -0.50  

8  1024.68  -287.54  183.06  
   0.05  0.51  0.86  
   0.77  0.53  -0.36  
   -0.64  0.68  -0.36  

6  1053.70  525.96  210.29  
   0.22  0.39  0.89  
   0.96  0.06  -0.26  
   -0.16  0.92  -0.36  

9  1101.48  -575.96  202.70  
   0.40  -0.47  0.79  
   -0.90  -0.04  0.44  
   -0.17  -0.88  -0.43  

7  1088.08  -179.04  -79.47  
   0.43  0.78  0.45  
   -0.84  0.16  0.52  
   0.34  -0.60  0.72  

2  856.36  -39.29  578.64  
   0.68  -0.73  -0.04  
   0.73  0.68  0.00  
   0.02  -0.03  1.00  

4  1105.50  141.54  -73.67  
   0.42  -0.79  0.45  
   0.89  0.28  -0.35  
   0.15  0.55  0.82  

3  1261.32  -24.56  -9.38  
   -0.55  -0.02  -0.84  
   -0.05  -1.00  0.05  
   -0.84  0.07  0.54  

5  1038.52  248.25  200.47  
   0.14  -0.70  0.70  
   -0.79  0.34  0.50  
   -0.59  -0.63  -0.50  

6  1054.15  526.41  209.85  
   0.22  0.39  0.89  
   0.96  0.06  -0.26  
   -0.16  0.92  -0.37  

8  1024.68  -287.54  182.61  
   0.05  0.51  0.86  
   0.77  0.53  -0.36  
   -0.64  0.67  -0.36  

7  1087.64  -178.59  -79.47  
   0.43  0.78  0.45  
   -0.84  0.16  0.52  
   0.33  -0.60  0.72  

9  1101.48  -575.96  202.70  
   0.40  -0.47  0.79  
   -0.90  -0.04  0.44  
   -0.18  -0.88  -0.44  

2  856.36  -39.29  578.64  
   0.68  -0.73  -0.03  
   0.73  0.68  0.00  
   0.02  -0.03  1.00  

3  1261.32  -24.56  -9.38  
   -0.55  -0.02  -0.84  
   -0.05  -1.00  0.05  
   -0.84  0.07  0.54  

4  1105.50  141.54  -73.67  
   0.42  -0.79  0.45  
   0.89  0.28  -0.35  
   0.15  0.55  0.82  

5  1039.42  249.14  200.03  
   0.14  -0.70  0.70  
   -0.79  0.34  0.50  
   -0.59  -0.63  -0.51  

6  1056.83  527.30  207.62  
   0.22  0.40  0.89  
   0.96  0.06  -0.27  
   -0.16  0.91  -0.37  

7  1087.64  -178.59  -79.92  
   0.43  0.78  0.45  
   -0.84  0.16  0.52  
   0.33  -0.60  0.72  

8  1025.13  -287.54  182.61  
   0.05  0.51  0.86  
   0.77  0.53  -0.36  
   -0.64  0.67  -0.37  

9  1103.26  -575.96  202.70  
   0.40  -0.48  0.78  
   -0.90  -0.04  0.44  
   -0.18  -0.88  -0.45  

2  856.36  -39.29  578.64  
   0.68  -0.73  -0.04  
   0.73  0.68  0.00  
   0.02  -0.03  1.00  

3  1261.32  -25.00  -9.82  
   -0.55  -0.02  -0.84  
   -0.05  -1.00  0.05  
   -0.84  0.07  0.54  

5  1039.42  249.58  199.58  
   0.14  -0.70  0.70  
   -0.80  0.34  0.50  
   -0.59  -0.63  -0.51  

6  1057.72  527.30  205.83  
   0.22  0.40  0.89  
   0.96  0.07  -0.27  
   -0.17  0.91  -0.37  

4  1105.94  141.54  -73.67  
   0.42  -0.79  0.45  
   0.89  0.28  -0.35  
   0.15  0.55  0.82  

9  1103.71  -575.96  202.70  
   0.40  -0.49  0.78  
   -0.90  -0.04  0.44  
   -0.18  -0.87  -0.45  

8  1025.13  -287.54  182.61  
   0.05  0.51  0.86  
   0.77  0.53  -0.36  
   -0.64  0.67  -0.37  

7  1087.64  -178.59  -79.92  
   0.43  0.78  0.46  
   -0.84  0.16  0.52  
   0.33  -0.61  0.72  

2  856.36  -39.29  578.64  
   0.68  -0.73  -0.04  
   0.73  0.68  0.00  
   0.02  -0.03  1.00  

3  1261.32  -25.00  -9.82  
   -0.55  -0.02  -0.84  
   -0.05  -1.00  0.06  
   -0.84  0.07  0.54  

5  1039.42  250.03  199.58  
   0.14  -0.70  0.70  
   -0.80  0.34  0.50  
   -0.59  -0.63  -0.51  

4  1105.50  141.09  -74.12  
   0.42  -0.79  0.45  
   0.89  0.29  -0.35  
   0.15  0.55  0.83  

6  1057.72  527.74  205.38  
   0.22  0.41  0.89  
   0.96  0.07  -0.27  
   -0.17  0.91  -0.37  

7  1087.19  -178.59  -79.92  
   0.43  0.78  0.46  
   -0.84  0.16  0.52  
   0.33  -0.61  0.72  

9  1101.92  -575.07  202.70  
   0.40  -0.49  0.78  
   -0.90  -0.04  0.44  
   -0.18  -0.87  -0.46  

8  1024.68  -287.54  182.61  
   0.05  0.51  0.86  
   0.77  0.53  -0.36  
   -0.64  0.67  -0.37  

2  856.36  -39.29  578.20  
   0.68  -0.73  -0.03  
   0.73  0.68  0.00  
   0.02  -0.03  1.00  

5  1039.42  250.03  199.13  
   0.13  -0.70  0.70  
   -0.80  0.34  0.49  
   -0.59  -0.63  -0.51  

4  1105.05  141.09  -74.12  
   0.43  -0.79  0.45  
   0.89  0.29  -0.35  
   0.14  0.55  0.83  

3  1261.32  -25.45  -9.82  
   -0.55  -0.02  -0.84  
   -0.05  -1.00  0.06  
   -0.84  0.07  0.54  

6  1057.72  527.74  204.49  
   0.22  0.41  0.89  
   0.96  0.07  -0.27  
   -0.17  0.91  -0.38  

7  1087.19  -179.04  -79.92  
   0.43  0.78  0.46  
   -0.84  0.16  0.52  
   0.33  -0.61  0.72  

8  1024.68  -286.64  183.06  
   0.05  0.51  0.86  
   0.76  0.53  -0.36  
   -0.64  0.67  -0.37  

9  1101.92  -575.07  202.70  
   0.40  -0.49  0.77  
   -0.90  -0.04  0.44  
   -0.18  -0.87  -0.46  

2  856.36  -39.29  578.64  
   0.68  -0.73  -0.04  
   0.73  0.68  0.00  
   0.02  -0.03  1.00  

4  1105.05  140.64  -74.56  
   0.43  -0.79  0.45  
   0.89  0.29  -0.34  
   0.14  0.55  0.83  

3  1260.87  -25.00  -9.38  
   -0.55  -0.02  -0.84  
   -0.05  -1.00  0.06  
   -0.84  0.07  0.54  

5  1039.86  251.37  198.24  
   0.13  -0.70  0.70  
   -0.80  0.34  0.49  
   -0.58  -0.63  -0.52  

6  1059.95  528.64  200.92  
   0.23  0.41  0.88  
   0.96  0.08  -0.28  
   -0.18  0.91  -0.37  

7  1087.19  -179.04  -79.92  
   0.43  0.78  0.46  
   -0.84  0.16  0.52  
   0.33  -0.61  0.72  

9  1105.50  -575.07  202.26  
   0.41  -0.50  0.77  
   -0.89  -0.04  0.45  
   -0.19  -0.87  -0.46  

8  1025.57  -287.54  183.06  
   0.04  0.51  0.86  
   0.77  0.53  -0.36  
   -0.64  0.67  -0.37  

2  856.36  -39.74  578.20  
   0.68  -0.73  -0.04  
   0.73  0.68  0.00  
   0.02  -0.03  1.00  

5  1039.86  251.82  197.79  
   0.13  -0.70  0.70  
   -0.80  0.34  0.49  
   -0.58  -0.63  -0.52  

3  1260.43  -25.45  -9.38  
   -0.54  -0.02  -0.84  
   -0.05  -1.00  0.06  
   -0.84  0.07  0.54  

4  1105.05  140.64  -74.56  
   0.43  -0.79  0.45  
   0.89  0.29  -0.34  
   0.14  0.55  0.83  

6  1060.85  529.08  199.58  
   0.23  0.41  0.88  
   0.95  0.08  -0.29  
   -0.19  0.91  -0.37  

7  1086.30  -179.49  -79.92  
   0.43  0.78  0.46  
   -0.84  0.16  0.52  
   0.33  -0.61  0.72  

8  1025.57  -287.98  183.51  
   0.04  0.51  0.86  
   0.77  0.53  -0.36  
   -0.64  0.67  -0.37  

9  1105.94  -575.52  201.81  
   0.41  -0.50  0.76  
   -0.89  -0.04  0.45  
   -0.19  -0.87  -0.46  

2  855.91  -39.29  578.64  
   0.68  -0.73  -0.04  
   0.73  0.68  0.00  
   0.02  -0.03  1.00  

3  1260.43  -25.90  -9.38  
   -0.54  -0.02  -0.84  
   -0.05  -1.00  0.06  
   -0.84  0.07  0.54  

5  1039.86  252.26  197.79  
   0.13  -0.70  0.71  
   -0.81  0.34  0.48  
   -0.58  -0.63  -0.52  

4  1105.05  140.64  -74.56  
   0.43  -0.79  0.45  
   0.89  0.29  -0.34  
   0.14  0.55  0.83  

6  1060.85  529.98  199.13  
   0.24  0.40  0.88  
   0.95  0.08  -0.29  
   -0.19  0.91  -0.36  

8  1025.13  -288.43  183.51  
   0.04  0.52  0.86  
   0.77  0.53  -0.36  
   -0.64  0.67  -0.37  

9  1105.50  -575.52  201.81  
   0.41  -0.50  0.76  
   -0.89  -0.04  0.45  
   -0.19  -0.87  -0.46  

7  1086.74  -179.49  -79.47  
   0.43  0.78  0.46  
   -0.84  0.15  0.52  
   0.33  -0.61  0.72  

2  856.36  -39.29  578.64  
   0.68  -0.73  -0.04  
   0.73  0.68  0.00  
   0.02  -0.03  1.00  

3  1259.98  -26.34  -8.93  
   -0.54  -0.02  -0.84  
   -0.05  -1.00  0.06  
   -0.84  0.07  0.54  

4  1104.60  140.20  -74.12  
   0.43  -0.78  0.44  
   0.89  0.29  -0.35  
   0.14  0.55  0.83  

6  1065.76  529.98  197.79  
   0.26  0.39  0.88  
   0.95  0.07  -0.31  
   -0.19  0.92  -0.35  

8  1024.24  -289.77  183.51  
   0.04  0.52  0.86  
   0.77  0.53  -0.36  
   -0.64  0.67  -0.38  

7  1086.30  -179.93  -79.47  
   0.43  0.78  0.46  
   -0.84  0.15  0.52  
   0.33  -0.61  0.72  

5  1039.86  253.60  196.90  
   0.12  -0.69  0.71  
   -0.81  0.35  0.47  
   -0.58  -0.63  -0.51  

9  1105.94  -575.96  199.13  
   0.41  -0.50  0.76  
   -0.89  -0.04  0.46  
   -0.20  -0.87  -0.46  

2  855.91  -39.29  578.64  
   0.68  -0.73  -0.04  
   0.73  0.68  0.00  
   0.02  -0.03  1.00  

3  1259.53  -26.34  -8.93  
   -0.54  -0.02  -0.84  
   -0.05  -1.00  0.06  
   -0.84  0.07  0.54  

4  1104.16  140.64  -73.22  
   0.44  -0.78  0.44  
   0.89  0.30  -0.35  
   0.14  0.54  0.83  

5  1040.31  257.18  196.01  
   0.11  -0.68  0.73  
   -0.81  0.36  0.46  
   -0.57  -0.64  -0.51  

7  1085.85  -180.38  -79.03  
   0.43  0.78  0.46  
   -0.84  0.16  0.52  
   0.33  -0.61  0.72  

6  1075.13  531.32  195.11  
   0.29  0.37  0.88  
   0.94  0.07  -0.34  
   -0.19  0.93  -0.33  

8  1027.36  -292.89  183.51  
   0.02  0.51  0.86  
   0.78  0.53  -0.34  
   -0.63  0.68  -0.38  

9  1118.00  -576.41  193.77  
   0.45  -0.49  0.75  
   -0.87  -0.04  0.49  
   -0.22  -0.87  -0.45  

2  855.91  -39.29  578.64  
   0.68  -0.73  -0.04  
   0.73  0.68  0.00  
   0.02  -0.03  1.00  

3  1259.53  -26.79  -8.48  
   -0.54  -0.02  -0.84  
   -0.05  -1.00  0.06  
   -0.84  0.07  0.54  

6  1092.55  530.42  195.11  
   0.35  0.35  0.87  
   0.91  0.06  -0.40  
   -0.19  0.93  -0.30  

7  1087.19  -182.17  -78.58  
   0.43  0.78  0.45  
   -0.84  0.17  0.51  
   0.33  -0.60  0.73  

5  1042.54  258.07  196.90  
   0.08  -0.65  0.76  
   -0.82  0.39  0.43  
   -0.57  -0.65  -0.50  

4  1105.94  140.64  -72.78  
   0.45  -0.78  0.43  
   0.88  0.31  -0.36  
   0.15  0.54  0.83  

8  1030.04  -297.36  182.17  
   0.00  0.49  0.87  
   0.78  0.54  -0.31  
   -0.62  0.68  -0.38  

9  1133.62  -575.96  185.74  
   0.49  -0.48  0.73  
   -0.84  -0.04  0.54  
   -0.23  -0.88  -0.42  

2  856.36  -39.29  578.64  
   0.68  -0.73  -0.04  
   0.73  0.68  0.00  
   0.02  -0.03  1.00  

3  1259.53  -26.79  -7.59  
   -0.54  -0.02  -0.84  
   -0.05  -1.00  0.06  
   -0.84  0.07  0.53  

4  1107.28  142.43  -71.88  
   0.45  -0.78  0.43  
   0.88  0.31  -0.36  
   0.15  0.54  0.83  

6  1112.64  529.53  192.88  
   0.42  0.34  0.84  
   0.88  0.05  -0.47  
   -0.20  0.94  -0.28  

5  1046.56  260.30  196.45  
   0.05  -0.62  0.78  
   -0.82  0.42  0.39  
   -0.57  -0.66  -0.49  

7  1088.08  -182.17  -79.03  
   0.43  0.78  0.45  
   -0.84  0.17  0.51  
   0.32  -0.60  0.73  

8  1034.06  -300.04  180.38  
   -0.02  0.47  0.88  
   0.79  0.55  -0.28  
   -0.62  0.69  -0.38  

9  1151.04  -571.50  179.93  
   0.55  -0.45  0.71  
   -0.80  -0.04  0.60  
   -0.24  -0.89  -0.38  

2  856.36  -39.29  578.64  
   0.68  -0.73  -0.04  
   0.73  0.68  0.00  
   0.02  -0.03  1.00  

6  1137.64  525.07  191.10  
   0.50  0.32  0.80  
   0.84  0.04  -0.54  
   -0.21  0.95  -0.25  

5  1052.36  264.77  196.01  
   0.02  -0.59  0.81  
   -0.82  0.46  0.35  
   -0.57  -0.67  -0.48  

4  1109.07  143.32  -71.44  
   0.47  -0.78  0.42  
   0.87  0.32  -0.37  
   0.16  0.54  0.83  

3  1259.53  -27.24  -6.25  
   -0.53  -0.02  -0.85  
   -0.05  -1.00  0.06  
   -0.85  0.07  0.53  

8  1036.29  -303.61  179.49  
   -0.04  0.44  0.89  
   0.79  0.57  -0.24  
   -0.62  0.69  -0.37  

7  1088.53  -183.06  -79.92  
   0.44  0.78  0.44  
   -0.84  0.18  0.51  
   0.32  -0.60  0.74  

9  1163.98  -570.16  175.91  
   0.58  -0.44  0.69  
   -0.77  -0.04  0.63  
   -0.25  -0.90  -0.36  

2  856.36  -39.29  578.64  
   0.68  -0.73  -0.04  
   0.73  0.68  0.00  
   0.02  -0.03  1.00  

5  1056.83  269.23  195.11  
   -0.02  -0.55  0.83  
   -0.82  0.48  0.30  
   -0.57  -0.68  -0.46  

3  1259.98  -27.24  -5.36  
   -0.53  -0.02  -0.85  
   -0.05  -1.00  0.06  
   -0.85  0.07  0.53  

4  1110.41  144.66  -70.10  
   0.48  -0.77  0.41  
   0.86  0.33  -0.38  
   0.16  0.54  0.83  

6  1160.86  519.26  186.63  
   0.58  0.31  0.75  
   0.78  0.04  -0.62  
   -0.22  0.95  -0.22  

9  1183.18  -562.12  174.13  
   0.64  -0.41  0.65  
   -0.73  -0.06  0.68  
   -0.24  -0.91  -0.33  

8  1039.42  -308.07  176.81  
   -0.07  0.42  0.90  
   0.79  0.58  -0.21  
   -0.61  0.70  -0.37  

7  1088.98  -182.61  -79.92  
   0.44  0.78  0.44  
   -0.84  0.19  0.51  
   0.31  -0.59  0.74  

2  856.36  -39.29  578.64  
   0.68  -0.73  -0.04  
   0.73  0.68  0.00  
   0.02  -0.03  1.00  

5  1060.85  273.69  194.22  
   -0.05  -0.50  0.86  
   -0.82  0.52  0.25  
   -0.57  -0.69  -0.44  

6  1187.65  511.22  183.95  
   0.66  0.29  0.69  
   0.72  0.04  -0.70  
   -0.23  0.96  -0.18  

3  1259.98  -27.68  -4.91  
   -0.53  -0.02  -0.85  
   -0.05  -1.00  0.06  
   -0.85  0.07  0.52  

4  1113.53  145.11  -69.65  
   0.50  -0.77  0.41  
   0.85  0.34  -0.39  
   0.16  0.54  0.82  

7  1089.87  -183.95  -80.37  
   0.44  0.78  0.44  
   -0.84  0.19  0.50  
   0.31  -0.59  0.74  

9  1200.15  -558.55  171.45  
   0.70  -0.37  0.61  
   -0.68  -0.06  0.73  
   -0.24  -0.93  -0.30  

8  1041.65  -313.88  175.47  
   -0.09  0.38  0.92  
   0.79  0.59  -0.16  
   -0.61  0.71  -0.35  

2  856.36  -39.29  578.64  
   0.68  -0.73  -0.04  
   0.73  0.68  0.00  
   0.02  -0.03  1.00  

3  1260.43  -28.13  -4.02  
   -0.53  -0.03  -0.85  
   -0.05  -1.00  0.06  
   -0.85  0.07  0.52  

4  1115.76  146.89  -68.76  
   0.51  -0.76  0.40  
   0.84  0.35  -0.41  
   0.17  0.55  0.82  

5  1065.31  276.37  193.77  
   -0.09  -0.46  0.88  
   -0.81  0.54  0.20  
   -0.58  -0.70  -0.42  

6  1212.65  498.72  183.51  
   0.73  0.27  0.62  
   0.64  0.02  -0.77  
   -0.22  0.96  -0.16  

9  1223.37  -546.94  166.99  
   0.75  -0.34  0.56  
   -0.61  -0.06  0.79  
   -0.23  -0.94  -0.26  

8  1048.35  -318.34  172.34  
   -0.13  0.34  0.93  
   0.79  0.60  -0.12  
   -0.60  0.72  -0.35  

7  1091.65  -184.40  -80.81  
   0.45  0.78  0.44  
   -0.84  0.21  0.50  
   0.30  -0.59  0.75  

5  1069.33  279.95  193.33  
   -0.12  -0.40  0.91  
   -0.81  0.57  0.15  
   -0.58  -0.72  -0.39  

2  855.91  -39.29  578.64  
   0.68  -0.73  -0.04  
   0.73  0.68  0.00  
   0.02  -0.03  1.00  

4  1118.89  147.79  -67.42  
   0.52  -0.75  0.40  
   0.83  0.36  -0.42  
   0.17  0.55  0.82  

3  1260.87  -28.57  -2.68  
   -0.52  -0.03  -0.85  
   -0.05  -1.00  0.06  
   -0.85  0.07  0.52  

6  1233.19  486.67  185.29  
   0.80  0.25  0.55  
   0.57  0.02  -0.82  
   -0.21  0.97  -0.13  

7  1094.33  -185.74  -82.15  
   0.46  0.77  0.43  
   -0.84  0.22  0.50  
   0.29  -0.59  0.75  

9  1248.82  -538.91  161.18  
   0.82  -0.30  0.49  
   -0.53  -0.06  0.85  
   -0.23  -0.95  -0.21  

8  1053.70  -325.04  167.43  
   -0.16  0.28  0.94  
   0.79  0.61  -0.05  
   -0.59  0.74  -0.32  

2  856.36  -39.29  578.64  
   0.68  -0.73  -0.04  
   0.73  0.68  0.00  
   0.02  -0.03  1.00  

3  1261.76  -29.02  -1.79  
   -0.52  -0.02  -0.85  
   -0.05  -1.00  0.05  
   -0.85  0.07  0.52  

4  1120.23  147.79  -66.08  
   0.53  -0.75  0.40  
   0.83  0.36  -0.43  
   0.18  0.56  0.81  

5  1071.56  283.52  191.99  
   -0.14  -0.35  0.93  
   -0.80  0.60  0.10  
   -0.59  -0.72  -0.36  

6  1250.60  475.06  186.63  
   0.85  0.22  0.48  
   0.49  0.02  -0.87  
   -0.20  0.97  -0.10  

8  1061.74  -331.74  162.52  
   -0.20  0.22  0.95  
   0.79  0.61  0.02  
   -0.58  0.76  -0.30  

9  1276.05  -520.15  155.82  
   0.88  -0.27  0.40  
   -0.42  -0.05  0.90  
   -0.23  -0.96  -0.16  

7  1096.57  -187.08  -82.60  
   0.48  0.77  0.43  
   -0.83  0.24  0.50  
   0.28  -0.60  0.75  

2  856.36  -39.29  578.64  
   0.68  -0.73  -0.04  
   0.73  0.68  0.00  
   0.02  -0.03  1.00  

3  1262.66  -28.13  -0.89  
   -0.52  -0.02  -0.85  
   -0.04  -1.00  0.05  
   -0.85  0.06  0.52  

4  1122.02  149.13  -65.63  
   0.54  -0.74  0.40  
   0.82  0.36  -0.44  
   0.18  0.56  0.81  

5  1075.13  287.98  189.76  
   -0.16  -0.31  0.94  
   -0.79  0.60  0.06  
   -0.59  -0.73  -0.34  

7  1099.24  -186.63  -83.49  
   0.49  0.76  0.42  
   -0.83  0.26  0.50  
   0.27  -0.60  0.76  

8  1067.10  -337.99  157.16  
   -0.24  0.18  0.96  
   0.79  0.61  0.08  
   -0.57  0.77  -0.28  

6  1264.89  465.24  184.84  
   0.88  0.21  0.42  
   0.43  0.02  -0.90  
   -0.20  0.98  -0.07  

9  1296.14  -506.31  149.57  
   0.92  -0.25  0.31  
   -0.33  -0.04  0.94  
   -0.23  -0.97  -0.12  

2  856.36  -39.29  578.64  
   0.68  -0.73  -0.04  
   0.73  0.68  0.00  
   0.02  -0.03  1.00  

3  1263.55  -27.68  -0.45  
   -0.52  -0.02  -0.86  
   -0.04  -1.00  0.05  
   -0.85  0.06  0.52  

4  1124.25  150.91  -64.74  
   0.55  -0.74  0.39  
   0.81  0.37  -0.45  
   0.18  0.57  0.80  

5  1079.60  292.00  187.52  
   -0.18  -0.25  0.95  
   -0.79  0.62  0.01  
   -0.59  -0.74  -0.31  

6  1278.73  457.65  186.63  
   0.91  0.18  0.36  
   0.37  0.03  -0.93  
   -0.17  0.98  -0.04  

8  1074.24  -341.11  155.38  
   -0.27  0.13  0.95  
   0.78  0.61  0.14  
   -0.57  0.78  -0.26  

7  1101.03  -187.08  -83.94  
   0.50  0.76  0.42  
   -0.82  0.27  0.50  
   0.27  -0.60  0.76  

9  1315.34  -489.35  144.66  
   0.95  -0.24  0.22  
   -0.24  -0.04  0.97  
   -0.22  -0.97  -0.09  

2  856.36  -39.29  578.64  
   0.68  -0.73  -0.04  
   0.73  0.68  0.00  
   0.02  -0.03  1.00  

3  1263.55  -27.24  -0.45  
   -0.52  -0.02  -0.85  
   -0.04  -1.00  0.05  
   -0.85  0.06  0.52  

4  1125.59  151.36  -64.29  
   0.56  -0.73  0.39  
   0.81  0.38  -0.46  
   0.18  0.57  0.80  

5  1084.96  296.47  185.29  
   -0.21  -0.20  0.95  
   -0.78  0.63  -0.04  
   -0.59  -0.75  -0.29  

7  1101.92  -187.08  -83.49  
   0.51  0.75  0.42  
   -0.82  0.28  0.50  
   0.26  -0.60  0.75  

6  1294.80  445.59  188.86  
   0.94  0.16  0.30  
   0.30  0.03  -0.95  
   -0.16  0.99  -0.02  

8  1078.26  -345.58  152.25  
   -0.30  0.07  0.95  
   0.77  0.61  0.19  
   -0.57  0.79  -0.24  

9  1330.08  -471.49  151.80  
   0.97  -0.20  0.14  
   -0.15  -0.04  0.99  
   -0.19  -0.98  -0.07  

2  856.36  -39.29  578.64  
   0.68  -0.73  -0.04  
   0.73  0.68  0.00  
   0.02  -0.03  1.00  

3  1263.55  -27.68  0.00  
   -0.52  -0.02  -0.85  
   -0.04  -1.00  0.05  
   -0.85  0.06  0.52  

4  1126.93  151.80  -63.40  
   0.58  -0.72  0.39  
   0.79  0.39  -0.47  
   0.18  0.58  0.80  

5  1092.55  300.93  184.40  
   -0.25  -0.16  0.96  
   -0.77  0.63  -0.09  
   -0.59  -0.76  -0.28  

6  1310.43  432.64  187.08  
   0.96  0.14  0.23  
   0.23  0.04  -0.97  
   -0.15  0.99  0.00  

8  1080.05  -349.15  150.47  
   -0.32  0.02  0.95  
   0.75  0.61  0.24  
   -0.58  0.79  -0.21  

7  1102.37  -188.86  -83.49  
   0.52  0.74  0.42  
   -0.82  0.28  0.51  
   0.26  -0.61  0.75  

9  1341.24  -455.41  158.50  
   0.98  -0.17  0.06  
   -0.07  -0.04  1.00  
   -0.16  -0.98  -0.06  

2  856.36  -39.29  578.64  
   0.68  -0.73  -0.04  
   0.73  0.68  0.00  
   0.02  -0.03  1.00  

4  1128.71  151.36  -62.95  
   0.60  -0.70  0.38  
   0.78  0.40  -0.47  
   0.18  0.58  0.79  

3  1263.55  -28.57  0.45  
   -0.52  -0.02  -0.85  
   -0.04  -1.00  0.05  
   -0.85  0.06  0.52  

6  1322.93  420.59  191.10  
   0.98  0.13  0.17  
   0.16  0.04  -0.99  
   -0.13  0.99  0.01  

5  1099.24  303.16  183.95  
   -0.28  -0.11  0.95  
   -0.75  0.64  -0.14  
   -0.60  -0.76  -0.26  

7  1101.92  -189.31  -83.05  
   0.52  0.74  0.42  
   -0.82  0.28  0.51  
   0.26  -0.61  0.75  

8  1080.49  -351.83  150.02  
   -0.33  -0.03  0.94  
   0.74  0.61  0.28  
   -0.59  0.79  -0.18  

9  1347.94  -436.66  169.22  
   0.99  -0.13  -0.02  
   0.01  -0.05  1.00  
   -0.13  -0.99  -0.05  

2  856.36  -39.29  578.64  
   0.68  -0.73  -0.04  
   0.73  0.68  0.00  
   0.02  -0.03  1.00  

4  1130.05  151.80  -62.95  
   0.61  -0.69  0.38  
   0.77  0.41  -0.48  
   0.18  0.59  0.79  

3  1263.10  -30.81  0.00  
   -0.53  -0.03  -0.85  
   -0.04  -1.00  0.06  
   -0.85  0.06  0.52  

5  1105.94  301.82  185.29  
   -0.30  -0.07  0.95  
   -0.73  0.65  -0.19  
   -0.61  -0.75  -0.25  

6  1334.10  407.19  196.90  
   0.99  0.11  0.11  
   0.11  0.03  -0.99  
   -0.12  0.99  0.01  

7  1099.69  -188.86  -81.71  
   0.52  0.74  0.43  
   -0.82  0.28  0.51  
   0.26  -0.61  0.75  

8  1081.39  -350.49  153.14  
   -0.35  -0.07  0.93  
   0.71  0.62  0.32  
   -0.60  0.78  -0.17  

9  1352.40  -421.48  175.91  
   0.99  -0.12  -0.07  
   0.07  -0.07  1.00  
   -0.12  -0.99  -0.06  

2  856.36  -39.29  578.64  
   0.68  -0.73  -0.04  
   0.73  0.68  0.00  
   0.02  -0.03  1.00  

5  1108.62  301.82  189.31  
   -0.32  -0.04  0.95  
   -0.72  0.66  -0.21  
   -0.62  -0.75  -0.24  

4  1129.61  152.25  -61.17  
   0.62  -0.69  0.38  
   0.76  0.42  -0.49  
   0.18  0.59  0.78  

3  1262.21  -30.36  0.00  
   -0.53  -0.04  -0.85  
   -0.04  -1.00  0.06  
   -0.85  0.06  0.52  

6  1339.90  396.92  202.26  
   0.99  0.10  0.08  
   0.08  0.02  -1.00  
   -0.11  0.99  0.01  

7  1098.35  -188.86  -80.81  
   0.52  0.74  0.43  
   -0.81  0.27  0.51  
   0.26  -0.62  0.74  

8  1087.19  -348.26  158.06  
   -0.38  -0.10  0.92  
   0.69  0.64  0.35  
   -0.62  0.77  -0.17  

9  1360.44  -402.73  182.61  
   0.98  -0.11  -0.13  
   0.12  -0.09  0.99  
   -0.12  -0.99  -0.07  

2  855.91  -39.29  578.64  
   0.68  -0.73  -0.04  
   0.73  0.68  0.00  
   0.02  -0.03  1.00  

5  1110.85  298.25  191.54  
   -0.33  -0.02  0.94  
   -0.70  0.68  -0.23  
   -0.63  -0.74  -0.24  

6  1343.92  387.10  208.95  
   0.99  0.09  0.05  
   0.05  0.01  -1.00  
   -0.09  1.00  0.01  

3  1260.87  -30.81  0.45  
   -0.53  -0.04  -0.85  
   -0.04  -1.00  0.06  
   -0.85  0.06  0.52  

4  1129.61  152.70  -60.72  
   0.62  -0.69  0.38  
   0.76  0.42  -0.50  
   0.18  0.60  0.78  

9  1367.58  -388.89  188.86  
   0.98  -0.10  -0.18  
   0.17  -0.10  0.98  
   -0.11  -0.99  -0.08  

8  1093.44  -348.70  158.95  
   -0.41  -0.14  0.90  
   0.66  0.64  0.40  
   -0.63  0.76  -0.17  

7  1097.46  -191.54  -80.81  
   0.53  0.73  0.43  
   -0.81  0.28  0.52  
   0.26  -0.62  0.74  

2  856.36  -39.29  578.64  
   0.68  -0.73  -0.04  
   0.73  0.68  0.00  
   0.02  -0.03  1.00  

4  1129.16  153.14  -59.83  
   0.63  -0.68  0.38  
   0.76  0.41  -0.51  
   0.19  0.60  0.78  

3  1259.98  -31.25  1.34  
   -0.52  -0.04  -0.85  
   -0.04  -1.00  0.06  
   -0.85  0.06  0.52  

5  1112.19  296.91  194.67  
   -0.34  0.02  0.94  
   -0.68  0.69  -0.26  
   -0.65  -0.73  -0.22  

6  1347.49  376.83  218.33  
   1.00  0.07  0.02  
   0.02  0.00  -1.00  
   -0.07  1.00  0.00  

7  1098.80  -192.43  -80.37  
   0.54  0.73  0.42  
   -0.80  0.29  0.53  
   0.26  -0.62  0.74  

9  1376.51  -372.37  196.01  
   0.97  -0.08  -0.23  
   0.22  -0.10  0.97  
   -0.10  -0.99  -0.08  

8  1100.14  -348.26  161.63  
   -0.43  -0.18  0.88  
   0.63  0.64  0.44  
   -0.64  0.75  -0.17  

2  856.36  -39.74  578.64  
   0.68  -0.73  -0.04  
   0.73  0.68  0.00  
   0.02  -0.03  1.00  

5  1112.19  296.02  197.35  
   -0.35  0.06  0.94  
   -0.66  0.69  -0.29  
   -0.67  -0.72  -0.20  

3  1259.53  -30.81  1.79  
   -0.52  -0.03  -0.85  
   -0.03  -1.00  0.06  
   -0.85  0.06  0.52  

4  1130.05  153.14  -58.49  
   0.63  -0.68  0.37  
   0.75  0.41  -0.51  
   0.20  0.60  0.77  

7  1100.58  -193.33  -79.92  
   0.55  0.72  0.41  
   -0.79  0.30  0.54  
   0.26  -0.62  0.74  

8  1104.16  -348.70  162.52  
   -0.45  -0.21  0.87  
   0.62  0.63  0.47  
   -0.65  0.75  -0.16  

6  1351.51  365.67  229.49  
   1.00  0.04  -0.02  
   -0.02  -0.00  -1.00  
   -0.04  1.00  -0.00  

9  1381.87  -364.78  202.70  
   0.96  -0.06  -0.26  
   0.25  -0.10  0.96  
   -0.08  -0.99  -0.08  

2  856.36  -39.29  578.64  
   0.68  -0.73  -0.04  
   0.73  0.68  0.00  
   0.02  -0.03  1.00  

3  1259.09  -30.36  3.57  
   -0.52  -0.03  -0.86  
   -0.03  -1.00  0.06  
   -0.86  0.06  0.51  

4  1131.84  154.48  -56.26  
   0.63  -0.69  0.36  
   0.75  0.41  -0.52  
   0.21  0.60  0.77  

5  1112.64  294.68  200.47  
   -0.35  0.09  0.93  
   -0.64  0.70  -0.31  
   -0.68  -0.71  -0.19  

6  1352.40  358.97  237.53  
   1.00  0.02  -0.04  
   -0.04  -0.01  -1.00  
   -0.02  1.00  -0.01  

8  1107.28  -346.92  165.20  
   -0.45  -0.23  0.86  
   0.60  0.64  0.48  
   -0.66  0.74  -0.15  

7  1104.16  -193.33  -79.03  
   0.56  0.72  0.40  
   -0.78  0.30  0.55  
   0.27  -0.62  0.74  

9  1385.44  -354.96  208.95  
   0.96  -0.04  -0.28  
   0.28  -0.11  0.95  
   -0.07  -0.99  -0.09  

2  856.36  -39.29  578.64  
   0.68  -0.73  -0.04  
   0.73  0.68  0.00  
   0.02  -0.03  1.00  

3  1259.53  -30.36  4.91  
   -0.51  -0.03  -0.86  
   -0.03  -1.00  0.06  
   -0.86  0.06  0.51  

4  1133.62  154.93  -54.92  
   0.63  -0.69  0.35  
   0.74  0.41  -0.53  
   0.22  0.60  0.77  

5  1114.87  293.34  203.15  
   -0.35  0.11  0.93  
   -0.63  0.71  -0.32  
   -0.69  -0.70  -0.18  

6  1355.08  349.15  246.46  
   1.00  0.00  -0.07  
   -0.07  -0.02  -1.00  
   -0.01  1.00  -0.02  

7  1105.50  -194.22  -78.13  
   0.57  0.73  0.39  
   -0.78  0.31  0.55  
   0.28  -0.62  0.74  

8  1108.17  -346.03  167.43  
   -0.45  -0.24  0.86  
   0.59  0.64  0.49  
   -0.67  0.73  -0.14  

9  1385.89  -350.49  215.65  
   0.96  -0.03  -0.29  
   0.28  -0.11  0.95  
   -0.06  -0.99  -0.10  

2  856.36  -39.29  578.64  
   0.68  -0.73  -0.04  
   0.73  0.68  0.00  
   0.02  -0.03  1.00  

4  1135.86  155.82  -54.92  
   0.64  -0.69  0.35  
   0.74  0.41  -0.54  
   0.23  0.60  0.77  

3  1259.98  -29.91  5.36  
   -0.51  -0.03  -0.86  
   -0.03  -1.00  0.06  
   -0.86  0.06  0.51  

5  1117.55  292.00  204.94  
   -0.35  0.12  0.93  
   -0.62  0.71  -0.33  
   -0.70  -0.69  -0.18  

8  1108.62  -345.58  167.88  
   -0.45  -0.24  0.86  
   0.59  0.64  0.49  
   -0.67  0.73  -0.14  

7  1105.94  -194.22  -77.69  
   0.56  0.73  0.39  
   -0.78  0.30  0.55  
   0.28  -0.61  0.74  

6  1356.87  346.92  250.48  
   1.00  -0.00  -0.07  
   -0.07  -0.03  -1.00  
   0.00  1.00  -0.03  

9  1386.33  -349.15  216.99  
   0.96  -0.03  -0.29  
   0.29  -0.12  0.95  
   -0.06  -0.99  -0.10  

2  856.36  -39.29  578.64  
   0.68  -0.73  -0.04  
   0.73  0.68  0.00  
   0.02  -0.03  1.00  

3  1260.87  -29.47  6.25  
   -0.51  -0.03  -0.86  
   -0.03  -1.00  0.06  
   -0.86  0.06  0.51  

4  1136.75  156.27  -54.02  
   0.64  -0.69  0.34  
   0.73  0.41  -0.54  
   0.23  0.60  0.77  

6  1358.65  345.58  250.92  
   1.00  -0.00  -0.08  
   -0.08  -0.03  -1.00  
   -0.00  1.00  -0.03  

5  1119.34  291.55  205.38  
   -0.36  0.12  0.93  
   -0.62  0.71  -0.33  
   -0.70  -0.69  -0.18  

8  1109.07  -344.24  168.77  
   -0.45  -0.24  0.86  
   0.59  0.64  0.49  
   -0.67  0.72  -0.14  

7  1107.28  -194.22  -77.69  
   0.56  0.73  0.39  
   -0.78  0.30  0.55  
   0.29  -0.61  0.74  

9  1386.78  -347.81  218.33  
   0.96  -0.02  -0.29  
   0.29  -0.12  0.95  
   -0.06  -0.99  -0.10  

2  856.36  -39.29  578.64  
   0.68  -0.73  -0.04  
   0.73  0.68  0.00  
   0.02  -0.03  1.00  

3  1261.32  -29.91  6.70  
   -0.51  -0.03  -0.86  
   -0.03  -1.00  0.06  
   -0.86  0.06  0.51  

4  1137.64  155.82  -54.47  
   0.64  -0.69  0.34  
   0.73  0.41  -0.54  
   0.23  0.60  0.77  

5  1119.78  292.00  204.94  
   -0.36  0.12  0.93  
   -0.62  0.71  -0.33  
   -0.70  -0.69  -0.18  

6  1359.54  345.13  251.37  
   1.00  -0.00  -0.08  
   -0.08  -0.03  -1.00  
   -0.00  1.00  -0.03  

7  1107.73  -193.77  -78.13  
   0.56  0.73  0.39  
   -0.77  0.30  0.56  
   0.29  -0.61  0.74  

8  1109.07  -343.79  169.22  
   -0.45  -0.24  0.86  
   0.59  0.64  0.49  
   -0.67  0.72  -0.14  

9  1386.78  -347.36  219.22  
   0.96  -0.02  -0.29  
   0.29  -0.12  0.95  
   -0.06  -0.99  -0.11  

2  855.91  -39.29  578.64  
   0.68  -0.73  -0.04  
   0.73  0.68  0.00  
   0.02  -0.03  1.00  

3  1261.76  -29.47  6.70  
   -0.51  -0.03  -0.86  
   -0.03  -1.00  0.06  
   -0.86  0.05  0.50  

5  1119.78  292.00  205.38  
   -0.36  0.12  0.93  
   -0.62  0.71  -0.33  
   -0.70  -0.69  -0.18  

6  1359.54  345.13  251.37  
   1.00  -0.00  -0.08  
   -0.08  -0.03  -1.00  
   -0.00  1.00  -0.03  

4  1137.64  156.27  -54.47  
   0.64  -0.69  0.34  
   0.73  0.41  -0.54  
   0.23  0.59  0.77  

7  1108.17  -193.77  -78.13  
   0.56  0.73  0.38  
   -0.77  0.30  0.56  
   0.29  -0.61  0.74  

8  1109.51  -343.35  169.66  
   -0.45  -0.24  0.86  
   0.59  0.64  0.49  
   -0.67  0.72  -0.14  

9  1387.67  -346.47  220.12  
   0.96  -0.02  -0.29  
   0.29  -0.12  0.95  
   -0.05  -0.99  -0.11  

