2  856.36  -40.63  573.73  
   0.56  -0.83  0.01  
   0.82  0.56  0.06  
   -0.06  -0.03  1.00  

6  1514.47  -0.89  -98.23  
   0.04  0.99  -0.16  
   -1.00  0.04  0.00  
   0.01  0.16  0.99  

5  1429.64  219.22  -45.54  
   -1.00  -0.08  0.01  
   -0.00  -0.15  -0.99  
   0.08  -0.98  0.15  

3  1304.63  -15.18  16.07  
   -0.35  0.01  -0.94  
   -0.09  -1.00  0.02  
   -0.93  0.09  0.35  

4  1221.58  127.69  -84.39  
   0.91  -0.13  0.40  
   0.23  0.95  -0.21  
   -0.35  0.29  0.89  

7  1193.45  -149.57  -72.33  
   0.70  0.50  0.50  
   -0.64  0.76  0.13  
   -0.31  -0.41  0.86  

9  1468.93  -18.75  -85.72  
   -0.24  -0.81  -0.54  
   0.97  -0.18  -0.16  
   0.03  -0.56  0.83  

8  1411.78  -248.25  -18.75  
   -0.97  0.23  -0.12  
   -0.02  0.40  0.92  
   0.26  0.89  -0.38  

2  856.36  -40.63  573.73  
   0.56  -0.83  0.01  
   0.82  0.56  0.06  
   -0.06  -0.03  1.00  

4  1221.13  128.59  -84.39  
   0.91  -0.13  0.40  
   0.23  0.95  -0.21  
   -0.35  0.29  0.89  

3  1304.63  -14.29  16.07  
   -0.35  0.01  -0.94  
   -0.09  -1.00  0.02  
   -0.93  0.09  0.35  

5  1429.20  219.67  -45.54  
   -1.00  -0.08  0.01  
   -0.00  -0.15  -0.99  
   0.08  -0.98  0.15  

6  1514.47  0.00  -98.23  
   0.04  0.99  -0.16  
   -1.00  0.04  0.00  
   0.01  0.16  0.99  

7  1193.01  -149.57  -72.78  
   0.70  0.50  0.50  
   -0.64  0.76  0.13  
   -0.31  -0.41  0.86  

8  1412.23  -247.35  -18.75  
   -0.97  0.23  -0.12  
   -0.02  0.40  0.92  
   0.26  0.89  -0.38  

9  1468.93  -17.86  -85.28  
   -0.24  -0.81  -0.54  
   0.97  -0.18  -0.16  
   0.03  -0.56  0.83  

2  856.36  -40.63  573.73  
   0.56  -0.83  0.01  
   0.82  0.56  0.06  
   -0.06  -0.03  1.00  

3  1304.18  -14.29  16.07  
   -0.35  0.01  -0.94  
   -0.09  -1.00  0.02  
   -0.93  0.09  0.35  

4  1220.69  128.59  -83.94  
   0.91  -0.14  0.40  
   0.23  0.95  -0.21  
   -0.35  0.29  0.89  

5  1428.30  219.67  -45.09  
   -1.00  -0.08  0.01  
   -0.00  -0.15  -0.99  
   0.08  -0.98  0.15  

6  1514.47  0.00  -98.23  
   0.04  0.99  -0.16  
   -1.00  0.04  0.00  
   0.01  0.16  0.99  

9  1468.93  -17.86  -85.28  
   -0.25  -0.81  -0.54  
   0.97  -0.19  -0.16  
   0.03  -0.56  0.83  

8  1411.78  -247.35  -19.20  
   -0.97  0.23  -0.12  
   -0.02  0.40  0.92  
   0.26  0.89  -0.38  

7  1193.01  -149.13  -72.33  
   0.70  0.50  0.50  
   -0.64  0.76  0.13  
   -0.31  -0.41  0.86  

2  856.36  -40.63  573.73  
   0.56  -0.83  0.01  
   0.82  0.56  0.06  
   -0.06  -0.03  1.00  

4  1221.13  129.03  -83.49  
   0.91  -0.14  0.40  
   0.24  0.95  -0.21  
   -0.35  0.29  0.89  

3  1304.18  -14.29  16.07  
   -0.35  0.01  -0.94  
   -0.09  -1.00  0.02  
   -0.93  0.09  0.35  

5  1428.30  220.12  -45.09  
   -1.00  -0.08  0.01  
   -0.00  -0.15  -0.99  
   0.08  -0.99  0.15  

6  1514.03  0.00  -97.78  
   0.04  0.99  -0.16  
   -1.00  0.04  0.00  
   0.01  0.16  0.99  

7  1192.56  -149.13  -72.33  
   0.70  0.50  0.50  
   -0.64  0.76  0.13  
   -0.31  -0.41  0.86  

9  1468.49  -16.97  -85.72  
   -0.25  -0.81  -0.54  
   0.97  -0.19  -0.17  
   0.03  -0.56  0.83  

8  1411.78  -246.46  -18.75  
   -0.97  0.23  -0.13  
   -0.02  0.40  0.92  
   0.26  0.89  -0.38  

2  856.36  -40.63  573.73  
   0.56  -0.83  0.01  
   0.82  0.56  0.06  
   -0.06  -0.03  1.00  

4  1220.69  128.59  -83.94  
   0.91  -0.14  0.40  
   0.24  0.95  -0.21  
   -0.35  0.29  0.89  

3  1303.73  -13.84  16.52  
   -0.35  0.02  -0.94  
   -0.09  -1.00  0.02  
   -0.93  0.09  0.35  

5  1428.30  220.56  -44.65  
   -1.00  -0.08  0.01  
   -0.00  -0.15  -0.99  
   0.08  -0.99  0.15  

7  1192.56  -149.13  -72.33  
   0.70  0.50  0.50  
   -0.64  0.76  0.13  
   -0.31  -0.41  0.86  

6  1514.03  0.00  -97.33  
   0.04  0.99  -0.16  
   -1.00  0.04  0.00  
   0.01  0.16  0.99  

8  1411.34  -246.91  -19.20  
   -0.97  0.23  -0.13  
   -0.03  0.40  0.92  
   0.26  0.89  -0.38  

9  1468.49  -17.41  -85.28  
   -0.25  -0.81  -0.54  
   0.97  -0.19  -0.16  
   0.03  -0.56  0.83  

2  856.36  -40.63  573.73  
   0.56  -0.83  0.01  
   0.82  0.56  0.07  
   -0.06  -0.03  1.00  

4  1220.24  129.03  -83.49  
   0.91  -0.14  0.39  
   0.24  0.95  -0.21  
   -0.35  0.29  0.89  

5  1427.86  219.67  -45.09  
   -1.00  -0.08  0.01  
   -0.00  -0.15  -0.99  
   0.08  -0.99  0.15  

3  1304.18  -14.29  16.97  
   -0.35  0.01  -0.94  
   -0.09  -1.00  0.02  
   -0.93  0.09  0.35  

6  1513.58  0.00  -97.33  
   0.04  0.99  -0.16  
   -1.00  0.04  0.00  
   0.01  0.16  0.99  

9  1468.04  -16.97  -85.72  
   -0.25  -0.81  -0.54  
   0.97  -0.19  -0.16  
   0.03  -0.56  0.83  

8  1411.34  -246.46  -18.75  
   -0.97  0.23  -0.13  
   -0.03  0.40  0.92  
   0.26  0.89  -0.38  

7  1192.56  -148.68  -72.33  
   0.70  0.50  0.50  
   -0.64  0.76  0.13  
   -0.31  -0.41  0.86  

2  856.36  -40.63  573.73  
   0.56  -0.83  0.01  
   0.82  0.56  0.06  
   -0.06  -0.03  1.00  

3  1303.73  -13.84  16.97  
   -0.35  0.01  -0.94  
   -0.09  -1.00  0.02  
   -0.93  0.09  0.35  

7  1192.56  -148.68  -72.33  
   0.71  0.50  0.50  
   -0.64  0.76  0.13  
   -0.31  -0.41  0.86  

6  1512.69  1.79  -100.91  
   0.04  0.99  -0.16  
   -1.00  0.04  -0.01  
   -0.01  0.16  0.99  

5  1427.41  220.56  -44.20  
   -1.00  -0.08  0.02  
   -0.00  -0.15  -0.99  
   0.08  -0.99  0.15  

4  1220.24  128.59  -83.49  
   0.91  -0.14  0.39  
   0.23  0.95  -0.21  
   -0.34  0.29  0.89  

8  1410.89  -248.25  -19.20  
   -0.96  0.23  -0.12  
   -0.02  0.40  0.91  
   0.26  0.88  -0.39  

9  1467.59  -21.43  -91.98  
   -0.25  -0.81  -0.53  
   0.97  -0.20  -0.14  
   0.00  -0.55  0.84  

2  856.36  -40.63  573.73  
   0.56  -0.83  0.01  
   0.82  0.56  0.06  
   -0.06  -0.03  1.00  

4  1220.24  128.59  -83.49  
   0.91  -0.14  0.39  
   0.24  0.95  -0.22  
   -0.34  0.29  0.89  

3  1303.73  -14.29  16.52  
   -0.35  0.01  -0.94  
   -0.09  -1.00  0.02  
   -0.93  0.09  0.35  

5  1424.73  224.58  -42.86  
   -0.99  -0.10  0.03  
   -0.02  -0.11  -0.99  
   0.10  -0.99  0.11  

8  1409.55  -249.14  -17.41  
   -0.96  0.25  -0.12  
   0.01  0.45  0.89  
   0.27  0.86  -0.43  

9  1466.25  -26.79  -107.16  
   -0.25  -0.82  -0.52  
   0.97  -0.24  -0.07  
   -0.07  -0.52  0.85  

7  1192.11  -149.13  -71.88  
   0.70  0.50  0.50  
   -0.64  0.76  0.13  
   -0.31  -0.41  0.86  

6  1513.58  9.38  -110.73  
   0.06  0.99  -0.14  
   -1.00  0.05  -0.06  
   -0.05  0.15  0.99  

2  856.36  -40.63  573.73  
   0.56  -0.83  0.01  
   0.82  0.56  0.06  
   -0.06  -0.03  1.00  

4  1219.80  127.69  -83.05  
   0.91  -0.14  0.40  
   0.24  0.95  -0.22  
   -0.34  0.29  0.89  

5  1422.95  227.71  -43.76  
   -0.99  -0.11  0.05  
   -0.04  -0.10  -0.99  
   0.11  -0.99  0.09  

3  1303.73  -13.84  16.97  
   -0.35  0.02  -0.94  
   -0.09  -1.00  0.02  
   -0.93  0.09  0.35  

7  1192.11  -148.68  -70.54  
   0.70  0.50  0.50  
   -0.64  0.76  0.13  
   -0.31  -0.41  0.85  

9  1466.25  -35.27  -126.80  
   -0.24  -0.83  -0.50  
   0.96  -0.28  0.01  
   -0.15  -0.48  0.87  

8  1410.44  -249.58  -14.29  
   -0.96  0.26  -0.11  
   0.03  0.50  0.87  
   0.29  0.83  -0.48  

6  1513.58  15.18  -123.68  
   0.08  0.99  -0.12  
   -0.99  0.07  -0.10  
   -0.09  0.13  0.99  

5  1422.50  233.06  -43.76  
   -0.99  -0.13  0.08  
   -0.07  -0.05  -1.00  
   0.13  -0.99  0.04  

2  856.36  -40.63  573.73  
   0.56  -0.83  0.01  
   0.82  0.56  0.07  
   -0.06  -0.03  1.00  

4  1219.35  128.59  -83.05  
   0.91  -0.14  0.40  
   0.25  0.94  -0.23  
   -0.34  0.30  0.89  

3  1303.73  -14.29  16.52  
   -0.35  0.02  -0.94  
   -0.09  -1.00  0.02  
   -0.93  0.09  0.35  

6  1515.37  25.90  -142.88  
   0.10  0.99  -0.09  
   -0.98  0.09  -0.17  
   -0.16  0.10  0.98  

9  1464.47  -50.01  -154.04  
   -0.24  -0.85  -0.47  
   0.93  -0.34  0.16  
   -0.30  -0.40  0.87  

8  1410.00  -251.37  -15.18  
   -0.95  0.29  -0.12  
   0.07  0.57  0.82  
   0.30  0.77  -0.57  

7  1192.11  -149.13  -70.99  
   0.70  0.50  0.51  
   -0.64  0.75  0.14  
   -0.31  -0.42  0.85  

2  856.36  -40.63  573.73  
   0.56  -0.83  0.01  
   0.82  0.56  0.07  
   -0.06  -0.03  1.00  

4  1218.01  130.37  -82.15  
   0.90  -0.15  0.40  
   0.26  0.94  -0.23  
   -0.34  0.31  0.88  

3  1304.18  -13.84  16.52  
   -0.35  0.02  -0.94  
   -0.09  -1.00  0.01  
   -0.93  0.09  0.35  

7  1192.56  -148.23  -71.88  
   0.70  0.50  0.51  
   -0.64  0.75  0.14  
   -0.31  -0.43  0.85  

8  1410.00  -248.25  -4.02  
   -0.95  0.30  -0.12  
   0.11  0.66  0.74  
   0.30  0.69  -0.66  

5  1418.48  238.87  -45.54  
   -0.98  -0.16  0.10  
   -0.10  0.00  -0.99  
   0.16  -0.99  -0.02  

6  1513.58  45.09  -164.75  
   0.13  0.99  -0.05  
   -0.95  0.11  -0.28  
   -0.27  0.08  0.96  

9  1464.02  -75.01  -186.63  
   -0.23  -0.87  -0.43  
   0.86  -0.39  0.32  
   -0.45  -0.30  0.84  

4  1217.56  131.71  -82.15  
   0.90  -0.15  0.41  
   0.27  0.93  -0.24  
   -0.35  0.33  0.88  

2  856.36  -40.63  573.73  
   0.56  -0.83  0.01  
   0.82  0.56  0.06  
   -0.06  -0.03  1.00  

3  1304.18  -13.39  16.07  
   -0.35  0.02  -0.94  
   -0.09  -1.00  0.01  
   -0.93  0.08  0.35  

5  1416.25  241.10  -38.40  
   -0.98  -0.18  0.12  
   -0.14  0.08  -0.99  
   0.17  -0.98  -0.11  

7  1192.56  -149.13  -71.44  
   0.69  0.50  0.52  
   -0.65  0.75  0.15  
   -0.31  -0.44  0.84  

8  1408.66  -244.67  4.46  
   -0.94  0.31  -0.13  
   0.16  0.75  0.64  
   0.30  0.58  -0.76  

9  1462.68  -100.91  -204.94  
   -0.22  -0.89  -0.41  
   0.76  -0.42  0.50  
   -0.61  -0.20  0.77  

6  1509.12  70.54  -189.76  
   0.14  0.99  -0.02  
   -0.90  0.12  -0.42  
   -0.41  0.07  0.91  

2  856.36  -40.63  573.73  
   0.56  -0.83  0.01  
   0.82  0.56  0.07  
   -0.06  -0.03  1.00  

3  1304.18  -10.72  15.63  
   -0.35  0.03  -0.93  
   -0.08  -1.00  0.00  
   -0.93  0.08  0.35  

4  1216.67  134.84  -81.26  
   0.89  -0.16  0.42  
   0.28  0.93  -0.25  
   -0.35  0.34  0.87  

5  1411.78  249.58  -27.68  
   -0.97  -0.21  0.14  
   -0.18  0.18  -0.97  
   0.18  -0.96  -0.21  

7  1192.56  -147.79  -72.33  
   0.69  0.49  0.52  
   -0.65  0.74  0.15  
   -0.31  -0.45  0.84  

8  1409.55  -241.99  17.41  
   -0.94  0.33  -0.12  
   0.21  0.81  0.55  
   0.28  0.49  -0.82  

9  1460.00  -145.11  -222.80  
   -0.21  -0.92  -0.33  
   0.63  -0.38  0.67  
   -0.75  -0.07  0.66  

6  1498.40  100.46  -208.06  
   0.12  0.99  0.01  
   -0.83  0.11  -0.55  
   -0.55  0.06  0.83  

4  1215.33  137.07  -79.47  
   0.89  -0.17  0.42  
   0.30  0.92  -0.26  
   -0.34  0.35  0.87  

2  856.36  -40.63  573.73  
   0.56  -0.83  0.01  
   0.82  0.56  0.07  
   -0.06  -0.03  1.00  

3  1304.63  -10.27  14.73  
   -0.36  0.03  -0.93  
   -0.08  -1.00  0.00  
   -0.93  0.07  0.36  

5  1408.66  254.05  -18.75  
   -0.96  -0.24  0.16  
   -0.22  0.27  -0.94  
   0.18  -0.93  -0.32  

6  1490.81  132.61  -218.33  
   0.10  0.99  0.03  
   -0.73  0.09  -0.67  
   -0.67  0.04  0.74  

7  1192.56  -147.34  -71.44  
   0.69  0.49  0.53  
   -0.66  0.74  0.16  
   -0.31  -0.46  0.83  

8  1406.87  -243.33  25.00  
   -0.92  0.37  -0.12  
   0.28  0.85  0.44  
   0.27  0.38  -0.89  

9  1457.77  -187.52  -229.94  
   -0.19  -0.94  -0.28  
   0.47  -0.34  0.81  
   -0.86  0.02  0.51  

2  856.36  -40.63  573.73  
   0.56  -0.83  0.01  
   0.82  0.56  0.07  
   -0.06  -0.03  1.00  

4  1213.99  140.20  -77.24  
   0.89  -0.19  0.42  
   0.32  0.91  -0.26  
   -0.33  0.37  0.87  

3  1305.07  -8.93  14.73  
   -0.36  0.03  -0.93  
   -0.08  -1.00  -0.00  
   -0.93  0.07  0.36  

5  1407.32  258.07  -4.91  
   -0.95  -0.26  0.17  
   -0.26  0.36  -0.90  
   0.18  -0.89  -0.41  

6  1478.31  167.88  -224.58  
   0.05  1.00  0.06  
   -0.62  0.08  -0.78  
   -0.78  -0.00  0.62  

9  1451.52  -226.37  -229.49  
   -0.21  -0.95  -0.25  
   0.31  -0.31  0.90  
   -0.93  0.11  0.35  

8  1408.21  -241.99  35.27  
   -0.91  0.39  -0.13  
   0.32  0.88  0.36  
   0.25  0.29  -0.92  

7  1192.11  -147.34  -70.99  
   0.69  0.49  0.53  
   -0.66  0.73  0.17  
   -0.31  -0.47  0.83  

3  1304.63  -8.93  14.73  
   -0.36  0.03  -0.93  
   -0.08  -1.00  -0.00  
   -0.93  0.07  0.36  

2  856.36  -40.63  573.73  
   0.56  -0.83  0.01  
   0.82  0.56  0.06  
   -0.06  -0.03  1.00  

4  1213.99  141.09  -75.01  
   0.89  -0.19  0.42  
   0.33  0.91  -0.27  
   -0.33  0.38  0.87  

5  1405.09  256.28  7.59  
   -0.94  -0.29  0.16  
   -0.29  0.45  -0.84  
   0.17  -0.84  -0.51  

6  1466.70  190.20  -229.49  
   -0.00  1.00  0.09  
   -0.51  0.07  -0.86  
   -0.86  -0.05  0.51  

7  1192.56  -147.34  -70.54  
   0.69  0.49  0.54  
   -0.66  0.73  0.17  
   -0.31  -0.47  0.83  

8  1408.66  -235.30  42.86  
   -0.90  0.41  -0.16  
   0.36  0.90  0.25  
   0.24  0.17  -0.96  

9  1443.93  -266.10  -223.24  
   -0.23  -0.95  -0.21  
   0.14  -0.25  0.96  
   -0.96  0.19  0.19  

2  856.36  -40.63  573.73  
   0.56  -0.83  0.01  
   0.82  0.56  0.06  
   -0.06  -0.03  1.00  

5  1403.30  259.41  20.98  
   -0.93  -0.31  0.18  
   -0.32  0.50  -0.80  
   0.16  -0.81  -0.57  

6  1457.77  220.56  -223.69  
   -0.02  0.99  0.11  
   -0.41  0.09  -0.91  
   -0.91  -0.07  0.40  

4  1212.65  143.32  -72.33  
   0.88  -0.21  0.42  
   0.34  0.90  -0.28  
   -0.32  0.39  0.86  

3  1303.73  -8.48  14.29  
   -0.37  0.03  -0.93  
   -0.08  -1.00  -0.01  
   -0.93  0.07  0.37  

8  1405.09  -236.19  47.77  
   -0.89  0.43  -0.17  
   0.40  0.90  0.18  
   0.23  0.09  -0.97  

7  1192.11  -148.23  -70.10  
   0.68  0.49  0.54  
   -0.66  0.73  0.17  
   -0.31  -0.48  0.82  

9  1438.13  -300.04  -216.54  
   -0.23  -0.96  -0.17  
   -0.01  -0.17  0.98  
   -0.97  0.23  0.03  

2  856.36  -40.63  573.73  
   0.56  -0.83  0.01  
   0.82  0.56  0.06  
   -0.06  -0.03  1.00  

4  1211.31  143.77  -69.65  
   0.88  -0.21  0.42  
   0.36  0.89  -0.29  
   -0.31  0.41  0.86  

3  1303.73  -8.04  14.73  
   -0.37  0.04  -0.93  
   -0.07  -1.00  -0.01  
   -0.93  0.06  0.37  

5  1398.39  264.32  31.25  
   -0.92  -0.34  0.19  
   -0.36  0.55  -0.75  
   0.15  -0.76  -0.63  

8  1402.85  -238.42  50.45  
   -0.87  0.46  -0.18  
   0.45  0.89  0.11  
   0.21  0.02  -0.98  

7  1190.33  -148.68  -68.76  
   0.68  0.50  0.54  
   -0.67  0.72  0.17  
   -0.30  -0.48  0.82  

6  1449.29  246.01  -215.21  
   -0.04  0.99  0.15  
   -0.32  0.13  -0.94  
   -0.95  -0.08  0.31  

9  1433.66  -333.52  -203.60  
   -0.23  -0.96  -0.14  
   -0.15  -0.11  0.98  
   -0.96  0.24  -0.12  

2  856.36  -40.63  573.73  
   0.56  -0.83  0.01  
   0.82  0.56  0.06  
   -0.06  -0.03  1.00  

3  1302.39  -5.80  15.63  
   -0.38  0.04  -0.93  
   -0.07  -1.00  -0.02  
   -0.92  0.06  0.38  

4  1209.97  146.45  -65.63  
   0.88  -0.22  0.42  
   0.38  0.87  -0.32  
   -0.30  0.44  0.85  

5  1392.58  265.66  45.09  
   -0.91  -0.36  0.21  
   -0.40  0.59  -0.70  
   0.13  -0.72  -0.68  

9  1426.96  -359.42  -191.99  
   -0.22  -0.97  -0.11  
   -0.24  -0.06  0.97  
   -0.94  0.24  -0.22  

7  1188.09  -149.13  -68.31  
   0.67  0.51  0.54  
   -0.68  0.71  0.17  
   -0.30  -0.48  0.82  

8  1399.28  -241.10  53.58  
   -0.85  0.49  -0.19  
   0.49  0.87  0.06  
   0.19  -0.04  -0.98  

6  1443.48  271.46  -202.70  
   -0.04  0.98  0.17  
   -0.22  0.15  -0.96  
   -0.97  -0.08  0.21  

2  856.36  -40.63  573.73  
   0.56  -0.83  0.01  
   0.82  0.56  0.06  
   -0.06  -0.03  1.00  

3  1302.39  -5.80  14.73  
   -0.38  0.05  -0.92  
   -0.07  -1.00  -0.02  
   -0.92  0.05  0.38  

4  1209.53  149.13  -61.61  
   0.88  -0.24  0.42  
   0.39  0.85  -0.34  
   -0.28  0.46  0.84  

5  1388.12  268.78  63.85  
   -0.89  -0.39  0.23  
   -0.44  0.63  -0.64  
   0.10  -0.67  -0.74  

8  1391.69  -245.57  62.51  
   -0.83  0.54  -0.17  
   0.54  0.84  0.03  
   0.16  -0.07  -0.99  

6  1435.45  300.93  -179.93  
   -0.04  0.98  0.19  
   -0.10  0.18  -0.98  
   -0.99  -0.06  0.10  

7  1186.31  -148.23  -66.97  
   0.66  0.52  0.54  
   -0.69  0.71  0.16  
   -0.30  -0.48  0.82  

9  1422.95  -380.85  -171.00  
   -0.18  -0.98  -0.06  
   -0.31  -0.01  0.95  
   -0.93  0.19  -0.30  

2  856.36  -41.08  573.73  
   0.56  -0.83  0.01  
   0.82  0.56  0.06  
   -0.06  -0.03  1.00  

3  1302.84  -5.80  15.18  
   -0.38  0.05  -0.92  
   -0.06  -1.00  -0.02  
   -0.92  0.05  0.39  

4  1209.53  150.47  -59.83  
   0.87  -0.24  0.42  
   0.41  0.84  -0.36  
   -0.27  0.48  0.83  

5  1383.66  271.02  75.90  
   -0.87  -0.42  0.25  
   -0.48  0.66  -0.58  
   0.08  -0.62  -0.78  

6  1426.96  327.27  -165.65  
   -0.06  0.98  0.20  
   -0.02  0.20  -0.98  
   -1.00  -0.06  0.01  

8  1383.66  -257.18  70.10  
   -0.80  0.59  -0.14  
   0.59  0.81  0.01  
   0.12  -0.08  -0.99  

7  1185.86  -148.68  -66.53  
   0.65  0.53  0.55  
   -0.70  0.69  0.16  
   -0.29  -0.49  0.82  

9  1417.14  -397.37  -158.06  
   -0.17  -0.99  -0.03  
   -0.34  0.03  0.94  
   -0.92  0.17  -0.34  

2  856.36  -40.63  573.73  
   0.56  -0.83  0.01  
   0.82  0.56  0.06  
   -0.06  -0.03  1.00  

5  1376.96  278.16  83.49  
   -0.84  -0.47  0.27  
   -0.53  0.66  -0.52  
   0.07  -0.58  -0.81  

4  1209.97  152.70  -57.15  
   0.87  -0.25  0.42  
   0.42  0.83  -0.37  
   -0.26  0.50  0.83  

6  1417.14  350.94  -152.25  
   -0.07  0.98  0.19  
   0.06  0.20  -0.98  
   -1.00  -0.06  -0.07  

3  1303.73  -5.36  15.18  
   -0.39  0.05  -0.92  
   -0.06  -1.00  -0.03  
   -0.92  0.05  0.39  

9  1410.00  -413.00  -145.55  
   -0.16  -0.99  -0.02  
   -0.38  0.04  0.92  
   -0.91  0.15  -0.38  

8  1375.62  -259.85  78.58  
   -0.76  0.64  -0.11  
   0.65  0.76  0.01  
   0.09  -0.07  -0.99  

7  1185.86  -148.23  -66.08  
   0.64  0.54  0.54  
   -0.71  0.68  0.16  
   -0.29  -0.49  0.82  

2  856.36  -40.63  574.18  
   0.56  -0.83  0.01  
   0.82  0.56  0.07  
   -0.06  -0.03  1.00  

5  1368.92  282.18  94.21  
   -0.82  -0.50  0.28  
   -0.57  0.67  -0.47  
   0.04  -0.54  -0.84  

4  1209.53  154.48  -53.13  
   0.87  -0.26  0.42  
   0.44  0.82  -0.38  
   -0.24  0.51  0.82  

3  1305.07  -4.46  13.84  
   -0.39  0.06  -0.92  
   -0.06  -1.00  -0.03  
   -0.92  0.04  0.39  

6  1409.55  372.37  -132.16  
   -0.08  0.98  0.19  
   0.14  0.20  -0.97  
   -0.99  -0.05  -0.15  

7  1185.42  -148.23  -66.53  
   0.63  0.55  0.54  
   -0.72  0.67  0.15  
   -0.28  -0.49  0.82  

8  1372.05  -267.00  80.37  
   -0.74  0.66  -0.11  
   0.67  0.75  0.00  
   0.08  -0.07  -0.99  

9  1397.05  -435.32  -133.95  
   -0.17  -0.98  -0.04  
   -0.42  0.04  0.90  
   -0.89  0.17  -0.42  

2  856.36  -40.63  573.73  
   0.56  -0.83  0.01  
   0.82  0.56  0.07  
   -0.06  -0.03  1.00  

3  1306.41  -4.02  13.39  
   -0.40  0.06  -0.92  
   -0.05  -1.00  -0.04  
   -0.92  0.03  0.40  

4  1209.08  155.82  -49.56  
   0.86  -0.28  0.42  
   0.45  0.80  -0.40  
   -0.23  0.53  0.81  

6  1400.62  393.80  -113.41  
   -0.09  0.98  0.18  
   0.21  0.19  -0.96  
   -0.97  -0.05  -0.22  

5  1366.24  282.62  103.14  
   -0.80  -0.53  0.29  
   -0.60  0.68  -0.42  
   0.03  -0.51  -0.86  

7  1184.08  -149.13  -66.53  
   0.62  0.56  0.55  
   -0.74  0.66  0.15  
   -0.28  -0.50  0.82  

8  1365.35  -271.91  81.26  
   -0.71  0.69  -0.12  
   0.70  0.71  -0.02  
   0.07  -0.10  -0.99  

9  1391.69  -446.48  -126.80  
   -0.17  -0.98  -0.08  
   -0.46  0.01  0.89  
   -0.87  0.19  -0.45  

2  856.36  -40.63  573.73  
   0.56  -0.83  0.01  
   0.82  0.56  0.07  
   -0.06  -0.03  1.00  

4  1208.63  157.16  -47.33  
   0.86  -0.29  0.43  
   0.46  0.79  -0.40  
   -0.22  0.54  0.81  

3  1306.86  -3.13  13.39  
   -0.40  0.06  -0.91  
   -0.05  -1.00  -0.05  
   -0.92  0.02  0.40  

5  1360.44  284.41  112.96  
   -0.77  -0.55  0.30  
   -0.63  0.67  -0.38  
   0.01  -0.49  -0.87  

6  1395.71  404.51  -100.46  
   -0.09  0.98  0.17  
   0.25  0.19  -0.95  
   -0.96  -0.04  -0.26  

9  1384.10  -454.97  -116.98  
   -0.18  -0.98  -0.05  
   -0.48  0.04  0.88  
   -0.86  0.18  -0.48  

7  1184.52  -148.23  -66.53  
   0.61  0.57  0.55  
   -0.74  0.65  0.15  
   -0.28  -0.50  0.82  

8  1359.54  -275.93  83.49  
   -0.69  0.72  -0.11  
   0.72  0.69  -0.03  
   0.06  -0.10  -0.99  

2  856.36  -40.63  573.73  
   0.56  -0.83  0.01  
   0.82  0.56  0.07  
   -0.06  -0.03  1.00  

6  1387.67  414.78  -92.42  
   -0.10  0.98  0.19  
   0.28  0.21  -0.94  
   -0.95  -0.04  -0.29  

3  1308.20  -3.13  12.50  
   -0.40  0.06  -0.91  
   -0.04  -1.00  -0.05  
   -0.91  0.02  0.40  

4  1208.63  158.06  -45.54  
   0.85  -0.29  0.43  
   0.47  0.78  -0.41  
   -0.22  0.55  0.81  

5  1356.87  287.09  118.32  
   -0.75  -0.58  0.32  
   -0.66  0.66  -0.35  
   -0.01  -0.48  -0.88  

7  1184.08  -147.79  -67.87  
   0.60  0.57  0.56  
   -0.75  0.65  0.15  
   -0.27  -0.51  0.82  

8  1355.97  -278.16  84.83  
   -0.67  0.74  -0.11  
   0.75  0.66  -0.04  
   0.04  -0.11  -0.99  

9  1378.30  -464.79  -109.84  
   -0.18  -0.98  -0.05  
   -0.50  0.05  0.86  
   -0.84  0.18  -0.50  

2  856.36  -40.63  573.73  
   0.56  -0.83  0.01  
   0.82  0.56  0.07  
   -0.06  -0.03  1.00  

6  1375.62  429.96  -79.92  
   -0.12  0.97  0.21  
   0.32  0.24  -0.92  
   -0.94  -0.04  -0.34  

5  1349.72  292.45  125.91  
   -0.72  -0.61  0.33  
   -0.69  0.65  -0.31  
   -0.02  -0.45  -0.89  

3  1309.54  -1.79  12.06  
   -0.41  0.07  -0.91  
   -0.04  -1.00  -0.06  
   -0.91  0.01  0.41  

4  1207.74  159.39  -43.76  
   0.85  -0.30  0.44  
   0.49  0.77  -0.41  
   -0.21  0.56  0.80  

8  1355.53  -275.93  88.40  
   -0.65  0.75  -0.10  
   0.76  0.65  -0.06  
   0.03  -0.12  -0.99  

7  1184.52  -146.89  -67.87  
   0.60  0.57  0.56  
   -0.75  0.64  0.16  
   -0.27  -0.51  0.81  

9  1372.49  -468.81  -103.14  
   -0.18  -0.98  -0.06  
   -0.53  0.04  0.85  
   -0.83  0.19  -0.53  

2  856.36  -40.63  573.73  
   0.56  -0.83  0.01  
   0.82  0.56  0.06  
   -0.06  -0.03  1.00  

3  1311.77  -0.45  10.72  
   -0.41  0.08  -0.91  
   -0.03  -1.00  -0.07  
   -0.91  0.00  0.41  

4  1206.85  160.73  -40.63  
   0.84  -0.32  0.44  
   0.51  0.76  -0.41  
   -0.21  0.57  0.80  

5  1343.47  296.47  129.93  
   -0.69  -0.64  0.33  
   -0.72  0.64  -0.27  
   -0.04  -0.43  -0.90  

6  1364.01  442.02  -68.76  
   -0.13  0.96  0.23  
   0.35  0.26  -0.90  
   -0.93  -0.04  -0.38  

8  1349.72  -283.52  89.30  
   -0.62  0.78  -0.10  
   0.79  0.61  -0.06  
   0.01  -0.12  -0.99  

7  1185.86  -146.00  -69.65  
   0.60  0.57  0.57  
   -0.76  0.63  0.16  
   -0.27  -0.53  0.81  

9  1366.24  -479.08  -92.42  
   -0.19  -0.98  -0.05  
   -0.55  0.06  0.83  
   -0.81  0.18  -0.55  

2  856.36  -40.63  573.73  
   0.56  -0.83  0.01  
   0.82  0.56  0.06  
   -0.06  -0.03  1.00  

3  1312.22  1.34  10.72  
   -0.41  0.08  -0.91  
   -0.03  -1.00  -0.07  
   -0.91  -0.00  0.41  

4  1205.06  162.97  -40.18  
   0.83  -0.33  0.45  
   0.52  0.75  -0.41  
   -0.20  0.57  0.79  

8  1346.60  -280.84  96.44  
   -0.60  0.80  -0.08  
   0.80  0.59  -0.08  
   -0.02  -0.11  -0.99  

5  1336.77  298.25  137.52  
   -0.66  -0.67  0.35  
   -0.75  0.62  -0.23  
   -0.07  -0.41  -0.91  

6  1353.29  454.97  -54.47  
   -0.15  0.96  0.25  
   0.39  0.29  -0.87  
   -0.91  -0.03  -0.42  

7  1186.31  -143.77  -69.65  
   0.59  0.57  0.57  
   -0.76  0.62  0.17  
   -0.26  -0.54  0.80  

9  1360.44  -485.33  -79.47  
   -0.18  -0.98  -0.06  
   -0.59  0.06  0.81  
   -0.79  0.18  -0.59  

2  856.36  -40.63  573.73  
   0.56  -0.83  0.01  
   0.82  0.56  0.06  
   -0.06  -0.03  1.00  

3  1313.56  3.13  8.93  
   -0.42  0.08  -0.90  
   -0.02  -1.00  -0.08  
   -0.91  -0.01  0.42  

5  1329.18  301.38  145.55  
   -0.63  -0.68  0.37  
   -0.77  0.61  -0.19  
   -0.09  -0.40  -0.91  

4  1203.28  164.75  -40.18  
   0.82  -0.34  0.46  
   0.54  0.74  -0.41  
   -0.20  0.58  0.79  

6  1344.81  463.90  -40.18  
   -0.15  0.95  0.26  
   0.42  0.30  -0.86  
   -0.89  -0.02  -0.45  

8  1343.92  -283.52  97.33  
   -0.58  0.81  -0.08  
   0.81  0.57  -0.09  
   -0.03  -0.12  -0.99  

9  1356.87  -491.58  -71.44  
   -0.18  -0.98  -0.07  
   -0.61  0.06  0.79  
   -0.77  0.19  -0.61  

7  1185.42  -142.88  -69.21  
   0.58  0.57  0.58  
   -0.77  0.61  0.17  
   -0.26  -0.55  0.80  

2  856.36  -40.63  573.73  
   0.56  -0.83  0.01  
   0.82  0.56  0.06  
   -0.06  -0.03  1.00  

3  1314.45  4.91  7.14  
   -0.43  0.08  -0.90  
   -0.02  -1.00  -0.08  
   -0.90  -0.02  0.43  

5  1321.59  302.72  151.80  
   -0.60  -0.70  0.38  
   -0.79  0.59  -0.16  
   -0.11  -0.40  -0.91  

4  1201.04  166.09  -39.74  
   0.81  -0.35  0.47  
   0.55  0.73  -0.41  
   -0.20  0.59  0.78  

6  1334.54  472.83  -26.79  
   -0.15  0.94  0.29  
   0.45  0.33  -0.83  
   -0.88  0.00  -0.47  

9  1356.42  -491.13  -69.65  
   -0.18  -0.98  -0.09  
   -0.62  0.05  0.78  
   -0.76  0.20  -0.61  

8  1343.47  -282.18  97.33  
   -0.58  0.81  -0.08  
   0.81  0.57  -0.09  
   -0.03  -0.12  -0.99  

7  1184.52  -142.43  -70.10  
   0.58  0.57  0.59  
   -0.78  0.61  0.17  
   -0.26  -0.55  0.79  

2  856.36  -40.63  573.73  
   0.56  -0.83  0.01  
   0.82  0.56  0.06  
   -0.06  -0.03  1.00  

3  1314.00  5.80  4.91  
   -0.44  0.08  -0.90  
   -0.02  -1.00  -0.09  
   -0.90  -0.02  0.44  

5  1317.13  299.14  157.61  
   -0.59  -0.71  0.39  
   -0.80  0.59  -0.13  
   -0.14  -0.39  -0.91  

4  1198.81  166.99  -37.06  
   0.81  -0.35  0.48  
   0.56  0.72  -0.42  
   -0.20  0.60  0.77  

6  1330.08  475.06  -13.39  
   -0.15  0.95  0.29  
   0.48  0.32  -0.82  
   -0.87  0.02  -0.50  

9  1359.99  -492.03  -59.83  
   -0.17  -0.98  -0.14  
   -0.65  0.01  0.76  
   -0.74  0.22  -0.63  

7  1183.63  -142.88  -70.10  
   0.57  0.57  0.59  
   -0.78  0.60  0.18  
   -0.26  -0.56  0.78  

8  1343.47  -280.84  99.12  
   -0.58  0.81  -0.09  
   0.82  0.57  -0.11  
   -0.04  -0.13  -0.99  

2  856.36  -40.63  573.73  
   0.56  -0.83  0.01  
   0.82  0.56  0.07  
   -0.06  -0.03  1.00  

3  1313.56  4.91  4.91  
   -0.44  0.08  -0.89  
   -0.01  -1.00  -0.09  
   -0.90  -0.02  0.44  

5  1314.00  298.25  161.18  
   -0.58  -0.71  0.40  
   -0.80  0.59  -0.12  
   -0.15  -0.39  -0.91  

4  1197.92  167.43  -37.06  
   0.80  -0.36  0.48  
   0.56  0.71  -0.42  
   -0.19  0.60  0.77  

6  1328.29  476.85  -5.36  
   -0.14  0.95  0.29  
   0.50  0.32  -0.81  
   -0.86  0.03  -0.52  

7  1183.18  -143.32  -69.65  
   0.57  0.57  0.60  
   -0.78  0.60  0.18  
   -0.26  -0.57  0.78  

8  1343.02  -279.05  100.91  
   -0.58  0.81  -0.08  
   0.81  0.57  -0.13  
   -0.05  -0.14  -0.99  

9  1364.46  -491.13  -50.01  
   -0.16  -0.97  -0.18  
   -0.68  -0.02  0.74  
   -0.72  0.24  -0.65  

2  856.36  -40.63  573.73  
   0.56  -0.83  0.01  
   0.82  0.56  0.07  
   -0.06  -0.03  1.00  

4  1196.58  166.54  -36.61  
   0.80  -0.36  0.48  
   0.57  0.71  -0.42  
   -0.19  0.61  0.77  

3  1312.66  5.36  4.46  
   -0.44  0.09  -0.89  
   -0.02  -1.00  -0.09  
   -0.90  -0.02  0.44  

6  1326.95  477.74  -1.34  
   -0.14  0.95  0.30  
   0.51  0.32  -0.80  
   -0.85  0.04  -0.53  

5  1312.22  296.02  163.41  
   -0.58  -0.71  0.40  
   -0.80  0.59  -0.11  
   -0.16  -0.38  -0.91  

7  1182.29  -143.77  -68.76  
   0.57  0.56  0.60  
   -0.78  0.60  0.18  
   -0.25  -0.57  0.78  

8  1343.92  -274.59  107.16  
   -0.59  0.80  -0.08  
   0.80  0.57  -0.15  
   -0.07  -0.15  -0.99  

9  1368.03  -491.13  -42.42  
   -0.15  -0.97  -0.19  
   -0.69  -0.04  0.72  
   -0.71  0.24  -0.66  

2  856.36  -40.63  573.73  
   0.56  -0.83  0.01  
   0.82  0.56  0.06  
   -0.06  -0.03  1.00  

4  1195.69  165.65  -37.06  
   0.80  -0.36  0.48  
   0.57  0.71  -0.42  
   -0.19  0.61  0.77  

3  1312.22  4.91  4.02  
   -0.45  0.09  -0.89  
   -0.02  -1.00  -0.09  
   -0.89  -0.02  0.45  

5  1310.88  295.57  165.65  
   -0.58  -0.71  0.41  
   -0.80  0.59  -0.10  
   -0.17  -0.39  -0.91  

6  1326.51  478.18  0.45  
   -0.13  0.94  0.30  
   0.51  0.33  -0.79  
   -0.85  0.05  -0.53  

7  1181.84  -144.66  -68.76  
   0.57  0.56  0.60  
   -0.78  0.59  0.19  
   -0.25  -0.58  0.78  

8  1343.92  -273.25  107.60  
   -0.59  0.80  -0.08  
   0.80  0.58  -0.15  
   -0.08  -0.15  -0.98  

9  1369.37  -492.47  -40.18  
   -0.14  -0.97  -0.20  
   -0.69  -0.04  0.72  
   -0.71  0.24  -0.67  

3  1312.22  4.91  3.57  
   -0.45  0.09  -0.89  
   -0.02  -1.00  -0.09  
   -0.89  -0.02  0.45  

2  856.36  -40.63  573.73  
   0.56  -0.83  0.01  
   0.82  0.56  0.07  
   -0.06  -0.03  1.00  

4  1195.24  165.20  -36.61  
   0.80  -0.36  0.48  
   0.57  0.71  -0.42  
   -0.19  0.61  0.77  

5  1308.20  296.47  167.88  
   -0.57  -0.70  0.43  
   -0.80  0.59  -0.10  
   -0.18  -0.40  -0.90  

7  1181.40  -146.00  -68.31  
   0.57  0.56  0.60  
   -0.78  0.59  0.19  
   -0.25  -0.58  0.78  

6  1328.29  477.29  2.23  
   -0.11  0.95  0.31  
   0.51  0.32  -0.80  
   -0.85  0.07  -0.52  

8  1343.47  -271.91  111.62  
   -0.60  0.80  -0.07  
   0.80  0.58  -0.16  
   -0.09  -0.15  -0.98  

9  1371.15  -490.24  -35.27  
   -0.13  -0.97  -0.20  
   -0.70  -0.05  0.71  
   -0.70  0.23  -0.67  

3  1312.22  4.02  3.57  
   -0.45  0.09  -0.89  
   -0.02  -1.00  -0.09  
   -0.89  -0.02  0.45  

2  856.36  -40.63  573.73  
   0.56  -0.83  0.01  
   0.82  0.56  0.07  
   -0.06  -0.03  1.00  

4  1195.24  165.65  -37.50  
   0.80  -0.36  0.48  
   0.57  0.71  -0.42  
   -0.19  0.61  0.77  

5  1310.43  297.81  159.39  
   -0.59  -0.68  0.44  
   -0.79  0.59  -0.15  
   -0.16  -0.44  -0.89  

6  1339.01  470.59  -15.18  
   -0.07  0.95  0.30  
   0.47  0.29  -0.83  
   -0.88  0.08  -0.47  

8  1341.69  -273.25  111.17  
   -0.60  0.80  -0.06  
   0.79  0.59  -0.15  
   -0.09  -0.14  -0.99  

7  1181.40  -147.79  -66.97  
   0.58  0.56  0.60  
   -0.78  0.59  0.20  
   -0.24  -0.58  0.78  

9  1372.05  -489.79  -41.52  
   -0.11  -0.98  -0.18  
   -0.68  -0.05  0.73  
   -0.73  0.21  -0.66  

2  856.36  -40.63  573.73  
   0.56  -0.83  0.01  
   0.82  0.56  0.06  
   -0.06  -0.03  1.00  

3  1311.32  3.13  4.46  
   -0.44  0.08  -0.89  
   -0.02  -1.00  -0.08  
   -0.90  -0.01  0.44  

4  1196.58  162.97  -40.18  
   0.81  -0.36  0.47  
   0.56  0.72  -0.41  
   -0.19  0.59  0.78  

5  1314.90  304.50  146.45  
   -0.63  -0.63  0.46  
   -0.77  0.59  -0.25  
   -0.12  -0.51  -0.85  

6  1357.31  458.54  -41.08  
   0.00  0.96  0.28  
   0.39  0.26  -0.88  
   -0.92  0.11  -0.38  

7  1181.84  -148.68  -66.97  
   0.58  0.55  0.60  
   -0.78  0.60  0.21  
   -0.24  -0.58  0.78  

8  1340.79  -279.95  107.16  
   -0.61  0.79  -0.03  
   0.79  0.60  -0.09  
   -0.05  -0.08  -1.00  

9  1374.28  -482.65  -67.42  
   -0.09  -0.99  -0.11  
   -0.61  -0.04  0.79  
   -0.79  0.14  -0.60  

2  856.36  -40.63  573.73  
   0.56  -0.83  0.01  
   0.82  0.56  0.07  
   -0.06  -0.03  1.00  

3  1312.66  0.89  4.91  
   -0.44  0.08  -0.90  
   -0.03  -1.00  -0.07  
   -0.90  -0.01  0.44  

4  1197.47  160.73  -41.97  
   0.82  -0.35  0.46  
   0.54  0.74  -0.41  
   -0.20  0.58  0.79  

6  1380.98  438.45  -64.29  
   0.06  0.97  0.22  
   0.33  0.19  -0.93  
   -0.94  0.13  -0.31  

5  1324.27  303.16  131.71  
   -0.67  -0.58  0.46  
   -0.74  0.59  -0.32  
   -0.08  -0.55  -0.83  

7  1181.84  -150.47  -68.31  
   0.59  0.54  0.60  
   -0.77  0.60  0.22  
   -0.24  -0.59  0.77  

8  1343.47  -287.98  94.65  
   -0.62  0.78  -0.04  
   0.78  0.62  -0.04  
   -0.01  -0.05  -1.00  

9  1381.87  -475.51  -95.55  
   -0.07  -0.99  -0.08  
   -0.53  -0.04  0.85  
   -0.84  0.10  -0.53  

2  856.36  -40.63  573.73  
   0.56  -0.83  0.01  
   0.82  0.56  0.07  
   -0.06  -0.03  1.00  

3  1311.77  0.00  5.80  
   -0.43  0.07  -0.90  
   -0.03  -1.00  -0.06  
   -0.90  -0.00  0.43  

4  1198.36  159.84  -43.76  
   0.83  -0.33  0.44  
   0.52  0.76  -0.40  
   -0.20  0.56  0.80  

5  1335.88  298.70  120.55  
   -0.73  -0.52  0.44  
   -0.68  0.61  -0.40  
   -0.06  -0.59  -0.80  

6  1403.75  417.46  -83.94  
   0.10  0.98  0.16  
   0.27  0.13  -0.95  
   -0.96  0.14  -0.25  

7  1181.40  -150.47  -66.97  
   0.60  0.54  0.59  
   -0.76  0.60  0.22  
   -0.24  -0.58  0.78  

8  1344.81  -288.88  87.06  
   -0.66  0.75  -0.00  
   0.75  0.66  0.04  
   0.03  0.03  -1.00  

9  1398.39  -453.63  -121.00  
   -0.01  -1.00  -0.08  
   -0.44  -0.07  0.89  
   -0.90  0.04  -0.44  

2  856.36  -40.63  573.73  
   0.56  -0.83  0.01  
   0.82  0.56  0.07  
   -0.06  -0.03  1.00  

3  1311.77  -2.68  5.80  
   -0.43  0.07  -0.90  
   -0.03  -1.00  -0.06  
   -0.90  0.01  0.43  

5  1345.70  290.21  108.50  
   -0.78  -0.47  0.42  
   -0.63  0.62  -0.47  
   -0.04  -0.63  -0.78  

4  1199.26  156.27  -46.43  
   0.84  -0.32  0.43  
   0.50  0.77  -0.39  
   -0.21  0.55  0.81  

6  1426.07  392.01  -102.24  
   0.14  0.98  0.10  
   0.19  0.07  -0.98  
   -0.97  0.16  -0.18  

8  1347.49  -292.00  79.47  
   -0.69  0.73  0.02  
   0.72  0.68  0.10  
   0.06  0.09  -0.99  

9  1414.02  -437.55  -145.55  
   0.06  -0.99  -0.08  
   -0.34  -0.10  0.94  
   -0.94  -0.03  -0.34  

7  1181.40  -152.25  -66.08  
   0.61  0.53  0.59  
   -0.76  0.61  0.23  
   -0.24  -0.58  0.78  

2  856.36  -40.63  573.73  
   0.56  -0.83  0.01  
   0.82  0.56  0.07  
   -0.06  -0.03  1.00  

3  1311.77  -4.91  5.80  
   -0.42  0.06  -0.90  
   -0.04  -1.00  -0.05  
   -0.91  0.01  0.42  

5  1354.19  287.54  98.23  
   -0.82  -0.41  0.40  
   -0.57  0.61  -0.55  
   -0.02  -0.68  -0.73  

4  1200.60  154.04  -48.67  
   0.85  -0.31  0.43  
   0.48  0.79  -0.39  
   -0.22  0.53  0.82  

6  1445.27  364.78  -118.76  
   0.19  0.98  0.03  
   0.10  0.01  -0.99  
   -0.98  0.19  -0.10  

7  1180.50  -152.25  -66.08  
   0.61  0.53  0.59  
   -0.75  0.61  0.23  
   -0.24  -0.58  0.77  

9  1439.47  -403.62  -161.18  
   0.15  -0.98  -0.13  
   -0.19  -0.16  0.97  
   -0.97  -0.12  -0.21  

8  1349.72  -290.66  74.56  
   -0.74  0.67  0.07  
   0.67  0.72  0.19  
   0.07  0.19  -0.98  

2  856.36  -40.63  573.73  
   0.56  -0.83  0.01  
   0.82  0.56  0.07  
   -0.06  -0.03  1.00  

4  1201.94  151.36  -49.56  
   0.86  -0.30  0.42  
   0.46  0.80  -0.38  
   -0.22  0.52  0.82  

3  1311.77  -6.25  6.70  
   -0.42  0.06  -0.91  
   -0.04  -1.00  -0.04  
   -0.91  0.02  0.42  

5  1359.99  280.39  88.85  
   -0.84  -0.36  0.40  
   -0.54  0.59  -0.60  
   -0.02  -0.72  -0.69  

6  1463.58  338.44  -130.82  
   0.24  0.97  -0.02  
   -0.00  -0.02  -1.00  
   -0.97  0.24  -0.00  

7  1181.40  -154.04  -66.53  
   0.62  0.53  0.59  
   -0.75  0.62  0.23  
   -0.24  -0.58  0.78  

8  1350.62  -294.23  69.21  
   -0.77  0.63  0.10  
   0.63  0.73  0.25  
   0.08  0.26  -0.96  

9  1464.02  -367.90  -165.65  
   0.25  -0.95  -0.20  
   -0.03  -0.21  0.98  
   -0.97  -0.23  -0.08  

2  856.36  -40.63  573.73  
   0.56  -0.83  0.01  
   0.82  0.56  0.06  
   -0.06  -0.03  1.00  

4  1202.38  150.02  -50.45  
   0.86  -0.29  0.42  
   0.45  0.81  -0.38  
   -0.22  0.52  0.83  

3  1312.22  -6.25  7.59  
   -0.41  0.05  -0.91  
   -0.05  -1.00  -0.04  
   -0.91  0.03  0.41  

6  1478.31  305.40  -137.07  
   0.30  0.95  -0.07  
   -0.13  -0.03  -0.99  
   -0.95  0.30  0.11  

7  1182.29  -154.48  -66.97  
   0.63  0.52  0.58  
   -0.74  0.63  0.23  
   -0.25  -0.58  0.78  

5  1363.12  279.50  79.92  
   -0.87  -0.29  0.40  
   -0.50  0.54  -0.68  
   -0.02  -0.79  -0.62  

8  1354.19  -293.79  62.95  
   -0.81  0.57  0.14  
   0.58  0.74  0.34  
   0.09  0.35  -0.93  

9  1480.10  -330.84  -169.66  
   0.31  -0.92  -0.25  
   0.13  -0.22  0.97  
   -0.94  -0.33  0.05  

2  856.36  -40.63  573.73  
   0.56  -0.83  0.01  
   0.82  0.56  0.06  
   -0.06  -0.03  1.00  

4  1203.28  149.57  -50.90  
   0.86  -0.29  0.41  
   0.45  0.81  -0.38  
   -0.23  0.51  0.83  

5  1364.46  278.61  72.33  
   -0.88  -0.26  0.40  
   -0.48  0.50  -0.72  
   -0.01  -0.83  -0.56  

3  1312.22  -6.70  8.04  
   -0.41  0.05  -0.91  
   -0.05  -1.00  -0.04  
   -0.91  0.03  0.41  

6  1488.13  281.29  -142.43  
   0.33  0.94  -0.11  
   -0.24  -0.02  -0.97  
   -0.91  0.35  0.22  

7  1183.18  -154.04  -66.53  
   0.63  0.52  0.58  
   -0.73  0.64  0.23  
   -0.25  -0.57  0.78  

9  1493.94  -301.38  -166.54  
   0.34  -0.89  -0.31  
   0.25  -0.23  0.94  
   -0.91  -0.40  0.14  

8  1356.42  -290.21  60.28  
   -0.83  0.53  0.15  
   0.55  0.74  0.38  
   0.09  0.40  -0.91  

2  856.36  -40.63  573.73  
   0.56  -0.83  0.01  
   0.82  0.56  0.07  
   -0.06  -0.03  1.00  

5  1364.46  283.07  61.61  
   -0.88  -0.23  0.41  
   -0.47  0.43  -0.77  
   -0.00  -0.87  -0.49  

3  1312.22  -6.70  8.48  
   -0.41  0.05  -0.91  
   -0.05  -1.00  -0.04  
   -0.91  0.03  0.41  

4  1203.28  148.68  -52.24  
   0.87  -0.28  0.41  
   0.44  0.82  -0.37  
   -0.23  0.50  0.83  

7  1183.63  -154.48  -66.97  
   0.64  0.52  0.57  
   -0.73  0.65  0.23  
   -0.25  -0.56  0.79  

8  1355.97  -292.89  56.26  
   -0.85  0.49  0.18  
   0.51  0.72  0.46  
   0.10  0.48  -0.87  

6  1494.38  260.75  -148.23  
   0.36  0.92  -0.14  
   -0.36  0.00  -0.93  
   -0.86  0.39  0.33  

9  1503.31  -274.14  -169.22  
   0.37  -0.85  -0.38  
   0.39  -0.23  0.89  
   -0.85  -0.47  0.25  

4  1202.83  148.68  -52.69  
   0.87  -0.28  0.41  
   0.44  0.82  -0.36  
   -0.23  0.50  0.84  

2  856.36  -40.63  573.73  
   0.56  -0.83  0.01  
   0.82  0.56  0.07  
   -0.06  -0.03  1.00  

3  1312.22  -6.25  8.93  
   -0.40  0.05  -0.91  
   -0.05  -1.00  -0.04  
   -0.91  0.03  0.41  

5  1364.46  283.07  53.58  
   -0.89  -0.19  0.41  
   -0.45  0.37  -0.81  
   0.00  -0.91  -0.42  

6  1502.87  237.08  -145.55  
   0.40  0.90  -0.18  
   -0.47  0.03  -0.88  
   -0.79  0.43  0.43  

8  1358.65  -291.55  48.67  
   -0.87  0.46  0.19  
   0.48  0.70  0.53  
   0.11  0.55  -0.83  

7  1184.08  -153.14  -66.53  
   0.64  0.51  0.57  
   -0.72  0.65  0.23  
   -0.25  -0.56  0.79  

9  1510.90  -238.87  -158.95  
   0.38  -0.81  -0.45  
   0.51  -0.22  0.83  
   -0.77  -0.54  0.33  

2  856.36  -40.63  573.73  
   0.56  -0.83  0.01  
   0.82  0.56  0.06  
   -0.06  -0.03  1.00  

3  1312.22  -6.25  9.38  
   -0.40  0.05  -0.91  
   -0.05  -1.00  -0.04  
   -0.91  0.03  0.40  

4  1202.83  148.23  -53.13  
   0.87  -0.28  0.40  
   0.43  0.83  -0.36  
   -0.24  0.49  0.84  

5  1365.80  285.75  42.42  
   -0.90  -0.16  0.41  
   -0.44  0.29  -0.85  
   0.01  -0.94  -0.33  

7  1184.52  -153.59  -67.42  
   0.65  0.51  0.56  
   -0.71  0.66  0.23  
   -0.25  -0.55  0.80  

6  1511.35  211.19  -142.88  
   0.42  0.88  -0.22  
   -0.58  0.08  -0.81  
   -0.70  0.47  0.54  

8  1359.99  -292.45  40.18  
   -0.89  0.41  0.20  
   0.44  0.66  0.61  
   0.12  0.63  -0.77  

9  1517.15  -207.62  -150.02  
   0.37  -0.77  -0.52  
   0.65  -0.18  0.74  
   -0.67  -0.61  0.43  

2  856.36  -40.63  573.73  
   0.56  -0.83  0.01  
   0.82  0.56  0.07  
   -0.06  -0.03  1.00  

3  1312.22  -6.25  10.27  
   -0.40  0.05  -0.91  
   -0.05  -1.00  -0.04  
   -0.91  0.03  0.40  

4  1203.28  147.79  -53.58  
   0.88  -0.27  0.40  
   0.42  0.83  -0.36  
   -0.24  0.48  0.84  

5  1368.03  285.75  29.02  
   -0.91  -0.13  0.40  
   -0.42  0.21  -0.88  
   0.03  -0.97  -0.25  

6  1516.26  189.76  -137.07  
   0.44  0.86  -0.26  
   -0.67  0.12  -0.74  
   -0.60  0.50  0.62  

8  1364.90  -287.98  36.17  
   -0.91  0.36  0.20  
   0.40  0.62  0.68  
   0.12  0.69  -0.71  

7  1185.86  -151.80  -66.97  
   0.66  0.51  0.55  
   -0.71  0.67  0.23  
   -0.26  -0.54  0.80  

9  1519.39  -175.47  -133.50  
   0.34  -0.75  -0.57  
   0.75  -0.15  0.64  
   -0.56  -0.65  0.51  

2  856.36  -41.08  573.73  
   0.56  -0.83  0.01  
   0.82  0.56  0.07  
   -0.06  -0.03  1.00  

3  1312.22  -5.80  10.72  
   -0.40  0.05  -0.92  
   -0.05  -1.00  -0.04  
   -0.92  0.03  0.40  

4  1204.17  146.45  -54.02  
   0.88  -0.26  0.40  
   0.41  0.84  -0.36  
   -0.24  0.48  0.84  

6  1522.51  173.24  -134.39  
   0.46  0.84  -0.29  
   -0.73  0.17  -0.66  
   -0.50  0.51  0.70  

5  1367.58  287.54  18.31  
   -0.91  -0.11  0.40  
   -0.41  0.14  -0.90  
   0.05  -0.98  -0.17  

7  1186.76  -151.36  -67.87  
   0.67  0.51  0.55  
   -0.70  0.68  0.22  
   -0.26  -0.53  0.81  

8  1367.58  -290.21  25.45  
   -0.92  0.36  0.18  
   0.37  0.59  0.71  
   0.15  0.72  -0.68  

9  1515.81  -155.82  -133.95  
   0.28  -0.76  -0.59  
   0.83  -0.11  0.55  
   -0.48  -0.65  0.59  

2  856.36  -40.63  573.73  
   0.56  -0.83  0.01  
   0.82  0.56  0.07  
   -0.06  -0.03  1.00  

4  1205.51  146.89  -54.47  
   0.88  -0.25  0.39  
   0.40  0.84  -0.36  
   -0.24  0.47  0.85  

6  1524.30  163.41  -126.80  
   0.46  0.83  -0.32  
   -0.78  0.21  -0.58  
   -0.42  0.52  0.75  

5  1367.58  292.00  7.14  
   -0.91  -0.10  0.40  
   -0.41  0.07  -0.91  
   0.06  -0.99  -0.10  

3  1312.66  -5.80  11.16  
   -0.40  0.05  -0.92  
   -0.05  -1.00  -0.03  
   -0.92  0.03  0.40  

7  1188.09  -150.02  -67.87  
   0.68  0.50  0.54  
   -0.69  0.69  0.22  
   -0.26  -0.52  0.81  

9  1509.12  -131.71  -129.03  
   0.21  -0.76  -0.61  
   0.89  -0.11  0.43  
   -0.40  -0.64  0.66  

8  1372.94  -287.98  14.73  
   -0.93  0.34  0.15  
   0.33  0.55  0.77  
   0.18  0.76  -0.62  

2  856.36  -40.63  573.73  
   0.56  -0.83  0.01  
   0.82  0.56  0.07  
   -0.06  -0.03  1.00  

3  1313.11  -4.91  12.06  
   -0.39  0.05  -0.92  
   -0.05  -1.00  -0.04  
   -0.92  0.03  0.40  

5  1371.15  290.21  -7.14  
   -0.92  -0.10  0.39  
   -0.39  -0.01  -0.92  
   0.10  -0.99  -0.03  

6  1525.19  146.89  -125.02  
   0.45  0.83  -0.33  
   -0.84  0.26  -0.47  
   -0.30  0.49  0.82  

4  1206.85  146.00  -55.81  
   0.89  -0.24  0.39  
   0.38  0.85  -0.36  
   -0.25  0.47  0.85  

7  1190.33  -149.57  -69.21  
   0.68  0.50  0.53  
   -0.68  0.70  0.22  
   -0.27  -0.51  0.82  

9  1497.06  -111.17  -132.16  
   0.10  -0.77  -0.63  
   0.94  -0.12  0.30  
   -0.31  -0.63  0.71  

8  1376.96  -283.96  3.57  
   -0.93  0.34  0.11  
   0.28  0.52  0.81  
   0.22  0.78  -0.58  

2  856.36  -40.63  573.73  
   0.56  -0.83  0.01  
   0.82  0.56  0.07  
   -0.06  -0.03  1.00  

6  1521.17  131.27  -119.21  
   0.41  0.84  -0.35  
   -0.89  0.29  -0.35  
   -0.20  0.45  0.87  

3  1313.56  -4.91  12.06  
   -0.39  0.05  -0.92  
   -0.05  -1.00  -0.04  
   -0.92  0.03  0.39  

5  1370.26  290.66  -22.32  
   -0.92  -0.10  0.38  
   -0.38  -0.09  -0.92  
   0.12  -0.99  0.04  

4  1208.19  145.11  -57.60  
   0.89  -0.22  0.39  
   0.37  0.86  -0.35  
   -0.26  0.45  0.85  

7  1192.11  -147.79  -69.65  
   0.70  0.49  0.53  
   -0.67  0.72  0.21  
   -0.27  -0.50  0.82  

9  1487.69  -84.39  -124.57  
   -0.01  -0.74  -0.67  
   0.98  -0.14  0.14  
   -0.20  -0.66  0.73  

8  1385.44  -275.48  -8.93  
   -0.94  0.33  0.06  
   0.22  0.47  0.85  
   0.25  0.82  -0.52  

2  856.36  -40.63  573.73  
   0.56  -0.83  0.01  
   0.82  0.56  0.07  
   -0.06  -0.03  1.00  

4  1208.63  144.21  -59.83  
   0.89  -0.22  0.39  
   0.36  0.87  -0.33  
   -0.27  0.44  0.86  

3  1314.00  -4.46  12.95  
   -0.39  0.05  -0.92  
   -0.05  -1.00  -0.04  
   -0.92  0.03  0.39  

6  1516.26  118.76  -112.07  
   0.36  0.86  -0.35  
   -0.93  0.29  -0.24  
   -0.11  0.42  0.90  

7  1193.90  -145.11  -70.99  
   0.71  0.48  0.52  
   -0.65  0.73  0.21  
   -0.28  -0.48  0.83  

5  1372.94  287.54  -33.04  
   -0.92  -0.10  0.37  
   -0.35  -0.14  -0.92  
   0.14  -0.99  0.09  

8  1393.92  -272.36  -22.32  
   -0.95  0.32  0.01  
   0.15  0.43  0.89  
   0.28  0.85  -0.45  

9  1474.74  -63.40  -116.98  
   -0.12  -0.72  -0.68  
   0.99  -0.16  0.00  
   -0.11  -0.67  0.73  

2  856.36  -40.63  573.73  
   0.56  -0.83  0.01  
   0.82  0.56  0.07  
   -0.06  -0.03  1.00  

4  1210.42  143.32  -63.40  
   0.90  -0.21  0.39  
   0.34  0.89  -0.31  
   -0.29  0.41  0.86  

3  1314.00  -4.46  12.95  
   -0.39  0.05  -0.92  
   -0.05  -1.00  -0.04  
   -0.92  0.03  0.39  

5  1375.62  287.09  -41.97  
   -0.93  -0.10  0.36  
   -0.34  -0.19  -0.92  
   0.16  -0.98  0.14  

6  1514.47  108.94  -108.50  
   0.32  0.88  -0.34  
   -0.95  0.28  -0.16  
   -0.04  0.37  0.93  

8  1398.39  -261.64  -29.91  
   -0.95  0.31  -0.04  
   0.09  0.40  0.91  
   0.30  0.86  -0.41  

7  1195.24  -144.66  -72.78  
   0.71  0.48  0.51  
   -0.64  0.74  0.20  
   -0.29  -0.47  0.83  

9  1470.27  -43.31  -110.28  
   -0.19  -0.71  -0.68  
   0.98  -0.17  -0.10  
   -0.05  -0.68  0.73  

2  856.36  -40.63  573.73  
   0.56  -0.83  0.01  
   0.82  0.56  0.07  
   -0.06  -0.03  1.00  

4  1211.31  141.54  -66.08  
   0.90  -0.20  0.39  
   0.33  0.90  -0.30  
   -0.29  0.40  0.87  

3  1314.90  -2.23  13.84  
   -0.38  0.06  -0.92  
   -0.05  -1.00  -0.04  
   -0.92  0.03  0.39  

5  1376.51  286.20  -46.88  
   -0.93  -0.10  0.35  
   -0.33  -0.21  -0.92  
   0.17  -0.97  0.16  

6  1511.35  101.80  -105.37  
   0.29  0.90  -0.32  
   -0.96  0.27  -0.08  
   0.01  0.33  0.94  

7  1197.02  -141.98  -73.67  
   0.72  0.47  0.51  
   -0.63  0.76  0.19  
   -0.30  -0.45  0.84  

8  1403.30  -255.84  -33.49  
   -0.95  0.30  -0.07  
   0.05  0.36  0.93  
   0.30  0.88  -0.35  

9  1467.15  -32.15  -101.80  
   -0.24  -0.71  -0.67  
   0.97  -0.15  -0.19  
   0.03  -0.69  0.72  

2  856.36  -40.63  573.73  
   0.56  -0.83  0.01  
   0.82  0.56  0.06  
   -0.06  -0.03  1.00  

3  1315.79  -1.34  14.29  
   -0.38  0.06  -0.92  
   -0.06  -1.00  -0.04  
   -0.92  0.04  0.38  

4  1211.76  140.64  -68.76  
   0.90  -0.20  0.39  
   0.33  0.90  -0.28  
   -0.30  0.38  0.88  

5  1376.96  285.30  -55.81  
   -0.93  -0.10  0.35  
   -0.32  -0.24  -0.92  
   0.18  -0.97  0.19  

6  1507.78  95.55  -100.01  
   0.26  0.92  -0.30  
   -0.96  0.27  -0.03  
   0.05  0.29  0.95  

8  1405.09  -252.71  -47.33  
   -0.95  0.30  -0.08  
   0.02  0.30  0.95  
   0.31  0.90  -0.29  

9  1465.81  -24.56  -95.55  
   -0.26  -0.71  -0.65  
   0.96  -0.12  -0.25  
   0.09  -0.69  0.72  

7  1199.26  -140.20  -74.12  
   0.73  0.47  0.50  
   -0.62  0.77  0.18  
   -0.30  -0.44  0.85  

2  856.36  -40.63  573.73  
   0.56  -0.83  0.01  
   0.82  0.56  0.07  
   -0.06  -0.03  1.00  

4  1212.65  141.09  -70.99  
   0.90  -0.20  0.39  
   0.32  0.91  -0.27  
   -0.30  0.37  0.88  

3  1315.79  -1.34  14.73  
   -0.37  0.06  -0.93  
   -0.06  -1.00  -0.04  
   -0.93  0.04  0.38  

5  1379.19  284.41  -58.04  
   -0.93  -0.10  0.34  
   -0.31  -0.25  -0.92  
   0.18  -0.96  0.20  

6  1503.31  90.64  -92.87  
   0.22  0.95  -0.24  
   -0.97  0.24  0.05  
   0.10  0.22  0.97  

8  1407.32  -247.35  -48.22  
   -0.95  0.30  -0.09  
   -0.00  0.29  0.96  
   0.31  0.91  -0.27  

9  1463.13  -17.41  -87.06  
   -0.29  -0.71  -0.64  
   0.95  -0.12  -0.29  
   0.13  -0.69  0.71  

7  1199.70  -138.86  -75.46  
   0.73  0.47  0.50  
   -0.61  0.77  0.17  
   -0.31  -0.43  0.85  

3  1316.24  -0.89  15.18  
   -0.37  0.06  -0.93  
   -0.06  -1.00  -0.05  
   -0.93  0.04  0.37  

2  856.36  -40.63  573.73  
   0.56  -0.83  0.01  
   0.82  0.56  0.07  
   -0.06  -0.03  1.00  

4  1213.54  139.30  -73.22  
   0.90  -0.20  0.39  
   0.31  0.92  -0.25  
   -0.31  0.35  0.89  

5  1381.42  280.84  -63.85  
   -0.94  -0.10  0.33  
   -0.29  -0.28  -0.92  
   0.18  -0.96  0.23  

6  1498.40  84.39  -84.39  
   0.17  0.97  -0.17  
   -0.97  0.19  0.13  
   0.15  0.14  0.98  

7  1201.04  -138.41  -77.24  
   0.73  0.46  0.50  
   -0.60  0.78  0.16  
   -0.31  -0.42  0.85  

9  1462.68  -12.50  -83.94  
   -0.31  -0.72  -0.62  
   0.94  -0.12  -0.33  
   0.16  -0.69  0.71  

8  1412.68  -244.67  -52.24  
   -0.95  0.29  -0.11  
   -0.03  0.27  0.96  
   0.31  0.92  -0.25  

2  856.36  -40.63  573.73  
   0.56  -0.83  0.01  
   0.82  0.56  0.07  
   -0.06  -0.03  1.00  

4  1214.88  136.62  -76.35  
   0.90  -0.20  0.38  
   0.30  0.92  -0.23  
   -0.31  0.33  0.89  

5  1384.55  277.71  -69.65  
   -0.95  -0.10  0.31  
   -0.27  -0.31  -0.91  
   0.19  -0.95  0.27  

3  1316.68  0.45  16.52  
   -0.36  0.07  -0.93  
   -0.07  -1.00  -0.05  
   -0.93  0.04  0.37  

6  1491.70  78.58  -76.80  
   0.13  0.99  -0.11  
   -0.97  0.15  0.20  
   0.21  0.08  0.97  

7  1202.38  -137.07  -77.69  
   0.74  0.46  0.49  
   -0.60  0.79  0.16  
   -0.32  -0.41  0.86  

9  1459.56  -6.70  -80.37  
   -0.34  -0.71  -0.61  
   0.92  -0.13  -0.36  
   0.17  -0.69  0.71  

8  1414.91  -240.21  -54.92  
   -0.95  0.28  -0.13  
   -0.05  0.26  0.96  
   0.31  0.92  -0.23  

2  856.36  -40.63  573.73  
   0.56  -0.83  0.01  
   0.82  0.56  0.06  
   -0.06  -0.03  1.00  

4  1214.88  134.84  -79.47  
   0.90  -0.19  0.38  
   0.29  0.93  -0.22  
   -0.31  0.31  0.90  

3  1316.68  0.00  16.97  
   -0.36  0.07  -0.93  
   -0.07  -1.00  -0.05  
   -0.93  0.05  0.36  

7  1202.83  -136.62  -79.03  
   0.74  0.46  0.49  
   -0.59  0.79  0.15  
   -0.32  -0.40  0.86  

6  1487.69  69.65  -73.22  
   0.09  0.99  -0.08  
   -0.96  0.10  0.25  
   0.26  0.05  0.96  

5  1386.33  275.03  -71.44  
   -0.95  -0.09  0.30  
   -0.25  -0.34  -0.91  
   0.18  -0.94  0.30  

9  1459.11  -5.36  -73.22  
   -0.36  -0.70  -0.61  
   0.91  -0.13  -0.39  
   0.19  -0.70  0.69  

8  1417.14  -237.98  -54.47  
   -0.95  0.27  -0.14  
   -0.07  0.25  0.97  
   0.29  0.93  -0.22  

2  856.36  -40.63  573.73  
   0.56  -0.83  0.01  
   0.82  0.56  0.06  
   -0.06  -0.03  1.00  

4  1216.22  130.82  -86.62  
   0.91  -0.19  0.38  
   0.27  0.94  -0.18  
   -0.32  0.27  0.91  

5  1388.57  268.34  -83.49  
   -0.96  -0.07  0.28  
   -0.24  -0.39  -0.89  
   0.17  -0.92  0.36  

3  1316.68  -0.45  17.86  
   -0.35  0.07  -0.93  
   -0.08  -1.00  -0.04  
   -0.93  0.06  0.36  

6  1485.01  67.42  -62.06  
   0.05  1.00  -0.07  
   -0.95  0.07  0.32  
   0.32  0.05  0.95  

7  1201.49  -132.61  -85.28  
   0.74  0.46  0.49  
   -0.58  0.81  0.11  
   -0.35  -0.37  0.86  

9  1458.66  -3.13  -59.83  
   -0.35  -0.70  -0.62  
   0.90  -0.07  -0.43  
   0.26  -0.71  0.66  

8  1413.12  -236.64  -58.04  
   -0.96  0.24  -0.12  
   -0.08  0.17  0.98  
   0.25  0.96  -0.15  

2  856.36  -40.63  573.73  
   0.56  -0.83  0.01  
   0.82  0.56  0.07  
   -0.06  -0.03  1.00  

5  1389.01  267.00  -83.94  
   -0.96  -0.02  0.27  
   -0.24  -0.43  -0.87  
   0.14  -0.90  0.40  

6  1485.01  70.10  -47.77  
   0.03  1.00  -0.07  
   -0.93  0.05  0.37  
   0.37  0.05  0.93  

3  1316.24  -1.79  17.41  
   -0.35  0.07  -0.93  
   -0.09  -1.00  -0.04  
   -0.93  0.07  0.35  

4  1217.56  126.36  -92.87  
   0.91  -0.18  0.37  
   0.25  0.95  -0.15  
   -0.32  0.23  0.92  

7  1201.04  -128.14  -93.76  
   0.73  0.47  0.49  
   -0.57  0.82  0.06  
   -0.38  -0.32  0.87  

9  1463.13  -16.52  -43.31  
   -0.31  -0.69  -0.65  
   0.89  0.02  -0.45  
   0.33  -0.72  0.61  

8  1407.77  -244.23  -70.99  
   -0.98  0.20  -0.05  
   -0.04  0.08  1.00  
   0.21  0.98  -0.07  

2  856.36  -40.63  573.73  
   0.56  -0.83  0.01  
   0.82  0.56  0.07  
   -0.06  -0.03  1.00  

4  1218.46  122.34  -97.78  
   0.91  -0.19  0.36  
   0.25  0.96  -0.13  
   -0.32  0.21  0.92  

3  1315.79  -1.34  17.86  
   -0.34  0.07  -0.94  
   -0.09  -1.00  -0.04  
   -0.93  0.07  0.35  

6  1481.44  71.88  -35.27  
   0.01  1.00  -0.03  
   -0.90  0.02  0.44  
   0.44  0.03  0.89  

5  1388.12  267.44  -92.42  
   -0.96  0.02  0.28  
   -0.25  -0.48  -0.84  
   0.11  -0.88  0.46  

7  1199.70  -122.78  -101.35  
   0.73  0.48  0.48  
   -0.56  0.83  0.02  
   -0.39  -0.28  0.88  

8  1399.28  -250.03  -79.47  
   -0.99  0.17  0.01  
   0.01  -0.01  1.00  
   0.17  0.99  0.01  

9  1468.93  -26.79  -26.79  
   -0.28  -0.70  -0.66  
   0.88  0.09  -0.47  
   0.39  -0.71  0.59  

2  856.36  -40.63  573.73  
   0.56  -0.83  0.01  
   0.82  0.56  0.07  
   -0.06  -0.03  1.00  

4  1217.56  118.76  -102.69  
   0.92  -0.20  0.35  
   0.24  0.96  -0.10  
   -0.32  0.18  0.93  

3  1315.34  -1.34  17.86  
   -0.34  0.07  -0.94  
   -0.09  -0.99  -0.04  
   -0.94  0.07  0.34  

6  1476.97  78.58  -22.32  
   -0.01  1.00  -0.02  
   -0.86  0.00  0.51  
   0.51  0.02  0.86  

5  1384.55  267.89  -100.01  
   -0.96  0.07  0.28  
   -0.28  -0.53  -0.80  
   0.09  -0.85  0.52  

9  1468.93  -41.52  -12.95  
   -0.25  -0.74  -0.63  
   0.85  0.14  -0.50  
   0.46  -0.66  0.59  

8  1393.48  -258.07  -87.51  
   -0.99  0.12  0.08  
   0.07  -0.09  0.99  
   0.13  0.99  0.08  

7  1201.04  -116.53  -106.71  
   0.73  0.49  0.47  
   -0.55  0.84  -0.02  
   -0.40  -0.24  0.88  

2  856.36  -40.63  573.73  
   0.56  -0.83  0.01  
   0.82  0.56  0.06  
   -0.06  -0.03  1.00  

4  1217.56  114.75  -107.60  
   0.92  -0.20  0.34  
   0.24  0.97  -0.09  
   -0.31  0.16  0.94  

3  1314.45  -0.45  18.31  
   -0.33  0.07  -0.94  
   -0.09  -0.99  -0.04  
   -0.94  0.08  0.33  

6  1469.38  89.30  -5.36  
   -0.04  1.00  0.00  
   -0.82  -0.03  0.57  
   0.57  0.02  0.82  

5  1380.98  267.00  -103.14  
   -0.95  0.13  0.28  
   -0.30  -0.58  -0.76  
   0.06  -0.80  0.59  

7  1201.04  -114.75  -112.96  
   0.73  0.50  0.46  
   -0.54  0.84  -0.04  
   -0.41  -0.22  0.89  

8  1382.76  -268.78  -99.12  
   -0.99  0.08  0.15  
   0.13  -0.15  0.98  
   0.10  0.98  0.14  

9  1465.36  -61.61  -4.46  
   -0.22  -0.79  -0.57  
   0.82  0.17  -0.55  
   0.53  -0.59  0.61  

2  856.36  -40.63  573.73  
   0.56  -0.83  0.01  
   0.82  0.56  0.07  
   -0.06  -0.03  1.00  

3  1314.45  -0.89  18.31  
   -0.32  0.07  -0.94  
   -0.09  -0.99  -0.04  
   -0.94  0.07  0.33  

4  1218.01  112.51  -108.05  
   0.92  -0.21  0.33  
   0.24  0.97  -0.08  
   -0.30  0.16  0.94  

8  1376.51  -271.02  -97.78  
   -0.98  0.01  0.19  
   0.19  -0.21  0.96  
   0.05  0.98  0.20  

5  1376.51  269.68  -101.80  
   -0.95  0.18  0.28  
   -0.32  -0.60  -0.73  
   0.04  -0.78  0.62  

7  1202.38  -112.07  -115.19  
   0.73  0.50  0.45  
   -0.54  0.84  -0.05  
   -0.41  -0.21  0.89  

6  1462.68  98.67  4.46  
   -0.06  1.00  0.02  
   -0.80  -0.06  0.60  
   0.60  0.02  0.80  

9  1461.79  -74.56  8.93  
   -0.22  -0.80  -0.55  
   0.79  0.18  -0.58  
   0.57  -0.57  0.60  

2  856.36  -40.63  573.73  
   0.56  -0.83  0.01  
   0.82  0.56  0.07  
   -0.06  -0.03  1.00  

3  1314.00  -1.34  17.41  
   -0.32  0.07  -0.94  
   -0.09  -0.99  -0.04  
   -0.94  0.07  0.33  

4  1219.35  109.84  -111.17  
   0.92  -0.21  0.32  
   0.24  0.97  -0.07  
   -0.29  0.15  0.94  

5  1375.62  269.23  -106.71  
   -0.94  0.22  0.27  
   -0.34  -0.63  -0.69  
   0.02  -0.74  0.67  

6  1458.66  100.46  7.14  
   -0.08  1.00  0.02  
   -0.77  -0.08  0.63  
   0.63  0.03  0.78  

8  1369.37  -280.84  -100.46  
   -0.97  -0.03  0.24  
   0.24  -0.24  0.94  
   0.03  0.97  0.24  

7  1203.72  -109.84  -116.98  
   0.74  0.51  0.45  
   -0.54  0.84  -0.06  
   -0.40  -0.20  0.89  

9  1457.77  -86.17  13.84  
   -0.22  -0.81  -0.55  
   0.77  0.20  -0.60  
   0.59  -0.55  0.58  

2  856.36  -40.63  573.73  
   0.56  -0.83  0.01  
   0.82  0.56  0.07  
   -0.06  -0.03  1.00  

5  1372.49  271.46  -104.48  
   -0.93  0.24  0.26  
   -0.36  -0.64  -0.68  
   0.00  -0.73  0.69  

4  1218.90  108.94  -112.07  
   0.92  -0.21  0.32  
   0.25  0.97  -0.07  
   -0.29  0.14  0.95  

3  1313.56  -1.79  18.31  
   -0.32  0.07  -0.95  
   -0.09  -0.99  -0.04  
   -0.94  0.07  0.32  

6  1455.99  105.82  10.72  
   -0.09  1.00  0.01  
   -0.77  -0.07  0.64  
   0.64  0.05  0.77  

7  1203.72  -109.39  -117.43  
   0.73  0.51  0.44  
   -0.55  0.83  -0.06  
   -0.40  -0.20  0.89  

9  1455.09  -95.55  16.52  
   -0.21  -0.81  -0.55  
   0.76  0.21  -0.61  
   0.61  -0.55  0.57  

8  1363.56  -284.86  -100.91  
   -0.96  -0.06  0.26  
   0.27  -0.26  0.93  
   0.01  0.96  0.26  

2  856.36  -40.63  573.73  
   0.56  -0.83  0.01  
   0.82  0.56  0.07  
   -0.06  -0.03  1.00  

3  1313.56  -1.79  18.31  
   -0.32  0.07  -0.95  
   -0.09  -0.99  -0.05  
   -0.94  0.07  0.32  

4  1218.01  108.94  -111.62  
   0.92  -0.22  0.31  
   0.25  0.97  -0.07  
   -0.29  0.14  0.95  

5  1368.47  275.03  -105.37  
   -0.93  0.26  0.27  
   -0.38  -0.64  -0.67  
   0.00  -0.72  0.69  

6  1453.31  110.28  13.84  
   -0.08  1.00  0.00  
   -0.76  -0.06  0.64  
   0.64  0.05  0.77  

8  1360.44  -285.75  -98.67  
   -0.96  -0.08  0.27  
   0.28  -0.26  0.92  
   0.00  0.96  0.27  

9  1451.52  -102.69  19.20  
   -0.21  -0.81  -0.55  
   0.76  0.22  -0.61  
   0.62  -0.54  0.57  

7  1202.83  -109.39  -117.43  
   0.73  0.52  0.44  
   -0.55  0.83  -0.06  
   -0.40  -0.20  0.90  

2  856.36  -41.08  573.73  
   0.56  -0.83  0.01  
   0.82  0.56  0.07  
   -0.06  -0.03  1.00  

5  1367.14  275.03  -104.92  
   -0.92  0.27  0.27  
   -0.38  -0.64  -0.67  
   -0.00  -0.72  0.69  

3  1313.11  -1.79  18.31  
   -0.32  0.07  -0.95  
   -0.09  -0.99  -0.05  
   -0.94  0.07  0.32  

4  1216.67  108.50  -112.07  
   0.92  -0.22  0.32  
   0.25  0.96  -0.07  
   -0.29  0.14  0.95  

6  1451.97  112.51  15.18  
   -0.08  1.00  -0.01  
   -0.76  -0.06  0.64  
   0.64  0.06  0.77  

7  1202.38  -109.84  -117.87  
   0.73  0.52  0.44  
   -0.55  0.83  -0.05  
   -0.40  -0.21  0.90  

9  1449.29  -106.71  19.65  
   -0.20  -0.82  -0.54  
   0.76  0.22  -0.61  
   0.62  -0.53  0.58  

8  1359.10  -288.88  -98.23  
   -0.96  -0.08  0.28  
   0.29  -0.26  0.92  
   -0.01  0.96  0.27  

2  856.36  -40.63  573.73  
   0.56  -0.83  0.01  
   0.82  0.56  0.07  
   -0.06  -0.03  1.00  

5  1366.24  276.37  -104.03  
   -0.92  0.28  0.27  
   -0.39  -0.64  -0.66  
   -0.01  -0.72  0.70  

3  1312.22  -1.79  18.31  
   -0.32  0.07  -0.95  
   -0.09  -0.99  -0.05  
   -0.94  0.07  0.32  

4  1216.22  108.50  -112.51  
   0.92  -0.22  0.32  
   0.25  0.96  -0.07  
   -0.29  0.14  0.95  

6  1450.18  115.19  16.97  
   -0.08  1.00  -0.01  
   -0.76  -0.05  0.65  
   0.64  0.06  0.76  

7  1201.94  -109.84  -116.98  
   0.73  0.52  0.44  
   -0.56  0.83  -0.05  
   -0.39  -0.21  0.90  

9  1448.40  -106.26  20.54  
   -0.20  -0.82  -0.54  
   0.76  0.21  -0.61  
   0.62  -0.53  0.58  

8  1358.21  -288.43  -97.33  
   -0.96  -0.09  0.28  
   0.30  -0.26  0.92  
   -0.01  0.96  0.27  

2  856.36  -40.63  573.73  
   0.56  -0.83  0.01  
   0.82  0.56  0.06  
   -0.06  -0.03  1.00  

3  1312.22  -2.23  17.86  
   -0.32  0.07  -0.95  
   -0.09  -0.99  -0.05  
   -0.94  0.07  0.32  

4  1215.78  108.05  -112.51  
   0.92  -0.22  0.32  
   0.25  0.96  -0.07  
   -0.29  0.14  0.95  

7  1201.94  -109.84  -117.43  
   0.73  0.52  0.44  
   -0.56  0.83  -0.05  
   -0.39  -0.21  0.90  

8  1358.21  -290.21  -95.55  
   -0.95  -0.10  0.28  
   0.30  -0.26  0.92  
   -0.02  0.96  0.27  

6  1449.29  116.98  20.09  
   -0.08  1.00  -0.03  
   -0.76  -0.04  0.65  
   0.65  0.07  0.76  

5  1363.56  277.27  -102.69  
   -0.92  0.29  0.27  
   -0.40  -0.64  -0.65  
   -0.02  -0.71  0.71  

9  1447.95  -106.71  20.54  
   -0.20  -0.82  -0.54  
   0.76  0.22  -0.61  
   0.62  -0.53  0.58  

4  1215.33  107.60  -112.51  
   0.92  -0.22  0.32  
   0.26  0.96  -0.07  
   -0.29  0.14  0.95  

2  856.36  -40.63  573.73  
   0.56  -0.83  0.01  
   0.82  0.56  0.07  
   -0.06  -0.03  1.00  

5  1361.33  279.50  -102.69  
   -0.91  0.30  0.28  
   -0.41  -0.64  -0.65  
   -0.02  -0.71  0.71  

3  1311.32  -2.23  17.86  
   -0.32  0.07  -0.95  
   -0.09  -0.99  -0.05  
   -0.94  0.07  0.32  

6  1448.40  121.00  22.77  
   -0.07  1.00  -0.04  
   -0.76  -0.03  0.65  
   0.64  0.08  0.76  

9  1447.50  -109.39  23.22  
   -0.20  -0.81  -0.55  
   0.76  0.23  -0.61  
   0.62  -0.54  0.57  

8  1355.53  -292.45  -93.76  
   -0.95  -0.11  0.29  
   0.31  -0.25  0.92  
   -0.02  0.96  0.27  

7  1201.94  -109.84  -117.43  
   0.73  0.52  0.44  
   -0.56  0.83  -0.05  
   -0.39  -0.21  0.90  

2  856.36  -40.63  573.73  
   0.56  -0.83  0.01  
   0.82  0.56  0.06  
   -0.06  -0.03  1.00  

4  1215.78  108.05  -112.51  
   0.92  -0.23  0.32  
   0.26  0.96  -0.07  
   -0.29  0.15  0.95  

3  1311.77  -2.23  18.75  
   -0.32  0.07  -0.95  
   -0.09  -0.99  -0.04  
   -0.94  0.07  0.32  

5  1360.88  279.95  -100.91  
   -0.91  0.31  0.27  
   -0.41  -0.64  -0.65  
   -0.03  -0.71  0.71  

7  1202.38  -110.28  -116.98  
   0.73  0.52  0.44  
   -0.56  0.83  -0.05  
   -0.39  -0.21  0.90  

8  1354.63  -294.68  -91.98  
   -0.95  -0.11  0.30  
   0.32  -0.25  0.91  
   -0.03  0.96  0.27  

6  1448.40  121.44  23.66  
   -0.07  1.00  -0.05  
   -0.77  -0.02  0.64  
   0.64  0.09  0.76  

9  1447.50  -111.62  25.00  
   -0.19  -0.81  -0.56  
   0.77  0.23  -0.60  
   0.61  -0.54  0.57  

2  856.36  -40.63  573.73  
   0.56  -0.83  0.01  
   0.82  0.56  0.06  
   -0.06  -0.03  1.00  

3  1311.32  -1.79  17.86  
   -0.32  0.07  -0.95  
   -0.09  -0.99  -0.04  
   -0.94  0.07  0.32  

4  1215.78  108.05  -112.07  
   0.92  -0.23  0.32  
   0.26  0.96  -0.07  
   -0.29  0.15  0.95  

6  1449.29  117.43  24.11  
   -0.08  0.99  -0.06  
   -0.78  -0.02  0.63  
   0.62  0.09  0.78  

8  1355.53  -295.13  -89.74  
   -0.95  -0.11  0.30  
   0.32  -0.24  0.92  
   -0.03  0.96  0.26  

7  1202.38  -110.73  -116.53  
   0.73  0.52  0.44  
   -0.56  0.83  -0.04  
   -0.39  -0.22  0.90  

5  1362.22  280.39  -97.78  
   -0.91  0.31  0.27  
   -0.41  -0.63  -0.66  
   -0.03  -0.71  0.70  

9  1447.95  -108.94  24.56  
   -0.19  -0.80  -0.56  
   0.78  0.22  -0.59  
   0.60  -0.55  0.58  

2  856.36  -40.63  573.73  
   0.56  -0.83  0.01  
   0.82  0.56  0.07  
   -0.06  -0.03  1.00  

4  1215.78  108.05  -111.17  
   0.92  -0.22  0.32  
   0.26  0.96  -0.07  
   -0.29  0.15  0.94  

3  1311.32  -3.13  18.31  
   -0.31  0.07  -0.95  
   -0.09  -0.99  -0.04  
   -0.94  0.07  0.32  

5  1365.35  280.39  -85.28  
   -0.92  0.26  0.29  
   -0.39  -0.56  -0.73  
   -0.03  -0.78  0.62  

6  1456.43  106.26  10.72  
   -0.03  1.00  -0.04  
   -0.84  -0.01  0.54  
   0.54  0.06  0.84  

8  1356.42  -295.13  -75.46  
   -0.96  -0.04  0.29  
   0.29  -0.12  0.95  
   -0.00  0.99  0.13  

7  1201.49  -112.07  -113.85  
   0.73  0.52  0.45  
   -0.56  0.82  -0.03  
   -0.38  -0.23  0.89  

9  1455.99  -96.89  9.38  
   -0.15  -0.82  -0.55  
   0.85  0.17  -0.49  
   0.50  -0.55  0.67  

4  1213.99  108.94  -109.39  
   0.92  -0.22  0.33  
   0.26  0.96  -0.09  
   -0.29  0.17  0.94  

5  1364.46  283.96  -64.74  
   -0.92  0.20  0.33  
   -0.39  -0.44  -0.81  
   -0.02  -0.88  0.48  

2  856.36  -40.63  573.73  
   0.56  -0.83  0.01  
   0.82  0.56  0.06  
   -0.06  -0.03  1.00  

3  1311.77  -3.57  17.86  
   -0.31  0.06  -0.95  
   -0.09  -0.99  -0.04  
   -0.94  0.08  0.32  

6  1470.72  93.76  -17.41  
   0.06  1.00  -0.07  
   -0.92  0.09  0.38  
   0.38  0.04  0.92  

7  1198.81  -115.19  -110.28  
   0.73  0.52  0.45  
   -0.57  0.82  -0.01  
   -0.38  -0.25  0.89  

9  1459.11  -91.98  -13.84  
   -0.12  -0.81  -0.58  
   0.92  0.13  -0.37  
   0.37  -0.58  0.73  

8  1356.42  -297.36  -64.29  
   -0.96  0.03  0.28  
   0.28  -0.01  0.96  
   0.04  1.00  0.00  

2  856.36  -41.08  573.73  
   0.56  -0.83  0.01  
   0.82  0.56  0.06  
   -0.06  -0.03  1.00  

4  1213.10  112.07  -104.48  
   0.92  -0.23  0.33  
   0.28  0.95  -0.11  
   -0.29  0.19  0.94  

3  1311.77  -5.36  18.75  
   -0.32  0.06  -0.95  
   -0.10  -0.99  -0.03  
   -0.94  0.08  0.32  

6  1484.56  92.87  -49.56  
   0.16  0.98  -0.10  
   -0.97  0.17  0.15  
   0.16  0.07  0.98  

5  1365.35  287.98  -39.74  
   -0.92  0.13  0.37  
   -0.39  -0.25  -0.89  
   -0.02  -0.96  0.28  

7  1195.24  -121.44  -104.03  
   0.72  0.52  0.46  
   -0.60  0.80  0.02  
   -0.36  -0.29  0.89  

8  1358.21  -295.57  -32.59  
   -0.96  0.10  0.26  
   0.27  0.16  0.95  
   0.05  0.98  -0.18  

9  1462.24  -85.28  -41.08  
   -0.10  -0.81  -0.58  
   0.97  0.04  -0.22  
   0.20  -0.59  0.78  

2  856.36  -40.63  573.73  
   0.56  -0.83  0.01  
   0.82  0.56  0.06  
   -0.06  -0.03  1.00  

3  1310.88  -6.70  19.20  
   -0.32  0.05  -0.95  
   -0.10  -0.99  -0.02  
   -0.94  0.09  0.32  

4  1212.65  113.41  -103.58  
   0.91  -0.23  0.33  
   0.29  0.95  -0.12  
   -0.29  0.21  0.93  

5  1372.49  277.27  -28.57  
   -0.93  0.08  0.35  
   -0.36  -0.14  -0.92  
   -0.03  -0.99  0.16  

7  1192.56  -127.25  -100.46  
   0.71  0.52  0.47  
   -0.61  0.79  0.04  
   -0.35  -0.32  0.88  

8  1367.14  -290.21  -21.43  
   -0.97  0.15  0.20  
   0.23  0.29  0.93  
   0.08  0.94  -0.32  

6  1495.72  84.39  -74.12  
   0.19  0.97  -0.15  
   -0.98  0.19  -0.03  
   0.00  0.15  0.99  

9  1459.56  -75.90  -55.81  
   -0.13  -0.82  -0.56  
   0.99  -0.07  -0.12  
   0.06  -0.57  0.82  

2  856.36  -40.63  573.73  
   0.56  -0.83  0.01  
   0.82  0.56  0.06  
   -0.06  -0.03  1.00  

6  1502.87  74.12  -87.96  
   0.19  0.95  -0.23  
   -0.98  0.17  -0.12  
   -0.08  0.24  0.97  

5  1380.98  265.21  -27.24  
   -0.95  0.05  0.31  
   -0.31  -0.10  -0.94  
   -0.02  -0.99  0.11  

4  1213.10  114.30  -100.91  
   0.92  -0.22  0.33  
   0.28  0.95  -0.13  
   -0.29  0.21  0.93  

3  1310.88  -8.93  19.20  
   -0.32  0.05  -0.95  
   -0.10  -0.99  -0.01  
   -0.94  0.09  0.32  

7  1191.67  -130.82  -96.89  
   0.71  0.52  0.47  
   -0.61  0.79  0.06  
   -0.34  -0.34  0.88  

8  1377.40  -277.71  -12.06  
   -0.98  0.17  0.13  
   0.18  0.37  0.91  
   0.11  0.91  -0.39  

9  1457.77  -62.06  -73.67  
   -0.17  -0.84  -0.51  
   0.98  -0.16  -0.07  
   -0.02  -0.51  0.86  

2  856.36  -40.63  573.73  
   0.56  -0.83  0.01  
   0.82  0.56  0.06  
   -0.06  -0.03  1.00  

4  1213.10  113.41  -100.91  
   0.92  -0.20  0.33  
   0.26  0.96  -0.14  
   -0.29  0.21  0.93  

3  1311.32  -9.38  18.75  
   -0.32  0.05  -0.95  
   -0.10  -0.99  -0.01  
   -0.94  0.09  0.33  

5  1388.12  255.39  -32.59  
   -0.96  0.02  0.27  
   -0.27  -0.07  -0.96  
   0.00  -1.00  0.07  

6  1506.88  66.97  -102.24  
   0.19  0.94  -0.27  
   -0.97  0.14  -0.18  
   -0.13  0.30  0.94  

7  1190.33  -133.50  -94.65  
   0.72  0.51  0.48  
   -0.61  0.79  0.07  
   -0.34  -0.34  0.88  

8  1384.10  -265.21  -5.36  
   -0.98  0.19  0.07  
   0.15  0.43  0.89  
   0.14  0.88  -0.45  

9  1456.43  -58.94  -93.32  
   -0.19  -0.86  -0.48  
   0.98  -0.21  -0.02  
   -0.08  -0.47  0.88  

2  856.36  -41.08  573.73  
   0.56  -0.83  0.01  
   0.82  0.56  0.07  
   -0.06  -0.03  1.00  

3  1311.32  -10.27  18.31  
   -0.33  0.05  -0.94  
   -0.10  -0.99  -0.01  
   -0.94  0.09  0.33  

4  1213.10  112.51  -100.91  
   0.92  -0.20  0.34  
   0.25  0.96  -0.13  
   -0.30  0.21  0.93  

6  1508.22  63.40  -115.19  
   0.19  0.94  -0.28  
   -0.97  0.13  -0.21  
   -0.16  0.31  0.94  

5  1390.35  252.26  -32.59  
   -0.97  -0.00  0.25  
   -0.25  -0.06  -0.97  
   0.02  -1.00  0.05  

9  1455.99  -57.15  -107.60  
   -0.20  -0.86  -0.47  
   0.97  -0.24  0.02  
   -0.13  -0.46  0.88  

8  1383.21  -262.98  -6.70  
   -0.98  0.21  0.05  
   0.15  0.47  0.87  
   0.16  0.86  -0.49  

7  1190.77  -133.95  -94.21  
   0.72  0.51  0.48  
   -0.61  0.79  0.08  
   -0.34  -0.35  0.87  

2  856.36  -41.08  573.73  
   0.56  -0.83  0.01  
   0.82  0.56  0.07  
   -0.06  -0.03  1.00  

5  1390.80  250.92  -36.61  
   -0.97  -0.02  0.25  
   -0.25  -0.06  -0.97  
   0.03  -1.00  0.05  

4  1212.65  111.62  -100.01  
   0.92  -0.19  0.34  
   0.25  0.96  -0.13  
   -0.30  0.21  0.93  

6  1508.22  62.06  -118.32  
   0.19  0.94  -0.27  
   -0.97  0.14  -0.21  
   -0.16  0.30  0.94  

3  1311.32  -10.72  18.75  
   -0.33  0.05  -0.94  
   -0.11  -0.99  -0.01  
   -0.94  0.10  0.33  

7  1189.88  -135.28  -92.42  
   0.71  0.51  0.48  
   -0.61  0.79  0.08  
   -0.34  -0.35  0.87  

8  1383.66  -263.87  -7.59  
   -0.98  0.21  0.05  
   0.15  0.47  0.87  
   0.16  0.86  -0.49  

9  1456.43  -58.49  -107.16  
   -0.19  -0.86  -0.47  
   0.97  -0.23  0.03  
   -0.13  -0.46  0.88  

2  856.36  -40.63  573.73  
   0.56  -0.83  0.01  
   0.82  0.56  0.07  
   -0.06  -0.03  1.00  

3  1311.32  -11.61  17.86  
   -0.33  0.05  -0.94  
   -0.11  -0.99  -0.01  
   -0.94  0.10  0.33  

4  1211.31  111.17  -100.01  
   0.92  -0.19  0.35  
   0.25  0.96  -0.13  
   -0.31  0.21  0.93  

5  1389.01  251.37  -41.08  
   -0.96  -0.02  0.26  
   -0.26  -0.07  -0.96  
   0.04  -1.00  0.06  

6  1508.22  62.51  -120.55  
   0.20  0.95  -0.25  
   -0.97  0.16  -0.18  
   -0.13  0.28  0.95  

7  1188.99  -137.52  -92.87  
   0.71  0.51  0.49  
   -0.62  0.78  0.08  
   -0.34  -0.36  0.87  

8  1381.42  -269.23  -14.29  
   -0.97  0.23  0.06  
   0.16  0.45  0.88  
   0.18  0.86  -0.47  

9  1457.33  -64.29  -109.84  
   -0.16  -0.87  -0.46  
   0.98  -0.19  0.02  
   -0.10  -0.45  0.89  

2  856.36  -41.08  573.73  
   0.56  -0.83  0.01  
   0.82  0.56  0.07  
   -0.06  -0.03  1.00  

4  1210.42  111.17  -99.12  
   0.92  -0.19  0.35  
   0.25  0.96  -0.14  
   -0.31  0.21  0.93  

3  1311.32  -12.50  17.41  
   -0.33  0.05  -0.94  
   -0.11  -0.99  -0.01  
   -0.94  0.10  0.33  

5  1386.78  252.26  -44.65  
   -0.96  -0.02  0.27  
   -0.26  -0.09  -0.96  
   0.05  -1.00  0.08  

6  1507.33  64.29  -117.87  
   0.21  0.94  -0.25  
   -0.97  0.17  -0.17  
   -0.12  0.28  0.95  

7  1188.09  -137.52  -92.42  
   0.71  0.51  0.49  
   -0.62  0.78  0.08  
   -0.35  -0.36  0.87  

8  1379.19  -270.57  -16.52  
   -0.97  0.24  0.07  
   0.17  0.43  0.89  
   0.18  0.87  -0.46  

9  1457.77  -64.29  -110.28  
   -0.15  -0.87  -0.46  
   0.98  -0.17  0.01  
   -0.09  -0.45  0.89  

2  856.36  -40.63  573.73  
   0.56  -0.83  0.01  
   0.82  0.56  0.07  
   -0.06  -0.03  1.00  

4  1209.53  111.62  -98.67  
   0.92  -0.19  0.35  
   0.25  0.96  -0.14  
   -0.31  0.22  0.92  

3  1310.88  -13.39  16.97  
   -0.33  0.05  -0.94  
   -0.11  -0.99  -0.01  
   -0.94  0.09  0.33  

5  1385.89  253.16  -45.09  
   -0.96  -0.03  0.27  
   -0.26  -0.09  -0.96  
   0.05  -1.00  0.08  

6  1506.88  63.40  -118.32  
   0.20  0.95  -0.25  
   -0.97  0.16  -0.17  
   -0.12  0.28  0.95  

8  1378.74  -271.02  -16.97  
   -0.97  0.24  0.07  
   0.17  0.43  0.89  
   0.18  0.87  -0.45  

9  1459.56  -65.19  -110.28  
   -0.14  -0.88  -0.46  
   0.99  -0.16  0.02  
   -0.09  -0.45  0.89  

7  1187.65  -137.52  -92.42  
   0.71  0.51  0.49  
   -0.62  0.78  0.08  
   -0.35  -0.36  0.87  

2  856.36  -40.63  573.73  
   0.56  -0.83  0.01  
   0.82  0.56  0.07  
   -0.06  -0.03  1.00  

4  1208.63  113.41  -98.23  
   0.91  -0.19  0.36  
   0.26  0.96  -0.14  
   -0.31  0.22  0.92  

3  1310.88  -12.95  16.97  
   -0.33  0.05  -0.94  
   -0.10  -0.99  -0.01  
   -0.94  0.09  0.34  

5  1385.44  254.50  -46.43  
   -0.96  -0.04  0.27  
   -0.27  -0.09  -0.96  
   0.06  -1.00  0.08  

7  1187.20  -136.62  -92.42  
   0.71  0.51  0.49  
   -0.62  0.78  0.08  
   -0.35  -0.36  0.87  

6  1505.55  65.19  -119.21  
   0.20  0.95  -0.25  
   -0.97  0.16  -0.17  
   -0.12  0.28  0.95  

8  1377.40  -271.46  -17.41  
   -0.97  0.24  0.08  
   0.18  0.42  0.89  
   0.18  0.87  -0.45  

9  1460.00  -62.95  -109.39  
   -0.13  -0.88  -0.46  
   0.99  -0.16  0.02  
   -0.09  -0.45  0.89  

2  856.36  -40.63  573.73  
   0.56  -0.83  0.01  
   0.82  0.56  0.06  
   -0.06  -0.03  1.00  

3  1310.88  -12.95  16.97  
   -0.33  0.05  -0.94  
   -0.10  -0.99  -0.01  
   -0.94  0.09  0.34  

5  1383.66  256.73  -45.99  
   -0.96  -0.04  0.27  
   -0.27  -0.09  -0.96  
   0.06  -1.00  0.07  

4  1208.19  115.19  -96.89  
   0.91  -0.20  0.36  
   0.26  0.95  -0.14  
   -0.31  0.22  0.92  

6  1503.76  68.76  -120.55  
   0.20  0.95  -0.24  
   -0.97  0.16  -0.18  
   -0.13  0.27  0.95  

7  1186.76  -136.18  -92.42  
   0.71  0.51  0.49  
   -0.62  0.78  0.08  
   -0.35  -0.36  0.87  

8  1377.40  -270.57  -19.20  
   -0.97  0.24  0.08  
   0.18  0.41  0.89  
   0.19  0.88  -0.45  

9  1460.45  -62.51  -109.39  
   -0.13  -0.88  -0.46  
   0.99  -0.15  0.02  
   -0.08  -0.45  0.89  

2  856.36  -40.63  573.73  
   0.56  -0.83  0.01  
   0.82  0.56  0.07  
   -0.06  -0.03  1.00  

3  1310.43  -11.61  17.41  
   -0.33  0.05  -0.94  
   -0.10  -0.99  -0.02  
   -0.94  0.09  0.34  

5  1382.76  259.41  -43.31  
   -0.96  -0.04  0.27  
   -0.27  -0.08  -0.96  
   0.07  -1.00  0.07  

4  1207.29  118.32  -95.55  
   0.91  -0.20  0.36  
   0.27  0.95  -0.15  
   -0.31  0.23  0.92  

6  1502.87  71.88  -119.21  
   0.20  0.95  -0.24  
   -0.97  0.16  -0.18  
   -0.14  0.27  0.95  

9  1461.79  -60.28  -108.94  
   -0.12  -0.88  -0.46  
   0.99  -0.14  0.02  
   -0.08  -0.45  0.89  

7  1186.76  -134.84  -92.42  
   0.71  0.51  0.49  
   -0.61  0.79  0.07  
   -0.35  -0.36  0.87  

8  1376.96  -268.78  -18.75  
   -0.97  0.24  0.08  
   0.18  0.41  0.89  
   0.18  0.88  -0.44  

2  856.36  -40.63  573.73  
   0.56  -0.83  0.01  
   0.82  0.56  0.07  
   -0.06  -0.03  1.00  

5  1382.76  261.19  -41.97  
   -0.96  -0.05  0.27  
   -0.27  -0.08  -0.96  
   0.07  -1.00  0.06  

4  1207.29  120.55  -94.21  
   0.91  -0.20  0.36  
   0.27  0.95  -0.15  
   -0.31  0.24  0.92  

6  1501.97  73.67  -118.76  
   0.20  0.95  -0.24  
   -0.97  0.16  -0.19  
   -0.14  0.27  0.95  

3  1309.99  -9.82  17.86  
   -0.33  0.05  -0.94  
   -0.09  -1.00  -0.02  
   -0.94  0.08  0.34  

7  1187.20  -133.50  -92.42  
   0.71  0.50  0.49  
   -0.61  0.79  0.07  
   -0.35  -0.35  0.87  

9  1462.68  -59.83  -108.50  
   -0.12  -0.88  -0.46  
   0.99  -0.14  0.02  
   -0.08  -0.45  0.89  

8  1377.85  -267.89  -18.31  
   -0.97  0.24  0.08  
   0.18  0.41  0.89  
   0.18  0.88  -0.44  

2  856.36  -40.63  573.73  
   0.56  -0.83  0.01  
   0.82  0.56  0.06  
   -0.06  -0.03  1.00  

3  1310.43  -7.59  18.31  
   -0.33  0.05  -0.94  
   -0.09  -1.00  -0.02  
   -0.94  0.08  0.33  

4  1207.29  121.89  -92.42  
   0.91  -0.21  0.36  
   0.28  0.95  -0.16  
   -0.30  0.24  0.92  

5  1381.87  262.98  -38.40  
   -0.96  -0.04  0.27  
   -0.27  -0.07  -0.96  
   0.06  -1.00  0.06  

8  1377.85  -266.55  -18.75  
   -0.97  0.24  0.08  
   0.18  0.41  0.89  
   0.18  0.88  -0.44  

6  1501.08  75.01  -116.53  
   0.20  0.95  -0.24  
   -0.97  0.15  -0.19  
   -0.14  0.27  0.95  

7  1188.09  -131.27  -92.87  
   0.71  0.50  0.49  
   -0.61  0.79  0.07  
   -0.35  -0.35  0.87  

9  1463.13  -58.04  -108.05  
   -0.12  -0.88  -0.46  
   0.99  -0.14  0.01  
   -0.07  -0.45  0.89  

2  856.36  -40.63  573.73  
   0.56  -0.83  0.01  
   0.82  0.56  0.06  
   -0.06  -0.03  1.00  

5  1380.98  265.66  -36.17  
   -0.96  -0.05  0.28  
   -0.27  -0.07  -0.96  
   0.06  -1.00  0.05  

4  1206.85  124.57  -91.08  
   0.91  -0.21  0.35  
   0.28  0.94  -0.17  
   -0.30  0.25  0.92  

3  1310.88  -4.91  19.65  
   -0.33  0.05  -0.94  
   -0.08  -1.00  -0.03  
   -0.94  0.07  0.33  

6  1500.63  78.58  -116.09  
   0.19  0.95  -0.24  
   -0.97  0.15  -0.20  
   -0.15  0.27  0.95  

8  1377.85  -264.77  -19.20  
   -0.97  0.24  0.08  
   0.18  0.41  0.90  
   0.18  0.88  -0.44  

9  1463.58  -56.26  -106.26  
   -0.12  -0.88  -0.46  
   0.99  -0.14  0.01  
   -0.07  -0.45  0.89  

7  1188.09  -128.59  -93.32  
   0.71  0.50  0.49  
   -0.60  0.79  0.07  
   -0.35  -0.34  0.87  

2  856.36  -40.63  573.73  
   0.56  -0.83  0.01  
   0.82  0.56  0.06  
   -0.06  -0.03  1.00  

4  1206.85  125.91  -90.19  
   0.91  -0.21  0.35  
   0.29  0.94  -0.17  
   -0.30  0.26  0.92  

3  1310.43  -4.02  19.20  
   -0.33  0.05  -0.94  
   -0.08  -1.00  -0.03  
   -0.94  0.07  0.33  

6  1500.63  79.92  -114.75  
   0.19  0.95  -0.23  
   -0.97  0.15  -0.20  
   -0.16  0.27  0.95  

5  1381.42  267.89  -33.49  
   -0.96  -0.05  0.28  
   -0.27  -0.06  -0.96  
   0.06  -1.00  0.05  

7  1188.54  -126.80  -93.32  
   0.72  0.50  0.48  
   -0.60  0.80  0.07  
   -0.35  -0.34  0.87  

8  1378.74  -262.53  -20.09  
   -0.97  0.24  0.08  
   0.18  0.40  0.90  
   0.18  0.88  -0.43  

9  1464.02  -54.02  -105.82  
   -0.12  -0.88  -0.46  
   0.99  -0.14  0.01  
   -0.07  -0.46  0.89  

2  856.36  -40.63  573.73  
   0.56  -0.83  0.01  
   0.82  0.56  0.06  
   -0.06  -0.03  1.00  

4  1206.85  127.69  -88.85  
   0.91  -0.22  0.35  
   0.29  0.94  -0.17  
   -0.29  0.26  0.92  

3  1310.43  -2.23  19.65  
   -0.33  0.05  -0.94  
   -0.08  -1.00  -0.03  
   -0.94  0.06  0.33  

5  1380.53  268.78  -31.25  
   -0.96  -0.04  0.28  
   -0.27  -0.06  -0.96  
   0.06  -1.00  0.05  

6  1500.19  82.60  -113.41  
   0.19  0.95  -0.23  
   -0.97  0.15  -0.20  
   -0.16  0.26  0.95  

7  1189.43  -125.46  -93.32  
   0.72  0.50  0.48  
   -0.60  0.80  0.07  
   -0.35  -0.34  0.87  

9  1464.47  -52.24  -104.92  
   -0.12  -0.88  -0.46  
   0.99  -0.14  0.00  
   -0.06  -0.46  0.89  

8  1378.74  -261.64  -19.20  
   -0.97  0.23  0.09  
   0.18  0.40  0.90  
   0.17  0.89  -0.43  

2  856.36  -40.63  573.73  
   0.56  -0.83  0.01  
   0.82  0.56  0.07  
   -0.06  -0.03  1.00  

3  1310.43  -1.79  19.20  
   -0.33  0.05  -0.94  
   -0.07  -1.00  -0.03  
   -0.94  0.06  0.33  

4  1206.40  129.03  -87.96  
   0.91  -0.22  0.35  
   0.29  0.94  -0.18  
   -0.29  0.26  0.92  

5  1380.53  270.12  -30.36  
   -0.96  -0.04  0.28  
   -0.28  -0.06  -0.96  
   0.06  -1.00  0.04  

6  1500.19  83.49  -113.41  
   0.19  0.95  -0.23  
   -0.97  0.15  -0.21  
   -0.16  0.26  0.95  

7  1189.43  -124.57  -93.76  
   0.72  0.50  0.48  
   -0.60  0.80  0.06  
   -0.35  -0.33  0.87  

8  1379.19  -261.19  -20.54  
   -0.97  0.23  0.09  
   0.17  0.40  0.90  
   0.18  0.89  -0.43  

9  1464.92  -51.35  -104.92  
   -0.12  -0.88  -0.46  
   0.99  -0.14  -0.00  
   -0.06  -0.46  0.89  

2  856.36  -40.63  573.73  
   0.56  -0.83  0.01  
   0.82  0.56  0.07  
   -0.06  -0.03  1.00  

5  1380.08  271.46  -28.57  
   -0.96  -0.04  0.28  
   -0.28  -0.06  -0.96  
   0.06  -1.00  0.04  

3  1310.88  -0.89  19.20  
   -0.33  0.05  -0.94  
   -0.07  -1.00  -0.03  
   -0.94  0.06  0.33  

4  1206.85  129.48  -87.51  
   0.91  -0.22  0.35  
   0.30  0.94  -0.18  
   -0.29  0.27  0.92  

6  1499.74  85.72  -112.51  
   0.19  0.95  -0.23  
   -0.97  0.15  -0.21  
   -0.17  0.26  0.95  

9  1464.92  -49.56  -103.58  
   -0.12  -0.88  -0.47  
   0.99  -0.14  -0.00  
   -0.06  -0.46  0.88  

7  1189.88  -123.68  -94.21  
   0.72  0.50  0.48  
   -0.60  0.80  0.06  
   -0.35  -0.33  0.87  

8  1379.64  -260.75  -20.54  
   -0.97  0.23  0.09  
   0.17  0.40  0.90  
   0.17  0.89  -0.43  

2  856.36  -40.63  573.73  
   0.56  -0.83  0.01  
   0.82  0.56  0.07  
   -0.06  -0.03  1.00  

3  1310.88  -0.45  19.65  
   -0.33  0.05  -0.94  
   -0.07  -1.00  -0.03  
   -0.94  0.06  0.33  

6  1499.29  86.62  -112.07  
   0.19  0.95  -0.23  
   -0.97  0.15  -0.21  
   -0.17  0.26  0.95  

4  1206.40  131.27  -87.06  
   0.91  -0.22  0.35  
   0.30  0.94  -0.18  
   -0.29  0.27  0.92  

5  1379.64  273.69  -27.24  
   -0.96  -0.04  0.28  
   -0.28  -0.05  -0.96  
   0.06  -1.00  0.04  

8  1380.08  -260.30  -20.98  
   -0.97  0.23  0.09  
   0.17  0.40  0.90  
   0.17  0.89  -0.43  

7  1189.88  -123.23  -94.21  
   0.72  0.50  0.48  
   -0.60  0.80  0.06  
   -0.35  -0.33  0.88  

9  1465.36  -49.11  -103.58  
   -0.12  -0.88  -0.47  
   0.99  -0.14  -0.00  
   -0.06  -0.46  0.88  

2  856.36  -40.63  573.73  
   0.56  -0.83  0.01  
   0.82  0.56  0.06  
   -0.06  -0.03  1.00  

3  1310.88  0.00  19.65  
   -0.33  0.05  -0.94  
   -0.07  -1.00  -0.03  
   -0.94  0.05  0.33  

4  1205.95  132.61  -86.62  
   0.91  -0.22  0.35  
   0.30  0.94  -0.19  
   -0.29  0.27  0.92  

5  1379.19  274.14  -25.90  
   -0.96  -0.04  0.28  
   -0.28  -0.05  -0.96  
   0.06  -1.00  0.03  

6  1499.29  87.96  -112.07  
   0.19  0.95  -0.23  
   -0.97  0.15  -0.22  
   -0.17  0.26  0.95  

7  1190.33  -122.78  -94.21  
   0.72  0.50  0.48  
   -0.59  0.80  0.06  
   -0.35  -0.33  0.88  

9  1465.36  -47.77  -103.14  
   -0.12  -0.88  -0.47  
   0.99  -0.14  -0.01  
   -0.06  -0.46  0.88  

8  1380.08  -258.07  -20.54  
   -0.97  0.23  0.08  
   0.17  0.40  0.90  
   0.17  0.89  -0.42  

2  856.36  -40.63  573.73  
   0.56  -0.83  0.01  
   0.82  0.56  0.07  
   -0.06  -0.03  1.00  

3  1310.43  0.89  20.09  
   -0.33  0.05  -0.94  
   -0.07  -1.00  -0.03  
   -0.94  0.05  0.33  

4  1205.95  133.05  -86.17  
   0.91  -0.22  0.35  
   0.30  0.93  -0.19  
   -0.29  0.28  0.92  

6  1498.85  89.74  -111.17  
   0.20  0.95  -0.22  
   -0.96  0.15  -0.22  
   -0.18  0.26  0.95  

5  1379.64  275.48  -23.66  
   -0.96  -0.04  0.28  
   -0.28  -0.04  -0.96  
   0.05  -1.00  0.03  

7  1190.33  -122.34  -93.76  
   0.72  0.50  0.48  
   -0.59  0.80  0.06  
   -0.35  -0.33  0.88  

8  1380.08  -257.18  -20.98  
   -0.97  0.23  0.08  
   0.17  0.40  0.90  
   0.17  0.89  -0.42  

9  1465.36  -46.88  -102.24  
   -0.12  -0.87  -0.47  
   0.99  -0.14  -0.01  
   -0.06  -0.47  0.88  

2  856.36  -40.63  573.73  
   0.56  -0.83  0.01  
   0.82  0.56  0.06  
   -0.06  -0.03  1.00  

5  1379.19  275.93  -24.11  
   -0.96  -0.04  0.28  
   -0.28  -0.04  -0.96  
   0.05  -1.00  0.03  

6  1498.40  90.64  -111.17  
   0.20  0.95  -0.22  
   -0.96  0.15  -0.22  
   -0.18  0.26  0.95  

4  1205.95  133.05  -85.28  
   0.91  -0.23  0.35  
   0.31  0.93  -0.19  
   -0.28  0.28  0.92  

3  1310.43  0.89  20.54  
   -0.33  0.05  -0.94  
   -0.07  -1.00  -0.03  
   -0.94  0.05  0.33  

7  1190.33  -121.89  -93.76  
   0.72  0.50  0.48  
   -0.59  0.80  0.06  
   -0.35  -0.33  0.88  

8  1380.53  -256.73  -20.54  
   -0.97  0.23  0.08  
   0.17  0.40  0.90  
   0.17  0.89  -0.42  

9  1465.81  -46.43  -102.24  
   -0.12  -0.87  -0.47  
   0.99  -0.14  -0.01  
   -0.06  -0.47  0.88  

