2  857.25  -41.97  573.73  
   0.89  -0.45  0.03  
   0.45  0.89  0.03  
   -0.04  -0.02  1.00  

3  1413.12  -20.54  114.75  
   0.13  -0.01  -0.99  
   -0.06  -1.00  0.00  
   -0.99  0.06  -0.13  

4  1380.08  129.03  -21.43  
   0.54  -0.82  -0.17  
   0.80  0.57  -0.20  
   0.26  -0.03  0.96  

5  1329.18  235.74  234.40  
   -0.21  0.37  0.90  
   -0.39  0.81  -0.43  
   -0.90  -0.44  -0.03  

6  1514.92  238.87  364.33  
   0.92  -0.31  -0.23  
   -0.25  -0.03  -0.97  
   0.29  0.95  -0.10  

7  1376.51  -187.08  -15.63  
   0.59  0.80  -0.13  
   -0.71  0.58  0.38  
   0.38  -0.14  0.91  

9  1566.71  -157.61  385.76  
   0.74  0.47  -0.47  
   0.63  -0.24  0.74  
   0.23  -0.85  -0.47  

8  1381.87  -267.00  252.26  
   -0.46  -0.54  0.71  
   0.19  0.72  0.67  
   -0.87  0.44  -0.23  

2  857.25  -41.52  573.73  
   0.89  -0.45  0.03  
   0.45  0.89  0.03  
   -0.04  -0.02  1.00  

4  1424.29  129.48  -4.02  
   0.54  -0.80  -0.26  
   0.78  0.59  -0.20  
   0.31  -0.09  0.94  

3  1440.36  -18.31  140.20  
   0.23  -0.00  -0.97  
   -0.05  -1.00  -0.01  
   -0.97  0.05  -0.23  

6  1544.84  248.25  385.32  
   0.91  -0.35  -0.23  
   -0.23  0.03  -0.97  
   0.35  0.94  -0.06  

5  1364.01  242.89  250.92  
   -0.19  0.39  0.90  
   -0.41  0.80  -0.44  
   -0.89  -0.45  0.01  

7  1422.50  -185.29  0.45  
   0.59  0.78  -0.22  
   -0.69  0.62  0.38  
   0.43  -0.07  0.90  

8  1428.75  -268.78  274.59  
   -0.47  -0.57  0.68  
   0.19  0.69  0.70  
   -0.86  0.46  -0.21  

9  1607.34  -151.36  416.12  
   0.71  0.49  -0.50  
   0.64  -0.16  0.75  
   0.29  -0.86  -0.43  

2  857.25  -41.52  573.73  
   0.89  -0.45  0.03  
   0.45  0.89  0.03  
   -0.04  -0.02  1.00  

4  1466.70  129.48  23.22  
   0.53  -0.77  -0.36  
   0.76  0.62  -0.21  
   0.38  -0.16  0.91  

3  1464.92  -14.73  166.54  
   0.32  0.02  -0.95  
   -0.03  -1.00  -0.03  
   -0.95  0.03  -0.32  

5  1402.41  243.78  276.82  
   -0.17  0.42  0.89  
   -0.41  0.79  -0.45  
   -0.90  -0.44  0.04  

6  1569.39  257.18  429.07  
   0.88  -0.42  -0.21  
   -0.21  0.05  -0.98  
   0.43  0.90  -0.04  

7  1461.34  -175.47  27.68  
   0.58  0.74  -0.33  
   -0.65  0.67  0.36  
   0.49  0.00  0.87  

9  1635.47  -138.86  452.74  
   0.66  0.53  -0.53  
   0.65  -0.07  0.75  
   0.36  -0.85  -0.39  

8  1468.93  -258.51  297.36  
   -0.46  -0.62  0.64  
   0.17  0.65  0.74  
   -0.87  0.45  -0.20  

2  857.25  -41.97  574.18  
   0.89  -0.45  0.03  
   0.45  0.89  0.03  
   -0.04  -0.02  1.00  

3  1488.58  -11.16  197.79  
   0.42  0.04  -0.90  
   0.00  -1.00  -0.04  
   -0.91  0.02  -0.42  

4  1507.33  131.71  53.13  
   0.50  -0.73  -0.46  
   0.73  0.64  -0.24  
   0.47  -0.21  0.86  

6  1590.82  258.07  480.86  
   0.84  -0.50  -0.22  
   -0.20  0.10  -0.98  
   0.51  0.86  -0.02  

5  1433.66  244.67  311.20  
   -0.14  0.46  0.88  
   -0.39  0.79  -0.48  
   -0.91  -0.41  0.07  

7  1505.99  -171.90  55.81  
   0.57  0.70  -0.43  
   -0.61  0.71  0.35  
   0.55  0.07  0.83  

9  1656.90  -121.00  506.31  
   0.59  0.56  -0.58  
   0.68  0.05  0.73  
   0.44  -0.82  -0.36  

8  1507.78  -243.33  326.83  
   -0.44  -0.69  0.58  
   0.13  0.59  0.80  
   -0.89  0.42  -0.17  

2  857.25  -41.97  573.73  
   0.89  -0.45  0.03  
   0.45  0.89  0.03  
   -0.04  -0.02  1.00  

3  1508.22  -5.80  229.49  
   0.52  0.07  -0.85  
   0.03  -1.00  -0.06  
   -0.85  0.00  -0.53  

4  1541.26  129.48  86.17  
   0.46  -0.69  -0.55  
   0.69  0.67  -0.26  
   0.55  -0.26  0.79  

8  1535.91  -233.51  368.80  
   -0.38  -0.77  0.51  
   0.08  0.52  0.85  
   -0.92  0.37  -0.13  

7  1541.71  -165.65  87.96  
   0.55  0.65  -0.53  
   -0.57  0.75  0.33  
   0.61  0.12  0.78  

5  1460.00  244.67  350.94  
   -0.11  0.52  0.85  
   -0.36  0.77  -0.52  
   -0.93  -0.36  0.10  

6  1601.54  254.05  541.14  
   0.77  -0.58  -0.26  
   -0.20  0.16  -0.97  
   0.60  0.80  0.01  

9  1660.48  -87.96  577.30  
   0.46  0.59  -0.67  
   0.72  0.20  0.67  
   0.53  -0.78  -0.33  

2  856.80  -41.97  574.18  
   0.89  -0.45  0.03  
   0.45  0.89  0.03  
   -0.04  -0.02  1.00  

3  1519.83  0.00  262.98  
   0.62  0.10  -0.78  
   0.08  -0.99  -0.07  
   -0.78  -0.02  -0.62  

5  1477.86  245.57  390.23  
   -0.06  0.59  0.81  
   -0.33  0.75  -0.57  
   -0.94  -0.30  0.15  

4  1565.82  136.62  129.03  
   0.39  -0.66  -0.64  
   0.67  0.68  -0.30  
   0.64  -0.31  0.71  

6  1598.86  250.92  609.45  
   0.67  -0.67  -0.33  
   -0.22  0.26  -0.94  
   0.71  0.70  0.03  

9  1651.10  -69.65  642.04  
   0.35  0.61  -0.72  
   0.73  0.31  0.61  
   0.59  -0.73  -0.34  

8  1551.98  -212.97  408.98  
   -0.31  -0.84  0.44  
   0.04  0.45  0.89  
   -0.95  0.30  -0.11  

7  1571.63  -153.14  132.16  
   0.51  0.58  -0.64  
   -0.53  0.79  0.30  
   0.68  0.19  0.71  

2  857.25  -41.52  574.18  
   0.89  -0.45  0.03  
   0.45  0.89  0.03  
   -0.04  -0.02  1.00  

4  1589.04  138.86  171.45  
   0.32  -0.62  -0.71  
   0.63  0.70  -0.33  
   0.70  -0.35  0.62  

3  1535.46  3.13  292.89  
   0.71  0.13  -0.69  
   0.12  -0.99  -0.06  
   -0.69  -0.04  -0.72  

5  1492.15  246.01  435.32  
   0.00  0.65  0.76  
   -0.30  0.73  -0.62  
   -0.96  -0.22  0.19  

6  1583.68  250.03  676.42  
   0.55  -0.72  -0.42  
   -0.23  0.36  -0.90  
   0.80  0.59  0.03  

8  1563.59  -199.13  457.65  
   -0.22  -0.90  0.38  
   0.00  0.39  0.92  
   -0.97  0.21  -0.08  

7  1596.63  -143.32  175.47  
   0.46  0.52  -0.72  
   -0.51  0.82  0.26  
   0.73  0.24  0.64  

9  1635.92  -48.22  706.78  
   0.21  0.60  -0.77  
   0.74  0.42  0.52  
   0.63  -0.69  -0.36  

2  856.80  -41.52  574.18  
   0.89  -0.45  0.03  
   0.45  0.89  0.03  
   -0.04  -0.02  1.00  

4  1609.58  145.11  219.67  
   0.25  -0.58  -0.78  
   0.60  0.72  -0.34  
   0.76  -0.38  0.53  

3  1544.84  10.27  324.59  
   0.78  0.16  -0.61  
   0.15  -0.99  -0.08  
   -0.61  -0.03  -0.79  

5  1501.08  240.66  483.54  
   0.07  0.71  0.70  
   -0.25  0.69  -0.68  
   -0.96  -0.13  0.23  

6  1565.82  238.42  748.75  
   0.40  -0.75  -0.53  
   -0.25  0.46  -0.85  
   0.88  0.47  -0.01  

7  1616.27  -136.62  211.63  
   0.43  0.47  -0.77  
   -0.49  0.84  0.24  
   0.76  0.28  0.59  

8  1570.73  -185.74  494.70  
   -0.16  -0.93  0.32  
   -0.02  0.33  0.94  
   -0.99  0.14  -0.07  

9  1613.59  -26.79  765.72  
   0.08  0.56  -0.83  
   0.75  0.51  0.42  
   0.66  -0.65  -0.38  

2  857.25  -41.52  574.18  
   0.89  -0.45  0.03  
   0.45  0.89  0.03  
   -0.04  -0.02  1.00  

3  1556.00  15.63  354.96  
   0.83  0.19  -0.52  
   0.17  -0.98  -0.09  
   -0.53  -0.01  -0.85  

5  1505.99  238.87  528.64  
   0.12  0.75  0.65  
   -0.21  0.66  -0.72  
   -0.97  -0.05  0.24  

6  1539.92  225.03  813.94  
   0.23  -0.75  -0.63  
   -0.25  0.57  -0.78  
   0.94  0.34  -0.06  

4  1624.31  151.80  266.10  
   0.18  -0.53  -0.83  
   0.59  0.74  -0.34  
   0.79  -0.43  0.45  

7  1632.79  -123.23  257.62  
   0.37  0.40  -0.84  
   -0.46  0.86  0.21  
   0.80  0.31  0.51  

8  1574.30  -166.09  536.23  
   -0.08  -0.96  0.28  
   -0.05  0.28  0.96  
   -1.00  0.06  -0.07  

9  1594.40  -8.93  813.49  
   -0.02  0.50  -0.86  
   0.73  0.59  0.33  
   0.68  -0.63  -0.38  

2  857.25  -41.52  573.73  
   0.89  -0.45  0.03  
   0.45  0.89  0.03  
   -0.04  -0.02  1.00  

3  1563.14  19.65  380.85  
   0.88  0.21  -0.43  
   0.18  -0.98  -0.12  
   -0.45  0.03  -0.89  

6  1514.47  218.78  867.07  
   0.06  -0.67  -0.74  
   -0.27  0.70  -0.66  
   0.96  0.24  -0.14  

4  1634.58  158.50  310.75  
   0.13  -0.47  -0.87  
   0.59  0.75  -0.31  
   0.80  -0.47  0.37  

5  1509.12  235.30  567.48  
   0.19  0.79  0.59  
   -0.16  0.61  -0.78  
   -0.97  0.05  0.24  

8  1574.75  -150.02  579.54  
   0.01  -0.98  0.21  
   -0.07  0.21  0.98  
   -1.00  -0.02  -0.07  

7  1647.08  -110.73  297.36  
   0.32  0.34  -0.88  
   -0.44  0.88  0.18  
   0.84  0.33  0.43  

9  1563.59  8.48  870.64  
   -0.16  0.43  -0.89  
   0.72  0.66  0.19  
   0.67  -0.61  -0.42  

2  857.25  -41.52  573.73  
   0.89  -0.45  0.03  
   0.45  0.89  0.03  
   -0.04  -0.02  1.00  

3  1567.61  28.13  414.78  
   0.92  0.22  -0.31  
   0.18  -0.97  -0.16  
   -0.34  0.09  -0.94  

4  1642.62  163.86  351.83  
   0.08  -0.42  -0.91  
   0.59  0.75  -0.30  
   0.80  -0.51  0.30  

6  1488.13  197.79  905.47  
   -0.05  -0.56  -0.83  
   -0.30  0.80  -0.52  
   0.95  0.22  -0.21  

5  1505.55  231.28  600.52  
   0.25  0.80  0.54  
   -0.12  0.58  -0.81  
   -0.96  0.14  0.24  

7  1656.46  -97.33  344.69  
   0.24  0.27  -0.93  
   -0.41  0.90  0.16  
   0.88  0.34  0.32  

8  1565.82  -134.39  622.40  
   0.11  -0.98  0.17  
   -0.13  0.16  0.98  
   -0.98  -0.13  -0.11  

9  1534.12  26.34  906.36  
   -0.26  0.35  -0.90  
   0.72  0.69  0.07  
   0.65  -0.63  -0.43  

2  857.25  -41.52  573.73  
   0.89  -0.45  0.03  
   0.45  0.89  0.03  
   -0.04  -0.02  1.00  

4  1644.85  166.09  367.01  
   0.05  -0.41  -0.91  
   0.59  0.75  -0.30  
   0.81  -0.52  0.28  

3  1568.95  31.70  425.95  
   0.93  0.22  -0.28  
   0.18  -0.97  -0.17  
   -0.31  0.10  -0.95  

6  1478.31  194.22  914.85  
   -0.09  -0.52  -0.85  
   -0.29  0.83  -0.48  
   0.95  0.20  -0.22  

5  1498.85  227.26  617.93  
   0.30  0.78  0.55  
   -0.09  0.60  -0.79  
   -0.95  0.19  0.25  

7  1659.58  -90.19  363.44  
   0.21  0.23  -0.95  
   -0.39  0.91  0.13  
   0.90  0.35  0.28  

8  1564.03  -125.91  638.92  
   0.17  -0.98  0.13  
   -0.15  0.11  0.98  
   -0.97  -0.18  -0.13  

9  1518.49  38.40  919.76  
   -0.31  0.32  -0.90  
   0.72  0.69  -0.00  
   0.62  -0.65  -0.45  

2  857.25  -41.52  573.73  
   0.89  -0.45  0.03  
   0.45  0.89  0.03  
   -0.04  -0.02  1.00  

3  1569.39  32.59  435.77  
   0.94  0.23  -0.25  
   0.19  -0.97  -0.17  
   -0.28  0.11  -0.95  

4  1645.29  167.88  374.60  
   0.04  -0.40  -0.92  
   0.59  0.75  -0.30  
   0.80  -0.53  0.27  

5  1497.06  226.37  626.86  
   0.32  0.76  0.57  
   -0.07  0.62  -0.78  
   -0.95  0.20  0.25  

6  1469.83  194.67  927.79  
   -0.11  -0.49  -0.87  
   -0.27  0.85  -0.45  
   0.96  0.19  -0.22  

9  1511.80  43.76  928.24  
   -0.33  0.31  -0.89  
   0.72  0.70  -0.03  
   0.61  -0.65  -0.45  

7  1659.58  -87.06  377.73  
   0.19  0.21  -0.96  
   -0.38  0.92  0.12  
   0.91  0.34  0.25  

8  1561.80  -121.44  646.96  
   0.19  -0.97  0.13  
   -0.17  0.09  0.98  
   -0.97  -0.20  -0.14  

2  857.25  -41.52  574.18  
   0.89  -0.45  0.03  
   0.45  0.89  0.03  
   -0.04  -0.02  1.00  

5  1494.83  223.24  633.56  
   0.32  0.75  0.58  
   -0.06  0.62  -0.78  
   -0.95  0.21  0.24  

3  1568.50  34.83  442.47  
   0.95  0.22  -0.24  
   0.18  -0.97  -0.17  
   -0.27  0.11  -0.96  

4  1643.96  170.11  382.19  
   0.03  -0.39  -0.92  
   0.59  0.75  -0.30  
   0.80  -0.54  0.26  

6  1465.36  184.40  935.83  
   -0.12  -0.37  -0.92  
   -0.26  0.91  -0.33  
   0.96  0.20  -0.21  

7  1658.69  -85.72  388.44  
   0.18  0.19  -0.97  
   -0.37  0.92  0.11  
   0.91  0.33  0.23  

8  1557.78  -115.19  656.78  
   0.22  -0.97  0.12  
   -0.18  0.08  0.98  
   -0.96  -0.24  -0.16  

9  1495.72  50.90  947.89  
   -0.37  0.18  -0.91  
   0.68  0.72  -0.14  
   0.63  -0.68  -0.39  

2  857.25  -41.52  573.73  
   0.89  -0.45  0.03  
   0.45  0.89  0.03  
   -0.04  -0.02  1.00  

3  1566.71  35.72  446.48  
   0.95  0.22  -0.23  
   0.18  -0.97  -0.16  
   -0.26  0.11  -0.96  

5  1495.72  220.12  639.81  
   0.31  0.76  0.57  
   -0.05  0.61  -0.79  
   -0.95  0.22  0.23  

4  1643.96  169.22  384.42  
   0.03  -0.39  -0.92  
   0.59  0.75  -0.30  
   0.80  -0.54  0.25  

6  1471.17  170.56  926.01  
   -0.12  -0.38  -0.92  
   -0.27  0.90  -0.34  
   0.96  0.21  -0.21  

9  1496.17  49.11  939.85  
   -0.37  0.15  -0.92  
   0.67  0.72  -0.15  
   0.64  -0.67  -0.37  

8  1556.89  -112.07  659.90  
   0.23  -0.97  0.13  
   -0.18  0.08  0.98  
   -0.96  -0.25  -0.16  

7  1657.80  -83.49  391.57  
   0.17  0.18  -0.97  
   -0.36  0.93  0.11  
   0.92  0.33  0.23  

2  857.25  -41.52  574.18  
   0.89  -0.45  0.03  
   0.45  0.89  0.03  
   -0.04  -0.02  1.00  

4  1643.96  170.11  386.66  
   0.03  -0.39  -0.92  
   0.59  0.75  -0.30  
   0.80  -0.54  0.25  

3  1566.71  36.17  446.93  
   0.95  0.21  -0.23  
   0.18  -0.97  -0.16  
   -0.26  0.11  -0.96  

5  1484.11  217.88  640.26  
   0.35  0.69  0.63  
   -0.06  0.69  -0.72  
   -0.93  0.22  0.28  

6  1435.00  220.12  954.58  
   -0.14  -0.96  -0.24  
   -0.20  0.27  -0.94  
   0.97  -0.09  -0.23  

9  1495.28  21.88  960.83  
   -0.35  0.41  -0.84  
   0.70  0.71  0.05  
   0.62  -0.57  -0.54  

8  1552.87  -118.76  663.92  
   0.24  -0.96  0.16  
   -0.14  0.13  0.98  
   -0.96  -0.25  -0.10  

7  1658.24  -83.49  392.46  
   0.17  0.18  -0.97  
   -0.36  0.93  0.11  
   0.92  0.33  0.23  

2  857.25  -41.52  573.73  
   0.89  -0.45  0.03  
   0.45  0.89  0.03  
   -0.04  -0.02  1.00  

4  1643.51  170.11  390.67  
   0.02  -0.39  -0.92  
   0.59  0.75  -0.30  
   0.81  -0.54  0.25  

3  1566.71  36.61  449.61  
   0.95  0.21  -0.22  
   0.18  -0.97  -0.15  
   -0.25  0.11  -0.96  

5  1483.22  221.46  641.60  
   0.36  0.68  0.64  
   -0.07  0.71  -0.70  
   -0.93  0.21  0.30  

6  1431.88  245.57  953.69  
   -0.14  -0.97  -0.22  
   -0.15  0.24  -0.96  
   0.98  -0.10  -0.18  

7  1657.35  -83.05  396.48  
   0.16  0.18  -0.97  
   -0.38  0.92  0.11  
   0.91  0.35  0.22  

9  1498.40  47.77  931.81  
   -0.34  0.05  -0.94  
   0.76  0.61  -0.24  
   0.56  -0.79  -0.25  

8  1553.77  -129.48  666.60  
   0.21  -0.97  0.13  
   -0.11  0.11  0.99  
   -0.97  -0.22  -0.08  

2  857.25  -41.52  573.73  
   0.89  -0.45  0.03  
   0.45  0.89  0.03  
   -0.04  -0.02  1.00  

6  1445.72  225.03  945.21  
   -0.15  -0.69  -0.71  
   -0.27  0.72  -0.64  
   0.95  0.09  -0.29  

3  1565.82  35.27  453.18  
   0.96  0.20  -0.22  
   0.17  -0.97  -0.15  
   -0.24  0.11  -0.96  

5  1481.44  238.87  636.24  
   0.38  0.75  0.55  
   -0.12  0.63  -0.77  
   -0.92  0.23  0.33  

4  1643.96  169.22  392.91  
   0.02  -0.38  -0.92  
   0.59  0.75  -0.30  
   0.81  -0.54  0.24  

7  1656.01  -83.94  402.28  
   0.14  0.19  -0.97  
   -0.37  0.92  0.12  
   0.92  0.35  0.20  

9  1497.96  58.49  928.69  
   -0.34  0.27  -0.90  
   0.75  0.66  -0.08  
   0.57  -0.70  -0.43  

8  1552.87  -129.03  673.74  
   0.20  -0.97  0.12  
   -0.11  0.10  0.99  
   -0.97  -0.21  -0.09  

3  1565.37  35.27  455.41  
   0.96  0.19  -0.21  
   0.16  -0.98  -0.15  
   -0.23  0.11  -0.97  

2  857.25  -41.52  574.18  
   0.89  -0.45  0.03  
   0.45  0.89  0.03  
   -0.04  -0.02  1.00  

5  1480.54  244.67  634.45  
   0.40  0.77  0.50  
   -0.15  0.59  -0.79  
   -0.91  0.24  0.35  

4  1643.96  169.22  399.16  
   0.01  -0.38  -0.93  
   0.59  0.75  -0.30  
   0.80  -0.55  0.23  

6  1450.63  198.24  928.24  
   -0.10  -0.64  -0.77  
   -0.32  0.75  -0.58  
   0.94  0.18  -0.28  

9  1497.06  44.65  975.12  
   -0.34  0.36  -0.87  
   0.72  0.70  0.01  
   0.61  -0.62  -0.49  

8  1552.87  -119.21  679.10  
   0.19  -0.97  0.11  
   -0.13  0.09  0.99  
   -0.97  -0.21  -0.11  

7  1655.56  -83.05  407.19  
   0.13  0.19  -0.97  
   -0.37  0.92  0.13  
   0.92  0.34  0.19  

2  857.25  -41.52  574.18  
   0.89  -0.45  0.03  
   0.45  0.89  0.03  
   -0.04  -0.02  1.00  

4  1643.96  170.11  402.28  
   0.00  -0.38  -0.93  
   0.59  0.74  -0.30  
   0.80  -0.55  0.23  

3  1565.37  36.17  456.31  
   0.96  0.19  -0.21  
   0.16  -0.98  -0.15  
   -0.23  0.11  -0.97  

6  1442.59  228.15  951.01  
   -0.09  -0.73  -0.68  
   -0.25  0.67  -0.69  
   0.96  0.11  -0.25  

5  1478.76  236.19  643.83  
   0.39  0.72  0.57  
   -0.12  0.66  -0.74  
   -0.91  0.22  0.35  

7  1655.12  -83.49  409.87  
   0.13  0.19  -0.97  
   -0.37  0.92  0.13  
   0.92  0.34  0.19  

8  1553.32  -119.66  679.10  
   0.19  -0.97  0.12  
   -0.13  0.09  0.99  
   -0.97  -0.21  -0.11  

9  1497.51  37.06  953.69  
   -0.33  0.05  -0.94  
   0.72  0.66  -0.22  
   0.61  -0.75  -0.25  

2  857.25  -41.52  574.18  
   0.89  -0.45  0.03  
   0.45  0.89  0.03  
   -0.04  -0.02  1.00  

3  1564.93  37.06  457.20  
   0.96  0.19  -0.21  
   0.16  -0.98  -0.15  
   -0.23  0.11  -0.97  

5  1481.88  239.32  642.49  
   0.39  0.74  0.55  
   -0.13  0.63  -0.77  
   -0.91  0.23  0.34  

6  1453.75  190.65  933.60  
   -0.10  -0.53  -0.84  
   -0.30  0.82  -0.49  
   0.95  0.20  -0.24  

4  1643.51  170.11  407.19  
   -0.01  -0.38  -0.93  
   0.59  0.75  -0.31  
   0.81  -0.55  0.22  

8  1553.32  -121.00  679.55  
   0.20  -0.97  0.11  
   -0.12  0.09  0.99  
   -0.97  -0.21  -0.10  

7  1655.12  -83.05  410.77  
   0.13  0.19  -0.97  
   -0.37  0.92  0.13  
   0.92  0.35  0.19  

9  1491.26  45.99  943.42  
   -0.32  0.38  -0.86  
   0.73  0.69  0.03  
   0.61  -0.62  -0.50  

2  857.25  -41.52  573.73  
   0.89  -0.45  0.03  
   0.45  0.89  0.03  
   -0.04  -0.02  1.00  

3  1565.82  37.95  458.54  
   0.96  0.19  -0.20  
   0.16  -0.98  -0.15  
   -0.23  0.11  -0.97  

6  1436.34  220.12  947.89  
   -0.08  -0.87  -0.49  
   -0.26  0.49  -0.83  
   0.96  0.06  -0.27  

5  1480.99  231.28  640.26  
   0.39  0.76  0.52  
   -0.12  0.60  -0.79  
   -0.91  0.25  0.32  

4  1643.51  170.56  408.53  
   -0.01  -0.38  -0.93  
   0.59  0.75  -0.31  
   0.81  -0.55  0.21  

7  1654.67  -81.71  411.21  
   0.13  0.18  -0.97  
   -0.37  0.92  0.12  
   0.92  0.35  0.19  

8  1552.87  -119.21  679.10  
   0.20  -0.97  0.11  
   -0.13  0.08  0.99  
   -0.97  -0.21  -0.11  

9  1495.28  30.81  981.37  
   -0.33  0.51  -0.80  
   0.71  0.69  0.15  
   0.62  -0.52  -0.59  

2  857.25  -41.52  573.73  
   0.89  -0.45  0.03  
   0.45  0.89  0.03  
   -0.04  -0.02  1.00  

3  1565.82  37.50  458.54  
   0.96  0.18  -0.20  
   0.16  -0.98  -0.15  
   -0.23  0.11  -0.97  

5  1478.76  237.53  640.26  
   0.39  0.70  0.59  
   -0.10  0.67  -0.73  
   -0.92  0.22  0.33  

4  1643.06  170.11  408.98  
   -0.01  -0.38  -0.93  
   0.58  0.75  -0.31  
   0.81  -0.55  0.21  

6  1448.40  207.17  949.23  
   -0.11  -0.70  -0.71  
   -0.29  0.71  -0.65  
   0.95  0.13  -0.28  

9  1492.15  43.76  967.09  
   -0.37  0.12  -0.92  
   0.71  0.68  -0.20  
   0.60  -0.73  -0.33  

7  1654.67  -82.60  412.11  
   0.13  0.18  -0.97  
   -0.37  0.92  0.13  
   0.92  0.35  0.19  

8  1552.87  -122.78  680.44  
   0.20  -0.97  0.10  
   -0.13  0.08  0.99  
   -0.97  -0.21  -0.11  

2  857.25  -41.97  574.18  
   0.89  -0.45  0.03  
   0.45  0.89  0.03  
   -0.04  -0.02  1.00  

3  1565.82  37.06  458.54  
   0.96  0.18  -0.21  
   0.15  -0.98  -0.14  
   -0.23  0.11  -0.97  

4  1643.51  170.11  409.43  
   -0.01  -0.38  -0.93  
   0.58  0.75  -0.31  
   0.81  -0.54  0.21  

5  1482.77  219.67  644.28  
   0.39  0.76  0.52  
   -0.09  0.59  -0.80  
   -0.92  0.26  0.29  

6  1450.18  176.81  932.26  
   -0.11  -0.65  -0.75  
   -0.30  0.74  -0.60  
   0.95  0.16  -0.28  

8  1551.53  -121.00  681.78  
   0.21  -0.98  0.06  
   -0.14  0.04  0.99  
   -0.97  -0.22  -0.13  

9  1490.36  50.90  941.19  
   -0.37  0.02  -0.93  
   0.69  0.67  -0.26  
   0.62  -0.74  -0.26  

7  1655.12  -82.15  412.55  
   0.13  0.18  -0.97  
   -0.37  0.92  0.13  
   0.92  0.35  0.19  

2  857.25  -41.97  573.73  
   0.89  -0.45  0.03  
   0.45  0.89  0.03  
   -0.04  -0.02  1.00  

4  1643.06  169.22  409.87  
   -0.02  -0.38  -0.92  
   0.58  0.75  -0.32  
   0.81  -0.54  0.21  

3  1564.48  36.61  460.33  
   0.96  0.18  -0.20  
   0.15  -0.98  -0.14  
   -0.22  0.10  -0.97  

8  1550.64  -120.10  680.89  
   0.22  -0.97  0.10  
   -0.13  0.08  0.99  
   -0.97  -0.23  -0.11  

6  1427.41  223.24  955.92  
   -0.14  -0.88  -0.46  
   -0.17  0.48  -0.86  
   0.97  -0.04  -0.22  

5  1472.95  221.46  642.04  
   0.41  0.65  0.65  
   -0.08  0.73  -0.68  
   -0.91  0.22  0.35  

7  1654.67  -81.71  411.66  
   0.13  0.18  -0.97  
   -0.37  0.92  0.12  
   0.92  0.35  0.19  

9  1489.47  15.63  991.64  
   -0.30  0.75  -0.59  
   0.66  0.61  0.44  
   0.69  -0.26  -0.68  

2  857.25  -41.97  574.18  
   0.89  -0.45  0.03  
   0.45  0.89  0.03  
   -0.04  -0.02  1.00  

6  1434.55  231.73  948.78  
   -0.13  -0.74  -0.66  
   -0.19  0.67  -0.71  
   0.97  0.04  -0.23  

5  1475.63  230.39  642.04  
   0.40  0.71  0.58  
   -0.11  0.67  -0.74  
   -0.91  0.23  0.35  

3  1564.93  36.61  461.22  
   0.96  0.17  -0.20  
   0.15  -0.98  -0.13  
   -0.22  0.09  -0.97  

4  1642.62  170.56  411.21  
   -0.03  -0.38  -0.93  
   0.58  0.75  -0.32  
   0.81  -0.55  0.20  

7  1654.22  -81.26  413.00  
   0.13  0.17  -0.98  
   -0.38  0.92  0.11  
   0.91  0.36  0.18  

8  1552.43  -124.12  677.76  
   0.22  -0.97  0.11  
   -0.12  0.09  0.99  
   -0.97  -0.23  -0.09  

9  1494.83  32.15  982.71  
   -0.37  0.31  -0.88  
   0.71  0.70  -0.05  
   0.60  -0.64  -0.48  

2  857.25  -41.52  574.18  
   0.89  -0.45  0.03  
   0.45  0.89  0.03  
   -0.04  -0.02  1.00  

3  1565.82  36.61  462.11  
   0.96  0.17  -0.21  
   0.15  -0.98  -0.13  
   -0.22  0.09  -0.97  

4  1643.06  170.11  411.21  
   -0.03  -0.38  -0.93  
   0.58  0.75  -0.32  
   0.81  -0.55  0.20  

5  1475.18  231.73  640.71  
   0.40  0.72  0.57  
   -0.11  0.65  -0.75  
   -0.91  0.24  0.34  

9  1489.47  65.19  920.20  
   -0.39  0.01  -0.92  
   0.71  0.64  -0.29  
   0.59  -0.76  -0.26  

8  1554.21  -119.66  682.23  
   0.21  -0.98  0.03  
   -0.14  0.00  0.99  
   -0.97  -0.21  -0.14  

7  1654.67  -79.47  413.89  
   0.13  0.18  -0.98  
   -0.38  0.92  0.12  
   0.92  0.35  0.19  

6  1440.81  208.95  938.96  
   -0.09  -0.72  -0.69  
   -0.23  0.69  -0.69  
   0.97  0.09  -0.23  

2  857.25  -41.52  574.18  
   0.89  -0.45  0.03  
   0.45  0.89  0.03  
   -0.04  -0.02  1.00  

5  1472.95  220.56  641.60  
   0.39  0.66  0.64  
   -0.08  0.72  -0.69  
   -0.92  0.22  0.34  

4  1641.72  171.90  408.53  
   -0.04  -0.39  -0.92  
   0.58  0.74  -0.34  
   0.82  -0.54  0.20  

3  1566.27  37.06  460.33  
   0.96  0.16  -0.22  
   0.14  -0.98  -0.13  
   -0.24  0.09  -0.97  

6  1430.98  223.24  949.67  
   -0.10  -0.91  -0.39  
   -0.20  0.40  -0.89  
   0.98  -0.01  -0.22  

9  1498.85  23.66  971.10  
   -0.31  0.58  -0.75  
   0.65  0.71  0.28  
   0.69  -0.40  -0.60  

7  1655.12  -79.92  414.78  
   0.13  0.19  -0.97  
   -0.37  0.92  0.13  
   0.92  0.34  0.19  

8  1553.32  -116.98  680.00  
   0.20  -0.97  0.11  
   -0.13  0.09  0.99  
   -0.97  -0.22  -0.11  

2  857.25  -41.52  573.73  
   0.89  -0.45  0.03  
   0.45  0.89  0.03  
   -0.04  -0.02  1.00  

4  1641.28  171.45  404.51  
   -0.04  -0.40  -0.92  
   0.58  0.74  -0.34  
   0.81  -0.54  0.20  

3  1565.82  32.15  448.27  
   0.95  0.17  -0.27  
   0.14  -0.98  -0.13  
   -0.29  0.08  -0.95  

5  1476.52  236.64  619.72  
   0.38  0.71  0.60  
   -0.13  0.68  -0.72  
   -0.92  0.20  0.35  

6  1438.13  233.06  939.40  
   -0.08  -0.91  -0.41  
   -0.20  0.41  -0.89  
   0.98  0.01  -0.21  

7  1655.12  -81.71  404.07  
   0.15  0.19  -0.97  
   -0.38  0.92  0.12  
   0.91  0.35  0.21  

8  1558.68  -128.14  663.03  
   0.18  -0.98  0.07  
   -0.08  0.06  0.99  
   -0.98  -0.18  -0.07  

9  1513.14  -3.57  962.62  
   -0.30  0.47  -0.83  
   0.62  0.76  0.20  
   0.72  -0.45  -0.52  

3  1564.93  31.25  423.71  
   0.92  0.21  -0.34  
   0.17  -0.98  -0.13  
   -0.36  0.06  -0.93  

2  857.25  -41.52  574.18  
   0.89  -0.45  0.03  
   0.45  0.89  0.03  
   -0.04  -0.02  1.00  

4  1638.15  167.88  364.33  
   0.01  -0.45  -0.90  
   0.59  0.72  -0.35  
   0.81  -0.53  0.27  

5  1478.31  241.55  601.86  
   0.36  0.73  0.58  
   -0.16  0.66  -0.74  
   -0.92  0.18  0.35  

8  1566.71  -143.77  632.67  
   0.13  -0.99  0.10  
   -0.03  0.10  0.99  
   -0.99  -0.14  -0.01  

6  1456.88  245.12  901.45  
   -0.00  -0.89  -0.45  
   -0.24  0.44  -0.87  
   0.97  0.10  -0.21  

7  1655.56  -85.28  366.12  
   0.21  0.24  -0.95  
   -0.40  0.91  0.14  
   0.89  0.35  0.29  

9  1533.67  -13.39  913.95  
   -0.25  0.22  -0.94  
   0.63  0.77  0.02  
   0.73  -0.59  -0.33  

2  857.25  -41.52  573.73  
   0.89  -0.45  0.03  
   0.45  0.89  0.03  
   -0.04  -0.02  1.00  

3  1562.25  26.79  383.08  
   0.86  0.21  -0.46  
   0.17  -0.98  -0.13  
   -0.47  0.03  -0.88  

4  1629.67  162.97  317.45  
   0.09  -0.50  -0.86  
   0.59  0.72  -0.36  
   0.80  -0.48  0.36  

5  1479.65  245.57  555.43  
   0.31  0.74  0.59  
   -0.18  0.66  -0.73  
   -0.93  0.12  0.34  

6  1480.99  237.98  846.53  
   0.09  -0.86  -0.51  
   -0.29  0.47  -0.84  
   0.95  0.22  -0.20  

8  1565.82  -164.31  575.52  
   0.08  -0.98  0.19  
   0.02  0.19  0.98  
   -1.00  -0.08  0.03  

7  1649.76  -95.10  308.97  
   0.31  0.31  -0.90  
   -0.41  0.89  0.17  
   0.85  0.32  0.41  

9  1556.44  -25.45  859.04  
   -0.12  0.31  -0.94  
   0.67  0.73  0.16  
   0.74  -0.61  -0.29  

2  857.25  -41.52  573.73  
   0.89  -0.45  0.03  
   0.45  0.89  0.03  
   -0.04  -0.02  1.00  

4  1618.06  162.07  249.14  
   0.21  -0.58  -0.79  
   0.59  0.72  -0.37  
   0.78  -0.39  0.49  

3  1556.89  24.11  332.18  
   0.78  0.20  -0.59  
   0.16  -0.98  -0.12  
   -0.60  -0.00  -0.80  

5  1478.76  239.32  499.62  
   0.24  0.73  0.64  
   -0.18  0.68  -0.71  
   -0.95  0.05  0.29  

6  1502.42  227.26  792.06  
   0.18  -0.83  -0.53  
   -0.31  0.47  -0.83  
   0.94  0.31  -0.17  

8  1561.36  -186.63  504.08  
   0.03  -0.94  0.33  
   0.04  0.33  0.94  
   -1.00  -0.01  0.05  

7  1637.26  -105.82  237.98  
   0.43  0.40  -0.81  
   -0.44  0.88  0.20  
   0.79  0.27  0.55  

9  1586.36  -50.90  780.45  
   0.04  0.41  -0.91  
   0.68  0.66  0.32  
   0.73  -0.64  -0.25  

2  857.25  -41.52  574.18  
   0.89  -0.45  0.03  
   0.45  0.89  0.03  
   -0.04  -0.02  1.00  

4  1596.18  155.38  183.95  
   0.34  -0.63  -0.69  
   0.58  0.72  -0.37  
   0.73  -0.28  0.62  

3  1542.60  17.41  278.16  
   0.68  0.15  -0.72  
   0.13  -0.99  -0.08  
   -0.72  -0.04  -0.69  

5  1476.08  229.94  442.91  
   0.15  0.69  0.70  
   -0.17  0.72  -0.67  
   -0.97  -0.02  0.23  

6  1527.42  217.44  719.29  
   0.30  -0.81  -0.51  
   -0.28  0.43  -0.86  
   0.91  0.40  -0.10  

7  1611.81  -121.89  159.84  
   0.53  0.48  -0.69  
   -0.47  0.85  0.23  
   0.70  0.21  0.68  

8  1551.53  -200.03  440.23  
   -0.05  -0.90  0.44  
   0.05  0.44  0.90  
   -1.00  0.06  0.02  

9  1615.38  -75.01  684.91  
   0.23  0.52  -0.82  
   0.70  0.50  0.51  
   0.68  -0.69  -0.25  

2  857.25  -41.52  574.18  
   0.89  -0.45  0.03  
   0.45  0.89  0.03  
   -0.04  -0.02  1.00  

4  1565.37  150.91  120.10  
   0.47  -0.67  -0.58  
   0.59  0.73  -0.36  
   0.66  -0.17  0.73  

3  1522.07  6.25  225.92  
   0.56  0.08  -0.82  
   0.09  -1.00  -0.03  
   -0.82  -0.06  -0.57  

6  1543.05  218.78  653.65  
   0.41  -0.80  -0.45  
   -0.24  0.38  -0.89  
   0.88  0.47  -0.04  

5  1466.25  220.56  390.23  
   0.05  0.64  0.77  
   -0.16  0.76  -0.62  
   -0.98  -0.09  0.15  

8  1528.32  -210.74  377.73  
   -0.14  -0.81  0.56  
   0.04  0.56  0.83  
   -0.99  0.14  -0.05  

7  1575.64  -135.28  88.85  
   0.62  0.56  -0.55  
   -0.51  0.82  0.26  
   0.60  0.12  0.79  

9  1626.99  -85.28  618.83  
   0.38  0.56  -0.74  
   0.68  0.37  0.63  
   0.63  -0.74  -0.24  

4  1524.30  148.23  60.72  
   0.57  -0.70  -0.43  
   0.62  0.71  -0.33  
   0.54  -0.08  0.84  

2  857.25  -41.52  573.73  
   0.89  -0.45  0.03  
   0.45  0.89  0.03  
   -0.04  -0.02  1.00  

3  1498.40  0.45  181.27  
   0.43  0.02  -0.90  
   0.05  -1.00  0.00  
   -0.90  -0.04  -0.43  

5  1444.38  209.85  336.20  
   -0.03  0.58  0.81  
   -0.16  0.80  -0.58  
   -0.99  -0.15  0.07  

6  1548.41  217.44  572.39  
   0.55  -0.74  -0.39  
   -0.22  0.32  -0.92  
   0.80  0.60  0.02  

9  1620.74  -91.98  540.25  
   0.50  0.52  -0.69  
   0.67  0.28  0.69  
   0.55  -0.81  -0.20  

8  1488.13  -214.76  321.47  
   -0.21  -0.75  0.63  
   0.02  0.64  0.77  
   -0.98  0.18  -0.12  

7  1522.51  -150.91  28.13  
   0.66  0.63  -0.41  
   -0.55  0.78  0.30  
   0.51  0.03  0.86  

2  857.25  -41.52  574.18  
   0.89  -0.45  0.03  
   0.45  0.89  0.03  
   -0.04  -0.02  1.00  

4  1466.25  146.89  4.91  
   0.62  -0.73  -0.29  
   0.67  0.68  -0.30  
   0.42  -0.00  0.91  

3  1464.47  -3.13  135.28  
   0.31  -0.04  -0.95  
   -0.01  -1.00  0.03  
   -0.95  -0.00  -0.31  

6  1537.69  211.63  496.49  
   0.68  -0.62  -0.38  
   -0.23  0.32  -0.92  
   0.69  0.72  0.07  

5  1399.73  212.53  283.52  
   -0.09  0.53  0.84  
   -0.18  0.82  -0.53  
   -0.98  -0.20  0.02  

8  1435.00  -222.80  278.61  
   -0.24  -0.68  0.69  
   0.03  0.71  0.71  
   -0.97  0.19  -0.15  

9  1587.70  -104.48  471.93  
   0.59  0.47  -0.66  
   0.66  0.19  0.73  
   0.47  -0.86  -0.19  

7  1463.58  -160.29  -8.04  
   0.67  0.68  -0.29  
   -0.60  0.73  0.33  
   0.44  -0.05  0.90  

3  1426.96  -10.72  98.23  
   0.18  -0.07  -0.98  
   -0.05  -1.00  0.07  
   -0.98  0.04  -0.18  

2  857.25  -41.97  573.73  
   0.89  -0.45  0.03  
   0.45  0.89  0.03  
   -0.04  -0.02  1.00  

4  1406.43  144.66  -29.02  
   0.65  -0.75  -0.14  
   0.70  0.66  -0.27  
   0.29  0.08  0.95  

5  1355.08  219.22  244.23  
   -0.14  0.53  0.84  
   -0.21  0.81  -0.54  
   -0.97  -0.25  -0.01  

6  1511.80  204.49  431.75  
   0.77  -0.47  -0.44  
   -0.27  0.38  -0.88  
   0.58  0.79  0.17  

7  1403.30  -171.90  -35.27  
   0.68  0.72  -0.13  
   -0.64  0.68  0.35  
   0.34  -0.15  0.93  

8  1384.99  -230.39  248.69  
   -0.26  -0.66  0.70  
   0.03  0.72  0.69  
   -0.96  0.20  -0.17  

9  1543.50  -109.84  429.07  
   0.62  0.42  -0.66  
   0.66  0.19  0.73  
   0.43  -0.89  -0.16  

2  857.25  -41.52  573.73  
   0.89  -0.45  0.03  
   0.45  0.89  0.03  
   -0.04  -0.02  1.00  

3  1386.33  -15.63  71.88  
   0.07  -0.09  -0.99  
   -0.09  -0.99  0.08  
   -0.99  0.08  -0.07  

4  1345.70  139.75  -49.11  
   0.66  -0.75  -0.00  
   0.73  0.64  -0.24  
   0.18  0.16  0.97  

5  1314.00  225.03  220.12  
   -0.20  0.55  0.81  
   -0.23  0.78  -0.58  
   -0.95  -0.30  -0.03  

6  1485.01  193.77  381.30  
   0.80  -0.34  -0.50  
   -0.34  0.43  -0.83  
   0.50  0.84  0.23  

8  1335.43  -237.53  233.51  
   -0.29  -0.66  0.69  
   0.03  0.72  0.70  
   -0.96  0.22  -0.19  

9  1501.53  -119.21  406.30  
   0.62  0.34  -0.70  
   0.66  0.25  0.71  
   0.42  -0.90  -0.07  

7  1342.13  -181.27  -50.45  
   0.68  0.73  0.01  
   -0.68  0.63  0.37  
   0.26  -0.26  0.93  

2  857.25  -41.52  573.73  
   0.89  -0.45  0.03  
   0.45  0.89  0.03  
   -0.04  -0.02  1.00  

3  1349.72  -22.32  52.69  
   -0.05  -0.09  -0.99  
   -0.11  -0.99  0.10  
   -0.99  0.11  0.03  

4  1294.36  136.62  -60.28  
   0.66  -0.74  0.12  
   0.74  0.63  -0.23  
   0.10  0.24  0.97  

5  1275.16  227.71  206.72  
   -0.24  0.58  0.78  
   -0.23  0.75  -0.63  
   -0.94  -0.33  -0.05  

6  1452.86  179.04  357.63  
   0.79  -0.23  -0.57  
   -0.43  0.46  -0.78  
   0.44  0.86  0.26  

7  1286.77  -188.42  -55.36  
   0.67  0.73  0.14  
   -0.72  0.58  0.39  
   0.20  -0.36  0.91  

8  1290.34  -245.57  225.47  
   -0.33  -0.64  0.70  
   0.03  0.73  0.68  
   -0.94  0.25  -0.22  

9  1464.02  -127.69  387.55  
   0.63  0.26  -0.73  
   0.67  0.30  0.68  
   0.40  -0.92  0.02  

2  857.25  -41.52  574.18  
   0.89  -0.45  0.03  
   0.45  0.89  0.03  
   -0.04  -0.02  1.00  

5  1243.01  224.14  204.94  
   -0.27  0.61  0.75  
   -0.20  0.73  -0.66  
   -0.94  -0.32  -0.07  

4  1252.39  137.07  -63.85  
   0.64  -0.74  0.19  
   0.76  0.60  -0.24  
   0.06  0.30  0.95  

3  1320.25  -26.79  42.42  
   -0.13  -0.08  -0.99  
   -0.12  -0.99  0.10  
   -0.98  0.13  0.12  

6  1422.95  156.27  342.90  
   0.77  -0.14  -0.62  
   -0.50  0.47  -0.72  
   0.40  0.87  0.29  

7  1242.57  -190.65  -52.24  
   0.64  0.73  0.22  
   -0.74  0.52  0.41  
   0.19  -0.43  0.88  

9  1432.77  -127.69  376.83  
   0.64  0.16  -0.75  
   0.67  0.36  0.65  
   0.37  -0.92  0.12  

8  1254.62  -245.57  226.37  
   -0.35  -0.63  0.70  
   0.03  0.74  0.68  
   -0.94  0.26  -0.24  

2  857.25  -41.52  574.18  
   0.89  -0.45  0.03  
   0.45  0.89  0.03  
   -0.04  -0.02  1.00  

5  1218.01  221.01  213.42  
   -0.28  0.63  0.72  
   -0.15  0.71  -0.68  
   -0.95  -0.30  -0.11  

4  1219.80  140.64  -58.04  
   0.63  -0.74  0.24  
   0.78  0.57  -0.27  
   0.06  0.35  0.93  

3  1297.48  -24.56  35.72  
   -0.20  -0.06  -0.98  
   -0.11  -0.99  0.08  
   -0.97  0.13  0.19  

6  1395.71  130.37  342.90  
   0.74  -0.04  -0.68  
   -0.57  0.52  -0.64  
   0.37  0.85  0.36  

8  1224.71  -241.99  229.05  
   -0.36  -0.60  0.71  
   0.03  0.76  0.65  
   -0.93  0.26  -0.26  

7  1206.40  -189.76  -48.67  
   0.61  0.73  0.29  
   -0.77  0.48  0.42  
   0.17  -0.48  0.86  

9  1408.66  -128.14  368.35  
   0.67  0.14  -0.73  
   0.65  0.37  0.66  
   0.36  -0.92  0.15  

2  857.25  -41.52  574.18  
   0.89  -0.45  0.03  
   0.45  0.89  0.03  
   -0.04  -0.02  1.00  

3  1283.64  -19.65  34.38  
   -0.24  -0.03  -0.97  
   -0.10  -0.99  0.06  
   -0.97  0.11  0.23  

4  1199.70  146.45  -48.67  
   0.61  -0.75  0.27  
   0.79  0.54  -0.29  
   0.07  0.39  0.92  

6  1385.89  125.46  344.24  
   0.74  -0.03  -0.67  
   -0.57  0.50  -0.65  
   0.35  0.87  0.35  

5  1202.83  215.65  225.92  
   -0.30  0.63  0.72  
   -0.11  0.73  -0.68  
   -0.95  -0.29  -0.15  

7  1190.33  -187.97  -43.31  
   0.61  0.72  0.31  
   -0.77  0.47  0.43  
   0.16  -0.51  0.85  

8  1210.42  -237.98  233.51  
   -0.37  -0.61  0.70  
   0.02  0.75  0.67  
   -0.93  0.26  -0.26  

9  1396.16  -120.10  369.24  
   0.67  0.15  -0.73  
   0.66  0.35  0.67  
   0.35  -0.93  0.14  

2  857.25  -41.52  573.73  
   0.89  -0.45  0.03  
   0.45  0.89  0.03  
   -0.04  -0.02  1.00  

3  1273.37  -16.52  41.52  
   -0.28  -0.02  -0.96  
   -0.10  -0.99  0.05  
   -0.96  0.11  0.27  

4  1188.09  150.02  -38.40  
   0.60  -0.75  0.28  
   0.79  0.53  -0.30  
   0.08  0.41  0.91  

5  1194.79  208.06  238.42  
   -0.32  0.62  0.72  
   -0.08  0.74  -0.67  
   -0.94  -0.27  -0.19  

6  1378.30  115.64  357.19  
   0.76  0.02  -0.65  
   -0.57  0.51  -0.64  
   0.32  0.86  0.40  

7  1179.17  -185.74  -32.15  
   0.61  0.72  0.32  
   -0.77  0.45  0.45  
   0.18  -0.52  0.83  

8  1201.94  -230.83  247.35  
   -0.39  -0.61  0.69  
   0.00  0.75  0.66  
   -0.92  0.26  -0.29  

9  1386.78  -107.60  372.81  
   0.67  0.07  -0.74  
   0.67  0.36  0.65  
   0.31  -0.93  0.19  

