2  854.57  -38.84  579.09  
   0.32  -0.95  -0.01  
   0.94  0.32  0.08  
   -0.07  -0.04  1.00  

4  1101.03  137.96  -121.44  
   0.43  -0.70  0.57  
   0.90  0.40  -0.19  
   -0.10  0.59  0.80  

3  1244.80  -21.88  -32.59  
   -0.25  0.19  -0.95  
   -0.32  -0.94  -0.10  
   -0.91  0.28  0.30  

6  1421.61  416.12  -149.57  
   0.99  0.10  0.06  
   -0.08  0.94  -0.33  
   -0.09  0.32  0.94  

5  1149.25  375.05  -70.99  
   -0.44  -0.22  0.87  
   -0.89  -0.01  -0.45  
   0.10  -0.98  -0.19  

8  1160.86  -399.16  -55.36  
   -0.50  0.30  0.81  
   0.86  0.03  0.52  
   0.13  0.95  -0.27  

7  1088.08  -177.25  -116.53  
   0.41  0.73  0.55  
   -0.90  0.42  0.12  
   -0.14  -0.54  0.83  

9  1441.25  -424.61  -158.50  
   0.99  -0.13  0.07  
   0.11  0.97  0.23  
   -0.10  -0.22  0.97  

2  854.57  -38.84  579.54  
   0.32  -0.95  -0.01  
   0.94  0.32  0.08  
   -0.07  -0.04  1.00  

6  1421.61  415.23  -149.57  
   0.99  0.10  0.06  
   -0.08  0.94  -0.33  
   -0.09  0.32  0.94  

5  1149.25  375.49  -70.99  
   -0.44  -0.22  0.87  
   -0.89  -0.01  -0.45  
   0.10  -0.98  -0.19  

4  1100.58  137.96  -121.89  
   0.43  -0.70  0.57  
   0.90  0.41  -0.19  
   -0.10  0.59  0.80  

3  1244.35  -22.32  -33.04  
   -0.25  0.19  -0.95  
   -0.32  -0.94  -0.10  
   -0.91  0.28  0.30  

9  1440.81  -424.61  -158.95  
   0.99  -0.13  0.07  
   0.11  0.97  0.23  
   -0.10  -0.22  0.97  

7  1088.08  -177.25  -116.53  
   0.41  0.73  0.55  
   -0.90  0.42  0.12  
   -0.15  -0.54  0.83  

8  1161.31  -399.60  -55.81  
   -0.50  0.30  0.81  
   0.86  0.03  0.51  
   0.13  0.95  -0.27  

4  1100.14  137.52  -121.89  
   0.43  -0.70  0.57  
   0.89  0.41  -0.18  
   -0.10  0.59  0.80  

3  1244.35  -22.32  -33.04  
   -0.25  0.19  -0.95  
   -0.32  -0.94  -0.10  
   -0.91  0.28  0.30  

2  854.57  -38.84  579.54  
   0.32  -0.95  -0.01  
   0.94  0.32  0.08  
   -0.07  -0.04  1.00  

5  1149.25  375.49  -71.88  
   -0.44  -0.21  0.87  
   -0.89  -0.01  -0.45  
   0.10  -0.98  -0.19  

8  1161.31  -399.16  -56.26  
   -0.50  0.30  0.81  
   0.86  0.03  0.52  
   0.13  0.95  -0.27  

7  1088.53  -176.81  -117.43  
   0.41  0.72  0.55  
   -0.90  0.42  0.12  
   -0.15  -0.55  0.82  

9  1440.81  -424.61  -159.84  
   0.99  -0.13  0.07  
   0.10  0.97  0.23  
   -0.10  -0.22  0.97  

6  1421.16  415.68  -150.02  
   0.99  0.10  0.06  
   -0.08  0.94  -0.33  
   -0.09  0.32  0.94  

4  1101.03  137.52  -122.34  
   0.43  -0.69  0.57  
   0.89  0.41  -0.18  
   -0.11  0.59  0.80  

2  854.57  -38.84  579.09  
   0.32  -0.95  -0.01  
   0.94  0.32  0.08  
   -0.07  -0.04  1.00  

3  1244.35  -22.32  -33.49  
   -0.25  0.19  -0.95  
   -0.32  -0.94  -0.10  
   -0.91  0.28  0.30  

5  1149.70  374.60  -75.90  
   -0.44  -0.20  0.88  
   -0.89  -0.01  -0.45  
   0.10  -0.98  -0.17  

6  1422.05  414.34  -150.47  
   0.99  0.10  0.05  
   -0.08  0.94  -0.32  
   -0.08  0.32  0.94  

8  1161.31  -399.60  -59.38  
   -0.50  0.30  0.81  
   0.86  0.02  0.52  
   0.14  0.95  -0.27  

7  1088.53  -176.81  -117.87  
   0.41  0.72  0.56  
   -0.90  0.42  0.11  
   -0.15  -0.55  0.82  

9  1441.25  -425.50  -162.07  
   0.99  -0.12  0.07  
   0.10  0.97  0.23  
   -0.10  -0.22  0.97  

2  854.57  -38.84  579.54  
   0.32  -0.95  -0.01  
   0.94  0.32  0.08  
   -0.07  -0.04  1.00  

4  1101.03  137.52  -123.68  
   0.43  -0.70  0.57  
   0.89  0.41  -0.18  
   -0.11  0.59  0.80  

3  1244.80  -21.88  -33.49  
   -0.25  0.19  -0.95  
   -0.33  -0.94  -0.10  
   -0.91  0.28  0.30  

5  1147.46  375.49  -85.72  
   -0.44  -0.13  0.89  
   -0.89  -0.04  -0.45  
   0.10  -0.99  -0.10  

8  1159.52  -399.60  -66.97  
   -0.50  0.24  0.83  
   0.85  -0.01  0.52  
   0.13  0.97  -0.20  

6  1428.30  410.77  -134.84  
   1.00  0.08  -0.04  
   -0.09  0.95  -0.31  
   0.01  0.31  0.95  

7  1088.98  -175.91  -118.32  
   0.41  0.72  0.56  
   -0.90  0.43  0.11  
   -0.16  -0.54  0.82  

9  1445.27  -421.93  -150.02  
   0.99  -0.11  -0.00  
   0.11  0.97  0.22  
   -0.02  -0.22  0.98  

2  854.57  -38.40  579.09  
   0.32  -0.95  -0.01  
   0.94  0.32  0.08  
   -0.07  -0.04  1.00  

4  1102.37  137.07  -125.91  
   0.43  -0.70  0.57  
   0.89  0.41  -0.17  
   -0.12  0.58  0.80  

3  1244.80  -21.88  -33.49  
   -0.25  0.19  -0.95  
   -0.33  -0.94  -0.10  
   -0.91  0.28  0.30  

5  1146.57  375.94  -90.64  
   -0.44  -0.08  0.89  
   -0.89  -0.07  -0.45  
   0.09  -0.99  -0.04  

8  1157.29  -401.84  -70.10  
   -0.50  0.21  0.84  
   0.86  -0.02  0.52  
   0.12  0.98  -0.17  

7  1089.42  -175.47  -119.66  
   0.41  0.72  0.55  
   -0.90  0.43  0.10  
   -0.16  -0.54  0.83  

6  1427.41  411.21  -117.43  
   0.99  0.06  -0.11  
   -0.09  0.95  -0.30  
   0.09  0.31  0.95  

9  1447.06  -426.84  -138.86  
   0.99  -0.10  -0.06  
   0.11  0.97  0.22  
   0.03  -0.23  0.97  

2  854.57  -38.84  579.54  
   0.32  -0.95  -0.01  
   0.94  0.32  0.08  
   -0.07  -0.04  1.00  

4  1103.26  136.18  -127.69  
   0.43  -0.70  0.57  
   0.89  0.42  -0.16  
   -0.12  0.58  0.80  

3  1245.24  -21.88  -33.93  
   -0.25  0.19  -0.95  
   -0.33  -0.94  -0.10  
   -0.91  0.28  0.30  

6  1428.30  412.55  -104.92  
   0.99  0.04  -0.17  
   -0.09  0.95  -0.30  
   0.15  0.31  0.94  

5  1145.68  377.28  -94.65  
   -0.44  -0.02  0.90  
   -0.90  -0.08  -0.44  
   0.08  -1.00  0.01  

8  1154.61  -400.94  -74.12  
   -0.50  0.15  0.85  
   0.86  -0.04  0.51  
   0.11  0.99  -0.10  

7  1090.76  -175.47  -120.55  
   0.41  0.73  0.55  
   -0.90  0.43  0.10  
   -0.17  -0.53  0.83  

9  1447.95  -425.50  -119.66  
   0.99  -0.09  -0.13  
   0.11  0.97  0.23  
   0.11  -0.24  0.96  

2  854.57  -38.40  579.09  
   0.32  -0.95  -0.01  
   0.94  0.32  0.08  
   -0.07  -0.04  1.00  

3  1245.24  -21.88  -33.49  
   -0.25  0.19  -0.95  
   -0.33  -0.94  -0.10  
   -0.91  0.29  0.30  

4  1103.71  135.73  -129.03  
   0.43  -0.70  0.57  
   0.89  0.42  -0.16  
   -0.13  0.58  0.81  

5  1145.23  375.94  -98.23  
   -0.44  0.02  0.90  
   -0.90  -0.09  -0.43  
   0.07  -1.00  0.06  

6  1429.20  408.98  -90.64  
   0.97  0.03  -0.23  
   -0.09  0.95  -0.29  
   0.21  0.31  0.93  

7  1091.65  -175.47  -120.55  
   0.41  0.73  0.55  
   -0.90  0.43  0.10  
   -0.17  -0.53  0.83  

9  1447.06  -429.07  -98.67  
   0.98  -0.07  -0.20  
   0.12  0.97  0.23  
   0.18  -0.25  0.95  

8  1152.82  -401.39  -71.44  
   -0.50  0.10  0.86  
   0.86  -0.05  0.50  
   0.09  0.99  -0.06  

2  854.57  -38.84  579.09  
   0.32  -0.95  -0.01  
   0.94  0.32  0.08  
   -0.07  -0.04  1.00  

3  1245.69  -21.88  -33.04  
   -0.25  0.19  -0.95  
   -0.33  -0.94  -0.10  
   -0.91  0.29  0.29  

4  1105.94  135.73  -130.37  
   0.43  -0.70  0.56  
   0.89  0.42  -0.16  
   -0.13  0.57  0.81  

6  1426.52  409.87  -68.76  
   0.96  0.01  -0.29  
   -0.10  0.95  -0.30  
   0.27  0.31  0.91  

5  1143.89  374.60  -101.35  
   -0.43  0.08  0.90  
   -0.90  -0.10  -0.43  
   0.06  -0.99  0.11  

8  1148.80  -405.41  -75.46  
   -0.49  0.02  0.87  
   0.87  -0.06  0.49  
   0.06  1.00  0.01  

7  1092.99  -175.47  -121.00  
   0.41  0.73  0.54  
   -0.90  0.43  0.10  
   -0.16  -0.53  0.83  

9  1443.48  -431.30  -67.42  
   0.95  -0.05  -0.30  
   0.12  0.97  0.23  
   0.28  -0.25  0.93  

2  854.57  -38.40  579.09  
   0.32  -0.95  -0.01  
   0.94  0.32  0.08  
   -0.07  -0.04  1.00  

3  1246.14  -21.88  -33.49  
   -0.24  0.19  -0.95  
   -0.33  -0.94  -0.10  
   -0.91  0.29  0.29  

4  1107.28  135.28  -131.27  
   0.43  -0.71  0.56  
   0.89  0.42  -0.15  
   -0.13  0.57  0.82  

5  1142.55  374.15  -104.92  
   -0.42  0.14  0.89  
   -0.90  -0.11  -0.41  
   0.04  -0.98  0.17  

6  1423.39  407.64  -47.33  
   0.93  -0.02  -0.37  
   -0.10  0.95  -0.30  
   0.35  0.32  0.88  

8  1146.57  -406.75  -74.56  
   -0.48  -0.08  0.87  
   0.88  -0.07  0.48  
   0.02  0.99  0.10  

7  1095.23  -175.02  -121.44  
   0.41  0.74  0.53  
   -0.90  0.43  0.10  
   -0.16  -0.52  0.84  

9  1439.02  -433.98  -29.91  
   0.91  -0.02  -0.42  
   0.13  0.97  0.23  
   0.40  -0.26  0.88  

4  1109.07  134.84  -132.61  
   0.43  -0.71  0.55  
   0.89  0.42  -0.15  
   -0.12  0.56  0.82  

2  854.57  -38.40  579.09  
   0.32  -0.95  -0.01  
   0.94  0.32  0.08  
   -0.07  -0.04  1.00  

3  1247.03  -22.32  -32.59  
   -0.24  0.19  -0.95  
   -0.33  -0.94  -0.10  
   -0.91  0.29  0.29  

6  1418.03  408.53  -25.45  
   0.91  -0.04  -0.42  
   -0.10  0.95  -0.31  
   0.41  0.32  0.85  

5  1139.43  375.49  -101.35  
   -0.41  0.21  0.89  
   -0.91  -0.10  -0.40  
   0.01  -0.97  0.23  

7  1096.57  -175.47  -121.44  
   0.41  0.74  0.53  
   -0.90  0.43  0.10  
   -0.15  -0.52  0.84  

8  1141.66  -407.64  -70.54  
   -0.47  -0.15  0.87  
   0.88  -0.06  0.46  
   -0.02  0.99  0.16  

9  1430.54  -437.55  -0.89  
   0.87  0.00  -0.49  
   0.13  0.96  0.24  
   0.47  -0.27  0.84  

2  854.57  -38.84  579.54  
   0.32  -0.95  -0.01  
   0.94  0.32  0.08  
   -0.07  -0.04  1.00  

3  1247.03  -22.32  -31.70  
   -0.24  0.19  -0.95  
   -0.33  -0.94  -0.10  
   -0.91  0.29  0.29  

4  1110.85  135.28  -133.50  
   0.43  -0.72  0.54  
   0.89  0.42  -0.15  
   -0.12  0.55  0.82  

5  1136.75  374.15  -98.67  
   -0.39  0.27  0.88  
   -0.92  -0.08  -0.38  
   -0.03  -0.96  0.28  

6  1408.21  413.44  3.57  
   0.87  -0.08  -0.48  
   -0.10  0.94  -0.33  
   0.48  0.34  0.81  

7  1097.01  -176.36  -121.44  
   0.41  0.75  0.52  
   -0.90  0.42  0.10  
   -0.14  -0.51  0.85  

8  1138.09  -408.09  -61.61  
   -0.45  -0.20  0.87  
   0.89  -0.04  0.45  
   -0.06  0.98  0.19  

9  1421.16  -438.00  29.47  
   0.83  0.03  -0.55  
   0.14  0.96  0.26  
   0.53  -0.29  0.79  

2  854.57  -38.84  579.09  
   0.32  -0.95  -0.01  
   0.94  0.32  0.08  
   -0.07  -0.04  1.00  

3  1247.92  -22.77  -31.70  
   -0.24  0.18  -0.95  
   -0.33  -0.94  -0.10  
   -0.91  0.30  0.29  

5  1131.39  376.39  -94.65  
   -0.37  0.34  0.87  
   -0.93  -0.06  -0.37  
   -0.07  -0.94  0.33  

4  1112.19  134.84  -133.95  
   0.43  -0.72  0.54  
   0.90  0.41  -0.16  
   -0.11  0.55  0.83  

6  1397.50  417.46  32.15  
   0.83  -0.12  -0.54  
   -0.09  0.93  -0.35  
   0.54  0.34  0.77  

9  1406.87  -446.48  53.13  
   0.80  0.07  -0.60  
   0.13  0.95  0.28  
   0.59  -0.30  0.75  

8  1132.73  -410.32  -59.38  
   -0.43  -0.25  0.87  
   0.90  -0.02  0.44  
   -0.09  0.97  0.24  

7  1097.46  -177.25  -121.89  
   0.41  0.75  0.52  
   -0.90  0.42  0.11  
   -0.14  -0.52  0.85  

4  1113.98  134.84  -134.39  
   0.43  -0.73  0.53  
   0.90  0.41  -0.16  
   -0.10  0.54  0.83  

2  854.57  -38.84  579.09  
   0.32  -0.95  -0.01  
   0.94  0.32  0.08  
   -0.07  -0.04  1.00  

5  1128.27  374.15  -92.42  
   -0.35  0.39  0.85  
   -0.93  -0.04  -0.36  
   -0.11  -0.92  0.38  

3  1247.48  -23.22  -30.81  
   -0.24  0.18  -0.95  
   -0.33  -0.94  -0.09  
   -0.91  0.30  0.28  

6  1383.66  422.37  58.04  
   0.79  -0.16  -0.59  
   -0.09  0.93  -0.37  
   0.60  0.34  0.72  

7  1098.35  -176.81  -121.44  
   0.41  0.75  0.52  
   -0.90  0.42  0.11  
   -0.13  -0.51  0.85  

8  1127.37  -409.87  -54.47  
   -0.40  -0.30  0.86  
   0.91  -0.00  0.42  
   -0.13  0.95  0.27  

9  1395.71  -447.82  76.35  
   0.76  0.10  -0.64  
   0.13  0.95  0.29  
   0.64  -0.30  0.71  

2  854.57  -38.84  579.54  
   0.32  -0.95  -0.01  
   0.94  0.32  0.08  
   -0.07  -0.04  1.00  

7  1099.69  -176.36  -121.89  
   0.41  0.76  0.51  
   -0.90  0.41  0.11  
   -0.12  -0.51  0.85  

4  1115.32  135.28  -134.84  
   0.42  -0.74  0.52  
   0.90  0.40  -0.16  
   -0.09  0.53  0.84  

5  1125.14  375.49  -89.30  
   -0.32  0.45  0.83  
   -0.94  -0.02  -0.35  
   -0.14  -0.89  0.43  

6  1372.49  424.16  79.92  
   0.75  -0.19  -0.64  
   -0.08  0.92  -0.37  
   0.66  0.33  0.68  

3  1247.92  -22.77  -30.36  
   -0.24  0.18  -0.95  
   -0.33  -0.94  -0.09  
   -0.91  0.30  0.28  

8  1124.25  -410.77  -51.35  
   -0.38  -0.35  0.86  
   0.91  0.02  0.41  
   -0.16  0.94  0.31  

9  1384.99  -448.27  101.80  
   0.72  0.12  -0.69  
   0.13  0.94  0.30  
   0.69  -0.30  0.66  

2  854.57  -38.40  579.09  
   0.32  -0.95  -0.01  
   0.94  0.32  0.08  
   -0.07  -0.04  1.00  

4  1117.55  135.28  -135.73  
   0.42  -0.75  0.51  
   0.90  0.40  -0.16  
   -0.09  0.52  0.85  

3  1248.37  -23.66  -29.47  
   -0.24  0.17  -0.96  
   -0.34  -0.94  -0.09  
   -0.91  0.30  0.28  

5  1118.89  373.26  -85.28  
   -0.28  0.51  0.81  
   -0.94  0.02  -0.34  
   -0.18  -0.86  0.48  

8  1119.34  -411.21  -49.11  
   -0.36  -0.40  0.84  
   0.91  0.04  0.40  
   -0.19  0.92  0.35  

6  1353.74  425.50  104.48  
   0.70  -0.22  -0.68  
   -0.08  0.92  -0.38  
   0.71  0.32  0.63  

9  1370.26  -451.84  118.76  
   0.68  0.14  -0.72  
   0.13  0.94  0.31  
   0.72  -0.30  0.62  

7  1100.58  -177.25  -122.34  
   0.41  0.76  0.51  
   -0.91  0.41  0.12  
   -0.12  -0.51  0.85  

2  854.57  -38.84  579.09  
   0.32  -0.95  -0.01  
   0.94  0.32  0.08  
   -0.07  -0.04  1.00  

5  1112.19  372.81  -82.15  
   -0.24  0.57  0.79  
   -0.95  0.05  -0.32  
   -0.23  -0.82  0.53  

4  1119.78  135.28  -135.73  
   0.42  -0.76  0.49  
   0.91  0.39  -0.15  
   -0.08  0.51  0.86  

3  1248.82  -23.22  -29.02  
   -0.23  0.17  -0.96  
   -0.34  -0.94  -0.08  
   -0.91  0.30  0.28  

6  1332.31  430.41  130.82  
   0.64  -0.26  -0.73  
   -0.08  0.92  -0.39  
   0.77  0.30  0.56  

9  1358.21  -452.29  133.95  
   0.64  0.16  -0.75  
   0.12  0.94  0.31  
   0.75  -0.29  0.59  

8  1114.87  -411.21  -44.20  
   -0.33  -0.43  0.84  
   0.92  0.06  0.39  
   -0.22  0.90  0.38  

7  1101.48  -177.25  -121.89  
   0.41  0.76  0.50  
   -0.91  0.41  0.12  
   -0.11  -0.50  0.86  

2  854.57  -38.84  579.54  
   0.32  -0.95  -0.01  
   0.94  0.32  0.08  
   -0.07  -0.04  1.00  

5  1103.26  371.92  -77.24  
   -0.20  0.61  0.77  
   -0.95  0.09  -0.31  
   -0.25  -0.79  0.56  

4  1122.02  135.73  -137.07  
   0.40  -0.78  0.48  
   0.91  0.38  -0.15  
   -0.07  0.50  0.86  

3  1248.82  -23.66  -28.13  
   -0.23  0.17  -0.96  
   -0.33  -0.94  -0.08  
   -0.91  0.30  0.27  

6  1316.68  429.07  149.57  
   0.59  -0.25  -0.77  
   -0.09  0.92  -0.37  
   0.80  0.29  0.53  

9  1339.01  -459.88  148.68  
   0.60  0.19  -0.78  
   0.11  0.94  0.32  
   0.79  -0.28  0.54  

8  1110.41  -411.21  -47.33  
   -0.30  -0.48  0.83  
   0.92  0.07  0.38  
   -0.24  0.88  0.42  

7  1104.16  -177.25  -123.68  
   0.41  0.77  0.49  
   -0.91  0.41  0.12  
   -0.11  -0.49  0.86  

2  854.57  -38.40  579.09  
   0.32  -0.95  -0.01  
   0.94  0.32  0.08  
   -0.07  -0.04  1.00  

3  1248.82  -23.66  -27.68  
   -0.23  0.16  -0.96  
   -0.33  -0.94  -0.08  
   -0.91  0.30  0.27  

5  1099.69  370.58  -76.35  
   -0.16  0.64  0.75  
   -0.95  0.11  -0.30  
   -0.27  -0.76  0.59  

4  1122.91  135.73  -138.41  
   0.39  -0.79  0.47  
   0.92  0.37  -0.15  
   -0.06  0.49  0.87  

6  1299.72  427.73  161.18  
   0.55  -0.24  -0.80  
   -0.09  0.94  -0.34  
   0.83  0.26  0.49  

7  1107.73  -175.47  -125.02  
   0.42  0.77  0.48  
   -0.90  0.41  0.12  
   -0.11  -0.48  0.87  

9  1321.15  -455.86  169.66  
   0.52  0.19  -0.83  
   0.12  0.95  0.29  
   0.85  -0.25  0.47  

8  1108.62  -408.53  -48.22  
   -0.27  -0.55  0.79  
   0.92  0.08  0.37  
   -0.27  0.83  0.49  

2  854.57  -38.84  579.09  
   0.32  -0.95  -0.01  
   0.94  0.32  0.08  
   -0.07  -0.04  1.00  

3  1249.26  -22.77  -25.90  
   -0.23  0.16  -0.96  
   -0.33  -0.94  -0.08  
   -0.92  0.30  0.27  

4  1126.93  137.07  -138.86  
   0.39  -0.80  0.45  
   0.92  0.36  -0.14  
   -0.05  0.47  0.88  

6  1284.09  425.05  175.02  
   0.49  -0.22  -0.84  
   -0.09  0.95  -0.31  
   0.86  0.23  0.45  

5  1095.67  371.03  -75.01  
   -0.12  0.68  0.73  
   -0.95  0.14  -0.29  
   -0.30  -0.72  0.62  

8  1100.58  -407.19  -46.88  
   -0.22  -0.58  0.78  
   0.93  0.12  0.35  
   -0.30  0.81  0.51  

7  1109.96  -175.02  -125.46  
   0.42  0.78  0.47  
   -0.90  0.41  0.12  
   -0.10  -0.47  0.88  

9  1301.50  -460.77  182.61  
   0.48  0.22  -0.85  
   0.11  0.95  0.31  
   0.87  -0.24  0.43  

2  854.57  -38.40  579.54  
   0.32  -0.95  -0.01  
   0.94  0.32  0.08  
   -0.07  -0.04  1.00  

3  1250.16  -22.77  -25.00  
   -0.22  0.16  -0.96  
   -0.32  -0.94  -0.08  
   -0.92  0.29  0.26  

4  1132.28  137.52  -139.75  
   0.39  -0.81  0.43  
   0.92  0.36  -0.14  
   -0.04  0.45  0.89  

5  1091.65  367.90  -71.88  
   -0.07  0.72  0.69  
   -0.94  0.18  -0.29  
   -0.33  -0.67  0.66  

8  1095.23  -404.96  -50.90  
   -0.17  -0.64  0.75  
   0.93  0.14  0.33  
   -0.31  0.76  0.57  

7  1114.43  -175.91  -128.14  
   0.42  0.78  0.45  
   -0.90  0.41  0.14  
   -0.08  -0.47  0.88  

6  1264.00  419.70  191.54  
   0.42  -0.23  -0.88  
   -0.10  0.95  -0.30  
   0.90  0.22  0.38  

9  1276.05  -462.56  196.45  
   0.41  0.25  -0.88  
   0.10  0.94  0.31  
   0.91  -0.22  0.36  

2  854.57  -38.40  579.09  
   0.32  -0.95  -0.01  
   0.94  0.32  0.08  
   -0.07  -0.04  1.00  

4  1134.96  137.07  -140.64  
   0.38  -0.83  0.42  
   0.93  0.35  -0.14  
   -0.03  0.44  0.90  

3  1251.50  -22.77  -22.77  
   -0.22  0.15  -0.96  
   -0.32  -0.94  -0.08  
   -0.92  0.29  0.25  

5  1085.40  364.78  -70.10  
   -0.02  0.74  0.67  
   -0.93  0.22  -0.28  
   -0.36  -0.63  0.69  

6  1246.58  417.46  204.04  
   0.38  -0.23  -0.90  
   -0.11  0.95  -0.29  
   0.92  0.21  0.34  

8  1092.10  -404.51  -54.92  
   -0.12  -0.67  0.73  
   0.94  0.16  0.30  
   -0.32  0.73  0.61  

9  1256.85  -467.92  202.26  
   0.35  0.27  -0.89  
   0.09  0.94  0.32  
   0.93  -0.19  0.31  

7  1118.44  -175.91  -128.14  
   0.44  0.79  0.44  
   -0.90  0.42  0.14  
   -0.07  -0.46  0.89  

3  1252.39  -23.66  -20.98  
   -0.21  0.15  -0.97  
   -0.32  -0.95  -0.08  
   -0.93  0.29  0.24  

2  854.57  -38.40  579.54  
   0.32  -0.95  -0.01  
   0.94  0.32  0.08  
   -0.07  -0.04  1.00  

4  1138.09  135.73  -142.43  
   0.37  -0.83  0.41  
   0.93  0.35  -0.14  
   -0.03  0.43  0.90  

5  1081.39  361.21  -71.88  
   0.02  0.76  0.64  
   -0.93  0.25  -0.27  
   -0.37  -0.59  0.72  

6  1229.17  415.23  212.08  
   0.33  -0.23  -0.91  
   -0.10  0.95  -0.28  
   0.94  0.19  0.29  

7  1121.57  -176.81  -130.37  
   0.44  0.79  0.43  
   -0.89  0.42  0.15  
   -0.06  -0.45  0.89  

9  1244.80  -468.36  205.83  
   0.30  0.26  -0.92  
   0.08  0.95  0.30  
   0.95  -0.16  0.26  

8  1091.21  -404.96  -59.83  
   -0.09  -0.70  0.70  
   0.94  0.16  0.29  
   -0.32  0.69  0.65  

2  854.57  -38.40  579.09  
   0.32  -0.95  -0.01  
   0.94  0.32  0.08  
   -0.07  -0.04  1.00  

3  1253.28  -22.77  -20.09  
   -0.20  0.15  -0.97  
   -0.32  -0.95  -0.08  
   -0.93  0.29  0.24  

5  1076.03  359.87  -73.22  
   0.06  0.78  0.62  
   -0.92  0.28  -0.26  
   -0.38  -0.56  0.74  

4  1141.21  136.18  -142.88  
   0.37  -0.84  0.39  
   0.93  0.34  -0.14  
   -0.02  0.41  0.91  

6  1211.31  413.44  218.78  
   0.28  -0.23  -0.93  
   -0.10  0.96  -0.27  
   0.95  0.17  0.25  

7  1124.25  -176.81  -130.82  
   0.45  0.79  0.42  
   -0.89  0.42  0.15  
   -0.05  -0.44  0.89  

9  1234.08  -467.02  213.87  
   0.26  0.25  -0.93  
   0.08  0.96  0.28  
   0.96  -0.15  0.23  

8  1090.31  -403.62  -59.83  
   -0.07  -0.72  0.69  
   0.94  0.18  0.29  
   -0.33  0.67  0.67  

2  855.02  -38.40  579.09  
   0.32  -0.95  -0.01  
   0.94  0.32  0.08  
   -0.07  -0.04  1.00  

3  1253.28  -23.22  -20.09  
   -0.20  0.15  -0.97  
   -0.32  -0.94  -0.08  
   -0.93  0.29  0.24  

4  1143.00  135.28  -144.66  
   0.36  -0.85  0.38  
   0.93  0.34  -0.13  
   -0.02  0.40  0.92  

8  1091.21  -403.62  -58.49  
   -0.05  -0.75  0.66  
   0.94  0.19  0.29  
   -0.34  0.64  0.69  

6  1197.92  410.77  221.46  
   0.24  -0.22  -0.95  
   -0.11  0.96  -0.25  
   0.96  0.16  0.21  

7  1126.48  -177.70  -130.82  
   0.45  0.79  0.41  
   -0.89  0.42  0.16  
   -0.05  -0.44  0.90  

5  1073.35  357.19  -75.90  
   0.09  0.80  0.59  
   -0.92  0.29  -0.26  
   -0.38  -0.52  0.76  

9  1223.37  -467.47  219.22  
   0.23  0.24  -0.95  
   0.08  0.96  0.26  
   0.97  -0.14  0.20  

2  854.57  -38.40  579.09  
   0.32  -0.95  -0.01  
   0.94  0.32  0.08  
   -0.07  -0.04  1.00  

4  1143.89  135.28  -145.55  
   0.36  -0.85  0.37  
   0.93  0.34  -0.13  
   -0.01  0.39  0.92  

3  1253.28  -23.22  -20.09  
   -0.20  0.15  -0.97  
   -0.32  -0.94  -0.08  
   -0.93  0.29  0.23  

5  1068.88  356.29  -76.35  
   0.12  0.81  0.58  
   -0.92  0.32  -0.25  
   -0.38  -0.50  0.78  

6  1185.42  410.77  225.03  
   0.21  -0.24  -0.95  
   -0.11  0.96  -0.26  
   0.97  0.16  0.18  

7  1127.37  -177.70  -130.82  
   0.45  0.79  0.41  
   -0.89  0.42  0.16  
   -0.04  -0.44  0.90  

8  1088.98  -403.18  -57.15  
   -0.04  -0.76  0.65  
   0.94  0.20  0.29  
   -0.35  0.62  0.70  

9  1217.56  -464.79  222.80  
   0.21  0.23  -0.95  
   0.09  0.96  0.25  
   0.97  -0.14  0.18  

2  854.57  -38.84  579.54  
   0.32  -0.95  -0.01  
   0.94  0.32  0.08  
   -0.07  -0.04  1.00  

4  1144.34  135.28  -144.66  
   0.36  -0.86  0.36  
   0.93  0.34  -0.13  
   -0.01  0.39  0.92  

3  1253.28  -23.66  -20.09  
   -0.20  0.15  -0.97  
   -0.32  -0.94  -0.08  
   -0.93  0.30  0.23  

5  1067.10  354.51  -76.35  
   0.14  0.81  0.56  
   -0.91  0.33  -0.24  
   -0.39  -0.48  0.79  

6  1179.17  408.98  228.15  
   0.20  -0.25  -0.95  
   -0.11  0.95  -0.27  
   0.97  0.16  0.16  

7  1126.48  -177.70  -130.82  
   0.45  0.79  0.41  
   -0.89  0.42  0.16  
   -0.04  -0.44  0.90  

9  1208.63  -463.45  225.92  
   0.19  0.24  -0.95  
   0.09  0.96  0.26  
   0.98  -0.14  0.16  

8  1083.62  -403.62  -57.60  
   -0.02  -0.76  0.65  
   0.93  0.22  0.29  
   -0.36  0.61  0.71  

2  854.57  -38.40  579.54  
   0.32  -0.95  -0.01  
   0.94  0.32  0.08  
   -0.07  -0.04  1.00  

4  1145.23  135.28  -144.66  
   0.36  -0.86  0.36  
   0.93  0.34  -0.13  
   -0.01  0.39  0.92  

5  1065.76  354.06  -75.90  
   0.15  0.81  0.56  
   -0.91  0.34  -0.24  
   -0.39  -0.48  0.79  

6  1176.93  409.43  226.81  
   0.20  -0.25  -0.95  
   -0.11  0.95  -0.28  
   0.97  0.16  0.16  

3  1252.84  -23.66  -19.65  
   -0.20  0.15  -0.97  
   -0.32  -0.94  -0.08  
   -0.93  0.30  0.23  

8  1081.39  -403.62  -57.60  
   -0.01  -0.76  0.64  
   0.93  0.22  0.28  
   -0.36  0.60  0.71  

7  1126.03  -177.70  -130.37  
   0.45  0.80  0.41  
   -0.89  0.42  0.16  
   -0.04  -0.43  0.90  

9  1204.61  -464.34  226.37  
   0.19  0.24  -0.95  
   0.09  0.96  0.26  
   0.98  -0.14  0.16  

2  854.57  -38.40  579.09  
   0.32  -0.95  -0.01  
   0.94  0.32  0.08  
   -0.07  -0.04  1.00  

3  1251.50  -24.11  -19.20  
   -0.20  0.15  -0.97  
   -0.32  -0.94  -0.08  
   -0.93  0.30  0.23  

4  1145.23  135.73  -144.21  
   0.37  -0.86  0.36  
   0.93  0.34  -0.14  
   -0.00  0.38  0.92  

6  1175.15  408.09  227.71  
   0.20  -0.26  -0.95  
   -0.11  0.95  -0.29  
   0.97  0.16  0.16  

5  1064.42  354.51  -74.12  
   0.16  0.81  0.56  
   -0.91  0.35  -0.24  
   -0.39  -0.47  0.79  

7  1125.14  -177.70  -129.93  
   0.44  0.80  0.41  
   -0.90  0.41  0.16  
   -0.04  -0.43  0.90  

8  1079.60  -402.73  -55.81  
   -0.01  -0.76  0.65  
   0.93  0.23  0.28  
   -0.36  0.60  0.71  

9  1201.94  -464.79  227.26  
   0.19  0.25  -0.95  
   0.09  0.96  0.27  
   0.98  -0.14  0.16  

2  854.57  -38.84  579.09  
   0.32  -0.95  -0.01  
   0.94  0.32  0.08  
   -0.07  -0.04  1.00  

4  1145.23  135.73  -144.66  
   0.37  -0.86  0.36  
   0.93  0.34  -0.14  
   -0.00  0.38  0.92  

3  1251.05  -24.56  -19.20  
   -0.20  0.14  -0.97  
   -0.32  -0.94  -0.07  
   -0.93  0.30  0.23  

5  1062.19  353.62  -71.88  
   0.17  0.81  0.57  
   -0.90  0.36  -0.24  
   -0.40  -0.47  0.79  

6  1174.25  405.85  230.39  
   0.21  -0.27  -0.94  
   -0.12  0.95  -0.30  
   0.97  0.17  0.16  

8  1078.71  -403.18  -54.92  
   -0.01  -0.76  0.65  
   0.93  0.24  0.28  
   -0.37  0.61  0.70  

7  1124.69  -177.70  -129.93  
   0.44  0.80  0.41  
   -0.90  0.41  0.16  
   -0.04  -0.43  0.90  

9  1203.28  -465.68  228.15  
   0.20  0.25  -0.95  
   0.09  0.96  0.28  
   0.97  -0.14  0.17  

2  854.57  -38.84  579.54  
   0.32  -0.95  -0.01  
   0.94  0.32  0.08  
   -0.07  -0.04  1.00  

5  1057.27  350.49  -65.63  
   0.16  0.77  0.61  
   -0.90  0.37  -0.23  
   -0.40  -0.51  0.76  

4  1144.79  135.73  -144.66  
   0.36  -0.86  0.36  
   0.93  0.34  -0.14  
   -0.00  0.39  0.92  

3  1250.60  -24.11  -19.20  
   -0.20  0.15  -0.97  
   -0.32  -0.94  -0.08  
   -0.93  0.30  0.23  

6  1184.97  408.53  227.71  
   0.27  -0.28  -0.92  
   -0.11  0.94  -0.32  
   0.96  0.18  0.22  

8  1079.60  -403.18  -49.56  
   -0.01  -0.74  0.67  
   0.93  0.24  0.29  
   -0.37  0.62  0.69  

9  1211.31  -463.90  230.83  
   0.23  0.25  -0.94  
   0.09  0.96  0.28  
   0.97  -0.15  0.20  

7  1124.69  -178.15  -129.93  
   0.44  0.80  0.41  
   -0.90  0.41  0.16  
   -0.04  -0.44  0.90  

2  854.57  -38.84  579.54  
   0.32  -0.95  -0.01  
   0.94  0.32  0.08  
   -0.07  -0.04  1.00  

4  1143.89  134.84  -145.11  
   0.36  -0.85  0.37  
   0.93  0.34  -0.14  
   -0.00  0.40  0.92  

3  1250.16  -24.56  -19.20  
   -0.20  0.15  -0.97  
   -0.33  -0.94  -0.08  
   -0.92  0.30  0.23  

5  1057.72  350.04  -59.38  
   0.13  0.72  0.68  
   -0.90  0.37  -0.21  
   -0.40  -0.59  0.70  

9  1231.40  -471.49  226.37  
   0.34  0.29  -0.89  
   0.06  0.94  0.32  
   0.94  -0.16  0.31  

8  1074.69  -400.94  -35.27  
   -0.02  -0.69  0.73  
   0.92  0.26  0.28  
   -0.38  0.68  0.63  

7  1123.35  -179.49  -128.59  
   0.44  0.80  0.41  
   -0.90  0.41  0.16  
   -0.04  -0.44  0.90  

6  1209.97  412.11  219.22  
   0.37  -0.27  -0.89  
   -0.08  0.94  -0.32  
   0.93  0.19  0.32  

4  1144.34  135.28  -144.21  
   0.38  -0.84  0.38  
   0.93  0.34  -0.15  
   -0.01  0.41  0.91  

2  854.57  -38.40  579.54  
   0.32  -0.95  -0.01  
   0.94  0.32  0.08  
   -0.07  -0.04  1.00  

3  1249.26  -25.00  -18.75  
   -0.20  0.15  -0.97  
   -0.33  -0.94  -0.07  
   -0.92  0.30  0.23  

5  1060.85  347.81  -50.90  
   0.10  0.67  0.74  
   -0.91  0.36  -0.21  
   -0.40  -0.65  0.64  

6  1234.08  414.78  208.95  
   0.46  -0.26  -0.85  
   -0.07  0.94  -0.32  
   0.88  0.21  0.42  

8  1073.79  -400.94  -24.56  
   -0.05  -0.59  0.81  
   0.92  0.28  0.26  
   -0.38  0.76  0.53  

7  1121.12  -179.04  -126.80  
   0.44  0.79  0.42  
   -0.90  0.40  0.17  
   -0.04  -0.46  0.89  

9  1255.96  -474.61  216.99  
   0.46  0.30  -0.84  
   0.03  0.94  0.35  
   0.89  -0.19  0.42  

2  854.57  -38.40  579.54  
   0.32  -0.95  -0.01  
   0.94  0.32  0.08  
   -0.07  -0.04  1.00  

3  1248.82  -25.90  -19.20  
   -0.20  0.14  -0.97  
   -0.33  -0.94  -0.07  
   -0.92  0.31  0.23  

4  1143.00  134.39  -145.11  
   0.38  -0.84  0.39  
   0.92  0.35  -0.15  
   -0.01  0.42  0.91  

5  1060.85  347.36  -41.97  
   0.06  0.59  0.81  
   -0.92  0.36  -0.19  
   -0.40  -0.73  0.56  

7  1119.78  -180.83  -125.91  
   0.43  0.79  0.43  
   -0.90  0.40  0.17  
   -0.03  -0.47  0.88  

8  1072.01  -398.71  -9.82  
   -0.07  -0.48  0.88  
   0.93  0.29  0.23  
   -0.37  0.83  0.42  

6  1259.09  419.25  191.10  
   0.57  -0.24  -0.78  
   -0.05  0.94  -0.33  
   0.82  0.22  0.53  

9  1283.64  -482.20  194.22  
   0.60  0.31  -0.74  
   0.00  0.92  0.39  
   0.80  -0.23  0.55  

2  854.57  -38.40  579.54  
   0.32  -0.95  -0.01  
   0.94  0.32  0.08  
   -0.07  -0.04  1.00  

4  1138.09  133.05  -145.11  
   0.38  -0.83  0.41  
   0.93  0.35  -0.15  
   -0.02  0.44  0.90  

3  1247.03  -26.79  -19.20  
   -0.20  0.15  -0.97  
   -0.34  -0.94  -0.07  
   -0.92  0.31  0.24  

5  1058.17  344.24  -27.24  
   0.03  0.47  0.88  
   -0.92  0.35  -0.16  
   -0.39  -0.81  0.44  

6  1278.73  425.95  173.24  
   0.69  -0.25  -0.68  
   -0.01  0.94  -0.35  
   0.73  0.25  0.64  

8  1074.24  -395.14  6.25  
   -0.10  -0.33  0.94  
   0.93  0.30  0.20  
   -0.35  0.89  0.28  

7  1116.21  -182.61  -124.12  
   0.43  0.78  0.45  
   -0.90  0.39  0.18  
   -0.03  -0.48  0.88  

9  1314.45  -487.56  169.22  
   0.73  0.31  -0.61  
   -0.04  0.91  0.42  
   0.68  -0.28  0.67  

2  854.57  -38.40  579.54  
   0.32  -0.95  -0.01  
   0.94  0.32  0.08  
   -0.07  -0.04  1.00  

6  1300.16  430.86  140.64  
   0.80  -0.23  -0.56  
   0.02  0.93  -0.36  
   0.60  0.27  0.75  

5  1057.72  341.11  -14.29  
   -0.01  0.34  0.94  
   -0.93  0.35  -0.13  
   -0.38  -0.87  0.31  

4  1135.41  132.61  -144.66  
   0.38  -0.82  0.42  
   0.93  0.34  -0.16  
   -0.02  0.45  0.89  

3  1245.24  -27.68  -19.65  
   -0.21  0.16  -0.97  
   -0.34  -0.94  -0.08  
   -0.92  0.31  0.25  

7  1113.53  -184.40  -123.68  
   0.43  0.77  0.46  
   -0.90  0.39  0.19  
   -0.03  -0.50  0.87  

9  1337.22  -496.04  130.82  
   0.84  0.29  -0.45  
   -0.08  0.90  0.43  
   0.53  -0.33  0.78  

8  1076.92  -394.69  20.98  
   -0.12  -0.17  0.98  
   0.94  0.31  0.17  
   -0.33  0.94  0.12  

2  854.57  -38.84  579.09  
   0.32  -0.95  -0.01  
   0.94  0.32  0.08  
   -0.07  -0.04  1.00  

3  1244.80  -27.68  -20.54  
   -0.21  0.16  -0.96  
   -0.34  -0.94  -0.08  
   -0.92  0.31  0.25  

4  1134.07  132.16  -144.66  
   0.38  -0.82  0.43  
   0.93  0.34  -0.16  
   -0.02  0.46  0.89  

6  1313.56  435.32  116.09  
   0.86  -0.21  -0.46  
   0.04  0.94  -0.35  
   0.50  0.28  0.82  

7  1112.64  -185.74  -122.78  
   0.44  0.76  0.47  
   -0.90  0.39  0.20  
   -0.03  -0.51  0.86  

5  1061.29  340.67  -8.48  
   -0.04  0.24  0.97  
   -0.94  0.33  -0.12  
   -0.35  -0.91  0.21  

8  1085.40  -394.25  29.91  
   -0.15  -0.02  0.99  
   0.94  0.31  0.15  
   -0.31  0.95  -0.02  

9  1357.31  -496.94  91.53  
   0.92  0.24  -0.30  
   -0.09  0.89  0.44  
   0.38  -0.38  0.85  

2  854.57  -38.40  579.54  
   0.32  -0.95  -0.01  
   0.94  0.32  0.08  
   -0.07  -0.04  1.00  

5  1064.87  341.11  0.89  
   -0.06  0.13  0.99  
   -0.94  0.32  -0.10  
   -0.32  -0.94  0.10  

3  1244.35  -27.24  -21.88  
   -0.21  0.17  -0.96  
   -0.34  -0.93  -0.09  
   -0.91  0.31  0.26  

4  1132.28  131.71  -144.21  
   0.38  -0.82  0.44  
   0.93  0.34  -0.16  
   -0.02  0.47  0.88  

8  1092.55  -389.78  41.52  
   -0.17  0.09  0.98  
   0.94  0.32  0.14  
   -0.30  0.94  -0.14  

7  1112.19  -186.18  -121.89  
   0.45  0.76  0.48  
   -0.90  0.39  0.21  
   -0.03  -0.52  0.85  

6  1326.95  442.47  80.37  
   0.93  -0.18  -0.32  
   0.06  0.94  -0.34  
   0.36  0.29  0.89  

9  1366.24  -496.94  57.15  
   0.97  0.19  -0.14  
   -0.10  0.88  0.46  
   0.21  -0.43  0.88  

2  854.57  -38.84  579.54  
   0.32  -0.95  -0.01  
   0.94  0.32  0.08  
   -0.07  -0.04  1.00  

5  1067.10  340.22  11.61  
   -0.08  -0.01  1.00  
   -0.95  0.29  -0.08  
   -0.29  -0.96  -0.03  

4  1130.50  132.16  -142.43  
   0.38  -0.81  0.45  
   0.93  0.34  -0.16  
   -0.02  0.48  0.88  

6  1331.86  446.48  34.83  
   0.98  -0.13  -0.14  
   0.08  0.95  -0.31  
   0.18  0.29  0.94  

3  1243.91  -28.13  -22.32  
   -0.21  0.17  -0.96  
   -0.34  -0.93  -0.09  
   -0.91  0.31  0.26  

9  1367.14  -497.83  11.61  
   0.99  0.10  0.03  
   -0.11  0.88  0.47  
   0.02  -0.47  0.88  

7  1109.96  -186.63  -121.00  
   0.45  0.75  0.49  
   -0.89  0.39  0.22  
   -0.03  -0.54  0.84  

8  1097.01  -389.78  46.88  
   -0.20  0.21  0.96  
   0.94  0.32  0.12  
   -0.28  0.92  -0.26  

2  854.57  -38.84  579.09  
   0.32  -0.95  -0.01  
   0.94  0.32  0.08  
   -0.07  -0.04  1.00  

5  1070.67  339.77  20.09  
   -0.10  -0.15  0.98  
   -0.96  0.26  -0.05  
   -0.25  -0.95  -0.17  

4  1127.37  133.05  -141.09  
   0.38  -0.80  0.46  
   0.93  0.34  -0.17  
   -0.02  0.49  0.87  

3  1242.57  -27.24  -23.66  
   -0.22  0.17  -0.96  
   -0.34  -0.94  -0.09  
   -0.91  0.31  0.27  

6  1330.52  445.14  -17.41  
   1.00  -0.06  0.05  
   0.08  0.96  -0.27  
   -0.03  0.27  0.96  

8  1102.37  -390.23  49.11  
   -0.22  0.32  0.92  
   0.94  0.31  0.12  
   -0.25  0.90  -0.37  

9  1364.90  -488.90  -33.93  
   0.98  -0.00  0.20  
   -0.09  0.89  0.46  
   -0.18  -0.46  0.87  

7  1106.83  -185.74  -120.55  
   0.44  0.74  0.51  
   -0.90  0.39  0.22  
   -0.03  -0.55  0.83  

2  854.57  -38.84  579.54  
   0.32  -0.95  -0.01  
   0.94  0.32  0.08  
   -0.07  -0.04  1.00  

4  1125.14  133.05  -141.09  
   0.37  -0.80  0.47  
   0.93  0.34  -0.17  
   -0.03  0.50  0.86  

3  1242.12  -27.68  -24.56  
   -0.23  0.17  -0.96  
   -0.34  -0.94  -0.09  
   -0.91  0.31  0.27  

6  1319.81  445.14  -62.95  
   0.98  -0.02  0.21  
   0.07  0.97  -0.23  
   -0.20  0.24  0.95  

5  1074.69  339.77  22.77  
   -0.10  -0.27  0.96  
   -0.97  0.22  -0.04  
   -0.20  -0.94  -0.28  

7  1105.50  -185.29  -119.66  
   0.44  0.73  0.52  
   -0.90  0.39  0.22  
   -0.05  -0.56  0.82  

9  1355.53  -489.79  -73.22  
   0.95  -0.06  0.31  
   -0.08  0.90  0.43  
   -0.31  -0.43  0.85  

8  1108.62  -390.67  45.54  
   -0.23  0.39  0.89  
   0.95  0.29  0.12  
   -0.21  0.87  -0.44  

2  854.57  -38.84  579.09  
   0.32  -0.95  -0.01  
   0.94  0.32  0.08  
   -0.07  -0.04  1.00  

5  1076.47  348.26  5.80  
   -0.10  -0.34  0.93  
   -0.99  0.14  -0.05  
   -0.12  -0.93  -0.35  

4  1122.02  133.50  -141.09  
   0.36  -0.79  0.49  
   0.93  0.33  -0.15  
   -0.04  0.51  0.86  

3  1241.23  -27.24  -25.45  
   -0.23  0.18  -0.96  
   -0.34  -0.94  -0.09  
   -0.91  0.31  0.27  

6  1313.56  444.70  -106.26  
   0.96  0.00  0.29  
   0.05  0.98  -0.17  
   -0.29  0.17  0.94  

7  1104.16  -185.29  -120.55  
   0.44  0.71  0.55  
   -0.90  0.40  0.20  
   -0.08  -0.58  0.81  

9  1345.26  -488.01  -126.36  
   0.90  -0.11  0.42  
   -0.07  0.92  0.38  
   -0.43  -0.37  0.82  

8  1115.76  -396.48  29.47  
   -0.23  0.46  0.85  
   0.96  0.23  0.13  
   -0.14  0.85  -0.50  

3  1240.33  -26.34  -27.24  
   -0.23  0.18  -0.96  
   -0.34  -0.94  -0.09  
   -0.91  0.30  0.28  

2  854.57  -38.84  579.54  
   0.32  -0.95  -0.01  
   0.94  0.32  0.08  
   -0.07  -0.04  1.00  

5  1083.17  354.06  -5.36  
   -0.10  -0.41  0.91  
   -0.99  0.08  -0.07  
   -0.04  -0.91  -0.41  

4  1120.68  133.95  -141.98  
   0.36  -0.78  0.50  
   0.93  0.34  -0.14  
   -0.06  0.52  0.85  

6  1302.39  441.57  -153.59  
   0.92  0.03  0.40  
   0.01  0.99  -0.10  
   -0.40  0.10  0.91  

9  1331.42  -479.97  -169.66  
   0.84  -0.15  0.53  
   -0.03  0.95  0.32  
   -0.55  -0.28  0.79  

8  1120.23  -400.05  17.86  
   -0.24  0.52  0.82  
   0.97  0.19  0.16  
   -0.08  0.83  -0.55  

7  1103.26  -184.40  -121.89  
   0.44  0.69  0.57  
   -0.89  0.41  0.18  
   -0.11  -0.59  0.80  

2  854.57  -38.40  579.54  
   0.32  -0.95  -0.01  
   0.94  0.32  0.08  
   -0.07  -0.04  1.00  

4  1119.78  133.95  -142.88  
   0.37  -0.77  0.52  
   0.92  0.35  -0.14  
   -0.08  0.53  0.84  

3  1240.33  -25.90  -28.13  
   -0.23  0.18  -0.96  
   -0.34  -0.94  -0.10  
   -0.91  0.30  0.28  

6  1287.21  440.23  -191.10  
   0.85  0.05  0.53  
   -0.01  1.00  -0.08  
   -0.53  0.07  0.84  

8  1123.35  -400.50  9.38  
   -0.24  0.55  0.80  
   0.97  0.17  0.17  
   -0.04  0.82  -0.57  

7  1102.37  -183.06  -123.23  
   0.43  0.67  0.60  
   -0.89  0.42  0.17  
   -0.13  -0.61  0.78  

5  1091.21  357.19  -2.68  
   -0.09  -0.50  0.86  
   -1.00  0.06  -0.07  
   -0.01  -0.87  -0.50  

9  1321.59  -471.49  -199.58  
   0.79  -0.17  0.59  
   0.01  0.96  0.27  
   -0.61  -0.21  0.76  

2  854.57  -38.40  579.54  
   0.32  -0.95  -0.01  
   0.94  0.32  0.08  
   -0.07  -0.04  1.00  

4  1120.23  135.28  -141.54  
   0.38  -0.76  0.53  
   0.92  0.36  -0.14  
   -0.08  0.55  0.83  

3  1239.89  -25.00  -28.57  
   -0.23  0.18  -0.96  
   -0.34  -0.94  -0.10  
   -0.91  0.30  0.28  

5  1095.67  356.29  -2.23  
   -0.08  -0.56  0.83  
   -1.00  0.04  -0.07  
   0.01  -0.83  -0.56  

6  1272.03  439.79  -214.31  
   0.78  0.05  0.63  
   -0.02  1.00  -0.06  
   -0.63  0.03  0.78  

7  1102.37  -180.38  -123.68  
   0.43  0.65  0.62  
   -0.89  0.43  0.17  
   -0.16  -0.62  0.77  

8  1127.82  -401.39  3.57  
   -0.24  0.59  0.77  
   0.97  0.15  0.18  
   -0.01  0.79  -0.61  

9  1313.11  -466.13  -221.01  
   0.74  -0.18  0.64  
   0.02  0.97  0.25  
   -0.67  -0.17  0.72  

2  854.57  -38.40  579.54  
   0.32  -0.95  -0.01  
   0.94  0.32  0.08  
   -0.07  -0.04  1.00  

4  1119.34  135.73  -141.98  
   0.37  -0.74  0.56  
   0.92  0.36  -0.14  
   -0.10  0.57  0.82  

3  1239.89  -24.11  -30.36  
   -0.23  0.18  -0.96  
   -0.34  -0.94  -0.10  
   -0.91  0.30  0.28  

5  1097.91  356.29  -4.02  
   -0.06  -0.62  0.78  
   -1.00  0.01  -0.07  
   0.03  -0.78  -0.62  

6  1248.82  432.64  -240.21  
   0.70  0.05  0.71  
   -0.04  1.00  -0.03  
   -0.71  -0.00  0.70  

7  1102.37  -179.04  -124.12  
   0.44  0.63  0.64  
   -0.88  0.44  0.17  
   -0.17  -0.64  0.75  

8  1133.18  -398.71  -0.89  
   -0.23  0.64  0.73  
   0.97  0.15  0.18  
   0.01  0.75  -0.66  

9  1299.27  -464.79  -241.10  
   0.68  -0.19  0.71  
   0.03  0.97  0.24  
   -0.73  -0.14  0.67  

2  854.57  -38.84  579.54  
   0.32  -0.95  -0.01  
   0.94  0.32  0.08  
   -0.07  -0.04  1.00  

3  1239.44  -24.11  -31.25  
   -0.23  0.18  -0.96  
   -0.34  -0.94  -0.10  
   -0.91  0.30  0.28  

4  1115.76  134.84  -142.43  
   0.37  -0.72  0.58  
   0.92  0.37  -0.14  
   -0.12  0.59  0.80  

6  1230.96  430.86  -250.03  
   0.64  0.04  0.77  
   -0.06  1.00  -0.00  
   -0.77  -0.04  0.64  

5  1096.57  355.85  -4.02  
   -0.04  -0.66  0.75  
   -1.00  -0.02  -0.06  
   0.05  -0.75  -0.66  

8  1138.09  -400.94  -2.68  
   -0.24  0.67  0.71  
   0.97  0.14  0.19  
   0.02  0.73  -0.68  

7  1099.69  -180.38  -122.78  
   0.43  0.60  0.67  
   -0.88  0.44  0.17  
   -0.19  -0.67  0.72  

9  1288.11  -455.86  -254.94  
   0.61  -0.21  0.76  
   0.06  0.97  0.23  
   -0.79  -0.10  0.61  

2  854.57  -38.40  579.54  
   0.32  -0.95  -0.01  
   0.94  0.32  0.08  
   -0.07  -0.04  1.00  

3  1238.10  -23.66  -33.04  
   -0.23  0.19  -0.95  
   -0.34  -0.94  -0.10  
   -0.91  0.30  0.28  

5  1097.91  352.72  -1.34  
   -0.02  -0.71  0.70  
   -1.00  -0.03  -0.06  
   0.06  -0.70  -0.71  

4  1111.75  132.61  -141.54  
   0.37  -0.69  0.62  
   0.92  0.37  -0.13  
   -0.14  0.62  0.77  

6  1208.63  420.14  -266.10  
   0.56  0.04  0.83  
   -0.09  1.00  0.01  
   -0.82  -0.08  0.56  

8  1147.46  -399.60  -3.57  
   -0.25  0.72  0.65  
   0.97  0.15  0.20  
   0.04  0.68  -0.73  

9  1274.27  -447.82  -271.46  
   0.52  -0.24  0.82  
   0.09  0.97  0.23  
   -0.85  -0.04  0.53  

7  1099.24  -181.72  -121.00  
   0.44  0.57  0.70  
   -0.87  0.45  0.19  
   -0.20  -0.69  0.69  

2  854.57  -38.84  579.54  
   0.32  -0.95  -0.01  
   0.94  0.32  0.08  
   -0.07  -0.04  1.00  

3  1236.76  -21.43  -35.72  
   -0.24  0.20  -0.95  
   -0.34  -0.93  -0.11  
   -0.91  0.30  0.29  

4  1109.07  131.71  -140.64  
   0.36  -0.68  0.64  
   0.92  0.37  -0.13  
   -0.15  0.63  0.76  

5  1100.58  352.28  -0.89  
   -0.01  -0.74  0.67  
   -1.00  -0.04  -0.06  
   0.07  -0.67  -0.74  

6  1196.58  412.55  -271.46  
   0.51  0.04  0.86  
   -0.11  0.99  0.02  
   -0.86  -0.11  0.51  

7  1099.24  -182.17  -119.66  
   0.44  0.54  0.71  
   -0.87  0.45  0.20  
   -0.21  -0.71  0.67  

8  1152.38  -399.16  -4.02  
   -0.25  0.74  0.63  
   0.97  0.16  0.21  
   0.06  0.66  -0.75  

9  1265.34  -439.34  -278.16  
   0.46  -0.27  0.84  
   0.14  0.96  0.24  
   -0.88  0.01  0.48  

2  854.57  -38.84  579.09  
   0.32  -0.95  -0.01  
   0.94  0.32  0.08  
   -0.07  -0.04  1.00  

4  1108.17  130.82  -140.20  
   0.37  -0.66  0.66  
   0.92  0.38  -0.13  
   -0.16  0.65  0.74  

3  1237.21  -21.88  -36.61  
   -0.24  0.20  -0.95  
   -0.34  -0.93  -0.11  
   -0.91  0.30  0.30  

5  1105.05  351.83  3.13  
   -0.01  -0.77  0.64  
   -1.00  -0.04  -0.06  
   0.07  -0.64  -0.76  

6  1189.43  409.43  -274.59  
   0.45  0.05  0.89  
   -0.13  0.99  0.01  
   -0.88  -0.12  0.46  

7  1098.80  -182.61  -119.66  
   0.44  0.54  0.72  
   -0.87  0.45  0.20  
   -0.21  -0.71  0.67  

9  1254.17  -433.98  -279.95  
   0.42  -0.30  0.86  
   0.17  0.95  0.25  
   -0.89  0.04  0.45  

8  1152.38  -398.26  -3.13  
   -0.24  0.75  0.61  
   0.97  0.15  0.20  
   0.06  0.64  -0.76  

2  854.57  -38.40  579.54  
   0.32  -0.95  -0.01  
   0.94  0.32  0.08  
   -0.07  -0.04  1.00  

3  1238.10  -21.43  -37.50  
   -0.25  0.21  -0.95  
   -0.34  -0.93  -0.12  
   -0.91  0.29  0.30  

5  1117.10  351.83  9.38  
   -0.03  -0.81  0.58  
   -1.00  -0.02  -0.08  
   0.08  -0.58  -0.81  

4  1104.60  132.61  -136.18  
   0.38  -0.61  0.69  
   0.91  0.39  -0.16  
   -0.17  0.69  0.70  

6  1180.06  400.94  -275.03  
   0.37  0.07  0.93  
   -0.16  0.99  -0.01  
   -0.91  -0.15  0.38  

7  1097.46  -182.17  -119.66  
   0.43  0.53  0.73  
   -0.87  0.44  0.19  
   -0.22  -0.72  0.66  

9  1238.55  -428.63  -280.84  
   0.36  -0.32  0.88  
   0.20  0.94  0.26  
   -0.91  0.08  0.41  

8  1151.48  -396.48  -0.89  
   -0.23  0.78  0.59  
   0.97  0.14  0.18  
   0.06  0.61  -0.79  

2  854.57  -38.84  579.54  
   0.32  -0.95  -0.01  
   0.94  0.32  0.08  
   -0.07  -0.04  1.00  

3  1237.65  -21.43  -38.84  
   -0.26  0.21  -0.94  
   -0.34  -0.93  -0.12  
   -0.90  0.28  0.32  

4  1102.82  132.61  -133.05  
   0.40  -0.58  0.72  
   0.90  0.40  -0.18  
   -0.18  0.71  0.68  

6  1173.36  388.89  -276.82  
   0.30  0.08  0.95  
   -0.21  0.98  -0.02  
   -0.93  -0.20  0.31  

5  1126.03  352.28  9.82  
   -0.05  -0.84  0.53  
   -1.00  -0.00  -0.10  
   0.08  -0.53  -0.84  

7  1093.44  -179.93  -119.66  
   0.42  0.52  0.74  
   -0.88  0.44  0.19  
   -0.23  -0.73  0.64  

8  1147.46  -395.14  0.00  
   -0.21  0.79  0.58  
   0.98  0.14  0.17  
   0.05  0.60  -0.80  

9  1226.94  -425.05  -282.18  
   0.33  -0.30  0.89  
   0.21  0.95  0.24  
   -0.92  0.11  0.38  

2  854.57  -38.84  579.09  
   0.32  -0.95  -0.01  
   0.94  0.32  0.08  
   -0.07  -0.04  1.00  

5  1133.62  350.49  13.84  
   -0.07  -0.87  0.49  
   -0.99  0.01  -0.11  
   0.09  -0.49  -0.87  

3  1237.21  -23.22  -40.18  
   -0.27  0.21  -0.94  
   -0.33  -0.94  -0.12  
   -0.90  0.28  0.33  

4  1099.24  132.16  -131.71  
   0.41  -0.54  0.74  
   0.89  0.41  -0.20  
   -0.19  0.74  0.64  

6  1163.09  377.73  -277.27  
   0.22  0.08  0.97  
   -0.25  0.97  -0.02  
   -0.94  -0.23  0.23  

9  1210.87  -417.02  -280.84  
   0.29  -0.29  0.91  
   0.25  0.94  0.22  
   -0.92  0.16  0.35  

8  1143.89  -395.14  1.79  
   -0.20  0.80  0.57  
   0.98  0.12  0.16  
   0.06  0.59  -0.81  

7  1088.98  -180.38  -118.76  
   0.41  0.51  0.76  
   -0.88  0.43  0.18  
   -0.24  -0.74  0.63  

2  854.57  -38.84  579.54  
   0.32  -0.95  -0.01  
   0.94  0.32  0.08  
   -0.07  -0.04  1.00  

3  1237.21  -24.56  -41.52  
   -0.28  0.21  -0.94  
   -0.33  -0.94  -0.12  
   -0.90  0.28  0.33  

4  1096.57  131.71  -129.03  
   0.41  -0.52  0.75  
   0.89  0.41  -0.21  
   -0.20  0.75  0.63  

5  1136.75  349.15  16.07  
   -0.07  -0.89  0.45  
   -0.99  0.02  -0.11  
   0.09  -0.46  -0.88  

6  1157.73  371.92  -275.93  
   0.18  0.08  0.98  
   -0.26  0.96  -0.03  
   -0.95  -0.25  0.19  

8  1143.00  -393.80  4.91  
   -0.18  0.82  0.54  
   0.98  0.12  0.15  
   0.07  0.55  -0.83  

7  1086.30  -179.49  -118.76  
   0.40  0.50  0.77  
   -0.89  0.43  0.17  
   -0.24  -0.75  0.62  

9  1197.92  -410.77  -277.27  
   0.24  -0.27  0.93  
   0.28  0.94  0.20  
   -0.93  0.22  0.30  

4  1093.89  133.05  -127.25  
   0.41  -0.50  0.76  
   0.89  0.40  -0.21  
   -0.20  0.76  0.61  

2  854.57  -38.40  579.09  
   0.32  -0.95  -0.01  
   0.94  0.32  0.08  
   -0.07  -0.04  1.00  

5  1138.98  348.70  20.54  
   -0.07  -0.90  0.43  
   -0.99  0.03  -0.11  
   0.08  -0.44  -0.90  

3  1236.32  -25.45  -43.76  
   -0.30  0.22  -0.93  
   -0.33  -0.94  -0.12  
   -0.90  0.27  0.35  

6  1152.38  366.56  -271.02  
   0.14  0.07  0.99  
   -0.29  0.96  -0.03  
   -0.95  -0.28  0.16  

8  1140.32  -390.23  10.27  
   -0.17  0.84  0.51  
   0.98  0.11  0.14  
   0.06  0.53  -0.85  

7  1082.72  -178.59  -117.43  
   0.39  0.50  0.78  
   -0.89  0.43  0.17  
   -0.25  -0.76  0.61  

9  1187.20  -404.07  -271.91  
   0.21  -0.25  0.94  
   0.30  0.93  0.18  
   -0.93  0.25  0.27  

2  854.57  -38.84  579.54  
   0.32  -0.95  -0.01  
   0.94  0.32  0.08  
   -0.07  -0.04  1.00  

4  1090.31  133.95  -125.02  
   0.41  -0.49  0.77  
   0.89  0.40  -0.22  
   -0.20  0.77  0.60  

3  1234.08  -24.56  -45.09  
   -0.31  0.22  -0.93  
   -0.32  -0.94  -0.12  
   -0.90  0.26  0.36  

5  1138.09  348.70  24.11  
   -0.07  -0.91  0.42  
   -0.99  0.03  -0.10  
   0.08  -0.42  -0.90  

6  1143.89  362.10  -268.34  
   0.11  0.07  0.99  
   -0.31  0.95  -0.03  
   -0.94  -0.30  0.13  

8  1137.64  -388.89  13.84  
   -0.16  0.85  0.50  
   0.99  0.10  0.13  
   0.06  0.52  -0.85  

7  1078.71  -177.70  -116.53  
   0.38  0.49  0.78  
   -0.89  0.42  0.17  
   -0.25  -0.76  0.60  

9  1176.93  -398.26  -268.78  
   0.18  -0.25  0.95  
   0.33  0.93  0.18  
   -0.93  0.28  0.25  

4  1085.85  133.95  -125.02  
   0.41  -0.47  0.78  
   0.89  0.40  -0.22  
   -0.21  0.78  0.58  

2  854.57  -38.84  579.09  
   0.32  -0.95  -0.01  
   0.94  0.32  0.08  
   -0.07  -0.04  1.00  

3  1231.40  -24.11  -45.54  
   -0.32  0.23  -0.92  
   -0.32  -0.94  -0.12  
   -0.89  0.26  0.37  

5  1136.75  347.81  24.11  
   -0.06  -0.92  0.39  
   -0.99  0.02  -0.11  
   0.09  -0.39  -0.91  

6  1135.41  354.96  -267.44  
   0.08  0.06  0.99  
   -0.33  0.94  -0.03  
   -0.94  -0.33  0.10  

7  1075.58  -178.15  -117.43  
   0.38  0.48  0.79  
   -0.89  0.43  0.17  
   -0.26  -0.77  0.59  

8  1135.86  -390.67  10.27  
   -0.15  0.86  0.49  
   0.99  0.10  0.13  
   0.07  0.50  -0.86  

9  1173.81  -396.48  -270.12  
   0.17  -0.24  0.96  
   0.34  0.92  0.17  
   -0.92  0.30  0.24  

3  1230.51  -23.66  -46.88  
   -0.32  0.23  -0.92  
   -0.32  -0.94  -0.13  
   -0.89  0.25  0.38  

4  1083.62  133.95  -123.68  
   0.40  -0.47  0.79  
   0.89  0.40  -0.22  
   -0.21  0.79  0.58  

2  854.57  -38.84  579.54  
   0.32  -0.95  -0.01  
   0.94  0.32  0.08  
   -0.07  -0.04  1.00  

5  1134.07  347.36  25.90  
   -0.06  -0.92  0.38  
   -0.99  0.02  -0.10  
   0.08  -0.38  -0.92  

6  1131.39  351.38  -265.21  
   0.07  0.06  1.00  
   -0.34  0.94  -0.03  
   -0.94  -0.34  0.09  

7  1075.58  -178.15  -116.09  
   0.39  0.47  0.80  
   -0.88  0.43  0.18  
   -0.26  -0.77  0.58  

8  1139.87  -386.21  16.07  
   -0.16  0.87  0.47  
   0.98  0.11  0.13  
   0.06  0.49  -0.87  

9  1171.58  -389.33  -262.98  
   0.15  -0.24  0.96  
   0.36  0.92  0.17  
   -0.92  0.32  0.22  

2  854.57  -38.40  579.54  
   0.32  -0.95  -0.01  
   0.94  0.32  0.08  
   -0.07  -0.04  1.00  

3  1230.06  -23.66  -48.67  
   -0.33  0.24  -0.92  
   -0.32  -0.94  -0.13  
   -0.89  0.25  0.38  

4  1082.28  133.95  -123.68  
   0.40  -0.46  0.79  
   0.89  0.40  -0.22  
   -0.21  0.79  0.57  

6  1127.37  351.38  -265.21  
   0.06  0.05  1.00  
   -0.34  0.94  -0.03  
   -0.94  -0.34  0.08  

5  1134.07  346.92  27.68  
   -0.05  -0.93  0.37  
   -1.00  0.02  -0.10  
   0.08  -0.37  -0.92  

7  1075.58  -178.59  -116.09  
   0.39  0.46  0.80  
   -0.88  0.43  0.18  
   -0.26  -0.78  0.57  

8  1140.32  -387.10  16.97  
   -0.16  0.87  0.47  
   0.98  0.11  0.13  
   0.06  0.48  -0.88  

9  1168.90  -388.89  -260.75  
   0.13  -0.22  0.97  
   0.37  0.92  0.16  
   -0.92  0.33  0.20  

2  854.57  -38.84  579.09  
   0.32  -0.95  -0.01  
   0.94  0.32  0.08  
   -0.07  -0.04  1.00  

3  1229.62  -23.22  -48.22  
   -0.33  0.24  -0.91  
   -0.32  -0.94  -0.13  
   -0.89  0.25  0.38  

5  1134.96  346.92  28.57  
   -0.06  -0.93  0.37  
   -1.00  0.02  -0.09  
   0.08  -0.37  -0.93  

4  1082.28  134.39  -124.12  
   0.40  -0.45  0.80  
   0.89  0.40  -0.22  
   -0.21  0.80  0.56  

6  1127.82  351.38  -263.43  
   0.06  0.05  1.00  
   -0.34  0.94  -0.03  
   -0.94  -0.34  0.07  

8  1139.87  -386.21  17.41  
   -0.16  0.87  0.46  
   0.99  0.11  0.13  
   0.06  0.47  -0.88  

7  1075.13  -178.15  -116.53  
   0.39  0.46  0.80  
   -0.88  0.43  0.18  
   -0.26  -0.78  0.57  

9  1167.11  -387.99  -260.30  
   0.13  -0.23  0.96  
   0.37  0.92  0.17  
   -0.92  0.33  0.20  

3  1229.62  -22.77  -48.22  
   -0.33  0.24  -0.91  
   -0.32  -0.94  -0.14  
   -0.89  0.24  0.38  

4  1084.06  135.73  -123.23  
   0.40  -0.45  0.80  
   0.89  0.39  -0.23  
   -0.21  0.80  0.56  

2  854.57  -38.40  579.54  
   0.32  -0.95  -0.01  
   0.94  0.32  0.08  
   -0.07  -0.04  1.00  

5  1135.86  346.47  30.36  
   -0.05  -0.93  0.37  
   -1.00  0.02  -0.08  
   0.07  -0.37  -0.93  

6  1129.16  352.72  -261.64  
   0.06  0.05  1.00  
   -0.34  0.94  -0.03  
   -0.94  -0.34  0.07  

9  1166.66  -386.66  -260.30  
   0.13  -0.23  0.96  
   0.37  0.91  0.16  
   -0.92  0.33  0.21  

7  1075.58  -177.70  -116.53  
   0.39  0.46  0.80  
   -0.88  0.43  0.18  
   -0.26  -0.78  0.57  

8  1138.09  -384.87  16.52  
   -0.14  0.87  0.46  
   0.99  0.10  0.12  
   0.06  0.48  -0.88  

2  854.57  -38.84  579.09  
   0.32  -0.95  -0.01  
   0.94  0.32  0.08  
   -0.07  -0.04  1.00  

5  1135.86  345.58  33.04  
   -0.05  -0.93  0.37  
   -1.00  0.03  -0.07  
   0.06  -0.38  -0.92  

3  1230.06  -21.88  -48.67  
   -0.33  0.24  -0.91  
   -0.31  -0.94  -0.14  
   -0.89  0.24  0.38  

4  1085.40  137.07  -123.68  
   0.41  -0.45  0.80  
   0.89  0.39  -0.24  
   -0.21  0.80  0.56  

6  1132.28  355.40  -257.18  
   0.07  0.05  1.00  
   -0.32  0.95  -0.03  
   -0.94  -0.32  0.08  

7  1076.03  -176.81  -117.43  
   0.39  0.46  0.80  
   -0.88  0.43  0.18  
   -0.27  -0.78  0.57  

8  1137.20  -383.98  16.07  
   -0.14  0.87  0.47  
   0.99  0.10  0.11  
   0.05  0.48  -0.88  

9  1166.66  -385.32  -260.30  
   0.14  -0.23  0.96  
   0.37  0.91  0.16  
   -0.92  0.33  0.22  

4  1085.40  137.07  -123.68  
   0.41  -0.45  0.79  
   0.89  0.39  -0.24  
   -0.20  0.80  0.56  

2  854.57  -38.84  579.54  
   0.32  -0.95  -0.01  
   0.94  0.32  0.08  
   -0.07  -0.04  1.00  

3  1230.51  -21.43  -48.22  
   -0.32  0.24  -0.91  
   -0.31  -0.94  -0.14  
   -0.89  0.24  0.38  

6  1134.96  356.74  -254.05  
   0.08  0.06  0.99  
   -0.31  0.95  -0.03  
   -0.95  -0.31  0.10  

5  1135.86  344.69  35.27  
   -0.05  -0.92  0.38  
   -1.00  0.03  -0.06  
   0.05  -0.38  -0.92  

7  1076.03  -175.47  -117.43  
   0.39  0.46  0.80  
   -0.88  0.43  0.18  
   -0.27  -0.77  0.57  

8  1134.96  -382.64  15.18  
   -0.13  0.86  0.49  
   0.99  0.09  0.10  
   0.04  0.49  -0.87  

9  1169.79  -385.76  -261.19  
   0.17  -0.24  0.96  
   0.36  0.92  0.17  
   -0.92  0.32  0.24  

2  854.57  -38.84  579.09  
   0.32  -0.95  -0.01  
   0.94  0.32  0.08  
   -0.07  -0.04  1.00  

4  1085.40  136.62  -124.12  
   0.41  -0.46  0.79  
   0.89  0.39  -0.23  
   -0.20  0.80  0.56  

3  1230.51  -20.98  -47.33  
   -0.32  0.24  -0.91  
   -0.31  -0.94  -0.14  
   -0.89  0.24  0.38  

6  1141.66  358.53  -257.62  
   0.12  0.07  0.99  
   -0.31  0.95  -0.03  
   -0.94  -0.30  0.14  

5  1132.73  345.58  32.15  
   -0.05  -0.91  0.42  
   -1.00  0.02  -0.05  
   0.04  -0.42  -0.90  

8  1133.18  -385.76  10.72  
   -0.13  0.85  0.51  
   0.99  0.09  0.10  
   0.04  0.52  -0.85  

7  1076.03  -175.91  -117.87  
   0.38  0.47  0.80  
   -0.88  0.43  0.17  
   -0.27  -0.77  0.58  

9  1177.38  -387.99  -268.34  
   0.20  -0.26  0.95  
   0.36  0.92  0.17  
   -0.91  0.31  0.28  

3  1230.06  -20.54  -46.88  
   -0.32  0.24  -0.92  
   -0.31  -0.94  -0.14  
   -0.90  0.24  0.38  

2  854.57  -38.84  579.54  
   0.32  -0.95  -0.01  
   0.94  0.32  0.08  
   -0.07  -0.04  1.00  

4  1085.40  137.52  -124.12  
   0.40  -0.47  0.79  
   0.89  0.38  -0.23  
   -0.20  0.80  0.57  

5  1127.37  347.36  26.79  
   -0.04  -0.88  0.46  
   -1.00  0.02  -0.06  
   0.04  -0.47  -0.88  

8  1129.61  -386.66  5.36  
   -0.14  0.82  0.56  
   0.99  0.09  0.11  
   0.04  0.57  -0.82  

6  1149.70  361.21  -260.30  
   0.18  0.08  0.98  
   -0.30  0.95  -0.02  
   -0.94  -0.29  0.19  

7  1076.47  -175.47  -118.76  
   0.39  0.47  0.79  
   -0.88  0.44  0.17  
   -0.26  -0.77  0.59  

9  1192.56  -389.78  -270.12  
   0.27  -0.27  0.92  
   0.34  0.92  0.17  
   -0.90  0.27  0.35  

2  854.57  -38.84  579.09  
   0.32  -0.95  -0.01  
   0.94  0.32  0.08  
   -0.07  -0.04  1.00  

3  1230.06  -20.54  -47.33  
   -0.31  0.24  -0.92  
   -0.31  -0.94  -0.15  
   -0.90  0.24  0.37  

4  1086.74  137.07  -125.02  
   0.40  -0.48  0.78  
   0.90  0.38  -0.22  
   -0.19  0.79  0.58  

5  1125.14  346.03  27.24  
   -0.05  -0.86  0.50  
   -1.00  0.03  -0.05  
   0.02  -0.50  -0.86  

6  1162.65  367.90  -260.75  
   0.23  0.09  0.97  
   -0.27  0.96  -0.03  
   -0.93  -0.26  0.25  

7  1078.71  -176.36  -118.76  
   0.39  0.48  0.78  
   -0.88  0.44  0.17  
   -0.26  -0.76  0.60  

9  1206.40  -395.59  -273.69  
   0.35  -0.27  0.90  
   0.32  0.93  0.16  
   -0.88  0.23  0.41  

8  1126.03  -390.23  0.00  
   -0.14  0.79  0.60  
   0.99  0.09  0.12  
   0.04  0.61  -0.79  

2  854.57  -38.84  579.54  
   0.32  -0.95  -0.01  
   0.94  0.32  0.08  
   -0.07  -0.04  1.00  

3  1230.96  -20.54  -46.43  
   -0.31  0.25  -0.92  
   -0.31  -0.94  -0.15  
   -0.90  0.24  0.36  

6  1180.95  376.83  -260.30  
   0.30  0.11  0.95  
   -0.24  0.97  -0.04  
   -0.92  -0.21  0.32  

4  1088.98  136.18  -125.46  
   0.40  -0.49  0.77  
   0.90  0.38  -0.22  
   -0.18  0.78  0.59  

5  1123.80  346.47  23.66  
   -0.07  -0.83  0.55  
   -1.00  0.05  -0.04  
   0.01  -0.55  -0.83  

7  1081.39  -176.36  -119.66  
   0.40  0.49  0.78  
   -0.88  0.44  0.17  
   -0.26  -0.75  0.61  

8  1125.14  -391.57  -4.02  
   -0.15  0.76  0.64  
   0.99  0.09  0.13  
   0.04  0.65  -0.76  

9  1221.58  -400.05  -275.03  
   0.41  -0.27  0.87  
   0.30  0.94  0.15  
   -0.86  0.20  0.47  

2  854.57  -38.84  579.09  
   0.32  -0.95  -0.01  
   0.94  0.32  0.08  
   -0.07  -0.04  1.00  

4  1091.65  137.52  -125.91  
   0.40  -0.51  0.76  
   0.90  0.38  -0.22  
   -0.17  0.77  0.61  

3  1232.74  -20.98  -45.54  
   -0.30  0.24  -0.92  
   -0.30  -0.94  -0.15  
   -0.90  0.24  0.36  

5  1124.69  347.36  22.32  
   -0.09  -0.79  0.60  
   -1.00  0.07  -0.05  
   -0.01  -0.60  -0.80  

6  1200.60  386.21  -254.94  
   0.38  0.12  0.91  
   -0.20  0.98  -0.05  
   -0.90  -0.17  0.40  

9  1238.99  -405.41  -274.14  
   0.48  -0.27  0.84  
   0.27  0.95  0.15  
   -0.84  0.16  0.53  

8  1123.80  -392.46  -9.82  
   -0.16  0.72  0.67  
   0.99  0.09  0.14  
   0.04  0.69  -0.73  

7  1083.62  -175.91  -121.44  
   0.40  0.50  0.77  
   -0.88  0.44  0.17  
   -0.26  -0.74  0.62  

5  1122.46  348.70  23.22  
   -0.10  -0.75  0.65  
   -0.99  0.10  -0.05  
   -0.03  -0.66  -0.75  

2  854.57  -38.84  579.09  
   0.32  -0.95  -0.01  
   0.94  0.32  0.08  
   -0.07  -0.04  1.00  

4  1094.78  137.96  -126.80  
   0.41  -0.52  0.75  
   0.90  0.38  -0.22  
   -0.17  0.77  0.62  

3  1234.08  -20.98  -44.20  
   -0.29  0.24  -0.93  
   -0.30  -0.94  -0.15  
   -0.91  0.23  0.35  

6  1221.13  396.92  -247.80  
   0.46  0.14  0.87  
   -0.16  0.98  -0.08  
   -0.87  -0.11  0.48  

7  1086.30  -175.47  -121.89  
   0.41  0.50  0.76  
   -0.88  0.45  0.17  
   -0.25  -0.74  0.63  

9  1255.51  -408.09  -267.44  
   0.53  -0.28  0.80  
   0.25  0.95  0.17  
   -0.81  0.11  0.57  

8  1126.48  -391.57  -8.93  
   -0.18  0.70  0.69  
   0.98  0.11  0.14  
   0.02  0.71  -0.71  

2  854.57  -38.84  579.54  
   0.32  -0.95  -0.01  
   0.94  0.32  0.08  
   -0.07  -0.04  1.00  

3  1234.98  -19.65  -43.31  
   -0.29  0.24  -0.93  
   -0.30  -0.94  -0.15  
   -0.91  0.23  0.34  

4  1096.12  138.86  -127.25  
   0.40  -0.54  0.74  
   0.90  0.37  -0.22  
   -0.16  0.76  0.64  

5  1119.34  350.94  21.43  
   -0.13  -0.69  0.72  
   -0.99  0.13  -0.06  
   -0.05  -0.72  -0.70  

6  1245.69  405.41  -232.62  
   0.57  0.17  0.81  
   -0.13  0.98  -0.12  
   -0.81  -0.04  0.58  

7  1088.08  -175.91  -122.34  
   0.42  0.51  0.75  
   -0.87  0.45  0.18  
   -0.25  -0.73  0.64  

9  1276.50  -415.68  -258.96  
   0.60  -0.28  0.75  
   0.21  0.96  0.19  
   -0.77  0.05  0.64  

8  1128.71  -392.46  -8.04  
   -0.20  0.65  0.73  
   0.98  0.14  0.15  
   -0.00  0.74  -0.67  

2  854.57  -38.40  579.54  
   0.32  -0.95  -0.01  
   0.94  0.32  0.08  
   -0.07  -0.04  1.00  

4  1096.12  140.20  -127.25  
   0.40  -0.55  0.73  
   0.90  0.37  -0.21  
   -0.16  0.75  0.65  

3  1234.98  -19.65  -42.86  
   -0.29  0.24  -0.93  
   -0.30  -0.94  -0.15  
   -0.91  0.23  0.34  

5  1116.66  351.38  19.20  
   -0.16  -0.62  0.77  
   -0.98  0.16  -0.07  
   -0.08  -0.77  -0.63  

7  1088.98  -176.36  -122.78  
   0.43  0.52  0.74  
   -0.87  0.46  0.18  
   -0.24  -0.72  0.64  

9  1301.06  -419.70  -242.44  
   0.68  -0.29  0.68  
   0.19  0.96  0.22  
   -0.71  -0.02  0.70  

6  1269.80  413.89  -215.21  
   0.66  0.19  0.73  
   -0.11  0.98  -0.15  
   -0.75  0.02  0.67  

8  1129.61  -391.57  -7.59  
   -0.23  0.61  0.76  
   0.97  0.16  0.16  
   -0.02  0.78  -0.63  

2  854.57  -38.84  579.54  
   0.32  -0.95  -0.01  
   0.94  0.32  0.08  
   -0.07  -0.04  1.00  

6  1289.00  417.46  -198.69  
   0.73  0.20  0.65  
   -0.10  0.98  -0.19  
   -0.68  0.08  0.73  

5  1115.76  354.51  17.86  
   -0.18  -0.56  0.81  
   -0.98  0.18  -0.09  
   -0.10  -0.81  -0.58  

4  1097.01  141.54  -127.69  
   0.40  -0.56  0.72  
   0.90  0.37  -0.21  
   -0.15  0.74  0.66  

3  1234.98  -19.20  -41.97  
   -0.28  0.24  -0.93  
   -0.30  -0.94  -0.16  
   -0.91  0.23  0.34  

8  1131.84  -390.67  -7.59  
   -0.26  0.56  0.79  
   0.96  0.19  0.19  
   -0.04  0.81  -0.58  

7  1091.21  -175.91  -122.78  
   0.44  0.52  0.73  
   -0.87  0.46  0.19  
   -0.24  -0.72  0.65  

9  1323.38  -422.37  -225.92  
   0.75  -0.29  0.60  
   0.17  0.96  0.24  
   -0.64  -0.07  0.76  

2  854.57  -38.40  579.09  
   0.32  -0.95  -0.01  
   0.94  0.32  0.08  
   -0.07  -0.04  1.00  

5  1118.44  355.40  19.20  
   -0.21  -0.50  0.84  
   -0.97  0.21  -0.12  
   -0.12  -0.84  -0.53  

4  1097.91  142.43  -127.25  
   0.41  -0.57  0.71  
   0.90  0.37  -0.21  
   -0.15  0.73  0.67  

3  1235.42  -18.75  -41.52  
   -0.28  0.24  -0.93  
   -0.30  -0.94  -0.16  
   -0.91  0.23  0.34  

6  1315.79  420.59  -171.90  
   0.80  0.22  0.56  
   -0.09  0.97  -0.24  
   -0.59  0.14  0.79  

7  1092.99  -176.36  -123.23  
   0.45  0.53  0.72  
   -0.86  0.47  0.19  
   -0.24  -0.71  0.67  

9  1349.28  -421.93  -203.60  
   0.81  -0.29  0.51  
   0.17  0.95  0.26  
   -0.56  -0.12  0.82  

8  1136.30  -392.01  -4.46  
   -0.30  0.50  0.81  
   0.95  0.22  0.21  
   -0.07  0.84  -0.54  

2  854.57  -38.40  579.54  
   0.32  -0.95  -0.01  
   0.94  0.32  0.08  
   -0.07  -0.04  1.00  

3  1235.87  -18.31  -40.63  
   -0.28  0.25  -0.93  
   -0.30  -0.94  -0.16  
   -0.91  0.23  0.34  

5  1121.57  356.74  20.09  
   -0.24  -0.44  0.86  
   -0.96  0.25  -0.14  
   -0.15  -0.86  -0.48  

4  1100.14  145.11  -126.80  
   0.41  -0.58  0.70  
   0.90  0.37  -0.22  
   -0.13  0.72  0.68  

6  1334.10  419.70  -151.36  
   0.85  0.22  0.48  
   -0.09  0.96  -0.27  
   -0.52  0.19  0.83  

8  1143.00  -391.57  -4.02  
   -0.33  0.44  0.83  
   0.94  0.24  0.25  
   -0.09  0.87  -0.49  

9  1374.28  -415.23  -174.58  
   0.87  -0.29  0.40  
   0.18  0.94  0.28  
   -0.46  -0.17  0.87  

7  1096.12  -176.81  -124.12  
   0.46  0.54  0.71  
   -0.86  0.48  0.19  
   -0.23  -0.70  0.68  

2  854.57  -38.40  579.09  
   0.32  -0.95  -0.01  
   0.94  0.32  0.08  
   -0.07  -0.04  1.00  

3  1235.87  -17.41  -39.74  
   -0.28  0.25  -0.93  
   -0.30  -0.94  -0.16  
   -0.91  0.23  0.34  

6  1349.28  420.59  -129.93  
   0.89  0.21  0.41  
   -0.09  0.95  -0.30  
   -0.45  0.23  0.86  

5  1122.91  358.97  27.24  
   -0.26  -0.39  0.88  
   -0.95  0.27  -0.16  
   -0.18  -0.88  -0.45  

7  1097.91  -176.81  -124.57  
   0.47  0.55  0.69  
   -0.85  0.49  0.20  
   -0.23  -0.68  0.69  

4  1101.03  146.89  -125.02  
   0.41  -0.60  0.69  
   0.90  0.37  -0.22  
   -0.12  0.71  0.69  

8  1147.02  -390.67  -2.23  
   -0.37  0.36  0.86  
   0.92  0.26  0.29  
   -0.12  0.89  -0.43  

9  1394.37  -411.21  -147.79  
   0.91  -0.28  0.29  
   0.20  0.94  0.29  
   -0.36  -0.21  0.91  

2  854.57  -38.84  579.54  
   0.32  -0.95  -0.01  
   0.94  0.32  0.08  
   -0.07  -0.04  1.00  

3  1236.76  -16.07  -38.84  
   -0.28  0.25  -0.93  
   -0.30  -0.94  -0.16  
   -0.91  0.23  0.34  

4  1101.48  147.79  -123.68  
   0.41  -0.61  0.68  
   0.90  0.36  -0.22  
   -0.11  0.71  0.70  

5  1126.03  359.42  32.59  
   -0.29  -0.37  0.88  
   -0.94  0.30  -0.18  
   -0.20  -0.88  -0.43  

8  1152.82  -389.33  4.91  
   -0.40  0.32  0.86  
   0.91  0.29  0.31  
   -0.15  0.90  -0.40  

6  1363.12  420.14  -108.05  
   0.92  0.20  0.35  
   -0.08  0.94  -0.33  
   -0.39  0.28  0.88  

7  1099.69  -177.25  -125.02  
   0.49  0.55  0.68  
   -0.85  0.49  0.21  
   -0.22  -0.67  0.71  

9  1411.34  -404.51  -119.66  
   0.94  -0.28  0.21  
   0.21  0.93  0.30  
   -0.28  -0.24  0.93  

2  854.57  -38.84  579.54  
   0.32  -0.95  -0.01  
   0.94  0.32  0.08  
   -0.07  -0.04  1.00  

3  1236.76  -15.63  -37.95  
   -0.28  0.25  -0.93  
   -0.30  -0.94  -0.16  
   -0.91  0.23  0.33  

4  1100.14  149.57  -122.34  
   0.41  -0.62  0.67  
   0.91  0.35  -0.23  
   -0.09  0.70  0.71  

5  1127.82  360.31  40.18  
   -0.32  -0.34  0.89  
   -0.92  0.33  -0.20  
   -0.22  -0.88  -0.42  

6  1374.28  421.48  -80.81  
   0.94  0.19  0.28  
   -0.08  0.93  -0.36  
   -0.33  0.32  0.89  

8  1159.52  -384.42  17.41  
   -0.43  0.28  0.86  
   0.88  0.33  0.33  
   -0.19  0.90  -0.39  

9  1427.86  -400.05  -87.51  
   0.96  -0.26  0.13  
   0.21  0.92  0.33  
   -0.20  -0.29  0.94  

7  1101.48  -177.70  -124.12  
   0.50  0.56  0.66  
   -0.84  0.49  0.23  
   -0.20  -0.67  0.72  

2  854.57  -38.40  579.09  
   0.32  -0.95  -0.01  
   0.94  0.32  0.08  
   -0.07  -0.04  1.00  

4  1100.14  151.36  -119.21  
   0.41  -0.63  0.66  
   0.91  0.34  -0.24  
   -0.08  0.69  0.72  

3  1237.21  -14.73  -37.06  
   -0.28  0.25  -0.93  
   -0.30  -0.94  -0.16  
   -0.91  0.23  0.33  

5  1130.50  358.08  47.77  
   -0.34  -0.31  0.89  
   -0.91  0.36  -0.22  
   -0.25  -0.88  -0.40  

6  1380.53  421.93  -59.38  
   0.96  0.18  0.24  
   -0.07  0.92  -0.39  
   -0.29  0.35  0.89  

8  1164.88  -382.64  25.90  
   -0.44  0.27  0.86  
   0.87  0.36  0.34  
   -0.22  0.89  -0.39  

7  1102.82  -178.59  -123.23  
   0.51  0.57  0.64  
   -0.84  0.49  0.24  
   -0.18  -0.66  0.73  

9  1439.02  -398.71  -62.06  
   0.97  -0.24  0.07  
   0.20  0.92  0.34  
   -0.15  -0.31  0.94  

2  854.57  -38.40  579.09  
   0.32  -0.95  -0.01  
   0.94  0.32  0.08  
   -0.07  -0.04  1.00  

3  1237.65  -14.29  -36.61  
   -0.28  0.25  -0.93  
   -0.30  -0.94  -0.17  
   -0.91  0.23  0.33  

4  1100.58  151.80  -119.21  
   0.41  -0.64  0.65  
   0.91  0.34  -0.24  
   -0.07  0.68  0.73  

6  1388.12  416.12  -45.09  
   0.96  0.17  0.20  
   -0.08  0.91  -0.41  
   -0.25  0.37  0.89  

5  1131.84  356.74  50.45  
   -0.35  -0.28  0.89  
   -0.90  0.37  -0.24  
   -0.26  -0.88  -0.39  

7  1105.50  -179.04  -121.89  
   0.52  0.58  0.63  
   -0.84  0.49  0.25  
   -0.16  -0.66  0.74  

8  1168.90  -378.62  35.72  
   -0.46  0.23  0.86  
   0.85  0.38  0.35  
   -0.25  0.89  -0.37  

9  1447.06  -393.35  -37.95  
   0.97  -0.23  0.03  
   0.20  0.92  0.34  
   -0.10  -0.33  0.94  

2  854.57  -38.40  579.54  
   0.32  -0.95  -0.01  
   0.94  0.32  0.08  
   -0.07  -0.04  1.00  

4  1101.48  150.47  -118.76  
   0.41  -0.65  0.64  
   0.91  0.34  -0.24  
   -0.06  0.68  0.73  

5  1134.07  355.85  52.69  
   -0.37  -0.25  0.90  
   -0.89  0.38  -0.26  
   -0.28  -0.89  -0.36  

3  1238.55  -14.29  -35.72  
   -0.28  0.25  -0.93  
   -0.30  -0.94  -0.17  
   -0.91  0.23  0.33  

6  1393.48  412.11  -29.47  
   0.97  0.16  0.15  
   -0.08  0.91  -0.41  
   -0.20  0.39  0.90  

8  1168.90  -380.85  41.08  
   -0.47  0.20  0.86  
   0.84  0.39  0.36  
   -0.27  0.90  -0.36  

7  1105.94  -180.83  -120.55  
   0.53  0.58  0.62  
   -0.84  0.48  0.26  
   -0.15  -0.65  0.74  

9  1450.18  -392.46  -21.88  
   0.98  -0.22  -0.01  
   0.21  0.92  0.34  
   -0.07  -0.33  0.94  

2  854.57  -38.84  579.54  
   0.32  -0.95  -0.01  
   0.94  0.32  0.08  
   -0.07  -0.04  1.00  

5  1135.86  354.96  57.15  
   -0.38  -0.22  0.90  
   -0.88  0.39  -0.28  
   -0.29  -0.89  -0.34  

6  1399.73  406.30  -16.07  
   0.98  0.16  0.11  
   -0.09  0.90  -0.42  
   -0.17  0.40  0.90  

3  1238.99  -14.29  -35.27  
   -0.28  0.25  -0.93  
   -0.30  -0.94  -0.16  
   -0.91  0.23  0.33  

4  1101.48  150.91  -116.98  
   0.41  -0.66  0.63  
   0.91  0.34  -0.24  
   -0.06  0.67  0.74  

7  1105.94  -182.17  -119.66  
   0.53  0.59  0.62  
   -0.84  0.48  0.26  
   -0.14  -0.65  0.74  

8  1169.34  -379.51  45.54  
   -0.48  0.18  0.86  
   0.83  0.40  0.38  
   -0.28  0.90  -0.34  

9  1451.52  -390.23  -10.72  
   0.97  -0.22  -0.03  
   0.22  0.91  0.34  
   -0.04  -0.34  0.94  

2  854.57  -38.40  579.09  
   0.32  -0.95  -0.01  
   0.94  0.32  0.08  
   -0.07  -0.04  1.00  

3  1239.44  -14.73  -34.38  
   -0.28  0.25  -0.93  
   -0.30  -0.94  -0.16  
   -0.91  0.24  0.33  

5  1138.09  353.62  61.61  
   -0.40  -0.20  0.90  
   -0.86  0.41  -0.29  
   -0.31  -0.89  -0.33  

6  1402.85  403.18  -5.80  
   0.98  0.15  0.09  
   -0.10  0.90  -0.43  
   -0.14  0.41  0.90  

4  1101.48  150.91  -116.53  
   0.42  -0.66  0.62  
   0.91  0.34  -0.25  
   -0.05  0.67  0.74  

7  1105.05  -182.61  -119.21  
   0.53  0.59  0.61  
   -0.84  0.48  0.26  
   -0.14  -0.65  0.75  

9  1451.52  -387.10  0.45  
   0.97  -0.22  -0.06  
   0.23  0.91  0.35  
   -0.02  -0.36  0.93  

8  1168.00  -378.62  49.11  
   -0.48  0.16  0.86  
   0.83  0.41  0.38  
   -0.29  0.90  -0.33  

2  854.57  -38.84  579.09  
   0.32  -0.95  -0.01  
   0.94  0.32  0.08  
   -0.07  -0.04  1.00  

3  1238.99  -14.73  -34.38  
   -0.28  0.25  -0.93  
   -0.30  -0.94  -0.16  
   -0.91  0.24  0.33  

6  1405.98  400.50  0.00  
   0.98  0.16  0.08  
   -0.11  0.89  -0.43  
   -0.14  0.42  0.90  

5  1138.98  354.06  63.85  
   -0.41  -0.18  0.89  
   -0.86  0.42  -0.31  
   -0.32  -0.89  -0.33  

4  1101.92  151.36  -115.19  
   0.42  -0.67  0.62  
   0.91  0.34  -0.25  
   -0.04  0.67  0.74  

8  1167.56  -377.73  52.24  
   -0.47  0.16  0.87  
   0.83  0.42  0.38  
   -0.30  0.89  -0.33  

9  1451.07  -389.33  6.25  
   0.97  -0.21  -0.07  
   0.22  0.90  0.36  
   -0.01  -0.37  0.93  

7  1105.50  -183.06  -119.21  
   0.53  0.59  0.61  
   -0.84  0.47  0.26  
   -0.13  -0.65  0.75  

2  854.57  -38.40  579.09  
   0.32  -0.95  -0.01  
   0.94  0.32  0.08  
   -0.07  -0.04  1.00  

3  1238.99  -15.18  -33.04  
   -0.28  0.25  -0.93  
   -0.30  -0.94  -0.16  
   -0.91  0.24  0.33  

4  1101.92  151.80  -114.75  
   0.42  -0.67  0.61  
   0.91  0.34  -0.26  
   -0.04  0.66  0.75  

5  1140.32  353.62  65.19  
   -0.41  -0.18  0.89  
   -0.85  0.42  -0.31  
   -0.32  -0.89  -0.32  

6  1408.21  398.71  4.46  
   0.98  0.16  0.07  
   -0.11  0.89  -0.44  
   -0.13  0.43  0.90  

9  1451.07  -391.57  13.39  
   0.98  -0.20  -0.08  
   0.21  0.90  0.38  
   -0.01  -0.38  0.92  

7  1105.50  -183.51  -118.76  
   0.52  0.60  0.61  
   -0.84  0.47  0.26  
   -0.13  -0.65  0.75  

8  1166.22  -376.83  54.47  
   -0.47  0.16  0.87  
   0.83  0.42  0.37  
   -0.31  0.89  -0.33  

2  854.57  -38.84  579.09  
   0.32  -0.95  -0.01  
   0.94  0.32  0.08  
   -0.07  -0.04  1.00  

3  1239.44  -15.63  -32.59  
   -0.28  0.24  -0.93  
   -0.30  -0.94  -0.16  
   -0.91  0.24  0.33  

4  1102.82  151.36  -114.30  
   0.42  -0.67  0.61  
   0.90  0.34  -0.26  
   -0.03  0.66  0.75  

6  1410.00  397.82  8.04  
   0.99  0.16  0.06  
   -0.11  0.89  -0.45  
   -0.12  0.43  0.89  

5  1142.55  351.83  66.53  
   -0.42  -0.17  0.89  
   -0.85  0.42  -0.32  
   -0.32  -0.89  -0.33  

8  1165.32  -377.28  55.81  
   -0.47  0.16  0.87  
   0.83  0.43  0.37  
   -0.31  0.89  -0.33  

7  1104.60  -184.40  -118.32  
   0.52  0.60  0.61  
   -0.84  0.47  0.26  
   -0.13  -0.65  0.75  

9  1449.73  -395.59  15.18  
   0.98  -0.18  -0.08  
   0.20  0.90  0.39  
   -0.00  -0.39  0.92  

2  854.57  -38.84  579.54  
   0.32  -0.95  -0.01  
   0.94  0.32  0.08  
   -0.07  -0.04  1.00  

4  1103.26  150.91  -113.85  
   0.43  -0.67  0.61  
   0.90  0.34  -0.26  
   -0.03  0.66  0.75  

3  1239.44  -16.52  -33.04  
   -0.28  0.24  -0.93  
   -0.31  -0.94  -0.15  
   -0.91  0.24  0.33  

6  1412.23  395.59  11.61  
   0.99  0.16  0.05  
   -0.12  0.89  -0.45  
   -0.12  0.43  0.89  

5  1143.45  351.38  67.42  
   -0.42  -0.17  0.89  
   -0.85  0.43  -0.32  
   -0.33  -0.89  -0.32  

7  1104.60  -184.84  -117.43  
   0.52  0.60  0.60  
   -0.85  0.46  0.26  
   -0.12  -0.65  0.75  

8  1164.88  -377.73  57.15  
   -0.47  0.16  0.87  
   0.83  0.43  0.36  
   -0.32  0.89  -0.33  

9  1449.73  -396.03  16.52  
   0.98  -0.18  -0.08  
   0.20  0.90  0.39  
   -0.00  -0.40  0.92  

2  854.57  -38.84  579.54  
   0.32  -0.95  -0.01  
   0.94  0.32  0.08  
   -0.07  -0.04  1.00  

3  1239.89  -18.31  -32.15  
   -0.28  0.23  -0.93  
   -0.31  -0.94  -0.15  
   -0.91  0.24  0.33  

8  1164.88  -379.07  59.38  
   -0.46  0.16  0.87  
   0.83  0.43  0.36  
   -0.32  0.89  -0.33  

4  1103.71  150.02  -113.85  
   0.43  -0.67  0.60  
   0.90  0.34  -0.26  
   -0.03  0.66  0.75  

6  1413.57  394.25  12.95  
   0.99  0.16  0.05  
   -0.12  0.89  -0.45  
   -0.12  0.44  0.89  

5  1145.23  350.04  68.76  
   -0.43  -0.17  0.89  
   -0.84  0.43  -0.32  
   -0.33  -0.89  -0.32  

7  1105.05  -186.63  -116.98  
   0.52  0.61  0.60  
   -0.85  0.46  0.26  
   -0.12  -0.65  0.75  

9  1449.29  -397.82  19.65  
   0.98  -0.18  -0.08  
   0.19  0.90  0.40  
   -0.00  -0.40  0.91  

2  854.57  -38.40  579.09  
   0.32  -0.95  -0.01  
   0.94  0.32  0.08  
   -0.07  -0.04  1.00  

3  1239.89  -18.31  -32.15  
   -0.28  0.23  -0.93  
   -0.31  -0.94  -0.14  
   -0.91  0.25  0.33  

4  1104.60  149.57  -113.85  
   0.43  -0.67  0.60  
   0.90  0.34  -0.26  
   -0.03  0.65  0.75  

5  1146.57  349.15  69.65  
   -0.43  -0.16  0.89  
   -0.84  0.43  -0.33  
   -0.33  -0.89  -0.32  

6  1414.91  392.01  15.18  
   0.99  0.16  0.05  
   -0.12  0.88  -0.45  
   -0.11  0.44  0.89  

9  1449.29  -396.92  21.88  
   0.98  -0.18  -0.08  
   0.19  0.89  0.40  
   -0.00  -0.41  0.91  

7  1105.50  -187.52  -116.53  
   0.52  0.61  0.60  
   -0.85  0.46  0.27  
   -0.11  -0.65  0.75  

8  1164.43  -379.07  60.28  
   -0.46  0.16  0.87  
   0.83  0.44  0.36  
   -0.32  0.88  -0.33  

2  854.57  -38.40  579.09  
   0.32  -0.95  -0.01  
   0.94  0.32  0.08  
   -0.07  -0.04  1.00  

4  1105.50  150.02  -114.30  
   0.43  -0.68  0.60  
   0.90  0.34  -0.26  
   -0.03  0.65  0.76  

3  1240.33  -18.31  -32.15  
   -0.28  0.23  -0.93  
   -0.31  -0.94  -0.14  
   -0.91  0.25  0.33  

5  1148.36  349.15  70.10  
   -0.43  -0.16  0.89  
   -0.84  0.43  -0.33  
   -0.33  -0.89  -0.32  

6  1416.69  390.23  17.41  
   0.99  0.16  0.04  
   -0.12  0.88  -0.45  
   -0.11  0.44  0.89  

7  1105.94  -187.52  -116.53  
   0.51  0.61  0.60  
   -0.85  0.46  0.26  
   -0.11  -0.65  0.75  

9  1448.40  -399.16  20.98  
   0.98  -0.18  -0.07  
   0.19  0.89  0.40  
   -0.01  -0.41  0.91  

8  1163.98  -379.96  61.17  
   -0.46  0.16  0.87  
   0.83  0.44  0.35  
   -0.33  0.88  -0.34  

4  1106.39  150.02  -113.85  
   0.43  -0.68  0.60  
   0.90  0.34  -0.27  
   -0.03  0.65  0.76  

2  855.02  -38.40  579.09  
   0.32  -0.95  -0.01  
   0.94  0.32  0.08  
   -0.07  -0.04  1.00  

3  1240.78  -18.75  -31.70  
   -0.28  0.23  -0.93  
   -0.31  -0.94  -0.14  
   -0.91  0.24  0.33  

5  1148.80  349.60  70.54  
   -0.43  -0.16  0.89  
   -0.84  0.43  -0.33  
   -0.33  -0.89  -0.32  

6  1417.59  389.78  19.20  
   0.99  0.16  0.04  
   -0.13  0.88  -0.45  
   -0.11  0.44  0.89  

7  1105.94  -187.08  -116.98  
   0.51  0.61  0.60  
   -0.85  0.45  0.26  
   -0.11  -0.65  0.76  

8  1162.65  -379.96  60.72  
   -0.45  0.17  0.87  
   0.83  0.44  0.35  
   -0.32  0.88  -0.34  

9  1446.61  -400.94  19.65  
   0.98  -0.18  -0.06  
   0.19  0.89  0.41  
   -0.02  -0.41  0.91  

2  854.57  -38.40  579.09  
   0.32  -0.95  -0.01  
   0.94  0.32  0.08  
   -0.07  -0.04  1.00  

3  1240.78  -18.75  -31.70  
   -0.28  0.23  -0.93  
   -0.30  -0.94  -0.14  
   -0.91  0.24  0.33  

4  1106.39  150.47  -113.85  
   0.43  -0.68  0.60  
   0.90  0.34  -0.27  
   -0.02  0.65  0.76  

5  1147.91  350.49  70.99  
   -0.44  -0.16  0.89  
   -0.84  0.43  -0.33  
   -0.33  -0.89  -0.32  

6  1417.59  388.89  18.75  
   0.99  0.16  0.04  
   -0.13  0.88  -0.45  
   -0.11  0.44  0.89  

7  1105.50  -186.63  -116.98  
   0.51  0.61  0.60  
   -0.85  0.45  0.26  
   -0.12  -0.64  0.76  

8  1162.20  -379.07  60.28  
   -0.45  0.17  0.87  
   0.83  0.44  0.34  
   -0.32  0.88  -0.34  

9  1446.16  -400.94  18.31  
   0.98  -0.18  -0.06  
   0.19  0.89  0.41  
   -0.02  -0.41  0.91  

2  855.02  -38.40  579.09  
   0.32  -0.95  -0.01  
   0.94  0.32  0.08  
   -0.07  -0.04  1.00  

5  1147.46  350.94  70.54  
   -0.44  -0.16  0.89  
   -0.84  0.43  -0.33  
   -0.33  -0.89  -0.32  

3  1240.78  -18.75  -32.15  
   -0.28  0.23  -0.93  
   -0.30  -0.94  -0.14  
   -0.91  0.24  0.33  

4  1105.94  150.91  -113.41  
   0.43  -0.68  0.60  
   0.90  0.34  -0.27  
   -0.02  0.65  0.76  

6  1417.59  389.33  19.20  
   0.99  0.16  0.04  
   -0.13  0.88  -0.45  
   -0.11  0.44  0.89  

7  1105.50  -186.18  -116.98  
   0.51  0.61  0.60  
   -0.85  0.46  0.26  
   -0.12  -0.64  0.76  

8  1161.31  -379.07  59.83  
   -0.45  0.17  0.87  
   0.83  0.44  0.34  
   -0.32  0.88  -0.34  

9  1445.27  -401.84  16.52  
   0.98  -0.18  -0.05  
   0.18  0.89  0.41  
   -0.02  -0.41  0.91  

4  1105.94  150.91  -113.41  
   0.43  -0.68  0.60  
   0.90  0.34  -0.27  
   -0.02  0.65  0.76  

2  854.57  -38.40  579.09  
   0.32  -0.95  -0.01  
   0.94  0.32  0.08  
   -0.07  -0.04  1.00  

5  1147.02  350.94  70.99  
   -0.44  -0.16  0.89  
   -0.84  0.43  -0.33  
   -0.33  -0.89  -0.32  

3  1240.78  -18.75  -31.70  
   -0.28  0.23  -0.93  
   -0.30  -0.94  -0.14  
   -0.91  0.24  0.33  

6  1417.14  390.67  19.20  
   0.99  0.16  0.04  
   -0.13  0.88  -0.45  
   -0.11  0.44  0.89  

8  1161.31  -379.07  59.38  
   -0.45  0.17  0.87  
   0.83  0.43  0.34  
   -0.32  0.88  -0.34  

9  1444.82  -400.50  14.73  
   0.98  -0.18  -0.05  
   0.19  0.89  0.40  
   -0.03  -0.41  0.91  

7  1105.50  -185.74  -116.98  
   0.51  0.61  0.60  
   -0.85  0.46  0.26  
   -0.12  -0.64  0.76  

2  854.57  -38.40  579.09  
   0.32  -0.95  -0.01  
   0.94  0.32  0.08  
   -0.07  -0.04  1.00  

3  1240.78  -19.20  -31.70  
   -0.28  0.23  -0.93  
   -0.30  -0.94  -0.14  
   -0.91  0.24  0.33  

4  1105.94  151.36  -113.41  
   0.43  -0.68  0.60  
   0.90  0.34  -0.27  
   -0.02  0.65  0.76  

5  1147.02  351.38  70.99  
   -0.44  -0.16  0.89  
   -0.84  0.43  -0.33  
   -0.33  -0.89  -0.32  

7  1105.05  -185.74  -116.98  
   0.51  0.61  0.60  
   -0.85  0.46  0.25  
   -0.12  -0.64  0.76  

8  1161.31  -379.51  58.94  
   -0.45  0.18  0.87  
   0.83  0.43  0.34  
   -0.32  0.88  -0.34  

6  1416.69  391.12  18.31  
   0.99  0.16  0.04  
   -0.13  0.88  -0.45  
   -0.11  0.44  0.89  

9  1443.93  -400.94  14.29  
   0.98  -0.18  -0.05  
   0.19  0.90  0.40  
   -0.03  -0.41  0.91  

